226 176 223 152
235 176 234 145
359 176 342 133
221 181 218 159
226 181 223 157
235 181 235 150
364 181 346 135
378 181 365 130
392 181 382 125
397 181 388 123
416 181 394 123
221 186 218 164
240 186 241 149
331 186 316 133
364 186 347 139
383 186 371 130
411 186 258 144
221 190 219 170
226 190 224 164
321 190 313 140
331 190 318 140
364 190 354 139
369 190 360 137
378 190 367 136
383 190 372 134
388 190 378 134
397 190 383 132
402 190 389 131
416 190 263 144
235 195 237 161
245 195 241 161
326 195 318 144
359 195 349 145
378 195 368 140
397 195 384 137
411 195 396 130
221 200 221 177
226 200 226 176
231 200 231 168
235 200 237 167
359 200 349 150
411 200 395 137
221 205 222 182
226 205 227 181
231 205 233 173
240 205 244 167
326 205 320 150
411 205 396 142
421 205 402 135
221 209 222 187
240 209 245 173
245 209 249 170
269 209 281 164
345 209 340 158
354 209 346 158
359 209 351 159
226 214 228 188
231 214 234 179
235 214 241 178
302 214 297 156
354 214 347 163
245 219 251 178
297 219 279 158
345 219 341 165
354 219 348 169
359 219 353 168
235 224 242 185
240 224 247 184
245 224 252 183
259 224 264 180
297 224 299 169
307 224 305 166
321 224 316 164
326 224 323 164
340 224 336 166
345 224 342 170
226 228 231 198
235 228 242 190
240 228 247 189
269 228 283 182
288 228 294 174
340 228 336 171
354 228 350 177
359 228 355 175
345 233 344 177
354 233 351 182
359 233 356 180
226 238 233 205
231 238 237 204
240 238 248 197
250 238 255 195
302 238 307 179
321 238 325 180
340 238 339 179
345 238 345 183
226 243 235 210
235 243 245 202
240 243 249 201
278 243 285 189
302 243 309 185
331 243 333 184
350 243 351 187
359 243 357 186
416 243 408 158
250 247 256 201
278 247 285 194
302 247 310 190
307 247 314 189
326 247 329 187
345 247 346 189
416 247 410 164
226 252 236 217
231 252 240 215
235 252 246 209
240 252 251 208
302 252 311 196
326 252 330 192
331 252 334 192
340 252 340 190
345 252 347 194
416 252 411 170
235 257 246 213
240 257 251 212
316 257 323 195
331 257 335 196
226 262 237 227
231 262 242 221
235 262 247 219
245 262 254 218
316 262 323 200
231 266 242 227
278 266 289 211
283 266 295 211
297 266 305 203
316 266 324 204
226 271 238 234
245 271 255 225
250 271 259 224
331 271 337 208
231 276 243 234
240 276 254 230
269 276 284 220
288 276 297 217
292 276 302 216
311 276 321 211
316 276 326 212
340 276 344 207
345 276 348 206
359 276 356 205
407 276 408 195
411 276 414 193
416 276 418 188
226 281 238 241
250 281 262 230
259 281 275 227
278 281 292 223
311 281 322 216
316 281 326 216
321 281 330 216
335 281 343 214
359 281 356 212
407 281 410 200
416 281 419 194
226 286 239 246
231 286 244 240
245 286 258 236
250 286 262 235
292 286 304 227
331 286 339 215
335 286 344 220
407 286 410 206
411 286 415 200
416 286 420 200
421 286 426 198
235 290 247 244
240 290 252 243
245 290 259 242
311 290 324 225
316 290 329 224
321 290 333 223
331 290 341 222
345 290 353 224
350 290 352 217
402 290 407 213
407 290 411 211
297 295 306 234
302 295 312 233
307 295 318 231
311 295 324 229
316 295 330 228
321 295 334 228
331 295 342 226
335 295 346 227
221 300 235 252
231 300 242 252
235 300 247 251
240 300 252 249
288 300 301 240
297 300 307 239
302 300 313 238
307 300 318 237
311 300 325 235
316 300 331 233
321 300 337 232
335 300 347 231
345 300 354 231
388 300 391 236
402 300 408 221
407 300 412 220
226 305 239 258
231 305 243 257
235 305 248 256
297 305 308 244
345 305 355 235
378 305 381 244
383 305 387 242
392 305 402 227
402 305 409 227
407 305 414 226
250 309 254 255
311 309 327 240
316 309 332 240
321 309 338 239
326 309 343 239
345 309 355 240
350 309 360 240
226 314 240 266
231 314 244 265
235 314 251 264
264 314 291 247
302 314 320 243
321 314 337 244
331 314 345 243
335 314 349 243
350 314 362 246
373 314 382 250
388 314 394 247
397 314 406 239
402 314 411 237
226 319 241 271
231 319 246 270
235 319 252 268
240 319 258 267
245 319 262 265
250 319 255 261
297 319 315 248
302 319 320 247
311 319 326 248
335 319 351 247
345 319 357 247
350 319 363 253
359 319 370 251
364 319 375 250
392 319 401 246
226 324 242 276
231 324 249 275
235 324 254 273
240 324 259 271
245 324 264 270
283 324 303 252
292 324 310 252
311 324 327 253
316 324 332 252
326 324 341 252
331 324 347 252
345 324 359 252
350 324 365 258
359 324 371 256
364 324 376 257
231 328 250 280
283 328 305 258
292 328 311 257
297 328 317 256
302 328 322 256
331 328 347 256
335 328 352 255
359 328 372 261
364 328 377 262
369 328 383 261
378 328 389 260
226 333 244 294
245 333 266 279
302 333 323 260
316 333 335 259
321 333 340 258
335 333 353 260
340 333 359 265
364 333 379 267
369 333 385 266
226 338 238 300
245 338 268 284
250 338 272 283
321 338 341 263
326 338 347 262
359 338 380 273
264 343 285 285
345 343 369 276
245 347 270 301
273 347 296 284
283 347 304 283
292 347 314 280
311 347 332 276
316 347 337 275
354 347 386 274
288 352 310 287
292 352 321 286
326 352 371 287
