-0.4716948270797729 0.2274878770112991 -0.8519114255905151 0.3172946274280548 
0.406655341386795 0.9133893251419067 0.0187434758991003 -0.003670986276119947 
0.7823907136917114 -0.3375931680202484 -0.5233501791954041 0.2154299020767212 
0 0 0 1 

-0.5207712650299072 0.1459502428770065 -0.8411275744438171 0.3086601495742798 
0.3753713965415955 0.924068808555603 -0.07206352055072784 0.0263057854026556 
0.7667420506477356 -0.3532638847827911 -0.5360140800476074 0.2172562330961227 
0 0 0 1 

-0.5869967341423035 0.08569225668907166 -0.8050411939620972 0.2909892797470093 
0.3140279650688171 0.940629780292511 -0.1288489699363708 0.04541193693876266 
0.7462043762207031 -0.3284394145011902 -0.5790563821792603 0.2325367778539658 
0 0 0 1 

-0.6777388453483582 -0.005684012547135353 -0.7352805137634277 0.2648398578166962 
0.2076846808195114 0.9577742218971252 -0.1988356709480286 0.06913050264120102 
0.7053629159927368 -0.2874652147293091 -0.6479402780532837 0.2560896575450897 
0 0 0 1 

-0.7241945266723633 -0.07287536561489105 -0.6857341527938843 0.2465733587741852 
0.1144733279943466 0.9678993821144104 -0.2237557768821716 0.07794544100761414 
0.680027961730957 -0.240541011095047 -0.6926051378250122 0.2704580128192902 
0 0 0 1 

-0.7174673080444336 -0.1742056161165237 -0.674457311630249 0.2378799915313721 
-0.02027405984699726 0.9730364680290222 -0.2297586649656296 0.0807909369468689 
0.6962968707084656 -0.1511703729629517 -0.7016536593437195 0.2707504332065582 
0 0 0 1 

-0.7582190632820129 -0.178008571267128 -0.6272290349006653 0.2220770567655563 
-0.1730939745903015 0.982444703578949 -0.0695764496922493 0.01259233709424734 
0.6286030411720276 0.05581537261605263 -0.7757205367088318 0.2896773815155029 
0 0 0 1 

-0.7528745532035828 -0.08634379506111145 -0.6524754762649536 0.2233086079359055 
-0.129067525267601 0.9914774298667908 0.01772289536893368 -0.02387595735490322 
0.6453844308853149 0.09755653142929077 -0.757602334022522 0.2810066044330597 
0 0 0 1 

-0.7118898630142212 -0.02733166702091694 -0.7017586827278137 0.2373327165842056 
-0.07597019523382187 0.9963757395744324 0.03826075419783592 -0.02815156988799572 
0.6981695890426636 0.08055020868778229 -0.7113861441612244 0.2652460634708405 
0 0 0 1 

-0.7019492387771606 0.08528720587491989 -0.7071021795272827 0.2390959560871124 
0.01845695450901985 0.9946497082710266 0.1016473099589348 -0.0485982708632946 
0.7119879126548767 0.05830027535557747 -0.699767529964447 0.2629099786281586 
0 0 0 1 

