562 154 568 118
556 159 562 123
562 159 575 123
567 159 581 124
562 164 574 129
567 164 581 130
572 164 587 130
577 164 591 131
525 169 538 133
562 169 573 134
567 169 581 135
572 169 587 135
577 169 591 137
409 175 410 177
556 175 567 141
562 175 574 140
398 180 402 180
409 180 410 183
514 180 531 145
525 180 550 145
577 180 591 143
583 180 596 141
599 180 602 149
535 185 554 146
562 185 579 153
567 185 585 153
588 185 597 148
393 190 398 189
530 190 548 152
535 190 553 156
541 190 560 156
562 190 579 159
567 190 584 160
572 190 589 160
588 190 595 154
593 190 600 155
393 196 397 194
535 196 552 162
541 196 559 162
546 196 564 164
551 196 564 188
556 196 570 189
562 196 575 188
567 196 583 166
572 196 588 166
588 196 594 160
609 196 618 174
541 201 559 171
546 201 563 171
551 201 571 171
556 201 569 194
562 201 576 195
588 201 592 195
472 206 513 142
477 206 519 143
535 206 552 168
472 212 512 148
477 212 518 148
477 217 517 155
461 222 491 193
588 222 591 224
472 227 512 173
477 227 517 172
599 227 597 201
599 233 597 206
604 233 604 207
609 238 621 215
609 243 620 221
546 249 566 228
525 254 551 228
583 254 589 243
588 254 594 243
593 254 601 243
599 254 607 244
604 254 613 244
593 259 601 250
599 259 607 250
599 270 604 268
572 275 584 250
577 275 590 253
583 275 596 249
572 280 583 255
572 286 583 261
