299 197 286 209
305 197 295 207
318 197 305 206
324 197 310 206
330 197 317 205
349 197 336 205
368 197 357 204
299 203 285 215
312 203 297 214
318 203 305 213
324 203 312 212
330 203 318 211
337 203 323 211
343 203 330 211
349 203 337 211
368 203 357 209
374 203 363 208
418 203 407 204
425 203 413 204
431 203 418 203
443 203 429 202
487 203 471 197
494 203 478 197
506 203 484 196
512 203 490 196
519 203 497 195
305 209 293 220
312 209 299 220
318 209 306 219
324 209 312 218
330 209 317 218
337 209 323 217
355 209 343 215
368 209 357 215
374 209 364 214
381 209 370 213
418 209 408 209
425 209 414 208
431 209 419 208
443 209 428 207
481 209 466 203
487 209 472 202
494 209 479 202
500 209 485 201
519 209 498 200
525 209 512 199
531 209 517 198
305 215 296 230
312 215 300 229
318 215 307 228
324 215 312 225
330 215 318 224
343 215 330 222
355 215 344 222
368 215 357 221
431 215 420 214
462 215 434 212
487 215 475 208
494 215 481 207
500 215 486 207
506 215 492 206
519 215 500 205
525 215 511 204
531 215 517 203
324 222 314 235
337 222 325 229
343 222 330 229
355 222 340 227
362 222 352 227
374 222 363 225
487 222 474 216
494 222 481 214
500 222 488 213
525 222 512 209
531 222 518 208
349 228 335 234
362 228 352 232
374 228 363 232
381 228 370 230
387 228 376 229
456 228 449 227
469 228 460 225
494 228 486 221
512 228 492 214
525 228 513 216
531 228 519 215
299 234 295 251
343 234 329 242
349 234 336 240
355 234 342 239
362 234 348 238
368 234 358 238
374 234 364 237
381 234 370 236
387 234 377 235
393 234 384 233
462 234 450 232
469 234 460 229
475 234 467 229
487 234 477 227
494 234 488 228
506 234 495 225
519 234 507 222
525 234 513 222
531 234 520 221
349 241 336 245
355 241 341 244
362 241 349 244
368 241 359 244
374 241 364 243
381 241 371 242
443 241 439 241
462 241 452 239
469 241 458 237
475 241 467 234
512 241 502 227
519 241 510 230
538 241 528 227
544 241 533 226
550 241 539 226
293 247 290 258
330 247 323 254
337 247 329 253
355 247 342 250
362 247 354 250
368 247 361 249
381 247 369 249
399 247 388 246
437 247 433 247
450 247 445 246
462 247 452 244
487 247 477 237
494 247 483 236
500 247 490 234
506 247 496 234
512 247 504 237
519 247 510 237
550 247 540 232
330 253 324 261
362 253 354 256
368 253 360 255
374 253 367 255
381 253 374 253
387 253 380 253
481 253 473 244
487 253 479 243
494 253 485 243
500 253 491 241
519 253 511 242
525 253 517 242
531 253 529 237
374 259 367 261
381 259 374 261
393 259 387 259
399 259 394 258
406 259 401 257
469 259 460 252
475 259 467 252
481 259 474 251
487 259 480 250
494 259 487 249
500 259 496 250
299 266 295 278
305 266 300 278
312 266 306 277
368 266 363 270
399 266 393 266
412 266 402 265
418 266 407 264
425 266 413 263
431 266 423 262
437 266 429 261
443 266 434 260
475 266 468 258
481 266 474 257
500 266 498 256
299 272 296 285
305 272 301 284
387 272 382 274
393 272 388 272
406 272 398 271
437 272 430 270
462 272 455 263
469 272 462 263
475 272 467 262
500 272 499 265
368 278 365 285
374 278 373 284
393 278 390 279
443 278 436 273
362 284 361 293
368 284 367 292
374 284 374 291
443 284 436 279
