445 181 435 170
451 181 441 168
457 181 447 166
469 181 460 160
354 187 344 201
360 187 350 201
366 187 357 199
390 187 380 206
396 187 393 202
414 187 405 199
438 187 416 181
499 187 483 156
505 187 488 154
511 187 494 151
517 187 500 148
311 193 304 217
360 193 351 209
372 193 366 205
378 193 371 202
384 193 375 208
408 193 401 207
414 193 407 205
445 193 423 179
487 193 477 164
499 193 484 161
505 193 490 159
511 193 495 157
517 193 501 154
523 193 515 147
305 199 299 222
311 199 305 222
372 199 367 211
390 199 382 215
475 199 476 216
523 199 516 152
529 199 524 150
305 205 301 230
396 205 398 244
493 205 489 198
384 211 384 241
390 211 391 247
493 211 488 205
499 211 479 170
384 217 385 247
402 224 407 271
408 224 413 269
487 224 494 245
305 230 414 226
384 230 388 277
390 230 393 276
408 230 409 277
499 230 503 252
360 242 440 261
420 248 506 212
493 248 551 193
560 254 543 216
432 260 520 214
311 266 332 286
426 266 518 230
432 266 523 223
481 266 525 228
299 272 314 299
529 272 560 224
299 278 317 305
311 278 329 300
342 278 384 291
354 278 412 284
311 284 331 308
