383 169 372 187
400 169 431 168
335 175 332 200
341 175 340 198
353 175 346 198
365 175 354 196
371 175 361 194
365 181 355 202
377 181 369 198
436 181 425 195
477 181 471 157
483 181 476 155
371 187 355 207
466 187 461 176
477 187 473 165
483 187 478 163
501 187 510 149
377 193 429 188
400 193 387 214
424 193 415 211
430 193 421 208
436 193 426 206
442 193 431 205
448 193 437 202
454 193 444 200
460 193 451 197
477 193 475 178
489 193 480 169
501 193 512 155
513 193 523 148
519 193 529 145
394 198 382 228
400 198 387 222
418 198 408 222
424 198 416 220
430 198 423 217
436 198 429 213
442 198 435 211
448 198 441 209
454 198 447 208
460 198 453 205
489 198 481 177
513 198 525 153
519 198 532 151
347 204 341 204
394 204 384 235
412 204 402 231
418 204 410 230
424 204 417 228
430 204 423 227
436 204 430 225
442 204 436 223
448 204 442 220
312 210 312 261
359 210 434 265
412 210 404 238
418 210 412 236
430 210 425 235
454 210 445 229
460 210 457 225
406 216 397 256
442 216 524 236
477 216 482 232
501 216 500 222
406 222 399 265
412 222 405 265
466 222 477 242
477 222 485 239
531 222 567 205
501 228 497 238
507 228 504 235
513 228 511 233
537 228 568 212
501 234 499 242
507 234 506 239
300 240 309 269
347 240 340 253
300 246 310 275
466 246 466 258
306 252 317 279
318 252 324 277
323 252 330 276
353 258 350 272
365 264 370 289
460 264 461 265
477 264 480 253
483 264 486 252
306 269 319 307
341 269 352 299
353 269 358 298
359 269 365 298
365 269 372 296
471 269 475 263
477 269 481 261
483 269 489 259
312 275 325 310
318 275 332 305
323 275 338 303
