460 106 383 74
471 106 390 68
455 111 386 78
471 111 400 69
449 117 393 85
455 117 400 81
466 117 407 73
471 117 411 70
482 117 415 63
449 122 399 91
455 122 404 84
466 122 410 77
471 122 416 73
482 122 433 68
422 128 371 138
428 128 369 147
460 128 413 84
466 128 419 80
477 128 425 74
422 133 375 142
411 139 370 157
417 139 374 153
477 139 431 80
482 139 435 76
487 139 445 75
493 139 442 69
444 144 391 138
449 144 396 133
477 144 435 84
482 144 440 80
411 149 375 174
498 149 474 81
417 155 383 175
449 155 401 138
313 160 320 204
319 160 324 199
341 160 341 206
351 160 341 216
286 171 306 237
308 171 330 229
498 171 484 91
297 177 328 237
509 177 500 97
275 182 319 258
281 182 323 253
292 182 326 242
368 182 413 126
498 182 492 97
275 187 323 261
297 187 336 244
303 187 345 234
341 187 402 149
281 193 330 259
286 193 333 255
297 193 341 247
460 193 443 151
281 198 333 263
308 198 341 237
460 198 448 155
466 198 453 151
498 198 494 102
297 204 362 259
460 204 455 160
466 204 459 155
498 204 499 108
515 204 496 94
281 209 340 269
286 209 343 265
303 215 373 261
439 215 430 193
449 215 448 188
466 215 468 161
471 215 471 156
498 215 505 115
297 220 371 270
303 220 377 265
390 220 383 239
395 220 387 236
466 220 470 167
471 220 475 161
493 220 502 124
498 220 508 120
286 226 371 282
411 226 443 182
417 226 448 177
477 226 484 156
482 226 489 151
286 231 375 286
297 231 378 277
400 231 419 247
417 231 455 181
422 231 460 177
444 231 460 198
504 231 498 128
297 236 382 281
303 236 387 277
313 236 408 278
417 236 460 185
482 236 492 159
504 236 504 136
297 242 388 287
303 242 392 282
308 242 396 277
335 242 433 263
449 242 463 206
455 242 471 199
477 242 485 172
482 242 496 162
504 242 507 141
515 242 519 120
449 247 467 210
455 247 474 204
487 247 505 158
498 247 511 152
504 247 513 147
509 247 518 141
303 253 398 290
313 253 406 282
395 253 430 266
422 253 476 192
428 253 464 223
460 253 492 177
487 253 509 161
498 253 514 156
297 258 398 298
303 258 402 295
449 258 476 216
455 258 480 212
297 264 403 301
303 264 406 298
313 264 413 291
406 264 441 266
444 264 475 227
449 264 481 220
455 264 484 215
303 275 412 304
313 275 418 298
319 275 422 293
400 275 446 275
400 280 452 280
400 285 455 286
313 296 422 327
319 296 429 309
324 307 432 326
330 307 441 313
