460 111 324 137
471 111 326 130
449 117 329 153
455 117 332 146
460 117 334 140
466 117 336 135
471 117 340 130
477 117 333 127
466 122 342 136
471 122 345 132
471 128 352 133
487 128 354 121
384 133 310 224
466 133 355 140
471 133 358 135
417 139 340 202
477 139 364 133
493 139 368 120
444 144 357 188
449 144 359 182
455 144 356 176
493 144 375 121
439 149 360 196
444 149 363 191
449 149 365 184
493 149 393 122
341 155 327 271
357 155 333 259
395 155 348 304
335 160 332 274
444 160 355 195
498 160 402 121
493 166 405 126
498 171 409 121
281 177 334 346
286 177 335 339
292 177 333 333
297 177 335 327
275 182 337 353
281 182 338 347
292 182 338 336
303 182 342 322
281 187 352 351
286 187 349 344
292 187 351 337
297 187 345 331
303 187 355 325
286 193 355 345
292 193 357 340
297 193 343 336
313 193 350 317
324 193 352 312
368 198 365 290
379 198 361 289
390 198 375 249
471 198 394 156
324 204 358 314
330 204 360 310
379 204 373 286
281 209 367 358
297 209 362 341
379 209 380 287
384 209 383 282
444 209 400 230
281 215 374 360
286 215 364 354
292 215 366 349
297 215 367 343
444 215 407 233
281 220 380 362
411 220 397 183
428 220 404 280
433 220 406 274
292 226 398 355
303 226 400 343
400 226 399 238
439 226 416 250
292 231 403 357
286 236 406 364
297 236 405 352
303 236 407 347
308 236 408 340
313 236 411 333
390 236 410 261
292 242 409 360
297 242 411 354
303 242 412 349
308 242 415 342
313 242 416 334
346 242 402 284
390 242 388 286
515 242 464 130
292 247 416 361
297 247 418 356
303 247 419 351
308 247 421 345
330 247 379 309
449 247 442 259
455 247 451 223
460 247 453 218
466 247 454 210
297 253 422 357
303 253 424 352
308 253 426 347
313 253 427 340
384 253 428 287
411 253 442 280
444 253 451 264
455 253 456 225
460 253 458 220
482 253 465 201
292 258 426 363
297 258 427 359
303 258 428 354
308 258 430 347
313 258 433 342
384 264 439 292
411 264 451 241
417 264 453 237
422 264 456 231
297 269 436 361
303 269 437 356
308 269 439 351
313 269 441 345
411 269 456 284
417 269 459 239
422 269 462 234
428 269 463 229
439 269 467 234
297 275 441 362
303 275 442 357
308 275 445 352
313 275 446 347
319 275 447 341
417 275 465 241
422 275 467 274
308 280 450 353
417 280 470 245
346 285 452 310
384 285 465 294
400 285 470 276
335 291 453 328
335 296 459 331
341 296 461 325
346 296 463 320
319 302 458 351
324 302 459 345
335 302 464 334
313 307 461 358
319 307 463 353
324 307 465 347
335 307 469 336
