420 146 432 79
430 146 440 80
452 178 437 131
436 183 450 138
489 183 488 120
414 189 423 122
420 189 430 123
409 194 422 129
420 194 430 131
457 194 458 146
409 199 422 137
505 205 504 134
420 242 435 159
414 253 420 166
398 258 414 173
425 258 435 174
398 264 419 179
414 264 427 180
425 264 435 180
430 264 440 181
430 269 441 188
436 269 448 189
463 269 470 191
345 275 345 226
350 275 351 227
420 275 433 195
463 275 477 201
387 280 403 207
441 280 440 196
446 280 448 196
339 285 342 234
345 285 349 235
441 285 441 201
446 285 448 204
452 285 468 214
334 291 337 241
339 291 342 241
371 291 390 215
452 291 468 219
334 296 337 247
339 296 343 248
404 301 410 253
323 312 328 261
334 312 336 262
339 312 342 263
387 312 393 267
387 317 393 274
404 323 407 289
366 328 370 288
414 333 420 311
387 355 379 377
