356 114 372 120
362 120 373 126
373 120 391 122
362 125 372 132
368 125 385 125
373 125 390 127
373 131 389 133
384 131 398 130
368 137 383 139
379 137 390 139
384 137 398 135
345 142 359 137
351 142 365 137
362 159 371 151
368 159 377 152
334 182 345 166
356 182 369 169
362 182 373 169
334 187 345 171
339 187 350 171
351 187 357 171
334 193 344 177
278 204 284 187
283 204 289 188
266 210 271 194
261 215 264 199
266 215 270 199
255 221 250 215
266 221 264 211
272 221 271 212
278 221 276 213
255 227 251 222
261 227 256 222
334 232 353 268
334 238 352 272
339 238 357 272
244 244 244 226
249 244 250 228
255 244 256 228
323 244 340 278
328 244 346 278
334 244 352 278
339 244 357 278
244 249 245 232
249 249 250 233
328 249 346 284
334 249 351 283
339 249 356 284
244 255 244 239
249 255 250 239
328 255 345 289
334 255 351 290
339 255 356 291
244 260 244 245
300 260 319 274
323 260 339 295
328 260 345 295
334 260 350 296
289 266 306 280
351 272 363 291
356 277 369 298
356 283 368 304
424 288 424 269
356 362 364 339
