396 87 377 82
401 87 382 83
368 92 356 88
401 92 382 89
419 92 387 83
424 92 392 83
429 92 398 83
364 96 351 94
419 96 388 87
424 101 393 92
433 101 414 104
438 101 425 109
364 105 362 95
415 105 378 97
419 110 388 98
336 115 329 111
391 115 351 125
415 115 377 104
331 119 324 116
336 119 328 116
378 119 367 109
387 119 345 130
391 119 350 130
396 119 355 131
331 124 314 137
336 124 318 136
354 129 324 152
317 133 302 144
322 133 303 148
350 133 318 154
433 133 384 118
401 138 360 142
456 138 399 120
326 143 330 126
387 147 352 138
391 147 357 137
336 152 314 155
359 152 336 174
391 152 357 143
466 152 409 125
405 157 373 132
368 161 345 168
466 161 409 130
424 166 368 132
433 166 372 142
378 175 318 159
456 175 395 152
461 175 400 152
484 175 458 153
438 180 373 152
442 180 377 153
456 180 393 157
461 180 398 157
466 180 404 156
489 180 464 157
456 184 394 163
461 184 399 163
433 189 366 164
442 189 378 164
480 189 448 164
489 189 487 179
480 194 448 168
484 194 441 150
489 194 447 151
405 198 351 169
503 198 523 199
317 203 302 191
405 203 351 174
313 208 292 203
317 208 298 202
364 208 334 143
368 208 339 143
461 208 395 190
484 208 474 189
317 212 298 207
442 212 363 202
461 212 394 195
466 212 406 189
494 212 482 194
317 217 298 214
359 217 319 186
391 217 335 185
401 217 346 185
405 217 335 196
507 217 523 210
512 217 532 210
345 221 309 193
391 221 335 192
507 221 523 215
512 221 531 215
424 226 357 201
461 226 422 234
466 226 429 234
507 226 524 221
345 231 303 209
350 231 308 208
354 231 314 208
396 231 335 204
447 231 390 201
489 231 515 221
494 231 470 281
498 231 477 281
336 235 303 218
340 235 308 218
345 235 303 213
359 235 315 213
396 235 335 209
466 235 423 248
470 235 428 249
475 235 449 237
489 235 515 226
503 235 520 232
507 235 526 232
466 240 452 184
480 240 411 233
489 240 471 220
503 240 519 238
507 240 525 236
396 245 342 218
401 245 346 218
470 245 444 248
484 245 465 226
489 245 503 248
494 245 509 247
498 245 515 245
419 249 348 228
452 249 461 248
484 249 465 231
373 254 343 238
378 254 348 239
382 254 353 239
391 259 358 245
442 263 429 269
447 263 434 269
489 263 482 286
401 268 371 260
410 268 389 259
419 268 396 260
424 268 402 261
484 268 504 271
429 273 405 266
484 273 504 274
429 277 405 271
429 282 406 276
438 286 439 291
424 291 406 282
