368 92 368 82
415 92 388 83
419 92 393 83
424 92 399 83
396 96 374 92
429 96 399 87
433 96 405 88
364 101 342 102
368 101 347 102
401 101 379 98
405 101 383 97
419 101 389 91
438 101 410 92
359 105 341 107
378 105 374 97
401 105 380 101
364 110 369 97
368 110 352 108
387 110 378 93
364 115 369 101
438 115 396 104
442 119 409 112
336 124 358 98
368 133 362 159
461 138 425 113
317 143 320 122
322 143 327 122
326 143 332 127
331 143 337 128
452 143 410 118
456 143 415 119
313 147 306 139
317 147 321 127
326 147 331 133
331 147 336 133
378 147 357 143
452 147 410 123
456 147 414 123
336 152 337 139
340 152 341 140
350 152 368 139
387 152 357 138
405 152 356 156
461 152 419 130
466 152 425 129
331 157 331 143
336 157 336 145
350 157 368 143
466 157 424 139
470 157 430 124
331 161 330 152
336 161 336 152
340 161 341 152
345 161 363 148
466 161 426 135
470 161 431 127
475 161 436 128
331 166 330 157
336 166 336 158
373 166 325 170
387 166 346 154
475 166 436 134
364 170 346 146
470 170 431 145
331 175 327 137
336 175 331 137
326 180 321 142
452 180 403 160
456 180 408 161
489 180 491 178
452 184 404 166
456 184 409 166
470 184 425 171
475 184 442 149
489 184 481 171
326 189 321 150
429 189 367 185
438 189 378 182
442 189 383 182
475 189 429 176
484 189 472 178
317 194 300 191
424 194 371 165
429 194 376 165
433 194 384 169
452 194 404 176
313 198 295 196
317 198 300 196
429 198 376 170
433 198 383 176
498 198 472 161
466 203 426 177
317 208 304 205
391 208 351 187
419 208 372 185
424 208 378 185
433 208 384 191
466 208 426 182
498 208 506 203
503 208 511 203
507 208 518 202
313 212 294 206
387 212 341 195
415 212 365 190
419 212 371 192
424 212 377 190
484 212 488 198
489 212 493 198
498 212 507 209
503 212 512 207
507 212 518 208
340 217 321 201
415 217 367 196
419 217 372 196
424 217 379 195
442 217 387 207
447 217 392 208
494 217 501 218
503 217 514 213
507 217 518 213
322 221 299 210
373 221 331 206
470 221 444 233
475 221 449 233
498 221 504 222
503 221 512 220
507 221 518 220
326 226 305 216
359 226 325 200
364 226 331 201
368 226 336 200
382 226 341 207
396 226 352 206
480 226 454 240
507 226 518 224
382 231 342 212
387 231 347 212
401 231 357 211
480 231 491 209
484 231 497 209
503 231 510 230
507 231 518 228
336 235 309 221
340 235 314 221
350 235 321 217
396 235 350 215
405 235 362 217
470 235 424 223
378 240 340 221
475 240 451 244
480 240 471 199
503 240 508 240
507 240 517 235
359 245 326 226
461 245 444 259
475 245 466 203
480 245 471 203
466 249 449 265
498 249 505 254
503 249 510 255
378 254 351 241
382 254 357 241
387 254 362 243
391 254 366 243
396 254 371 243
410 254 386 249
387 259 361 247
391 259 367 249
396 259 372 249
410 259 386 253
415 259 392 254
480 259 470 275
494 259 500 265
396 263 372 254
429 263 403 258
475 263 480 266
480 263 469 281
489 263 501 259
424 268 407 263
429 273 411 268
475 273 480 275
429 282 411 275
442 282 434 285
447 282 438 285
429 286 413 280
433 286 417 284
447 286 439 291
