426 104 494 202
401 111 485 159
414 111 488 164
444 111 495 191
395 123 471 160
426 123 482 176
481 123 502 227
426 129 476 181
426 135 471 184
456 135 486 211
469 135 490 217
493 135 496 230
499 135 499 235
505 135 502 241
512 135 505 248
444 141 470 198
493 141 493 233
499 141 494 238
505 141 497 243
408 147 456 175
499 147 490 240
493 153 484 237
518 153 501 251
512 160 493 249
518 160 502 255
432 166 471 213
463 166 334 232
408 172 436 194
414 172 439 199
426 172 463 211
432 172 465 216
512 172 488 256
426 178 457 214
432 178 459 219
408 184 430 197
414 184 434 203
420 184 438 208
463 190 393 237
371 196 429 169
438 196 434 189
371 202 422 174
359 209 411 169
371 209 416 175
359 215 406 172
420 215 422 181
426 215 431 214
432 215 436 218
408 221 417 214
426 221 427 216
426 227 422 220
371 233 399 212
377 233 401 187
383 233 404 192
401 233 410 218
426 233 417 198
401 239 406 221
414 239 409 226
365 245 389 215
371 245 391 221
463 245 426 257
414 251 404 230
444 251 412 231
371 257 390 193
377 257 393 198
438 257 407 236
340 264 336 185
352 270 370 186
377 270 386 202
438 270 399 240
371 276 378 201
377 276 382 206
383 276 385 210
365 282 263 259
371 282 366 207
383 282 379 215
352 294 323 201
359 294 325 207
322 300 308 188
334 300 313 192
346 300 314 199
352 300 318 205
359 300 320 210
365 300 323 215
322 306 303 191
328 306 307 195
352 306 313 208
359 306 316 212
365 306 318 217
328 313 301 200
352 313 307 211
359 313 311 216
346 319 301 214
352 319 303 219
359 319 307 225
365 319 311 231
352 325 299 224
359 325 303 229
365 325 305 233
383 325 312 261
352 331 303 274
359 331 296 231
365 331 300 237
383 331 304 259
389 343 300 268
352 349 253 241
395 349 264 283
322 355 230 226
340 355 240 243
328 362 227 234
334 362 229 241
346 362 235 246
371 362 246 278
389 362 245 286
