326 147 307 197
320 153 297 206
301 159 280 217
307 159 287 214
307 166 287 220
301 172 283 230
307 172 289 228
313 172 295 226
326 172 302 224
313 179 296 233
326 179 303 229
332 179 309 228
358 179 334 222
364 179 341 221
370 179 345 220
377 179 352 218
307 185 292 241
326 185 306 237
358 185 336 229
364 185 342 227
370 185 348 226
377 185 354 224
326 191 307 243
332 191 314 242
358 191 338 235
364 191 344 233
370 191 350 232
377 191 356 231
383 191 363 229
390 191 368 226
288 198 277 257
332 198 316 248
339 198 327 246
358 198 339 241
364 198 346 239
370 198 352 238
377 198 358 236
383 198 366 235
294 204 285 260
313 204 304 255
332 204 323 253
345 204 334 250
364 204 347 246
370 204 354 245
377 204 360 243
447 204 396 226
288 210 281 268
294 210 286 266
301 210 292 264
307 210 299 262
313 210 304 262
332 210 325 258
370 210 354 250
377 210 361 249
383 210 368 248
434 210 389 233
447 210 398 231
453 210 403 230
281 217 276 276
326 217 319 265
351 217 336 256
377 217 362 254
269 223 269 285
281 223 278 281
288 223 282 278
345 223 333 264
440 223 395 246
472 223 424 237
523 223 492 222
529 223 499 220
269 229 271 291
281 229 279 288
288 229 284 284
301 229 297 280
345 229 334 270
351 229 340 268
358 229 347 267
370 229 358 264
485 229 464 235
491 229 471 233
498 229 476 231
504 229 482 229
510 229 488 228
523 229 494 226
529 229 500 225
536 229 506 224
294 236 292 287
301 236 298 285
351 236 341 274
358 236 348 273
364 236 354 272
377 236 367 269
491 236 474 240
498 236 479 238
504 236 484 237
510 236 490 236
517 236 496 234
523 236 502 231
536 236 507 230
313 242 306 289
351 242 343 280
358 242 349 279
491 242 476 247
332 248 334 296
377 248 372 284
351 255 347 299
370 255 368 294
