455 165 503 141
449 170 496 148
455 170 503 147
477 170 526 150
449 176 496 152
455 176 509 151
460 176 514 151
466 176 520 152
477 176 526 155
488 176 540 162
494 176 546 165
433 181 450 180
455 181 510 158
460 181 515 157
477 181 528 161
483 181 533 161
455 187 509 163
460 187 515 162
466 187 522 161
421 193 461 173
455 193 509 169
460 193 517 168
466 193 523 168
471 193 529 167
544 193 514 134
416 198 434 201
449 198 500 184
455 198 510 175
460 198 516 174
466 198 522 187
416 204 433 207
421 204 438 207
427 204 444 207
405 209 343 289
416 209 434 212
421 209 440 212
427 209 447 212
477 209 529 185
483 209 535 185
383 215 409 208
421 215 441 218
427 215 448 219
433 215 455 218
549 215 565 189
383 220 410 214
410 220 458 198
421 220 469 204
466 220 494 213
477 220 505 206
549 220 568 195
388 226 418 227
394 226 422 227
427 226 475 209
471 226 500 214
477 226 506 213
549 226 573 195
394 232 423 233
421 232 471 214
427 232 476 214
499 232 536 203
516 232 514 224
544 232 568 200
388 237 418 239
394 237 424 239
416 237 466 217
516 237 515 230
522 237 550 209
538 237 563 207
544 237 569 207
360 243 387 235
366 243 394 235
399 243 446 226
405 243 454 225
416 243 467 223
421 243 471 221
427 243 477 222
494 243 532 216
499 243 538 210
522 243 551 214
527 243 529 233
533 243 556 215
349 248 369 242
355 248 382 241
360 248 388 241
388 248 436 232
394 248 441 232
399 248 448 231
405 248 453 231
416 248 467 228
421 248 472 228
427 248 478 227
355 254 381 249
410 254 461 235
416 254 466 235
421 254 473 233
466 254 495 231
516 254 516 247
394 259 442 242
410 259 462 241
427 259 473 239
433 259 478 238
499 259 544 222
505 259 512 248
366 265 413 251
371 265 419 250
394 265 443 249
399 265 448 248
410 265 460 247
427 265 473 246
433 265 478 245
499 265 541 227
394 270 438 256
399 270 444 255
433 270 474 252
377 276 426 263
394 276 437 262
399 276 444 261
405 276 451 259
410 276 456 259
427 276 469 258
433 276 474 258
471 276 492 251
388 282 432 268
394 282 437 267
399 282 444 267
405 282 450 266
421 282 457 266
388 287 431 273
394 287 437 273
416 287 452 273
421 287 458 272
427 287 464 270
433 287 469 270
449 287 481 271
310 293 331 288
377 293 410 289
344 298 380 297
433 298 469 279
444 298 475 279
377 304 409 296
433 304 460 290
444 304 475 283
332 309 348 286
355 309 387 308
366 309 393 303
377 309 409 301
383 309 416 301
388 309 421 300
394 309 428 300
305 315 320 327
366 315 394 309
371 315 400 308
377 315 405 306
383 315 411 306
388 315 417 306
427 315 458 297
305 320 321 333
355 320 352 335
366 320 394 315
371 320 400 315
377 320 406 314
383 320 411 314
394 320 418 312
399 320 425 311
299 326 317 340
305 326 322 339
366 326 395 321
371 326 401 321
377 326 406 320
383 326 411 320
394 326 417 318
410 326 442 310
299 332 320 347
305 332 328 346
316 332 341 349
349 332 376 334
377 332 407 326
299 337 322 351
305 337 328 351
310 337 336 350
332 337 358 341
338 337 365 342
349 337 377 340
388 337 418 325
305 343 329 357
310 343 337 356
321 343 349 356
327 343 347 348
332 343 358 348
349 343 372 346
321 348 348 360
332 348 354 355
338 348 359 355
