-0.8725165128707886 -0.4297046065330505 -0.2325275540351868 0.1181621253490448 
-0.4464451968669891 0.8945375084877014 0.02212157472968102 0.02205202542245388 
0.198498860001564 0.1231122463941574 -0.9723381400108337 0.3034674525260925 
0 0 0 1 

-0.8524512052536011 -0.3410992026329041 -0.3962042927742004 0.1727492362260818 
-0.3955744802951813 0.9163240790367126 0.06221701204776764 0.006741434335708618 
0.3418293595314026 0.209765300154686 -0.9160517454147339 0.2799267470836639 
0 0 0 1 

-0.780081570148468 -0.3282459378242493 -0.5326601266860962 0.2161234617233276 
-0.4067553281784058 0.9129371047019958 0.03310659900307655 0.0183311365544796 
0.4754180312156677 0.2424881905317307 -0.8456811904907227 0.2518251538276672 
0 0 0 1 

-0.7023931741714478 -0.3198283016681671 -0.6358878612518311 0.2474539279937744 
-0.4590945839881897 0.8862664699554443 0.06135021895170212 0.01098518911749125 
0.5439445376396179 0.3350246548652649 -0.7693389058113098 0.225353866815567 
0 0 0 1 

-0.6411842107772827 -0.2971215546131134 -0.707531750202179 0.2689196467399597 
-0.5194332003593445 0.8467164635658264 0.115153506398201 -0.005961318966001272 
0.5648641586303711 0.4413501620292664 -0.6972359418869019 0.2018492072820663 
0 0 0 1 

-0.6791375875473022 -0.3479343056678772 -0.6463078260421753 0.2550291121006012 
-0.6028074622154236 0.7667725086212158 0.2206422090530396 -0.0374327041208744 
0.4188020825386047 0.5394455790519714 -0.7304814457893372 0.2143705636262894 
0 0 0 1 

-0.7244687676429749 -0.3833975493907928 -0.5728448629379272 0.2315317243337631 
-0.6161435842514038 0.7327819466590881 0.2887867391109467 -0.0606224499642849 
0.3090502023696899 0.5621716380119324 -0.7671055793762207 0.2307658046483994 
0 0 0 1 

-0.7509233951568604 -0.3945710957050323 -0.5295537114143372 0.217648908495903 
-0.6190134882926941 0.6999273300170898 0.3562637865543365 -0.08345472812652588 
0.2300776690244675 0.5953278541564941 -0.7698366045951843 0.2350707203149796 
0 0 0 1 

-0.8165183663368225 -0.3995035290718079 -0.4167666733264923 0.1799513399600983 
-0.5722183585166931 0.6557877063751221 0.4924515187740326 -0.1332770884037018 
0.07657435536384583 0.6405773162841797 -0.7640659809112549 0.2389891743659973 
0 0 0 1 

-0.8435781598091125 -0.4012469947338104 -0.3568991422653198 0.1602099537849426 
-0.5369729399681091 0.6377149224281311 0.5522499084472656 -0.1545103192329407 
0.00601131422445178 0.6575111150741577 -0.7534211874008179 0.2374111711978912 
0 0 0 1 

