494 190 489 120
418 195 424 121
494 195 490 126
414 200 417 127
418 200 424 127
437 200 440 123
490 200 484 132
418 204 423 134
494 204 490 135
504 204 499 134
490 223 488 149
423 261 436 168
423 266 433 173
418 271 421 172
418 275 420 178
428 275 434 182
466 275 478 194
456 280 454 191
428 285 433 189
447 285 447 197
452 285 456 197
343 299 339 247
347 299 347 248
347 304 346 255
347 309 346 262
390 309 384 266
362 313 360 271
371 313 369 272
376 313 375 273
385 313 381 273
400 313 399 276
404 313 406 276
381 318 382 280
390 318 389 281
400 318 398 282
404 318 406 282
376 323 374 286
385 323 381 286
390 323 389 287
395 323 397 289
