469 155 473 124
419 161 430 127
425 161 435 127
450 161 455 128
457 161 461 128
463 161 467 128
475 161 480 129
481 161 485 129
488 161 491 130
494 161 497 130
500 161 504 129
506 161 509 129
513 161 516 129
519 161 522 130
401 167 405 131
407 167 410 131
413 167 416 132
419 167 424 132
425 167 430 133
438 167 442 133
444 167 448 133
450 167 454 133
457 167 461 134
463 167 467 134
469 167 472 134
475 167 479 134
488 167 491 135
494 167 496 135
506 167 509 135
513 167 517 136
519 167 523 137
332 174 334 134
382 174 383 134
394 174 397 135
401 174 404 135
407 174 409 136
419 174 421 137
432 174 435 138
444 174 447 139
450 174 453 139
457 174 459 139
463 174 466 139
469 174 472 138
475 174 479 140
488 174 491 140
494 174 497 141
500 174 503 142
544 174 548 147
326 180 327 140
332 180 333 141
338 180 347 139
351 180 353 140
370 180 371 137
401 180 403 141
419 180 421 142
425 180 429 143
432 180 435 144
438 180 442 144
444 180 448 144
450 180 453 145
457 180 459 145
463 180 466 145
469 180 471 144
475 180 477 145
481 180 484 146
525 180 528 150
531 180 534 150
544 180 549 153
550 180 554 153
345 186 348 147
351 186 353 147
357 186 359 146
370 186 371 142
376 186 377 142
382 186 383 143
388 186 389 143
394 186 395 143
432 186 435 149
438 186 440 150
444 186 447 150
450 186 453 150
457 186 460 150
463 186 466 151
469 186 472 151
519 186 522 155
525 186 529 156
531 186 534 156
556 186 559 160
326 192 328 152
332 192 339 154
345 192 346 154
351 192 352 154
357 192 358 155
363 192 364 154
370 192 371 147
376 192 377 148
382 192 385 150
394 192 396 149
413 192 411 150
419 192 418 150
438 192 439 156
444 192 445 155
450 192 453 156
463 192 466 156
500 192 503 160
506 192 508 161
513 192 515 161
519 192 522 161
525 192 528 162
531 192 533 163
544 192 547 163
550 192 553 163
345 198 345 160
351 198 351 160
357 198 357 161
363 198 364 161
376 198 376 154
382 198 382 154
388 198 389 155
394 198 395 155
401 198 401 155
407 198 407 156
413 198 413 157
494 198 497 164
500 198 503 165
506 198 508 166
513 198 514 167
519 198 521 167
525 198 527 168
531 198 533 169
544 198 548 169
550 198 553 169
320 205 321 159
326 205 327 159
338 205 340 164
345 205 345 166
370 205 370 165
376 205 375 165
394 205 394 161
401 205 401 160
407 205 407 161
419 205 417 164
438 205 435 163
457 205 460 166
463 205 465 168
475 205 477 169
488 205 487 170
494 205 496 170
500 205 503 171
519 205 517 174
525 205 527 173
531 205 533 175
537 205 540 175
544 205 547 175
550 205 553 175
556 205 559 175
314 211 314 165
320 211 321 165
326 211 328 165
332 211 334 165
357 211 357 177
370 211 370 172
401 211 400 167
407 211 407 167
419 211 416 170
425 211 421 168
438 211 436 169
457 211 453 174
463 211 458 174
488 211 486 177
494 211 493 177
500 211 499 177
513 211 511 179
519 211 518 179
525 211 527 179
531 211 533 181
544 211 546 182
550 211 553 182
556 211 559 182
314 217 314 171
320 217 320 170
326 217 326 170
332 217 333 171
338 217 340 171
351 217 351 179
363 217 363 179
370 217 369 177
376 217 376 174
388 217 387 174
394 217 393 173
401 217 399 173
407 217 407 174
419 217 415 175
425 217 428 176
432 217 432 174
438 217 437 175
444 217 445 177
469 217 472 179
475 217 477 179
494 217 492 182
500 217 499 183
506 217 505 185
513 217 511 186
525 217 523 186
531 217 530 188
537 217 536 188
544 217 542 189
550 217 553 188
307 223 309 176
314 223 314 176
320 223 320 176
326 223 326 176
332 223 332 177
338 223 339 178
376 223 376 180
382 223 382 181
388 223 388 180
394 223 394 181
401 223 399 181
407 223 409 181
419 223 415 182
425 223 426 180
432 223 433 181
438 223 438 182
444 223 444 182
450 223 450 183
469 223 472 185
475 223 477 185
481 223 483 185
494 223 491 190
500 223 497 190
506 223 504 191
513 223 510 193
525 223 522 191
531 223 529 193
537 223 536 193
544 223 542 194
550 223 548 194
556 223 552 194
307 230 309 182
314 230 315 182
320 230 321 181
332 230 332 183
338 230 338 184
401 230 399 188
407 230 406 188
413 230 411 189
425 230 422 187
432 230 432 188
438 230 438 187
444 230 444 188
450 230 450 188
463 230 460 190
475 230 473 194
481 230 478 195
494 230 490 196
500 230 497 196
506 230 503 197
513 230 510 198
519 230 516 198
525 230 523 197
531 230 529 198
537 230 536 198
544 230 545 199
550 230 546 205
556 230 554 200
562 230 560 200
301 236 303 188
307 236 308 188
320 236 321 187
326 236 327 188
376 236 375 199
388 236 389 194
394 236 394 194
401 236 401 194
407 236 407 194
413 236 412 194
419 236 418 194
438 236 438 193
450 236 450 194
457 236 456 196
463 236 463 197
481 236 481 200
494 236 491 201
500 236 496 202
506 236 503 203
513 236 510 202
519 236 516 202
525 236 523 202
531 236 529 203
562 236 560 206
295 242 296 195
301 242 302 194
307 242 312 192
314 242 317 194
326 242 326 194
332 242 332 191
394 242 395 200
401 242 401 200
407 242 406 199
413 242 413 199
419 242 418 198
450 242 450 200
457 242 457 203
463 242 463 204
469 242 469 205
481 242 479 207
500 242 495 208
506 242 502 208
513 242 509 208
519 242 516 208
525 242 523 208
531 242 528 209
537 242 534 211
544 242 545 211
550 242 551 213
562 242 560 214
295 248 296 201
301 248 301 201
307 248 306 201
320 248 319 200
370 248 370 205
388 248 383 205
394 248 389 205
407 248 406 205
413 248 413 205
444 248 438 201
450 248 446 202
457 248 458 209
481 248 481 212
488 248 489 211
494 248 490 214
500 248 495 215
506 248 500 215
513 248 507 215
531 248 525 215
537 248 537 217
544 248 545 218
550 248 551 219
556 248 557 220
282 254 285 205
295 254 295 207
301 254 301 207
307 254 306 207
326 254 325 204
363 254 364 211
370 254 368 211
407 254 407 212
413 254 413 212
425 254 425 208
438 254 433 206
450 254 446 208
457 254 452 208
469 254 465 215
475 254 471 216
481 254 477 217
494 254 488 222
500 254 494 222
506 254 500 223
513 254 506 222
519 254 513 222
525 254 521 219
531 254 526 222
537 254 533 223
544 254 541 223
550 254 550 225
556 254 557 225
562 254 563 225
282 261 285 212
295 261 295 213
301 261 301 213
307 261 306 213
314 261 312 212
320 261 319 210
363 261 363 217
370 261 367 217
407 261 407 218
413 261 413 219
438 261 433 212
444 261 437 213
450 261 443 213
457 261 451 214
463 261 457 214
475 261 471 222
481 261 478 222
488 261 482 227
494 261 488 227
500 261 494 228
506 261 500 228
513 261 507 228
519 261 514 228
525 261 519 228
531 261 526 229
537 261 533 229
544 261 540 229
550 261 550 231
556 261 557 232
562 261 562 231
289 267 289 218
295 267 295 218
301 267 301 219
307 267 306 219
314 267 312 219
320 267 318 216
388 267 381 217
394 267 387 217
401 267 393 217
407 267 407 224
444 267 439 219
450 267 444 219
457 267 452 220
463 267 458 221
469 267 464 226
475 267 471 228
481 267 476 230
500 267 493 233
506 267 500 234
513 267 507 233
519 267 513 234
525 267 519 235
531 267 526 234
537 267 533 235
544 267 543 236
550 267 551 238
556 267 556 238
289 273 288 225
295 273 295 226
301 273 301 226
307 273 306 225
320 273 318 222
388 273 382 223
394 273 387 224
401 273 394 224
419 273 413 225
444 273 439 225
457 273 451 225
463 273 457 226
481 273 476 236
488 273 482 234
494 273 488 236
506 273 499 239
513 273 506 240
519 273 512 241
537 273 533 241
544 273 540 243
550 273 550 243
556 273 556 244
562 273 564 237
295 279 294 232
320 279 318 228
382 279 375 229
394 279 388 230
401 279 394 231
407 279 404 237
419 279 413 232
425 279 419 233
450 279 444 231
457 279 450 232
463 279 457 233
469 279 463 232
475 279 468 233
481 279 476 241
488 279 482 239
494 279 488 240
500 279 493 242
506 279 498 246
513 279 506 246
519 279 513 247
525 279 521 244
531 279 528 245
537 279 534 247
544 279 539 248
550 279 546 249
556 279 552 251
562 279 563 245
289 286 288 237
295 286 294 237
301 286 300 235
307 286 305 234
314 286 312 233
376 286 368 234
382 286 375 235
388 286 382 231
407 286 400 237
444 286 437 233
450 286 445 239
457 286 450 239
463 286 457 238
469 286 461 238
475 286 468 239
488 286 482 245
494 286 488 245
500 286 494 247
519 286 518 249
525 286 523 250
544 286 539 253
550 286 545 255
556 286 557 251
289 292 288 243
295 292 293 243
301 292 300 241
307 292 305 240
314 292 311 245
326 292 323 241
338 292 335 241
345 292 341 241
376 292 369 241
394 292 387 237
401 292 393 242
432 292 425 245
438 292 432 239
444 292 438 240
457 292 450 245
463 292 454 245
469 292 461 246
475 292 468 246
488 292 481 252
494 292 487 252
500 292 494 254
506 292 501 254
513 292 507 256
519 292 517 255
525 292 522 256
537 292 533 257
550 292 546 261
289 298 287 249
295 298 293 250
301 298 299 246
307 298 305 250
314 298 310 250
326 298 323 247
332 298 329 248
338 298 335 247
345 298 340 247
401 298 393 249
407 298 400 251
444 298 437 245
450 298 443 246
457 298 449 251
463 298 455 252
469 298 462 253
475 298 468 253
481 298 474 255
488 298 480 258
494 298 487 260
500 298 494 261
506 298 500 262
513 298 507 262
519 298 514 262
531 298 530 263
307 304 304 256
320 304 317 254
326 304 322 254
332 304 329 253
338 304 335 253
345 304 341 253
370 304 365 249
376 304 371 249
382 304 377 249
394 304 389 250
401 304 393 256
407 304 399 257
413 304 406 257
419 304 411 257
438 304 431 252
444 304 437 253
463 304 455 258
469 304 462 258
475 304 468 259
481 304 474 260
488 304 480 265
494 304 487 266
500 304 494 266
506 304 500 268
513 304 510 267
525 304 519 273
531 304 524 274
537 304 530 274
295 310 291 260
301 310 298 260
314 310 310 261
320 310 316 261
326 310 322 260
332 310 329 259
338 310 335 258
345 310 341 259
351 310 346 255
357 310 352 255
370 310 365 255
382 310 377 255
407 310 400 262
413 310 406 263
419 310 419 257
425 310 424 258
438 310 430 258
444 310 437 259
450 310 443 259
457 310 449 260
463 310 454 264
469 310 461 265
475 310 468 265
488 310 481 271
494 310 487 272
500 310 493 273
506 310 499 274
513 310 504 279
519 310 518 269
525 310 519 280
295 317 291 264
301 317 298 266
307 317 304 267
314 317 310 267
320 317 316 266
326 317 322 267
332 317 329 265
338 317 336 264
345 317 341 264
357 317 353 261
370 317 364 261
382 317 374 262
388 317 380 263
394 317 386 264
401 317 392 264
425 317 424 265
438 317 431 264
444 317 437 265
450 317 444 266
457 317 450 267
463 317 455 270
469 317 462 271
481 317 475 277
488 317 482 279
494 317 487 278
500 317 494 280
506 317 500 281
513 317 505 286
519 317 511 288
301 323 297 272
314 323 310 274
320 323 316 273
326 323 321 272
332 323 328 271
338 323 336 270
351 323 346 272
357 323 352 273
370 323 364 267
376 323 368 272
382 323 374 269
388 323 380 270
394 323 385 270
401 323 392 270
419 323 412 270
425 323 422 269
444 323 437 271
450 323 444 272
463 323 456 277
469 323 462 278
475 323 469 279
481 323 475 284
488 323 482 285
494 323 488 286
301 329 297 278
307 329 303 279
314 329 309 279
320 329 316 279
326 329 321 279
332 329 327 279
338 329 335 278
345 329 341 278
351 329 346 279
357 329 352 279
370 329 362 280
382 329 375 275
388 329 380 275
394 329 385 276
401 329 391 276
407 329 399 277
425 329 418 277
438 329 429 276
444 329 436 276
450 329 444 277
463 329 456 284
469 329 462 284
488 329 486 294
307 335 302 288
314 335 308 285
320 335 314 284
326 335 320 284
332 335 327 284
338 335 335 284
345 335 341 284
351 335 346 285
382 335 374 281
388 335 380 281
394 335 385 282
401 335 391 283
413 335 405 283
425 335 417 281
438 335 430 283
444 335 436 283
450 335 443 283
463 335 455 290
475 335 473 298
314 341 308 292
320 341 313 291
326 341 320 291
345 341 340 291
351 341 345 291
370 341 364 285
382 341 374 287
388 341 379 287
394 341 384 288
401 341 391 288
407 341 398 290
425 341 416 289
432 341 424 288
438 341 429 290
444 341 436 290
450 341 443 290
457 341 450 290
320 348 314 298
326 348 320 298
345 348 338 297
376 348 370 291
388 348 379 295
394 348 385 295
401 348 390 295
407 348 397 295
413 348 403 296
419 348 410 296
425 348 417 296
438 348 429 297
444 348 435 296
450 348 441 297
457 348 448 295
332 354 326 304
338 354 332 304
351 354 341 303
370 354 363 299
376 354 370 298
388 354 379 300
394 354 384 301
401 354 390 302
407 354 397 301
413 354 403 301
419 354 410 301
425 354 421 302
438 354 428 303
444 354 434 302
338 360 331 309
351 360 340 310
370 360 363 305
376 360 369 305
388 360 378 307
394 360 383 307
401 360 389 307
407 360 402 312
419 360 415 309
425 360 422 309
438 360 429 309
351 366 340 315
370 366 363 313
376 366 369 312
407 366 402 319
419 366 414 315
425 366 422 315
432 366 427 316
351 373 333 322
357 373 339 322
363 373 351 322
382 373 365 324
419 373 414 321
425 373 421 322
357 379 338 330
363 379 344 329
370 379 356 331
425 379 420 332
376 385 363 339
