380 81 526 128
386 81 531 134
393 81 535 140
386 88 522 134
386 120 495 162
393 120 500 168
412 120 509 191
386 126 490 165
393 126 495 172
393 133 489 176
386 139 477 174
393 139 483 180
412 139 486 197
444 145 506 221
380 152 457 174
425 152 484 218
463 152 503 244
418 158 475 217
425 158 478 222
451 158 492 243
457 165 481 240
470 165 486 258
393 171 449 199
393 178 442 214
399 178 449 221
393 184 437 208
457 190 453 253
367 235 392 204
367 248 381 223
380 248 395 242
361 255 371 221
386 255 393 252
425 255 403 265
431 255 410 270
348 351 302 257
431 351 348 319
348 357 296 264
425 357 335 315
444 357 347 327
399 364 319 302
457 364 346 339
