308 126 329 143
344 137 376 151
482 137 504 143
487 137 510 143
492 137 515 142
482 142 505 147
487 142 510 147
492 142 515 147
498 142 522 147
503 142 528 146
441 147 460 157
482 147 504 154
487 147 511 154
492 147 516 153
498 147 523 153
395 152 409 166
441 152 444 164
472 152 504 165
477 152 510 164
492 152 516 159
498 152 521 160
364 157 336 165
436 157 438 170
446 157 466 168
288 162 310 177
298 162 322 182
308 162 327 182
313 162 332 182
446 162 450 179
282 167 303 184
288 167 311 184
298 167 322 188
380 167 360 181
385 167 365 181
467 167 478 183
375 173 372 186
410 173 410 178
492 173 522 176
503 173 535 180
282 178 305 195
288 178 313 234
451 178 444 180
457 178 473 189
462 178 480 189
370 183 382 241
457 183 451 191
462 183 457 191
472 188 474 211
477 188 507 193
390 193 431 205
457 193 470 211
472 193 502 205
390 198 430 209
467 198 493 211
492 198 530 209
421 203 408 218
282 208 309 240
436 208 487 222
441 208 436 220
482 208 509 222
503 208 541 218
277 214 302 247
282 214 309 246
400 214 383 247
410 214 410 267
421 214 442 226
436 214 426 239
451 214 501 256
277 219 302 251
282 219 309 253
400 219 382 257
441 219 489 267
446 219 495 267
482 219 511 237
487 219 516 237
272 224 294 263
334 224 339 277
339 224 345 278
334 229 339 283
354 229 334 282
364 229 333 261
492 229 532 237
370 234 338 267
395 234 407 278
431 234 450 281
436 234 457 268
487 234 522 259
492 234 528 259
334 239 339 294
364 239 357 293
487 239 517 265
492 239 524 265
277 244 299 279
282 244 304 278
436 244 457 286
477 244 490 276
482 244 500 276
487 244 517 270
492 244 524 271
446 249 505 266
477 249 491 283
482 249 502 283
492 249 525 276
498 249 538 252
487 254 519 281
492 260 534 259
