492 132 484 131
288 137 277 156
293 137 282 156
288 142 278 161
293 142 283 161
303 142 293 155
492 142 484 142
498 142 491 140
503 142 496 140
303 147 294 160
308 147 300 159
405 147 413 155
482 147 474 149
487 147 479 149
498 147 490 148
503 147 496 145
288 152 278 167
293 152 282 166
303 152 295 165
354 152 346 163
477 152 470 156
487 152 475 156
498 152 489 153
298 157 289 171
339 157 321 169
354 157 347 168
359 157 351 167
364 157 340 168
405 157 382 166
482 157 471 161
487 157 474 162
282 162 279 177
339 162 322 174
354 162 347 173
405 162 382 170
410 162 388 170
487 162 475 167
277 167 270 192
282 167 279 181
303 167 294 180
339 167 321 180
349 167 331 178
400 167 373 176
405 167 383 176
410 167 389 176
477 167 470 165
400 173 378 181
405 173 384 181
441 173 436 182
446 173 424 173
457 173 438 173
477 173 469 170
405 178 385 187
477 178 470 175
492 178 487 181
303 183 295 192
390 183 373 191
405 183 387 192
462 183 452 188
477 183 475 188
487 183 482 185
288 188 290 197
344 188 348 199
421 188 419 188
451 188 436 189
477 188 475 192
492 188 485 175
288 193 287 218
293 193 296 201
395 193 377 196
293 198 297 207
503 198 497 195
288 208 287 234
303 208 303 216
318 208 313 236
323 208 318 236
298 214 292 233
303 214 297 232
323 214 319 241
329 214 323 242
375 214 375 239
421 214 432 225
503 214 498 216
298 219 293 238
303 219 297 237
323 219 319 247
329 219 323 246
359 219 361 245
364 219 367 243
375 219 376 243
400 219 385 228
421 219 433 229
503 219 499 221
303 224 298 242
323 224 319 253
334 224 330 247
339 224 336 246
344 224 341 246
370 224 371 247
395 224 380 234
426 224 442 235
431 224 447 231
329 229 331 251
334 229 335 251
344 229 340 251
349 229 347 250
421 229 432 247
426 229 442 241
436 229 443 251
313 234 316 252
323 234 319 257
329 234 330 256
349 234 350 256
354 234 356 255
359 234 362 255
364 234 366 255
436 234 430 252
441 234 435 252
446 234 440 252
482 234 481 248
498 234 495 230
313 239 316 256
329 239 329 262
334 239 335 261
339 239 340 261
364 239 368 260
370 239 372 260
405 239 409 257
436 239 430 257
441 239 436 258
446 239 441 257
451 239 445 256
457 239 450 255
482 239 480 252
498 239 496 237
277 244 279 259
390 244 388 262
395 244 393 263
400 244 398 264
446 244 441 261
467 244 461 259
477 244 475 258
482 244 480 258
395 249 394 269
426 249 425 266
436 249 429 261
446 249 450 259
451 249 455 260
364 254 362 270
390 254 390 269
431 254 428 267
436 254 433 267
446 254 449 264
472 254 476 265
431 260 428 271
436 260 434 271
441 260 439 271
446 260 443 272
451 260 455 270
457 260 461 270
467 260 470 271
477 260 482 270
375 265 373 275
380 265 377 276
390 265 389 276
431 265 429 276
451 265 454 276
375 270 372 279
