495 150 494 150
312 155 303 159
495 155 495 155
500 155 501 156
302 160 292 172
307 160 297 170
490 160 490 158
495 160 495 161
500 160 502 161
276 165 271 178
281 165 275 178
286 165 282 177
292 165 287 177
302 165 293 178
307 165 298 176
312 165 303 171
276 171 271 183
485 171 486 168
276 176 271 188
281 176 276 187
292 176 288 183
302 176 294 188
307 176 298 189
318 176 304 174
328 176 314 171
406 176 392 168
485 176 486 174
495 176 497 172
500 176 503 172
271 181 266 190
302 181 294 193
307 181 299 193
323 181 309 180
328 181 316 177
344 181 332 175
401 181 380 174
406 181 385 174
412 181 397 174
490 181 492 178
495 181 498 178
271 186 267 196
276 186 274 197
302 186 294 199
318 186 304 187
328 186 316 184
417 186 403 179
438 186 424 179
271 191 268 201
307 191 299 199
312 191 305 199
422 191 414 186
485 191 488 199
490 191 494 199
495 191 499 199
271 197 267 207
412 197 397 196
490 197 494 204
286 202 285 227
323 202 312 209
479 202 483 223
485 202 488 222
495 202 500 210
500 202 506 210
271 207 267 222
276 207 273 234
286 207 285 233
479 207 484 228
495 207 500 216
265 212 264 224
276 212 275 239
286 212 287 239
464 212 468 234
474 212 479 233
495 212 502 227
286 218 280 245
292 218 298 244
339 218 336 244
359 218 354 244
391 218 380 243
427 218 424 239
459 218 463 240
464 218 469 239
469 218 473 239
474 218 480 240
479 218 486 239
485 218 490 235
286 223 292 250
443 223 453 246
453 223 458 246
459 223 464 246
464 223 469 246
469 223 474 245
479 223 486 245
485 223 490 240
271 228 270 245
464 228 469 251
479 228 481 250
271 233 271 251
286 233 282 255
464 233 470 256
286 238 288 264
318 238 311 263
323 238 316 262
333 244 323 268
339 244 326 268
344 244 333 267
422 244 404 262
495 244 501 245
271 249 273 273
286 249 289 275
339 249 333 273
271 254 273 278
490 254 496 257
391 259 382 264
412 259 394 275
417 259 399 274
281 264 278 272
286 264 284 271
302 264 306 270
359 264 356 265
391 264 383 270
396 264 393 270
412 264 395 280
422 264 404 279
485 264 493 265
281 270 279 277
302 270 305 276
490 270 499 270
354 275 350 293
396 275 410 274
459 275 466 270
276 280 274 289
281 280 280 289
286 280 286 288
302 280 307 291
365 280 343 278
370 280 349 277
396 280 410 280
443 280 420 278
469 280 456 280
485 280 487 277
490 280 498 276
281 285 280 294
286 285 286 293
297 285 291 292
365 285 344 284
370 285 349 283
469 285 472 279
474 285 478 280
490 285 495 283
495 285 500 283
500 285 503 283
297 291 291 298
302 291 298 298
307 291 303 298
312 291 314 297
370 291 350 289
469 291 472 284
474 291 479 285
490 291 496 289
495 291 500 289
312 296 313 303
354 296 352 305
359 296 363 304
438 296 449 293
443 296 422 295
459 296 460 291
464 296 465 291
469 296 471 290
474 296 482 291
485 296 490 294
490 296 495 295
495 296 499 295
464 301 474 301
469 301 479 300
479 301 485 300
485 301 490 299
490 301 494 300
