495 150 497 146
276 176 281 193
344 176 329 162
349 176 335 161
401 176 387 157
349 181 342 166
276 191 284 241
490 191 508 195
271 197 280 248
276 197 286 247
276 202 292 252
271 207 286 258
281 207 298 258
479 207 499 244
265 212 277 230
276 212 294 263
281 212 299 263
432 212 451 252
490 212 511 248
271 218 290 270
276 218 295 268
438 218 452 257
443 218 464 257
453 218 472 256
464 218 483 254
485 218 505 251
464 223 483 259
474 223 495 258
479 223 501 258
485 223 505 257
464 228 489 264
485 228 507 262
448 259 448 275
453 259 455 276
500 259 516 261
448 264 450 281
453 264 456 281
459 264 462 281
464 264 467 280
479 264 486 276
485 264 491 274
271 270 287 293
453 270 457 287
459 270 463 286
474 270 481 283
479 270 487 282
391 275 409 285
474 275 481 289
479 275 488 288
281 285 294 298
286 285 300 296
292 285 304 296
401 285 423 293
286 291 299 303
292 291 306 302
302 291 311 300
339 291 348 300
485 296 494 288
490 296 500 287
485 301 493 292
490 301 500 292
