407 211 411 127
411 211 425 151
513 223 510 158
509 232 509 161
513 232 515 162
513 236 514 167
398 240 403 159
403 240 407 161
403 244 406 167
500 252 502 177
505 252 506 177
517 252 517 180
505 256 506 183
362 264 350 229
500 268 499 194
362 272 349 238
427 272 420 225
513 272 514 195
427 277 420 231
439 277 435 238
513 277 513 200
443 281 439 250
500 281 497 215
513 281 513 205
509 285 508 211
358 297 339 265
419 301 411 252
423 301 416 247
427 301 420 248
423 305 415 252
427 305 419 252
431 305 425 254
431 309 422 259
423 313 414 263
464 313 455 274
