1.000000000000000000e+00 0.000000000000000000e+00 0.000000000000000000e+00 -3.619798645377159119e-02
0.000000000000000000e+00 1.000000000000000000e+00 0.000000000000000000e+00 -1.327119767665863037e-03
0.000000000000000000e+00 0.000000000000000000e+00 1.000000000000000000e+00 -2.960163652896881104e-01
0.000000000000000000e+00 0.000000000000000000e+00 0.000000000000000000e+00 1.000000000000000000e+00
9.907432198524475098e-01 1.353271752595901489e-01 1.067864429205656052e-02 -4.259842634201049805e-02
-1.345508843660354614e-01 9.893879294395446777e-01 -5.484262853860855103e-02 2.713902667164802551e-02
-1.798705756664276123e-02 5.289813503623008728e-02 9.984378218650817871e-01 -2.969730496406555176e-01
0.000000000000000000e+00 0.000000000000000000e+00 0.000000000000000000e+00 1.000000000000000000e+00
9.716682434082031250e-01 2.340136170387268066e-01 3.313799202442169189e-02 -4.988649114966392517e-02
-2.296465188264846802e-01 9.679419994354248047e-01 -1.017363518476486206e-01 5.183601751923561096e-02
-5.588343739509582520e-02 9.124395996332168579e-02 9.942594170570373535e-01 -2.946740984916687012e-01
0.000000000000000000e+00 0.000000000000000000e+00 0.000000000000000000e+00 1.000000000000000000e+00
9.428676366806030273e-01 3.318558335304260254e-01 2.953361533582210541e-02 -4.765002056956291199e-02
-3.245269954204559326e-01 9.348568916320800781e-01 -1.439611017704010010e-01 7.365733385086059570e-02
-7.538411766290664673e-02 1.261518299579620361e-01 9.891427755355834961e-01 -2.918772399425506592e-01
0.000000000000000000e+00 0.000000000000000000e+00 0.000000000000000000e+00 1.000000000000000000e+00
8.964698910713195801e-01 4.431026577949523926e-01 1.194107346236705780e-03 -3.357602283358573914e-02
-4.369479715824127197e-01 8.844591975212097168e-01 -1.637317240238189697e-01 8.687505871057510376e-02
-7.360612601041793823e-02 1.462587863206863403e-01 9.865043163299560547e-01 -2.910436987876892090e-01
0.000000000000000000e+00 0.000000000000000000e+00 0.000000000000000000e+00 1.000000000000000000e+00
8.325311541557312012e-01 5.535478591918945312e-01 -2.182992361485958099e-02 -2.061617374420166016e-02
-5.471051335334777832e-01 8.153759241104125977e-01 -1.893077194690704346e-01 1.012776270508766174e-01
-8.699135482311248779e-02 1.695478409528732300e-01 9.816752076148986816e-01 -2.895007431507110596e-01
0.000000000000000000e+00 0.000000000000000000e+00 0.000000000000000000e+00 1.000000000000000000e+00
7.577010393142700195e-01 6.509932279586791992e-01 -4.579165950417518616e-02 -6.327669601887464523e-03
-6.479053497314453125e-01 7.419912815093994141e-01 -1.722426116466522217e-01 9.974716603755950928e-02
-7.815186679363250732e-02 1.601770818233489990e-01 9.839897155761718750e-01 -2.924529612064361572e-01
0.000000000000000000e+00 0.000000000000000000e+00 0.000000000000000000e+00 1.000000000000000000e+00
6.921970248222351074e-01 7.177513837814331055e-01 -7.547171413898468018e-02 7.011767476797103882e-03
-7.210516929626464844e-01 6.833159327507019043e-01 -1.147309467196464539e-01 8.134138584136962891e-02
-3.077732957899570465e-02 1.338354349136352539e-01 9.905257225036621094e-01 -2.993556261062622070e-01
0.000000000000000000e+00 0.000000000000000000e+00 0.000000000000000000e+00 1.000000000000000000e+00
5.890929698944091797e-01 8.070316910743713379e-01 -4.085391387343406677e-02 -6.481434102170169353e-04
-8.071882724761962891e-01 5.853468179702758789e-01 -7.626177370548248291e-02 6.937385350465774536e-02
-3.763198107481002808e-02 7.790206372737884521e-02 9.962506294250488281e-01 -3.066782653331756592e-01
0.000000000000000000e+00 0.000000000000000000e+00 0.000000000000000000e+00 1.000000000000000000e+00
5.048425793647766113e-01 8.622516989707946777e-01 -4.069097340106964111e-02 4.034694749861955643e-03
-8.627042770385742188e-01 5.023696422576904297e-01 -5.801769345998764038e-02 6.386122852563858032e-02
-2.958394587039947510e-02 6.439408659934997559e-02 9.974859952926635742e-01 -3.105182647705078125e-01
0.000000000000000000e+00 0.000000000000000000e+00 0.000000000000000000e+00 1.000000000000000000e+00
4.033888578414916992e-01 9.132218956947326660e-01 -5.747039616107940674e-02 1.441314816474914551e-02
-9.148831367492675781e-01 4.036481082439422607e-01 -7.541611790657043457e-03 4.555261507630348206e-02
1.631064154207706451e-02 5.562090873718261719e-02 9.983187317848205566e-01 -3.147600591182708740e-01
0.000000000000000000e+00 0.000000000000000000e+00 0.000000000000000000e+00 1.000000000000000000e+00
2.975087463855743408e-01 9.528992176055908203e-01 -5.891637131571769714e-02 1.971797645092010498e-02
-9.537830948829650879e-01 2.993823289871215820e-01 2.584128454327583313e-02 3.330945223569869995e-02
4.226265102624893188e-02 4.850544780492782593e-02 9.979282021522521973e-01 -3.173234760761260986e-01
0.000000000000000000e+00 0.000000000000000000e+00 0.000000000000000000e+00 1.000000000000000000e+00
1.786221265792846680e-01 9.814521670341491699e-01 -6.960941106081008911e-02 2.851378358900547028e-02
-9.816993474960327148e-01 1.825208514928817749e-01 5.433558672666549683e-02 2.312609180808067322e-02
6.603295356035232544e-02 5.862998217344284058e-02 9.960934519767761230e-01 -3.181365132331848145e-01
0.000000000000000000e+00 0.000000000000000000e+00 0.000000000000000000e+00 1.000000000000000000e+00
1.016189008951187134e-01 9.920608401298522949e-01 -7.408759742975234985e-02 3.315530717372894287e-02
-9.905619621276855469e-01 1.077885106205940247e-01 8.466912806034088135e-02 1.151460129767656326e-02
9.198269248008728027e-02 6.478435546159744263e-02 9.936508536338806152e-01 -3.177088499069213867e-01
0.000000000000000000e+00 0.000000000000000000e+00 0.000000000000000000e+00 1.000000000000000000e+00
1.769992336630821228e-02 9.976133704185485840e-01 -6.674060970544815063e-02 3.601275011897087097e-02
-9.974827766418457031e-01 2.220295555889606476e-02 6.734346598386764526e-02 1.920749060809612274e-02
6.866457313299179077e-02 6.538063287734985352e-02 9.954951405525207520e-01 -3.122923970222473145e-01
0.000000000000000000e+00 0.000000000000000000e+00 0.000000000000000000e+00 1.000000000000000000e+00
-9.261414408683776855e-02 8.667103648185729980e-01 -4.901380538940429688e-01 1.806422024965286255e-01
-9.910615682601928711e-01 -3.277154266834259033e-02 1.293164640665054321e-01 -7.601896068081259727e-04
9.601728618144989014e-02 4.977337121963500977e-01 8.619987964630126953e-01 -2.611716091632843018e-01
0.000000000000000000e+00 0.000000000000000000e+00 0.000000000000000000e+00 1.000000000000000000e+00
-1.667760610580444336e-01 8.436105847358703613e-01 -5.103988647460937500e-01 1.891063153743743896e-01
-9.782698154449462891e-01 -7.690348476171493530e-02 1.925463080406188965e-01 -2.316073700785636902e-02
1.231826320290565491e-01 5.314199328422546387e-01 8.381043076515197754e-01 -2.545377016067504883e-01
0.000000000000000000e+00 0.000000000000000000e+00 0.000000000000000000e+00 1.000000000000000000e+00
-1.297056078910827637e-01 7.750315070152282715e-01 -6.184681653976440430e-01 2.167240381240844727e-01
-9.912862777709960938e-01 -1.158095076680183411e-01 6.276705116033554077e-02 1.860259473323822021e-02
-2.297802641987800598e-02 6.212202310562133789e-01 7.832992076873779297e-01 -2.299819588661193848e-01
0.000000000000000000e+00 0.000000000000000000e+00 0.000000000000000000e+00 1.000000000000000000e+00
-8.992052078247070312e-02 6.855189800262451172e-01 -7.224805355072021484e-01 2.403146475553512573e-01
-9.948254823684692383e-01 -2.737767435610294342e-02 9.783964604139328003e-02 1.059447694569826126e-02
4.729107022285461426e-02 7.275397181510925293e-01 6.844336390495300293e-01 -2.088198810815811157e-01
0.000000000000000000e+00 0.000000000000000000e+00 0.000000000000000000e+00 1.000000000000000000e+00
-6.577350944280624390e-02 5.206218957901000977e-01 -8.512502312660217285e-01 2.771624028682708740e-01
-9.856055378913879395e-01 9.925511479377746582e-02 1.368588656187057495e-01 -1.316973357461392879e-03
1.557426154613494873e-01 8.479984998703002930e-01 5.065993070602416992e-01 -1.539164930582046509e-01
0.000000000000000000e+00 0.000000000000000000e+00 0.000000000000000000e+00 1.000000000000000000e+00
-1.243071779608726501e-01 3.865460753440856934e-01 -9.138543605804443359e-01 2.949799895286560059e-01
-9.853714704513549805e-01 6.011792644858360291e-02 1.594642847776412964e-01 -1.232924871146678925e-02
1.165792793035507202e-01 9.203086495399475098e-01 3.734184503555297852e-01 -1.073787957429885864e-01
0.000000000000000000e+00 0.000000000000000000e+00 0.000000000000000000e+00 1.000000000000000000e+00
-1.916888952255249023e-01 2.967484593391418457e-01 -9.355189800262451172e-01 3.031358122825622559e-01
-9.749926924705505371e-01 5.163456872105598450e-02 2.161556184291839600e-01 -3.072080574929714203e-02
1.124490126967430115e-01 9.535586833953857422e-01 2.794296741485595703e-01 -7.794146984815597534e-02
0.000000000000000000e+00 0.000000000000000000e+00 0.000000000000000000e+00 1.000000000000000000e+00
-2.752821743488311768e-01 1.772442311048507690e-01 -9.448831081390380859e-01 3.095372617244720459e-01
-9.590753912925720215e-01 1.713674515485763550e-02 2.826316058635711670e-01 -5.235625803470611572e-02
6.628701835870742798e-02 9.840176701545715332e-01 1.652732640504837036e-01 -3.912113606929779053e-02
0.000000000000000000e+00 0.000000000000000000e+00 0.000000000000000000e+00 1.000000000000000000e+00
-1.921718716621398926e-01 -8.012096881866455078e-01 -5.666857361793518066e-01 1.844073385000228882e-01
-9.507663846015930176e-01 8.940668776631355286e-03 3.097791373729705811e-01 -5.852921307086944580e-02
-2.431315928697586060e-01 5.983166694641113281e-01 -7.634811997413635254e-01 2.703147530555725098e-01
0.000000000000000000e+00 0.000000000000000000e+00 0.000000000000000000e+00 1.000000000000000000e+00
-1.893457323312759399e-01 -8.037526607513427734e-01 -5.640297532081604004e-01 1.823910027742385864e-01
-9.701850414276123047e-01 6.463465094566345215e-02 2.335875332355499268e-01 -3.484557569026947021e-02
-1.512908041477203369e-01 5.914421081542968750e-01 -7.920271754264831543e-01 2.744977176189422607e-01
0.000000000000000000e+00 0.000000000000000000e+00 0.000000000000000000e+00 1.000000000000000000e+00
-1.002972647547721863e-01 -8.049467206001281738e-01 -5.848088264465332031e-01 1.814680695533752441e-01
-9.905747771263122559e-01 2.567688748240470886e-02 1.345454752445220947e-01 -1.604599761776626110e-03
-9.328582137823104858e-02 5.927913188934326172e-01 -7.999352812767028809e-01 2.733059823513031006e-01
0.000000000000000000e+00 0.000000000000000000e+00 0.000000000000000000e+00 1.000000000000000000e+00
1.891447976231575012e-02 -8.095760345458984375e-01 -5.867103338241577148e-01 1.718718558549880981e-01
-9.994600415229797363e-01 -3.108051046729087830e-02 1.066562253981828690e-02 4.033309593796730042e-02
-2.686984650790691376e-02 5.861917734146118164e-01 -8.097267746925354004e-01 2.719111442565917969e-01
0.000000000000000000e+00 0.000000000000000000e+00 0.000000000000000000e+00 1.000000000000000000e+00
6.138455495238304138e-02 -8.070557713508605957e-01 -5.872758030891418457e-01 1.683329641819000244e-01
-9.938636422157287598e-01 4.819721449166536331e-03 -1.105062216520309448e-01 7.870753109455108643e-02
9.201516956090927124e-02 5.904554724693298340e-01 -8.018075823783874512e-01 2.616037726402282715e-01
0.000000000000000000e+00 0.000000000000000000e+00 0.000000000000000000e+00 1.000000000000000000e+00
4.352445527911186218e-02 -8.191003799438476562e-01 -5.719966888427734375e-01 1.671723425388336182e-01
-9.811139702796936035e-01 7.296491414308547974e-02 -1.791409105062484741e-01 9.255281835794448853e-02
1.884700655937194824e-01 5.689909458160400391e-01 -8.004550337791442871e-01 2.572263479232788086e-01
0.000000000000000000e+00 0.000000000000000000e+00 0.000000000000000000e+00 1.000000000000000000e+00
-3.237342834472656250e-02 -8.187642693519592285e-01 -5.732164978981018066e-01 1.766417026519775391e-01
-9.942554831504821777e-01 8.492255955934524536e-02 -6.514855474233627319e-02 5.604444071650505066e-02
1.020203530788421631e-01 5.678145289421081543e-01 -8.168100714683532715e-01 2.768264114856719971e-01
0.000000000000000000e+00 0.000000000000000000e+00 0.000000000000000000e+00 1.000000000000000000e+00
-5.890581384301185608e-02 -8.057417869567871094e-01 -5.893304347991943359e-01 1.823551505804061890e-01
-9.934765696525573730e-01 -1.042776089161634445e-02 1.135586872696876526e-01 2.774934546323493123e-05
-9.764436632394790649e-02 5.921752452850341797e-01 -7.998714447021484375e-01 2.895757853984832764e-01
0.000000000000000000e+00 0.000000000000000000e+00 0.000000000000000000e+00 1.000000000000000000e+00
1.092339381575584412e-01 -7.796764373779296875e-01 -6.165811419486999512e-01 1.781585812568664551e-01
-9.874998331069946289e-01 -1.560258567333221436e-01 2.235136367380619049e-02 2.864816039800643921e-02
-1.136295497417449951e-01 6.064323782920837402e-01 -7.869737744331359863e-01 2.895074188709259033e-01
0.000000000000000000e+00 0.000000000000000000e+00 0.000000000000000000e+00 1.000000000000000000e+00
1.914166808128356934e-01 -7.335798740386962891e-01 -6.520889401435852051e-01 1.762400269508361816e-01
-9.484579563140869141e-01 -3.092030584812164307e-01 6.943017989397048950e-02 1.244233734905719757e-02
-2.525605857372283936e-01 6.051889657974243164e-01 -7.549562454223632812e-01 2.859154045581817627e-01
0.000000000000000000e+00 0.000000000000000000e+00 0.000000000000000000e+00 1.000000000000000000e+00
