459 142 449 166
454 147 443 172
459 147 454 171
508 147 489 177
527 147 519 179
439 151 438 171
464 151 453 178
498 151 479 182
503 151 484 182
508 151 489 182
513 151 494 182
527 151 509 183
434 156 432 175
439 156 438 176
444 156 442 176
473 156 464 182
478 156 469 182
503 156 484 187
508 156 489 187
513 156 494 187
547 156 535 188
385 161 377 183
390 161 385 183
434 161 432 180
449 161 442 187
473 161 463 186
478 161 467 186
503 161 484 192
508 161 489 192
513 161 493 192
518 161 503 193
542 161 529 195
371 166 366 186
385 166 377 188
439 166 437 186
503 166 484 197
508 166 488 197
513 166 493 198
537 166 523 199
542 166 529 200
557 166 539 199
366 171 354 194
371 171 366 193
390 171 381 192
508 171 489 203
513 171 493 203
547 171 535 205
405 176 390 195
434 176 433 195
366 181 360 201
371 181 365 201
424 181 423 201
356 186 345 207
420 186 418 207
571 186 559 221
566 191 550 221
571 191 560 226
576 191 565 226
503 196 494 219
562 196 545 225
566 196 550 225
576 196 565 231
498 200 488 225
503 200 493 225
508 200 499 224
503 205 494 230
562 205 548 231
566 205 553 230
562 210 548 235
566 210 553 235
576 210 565 240
356 220 340 245
361 220 345 244
361 225 344 250
366 225 349 250
371 230 354 255
375 230 358 256
380 230 363 256
380 235 362 262
454 235 463 253
371 240 354 266
375 240 358 267
380 240 363 268
385 240 367 268
429 240 430 258
434 240 435 258
449 240 457 259
459 240 468 259
566 240 557 267
371 245 352 272
375 245 358 272
380 245 362 272
385 245 367 273
390 245 372 273
395 245 377 273
449 245 456 265
454 245 462 265
464 245 472 263
375 249 356 278
385 249 367 278
390 249 372 278
439 249 445 272
444 249 449 270
449 249 455 270
454 249 461 270
459 249 467 269
464 249 471 269
469 249 476 268
380 254 361 283
385 254 366 283
390 254 372 283
444 254 449 275
449 254 455 275
454 254 460 275
459 254 466 275
464 254 472 274
469 254 476 274
508 254 507 272
518 254 517 274
522 254 522 275
385 259 366 288
390 259 372 288
395 259 377 288
410 259 398 288
429 259 429 283
434 259 435 283
439 259 440 282
444 259 447 280
449 259 454 280
454 259 459 280
459 259 464 280
464 259 470 280
469 259 475 279
513 259 507 275
527 259 527 280
532 259 533 280
395 264 378 292
400 264 384 291
415 264 404 292
424 264 420 288
429 264 424 288
444 264 446 286
449 264 451 285
459 264 461 284
464 264 465 284
469 264 470 284
473 264 476 284
478 264 482 285
498 264 496 281
503 264 501 281
508 264 507 281
513 264 511 281
420 269 413 294
424 269 419 293
429 269 424 293
439 269 440 291
444 269 445 291
449 269 451 291
454 269 456 290
459 269 460 289
464 269 465 289
469 269 471 289
473 269 475 289
478 269 482 289
498 269 496 286
503 269 502 286
508 269 506 286
513 269 512 287
518 269 518 287
522 269 523 287
527 269 527 288
537 269 533 286
542 269 533 292
410 274 398 300
415 274 407 298
420 274 413 298
424 274 419 298
429 274 424 297
434 274 431 295
439 274 438 296
444 274 444 296
449 274 449 296
454 274 455 295
459 274 460 295
464 274 465 295
469 274 471 295
473 274 475 294
478 274 481 294
498 274 491 291
503 274 502 292
508 274 507 292
513 274 512 293
518 274 517 293
522 274 523 292
527 274 527 292
542 274 531 296
415 279 407 303
420 279 413 303
424 279 418 303
429 279 424 303
434 279 429 303
444 279 443 301
449 279 448 301
454 279 454 301
459 279 459 301
464 279 466 301
469 279 469 300
473 279 474 299
478 279 480 300
498 279 491 296
508 279 506 297
532 279 526 297
415 284 404 310
420 284 413 308
424 284 418 308
429 284 423 308
434 284 429 307
439 284 435 308
449 284 448 306
454 284 453 307
459 284 458 307
464 284 464 306
469 284 469 305
473 284 474 305
483 284 481 304
488 284 486 304
493 284 491 305
498 284 495 302
503 284 500 302
508 284 505 302
513 284 510 305
518 284 515 303
410 289 398 315
415 289 404 315
420 289 412 314
424 289 417 313
429 289 422 313
434 289 429 313
439 289 434 313
454 289 450 312
464 289 463 311
469 289 469 311
473 289 474 311
478 289 479 311
498 289 495 306
503 289 500 306
508 289 505 306
415 294 404 321
420 294 412 319
424 294 417 318
429 294 423 318
434 294 429 318
439 294 434 318
449 294 447 318
459 294 456 317
464 294 460 316
469 294 465 316
473 294 471 316
478 294 476 316
483 294 481 315
498 294 495 315
513 294 510 312
420 298 412 325
424 298 416 324
429 298 422 324
434 298 428 323
439 298 434 323
444 298 439 323
459 298 455 322
464 298 459 321
469 298 465 321
473 298 470 321
478 298 476 321
483 298 480 321
493 298 490 321
420 303 411 331
424 303 416 330
429 303 422 329
434 303 428 329
439 303 433 329
444 303 438 329
454 303 449 327
459 303 455 327
464 303 459 326
469 303 464 326
473 303 470 326
478 303 475 326
483 303 480 326
508 303 501 325
513 303 505 326
420 308 411 335
424 308 416 335
429 308 421 335
434 308 427 334
439 308 433 334
444 308 437 334
449 308 443 332
454 308 448 332
459 308 454 332
464 308 459 331
469 308 464 331
473 308 470 331
478 308 475 331
483 308 479 331
488 308 483 331
498 308 491 330
503 308 496 331
508 308 500 331
518 308 505 334
420 313 411 340
424 313 416 340
429 313 421 339
434 313 426 339
439 313 432 340
444 313 437 339
449 313 443 337
454 313 448 337
459 313 454 337
464 313 459 336
469 313 464 336
473 313 469 336
478 313 474 336
483 313 478 336
488 313 482 336
498 313 490 336
503 313 495 336
508 313 499 336
518 313 504 338
424 318 416 346
429 318 422 345
434 318 427 345
439 318 431 345
444 318 437 344
449 318 442 344
454 318 448 343
459 318 453 342
464 318 459 342
469 318 464 341
473 318 469 341
478 318 473 341
483 318 478 341
493 318 486 341
498 318 491 341
503 318 495 341
513 318 501 342
429 323 421 352
434 323 426 351
439 323 431 350
444 323 436 349
449 323 442 349
454 323 448 347
459 323 453 348
464 323 458 347
469 323 464 346
473 323 469 346
478 323 473 346
483 323 478 346
493 323 485 347
498 323 490 346
503 323 494 346
513 323 500 347
444 328 433 355
449 328 439 355
459 328 452 353
464 328 458 352
469 328 464 352
473 328 468 352
478 328 473 351
488 328 480 352
493 328 484 352
498 328 489 352
508 328 495 352
513 328 499 352
449 333 438 359
459 333 452 358
464 333 458 358
469 333 464 357
473 333 468 357
478 333 473 357
488 333 480 356
493 333 484 356
498 333 488 357
488 338 480 362
493 338 484 362
