0.4570387005805969 0.8628591299057007 -0.2158459424972534 0.06078896671533585 
-0.8881024122238159 0.4293698370456696 -0.1640588939189911 0.08714523166418076 
-0.04888202995061874 0.2666746079921722 0.9625462293624878 -0.2759608924388885 
0 0 0 1 

0.3567090332508087 0.8942673802375793 -0.2702670693397522 0.07249942421913147 
-0.8929670453071594 0.4113940596580505 0.1826596260070801 -0.001787160290405154 
0.274532824754715 0.1761833131313324 0.945299506187439 -0.3144825100898743 
0 0 0 1 

0.2913810312747955 0.8822924494743347 -0.3696712851524353 0.1101542264223099 
-0.9138460755348206 0.3709790706634521 0.1651051342487335 0.005839814431965351 
0.2828113436698914 0.2897141873836517 0.9143759608268738 -0.3049015998840332 
0 0 0 1 

0.2688023149967194 0.8528765439987183 -0.4476011395454407 0.1367533355951309 
-0.9341650009155273 0.3440720438957214 0.09460495412349701 0.03072488866746426 
0.2346933782100677 0.3927033245563507 0.8892148733139038 -0.2929627597332001 
0 0 0 1 

0.1778362542390823 0.7691532373428345 -0.6138220429420471 0.1974157989025116 
-0.9615547657012939 0.2684588134288788 0.05781268328428268 0.04335355758666992 
0.2092527747154236 0.5799423456192017 0.7873246669769287 -0.2575599253177643 
0 0 0 1 

0.1343803554773331 0.6704175472259521 -0.7297138571739197 0.2384116053581238 
-0.9736882448196411 0.2261050492525101 0.02842237614095211 0.05352045968174934 
0.1840468943119049 0.7066943049430847 0.683161735534668 -0.2224733531475067 
0 0 0 1 

0.1052619144320488 0.566602349281311 -0.8172404766082764 0.268259584903717 
-0.9847899675369263 0.1736293584108353 -0.006463440135121346 0.06539032608270645 
0.1382347792387009 0.8054904341697693 0.5762606859207153 -0.1850856244564056 
0 0 0 1 

0.07446672022342682 0.5016433000564575 -0.8618634343147278 0.2850400507450104 
-0.9914493560791016 0.1301130354404449 -0.00993151031434536 0.06720981746912003 
0.1071575507521629 0.8552336096763611 0.5070430636405945 -0.1608821153640747 
0 0 0 1 

0.1501383036375046 0.5092617273330688 -0.8474142551422119 0.2734463810920715 
-0.9884711503982544 0.09429185837507248 -0.1184640750288963 0.101932518184185 
0.01957505382597446 0.8554306030273438 0.5175474286079407 -0.1573489606380463 
0 0 0 1 

0.1908730566501617 0.5428270101547241 -0.8178668022155762 0.2604659795761108 
-0.980748176574707 0.07046015560626984 -0.1821210086345673 0.1208035051822662 
-0.04123332723975182 0.8368834853172302 0.5458257794380188 -0.1615050733089447 
0 0 0 1 

