299 157 300 156
305 157 307 157
318 157 320 156
325 157 326 156
331 157 333 156
337 157 339 156
344 157 345 156
299 163 300 164
325 163 326 164
331 163 332 164
337 163 339 164
344 163 346 164
350 163 352 164
402 163 403 164
408 163 410 164
415 163 416 164
421 163 423 165
428 163 429 164
434 163 435 164
440 163 442 164
453 163 455 164
325 170 326 172
331 170 332 172
337 170 339 172
344 170 345 173
389 170 390 172
395 170 397 172
402 170 403 172
408 170 410 173
415 170 416 172
421 170 423 173
428 170 429 173
434 170 435 173
440 170 442 173
447 170 448 173
453 170 455 173
460 170 462 173
466 170 468 172
473 170 474 172
479 170 480 172
492 170 494 172
550 170 552 172
299 176 299 180
305 176 306 179
312 176 313 180
325 176 326 179
331 176 332 180
337 176 339 180
344 176 345 180
350 176 352 180
357 176 358 180
363 176 364 180
382 176 384 179
389 176 391 180
395 176 397 180
402 176 403 180
408 176 409 180
415 176 415 180
421 176 422 180
428 176 429 180
434 176 436 180
440 176 442 180
447 176 448 180
453 176 455 180
460 176 462 180
466 176 467 180
473 176 474 181
479 176 481 180
486 176 488 180
492 176 494 180
498 176 500 180
505 176 507 180
511 176 513 180
518 176 519 180
524 176 526 180
531 176 532 180
537 176 539 181
543 176 545 181
550 176 552 181
556 176 558 180
563 176 565 180
292 183 293 185
305 183 306 186
312 183 313 186
318 183 320 185
325 183 326 186
331 183 332 186
337 183 339 186
344 183 345 186
350 183 352 185
363 183 364 186
370 183 371 186
376 183 377 185
382 183 383 186
389 183 391 186
395 183 397 186
402 183 403 186
408 183 409 186
415 183 415 186
421 183 422 186
428 183 428 186
434 183 434 186
440 183 441 187
447 183 447 187
453 183 454 187
460 183 461 187
466 183 468 187
473 183 474 188
479 183 481 187
486 183 488 187
492 183 493 187
498 183 499 187
505 183 506 187
511 183 513 187
518 183 519 187
524 183 526 187
531 183 531 187
537 183 538 187
543 183 544 187
550 183 551 188
556 183 557 188
563 183 564 188
299 189 300 193
305 189 306 193
312 189 313 192
318 189 320 193
325 189 326 193
331 189 333 192
344 189 345 192
350 189 351 192
357 189 357 192
363 189 364 192
370 189 371 193
376 189 377 193
382 189 383 193
389 189 390 193
395 189 396 193
402 189 402 193
408 189 408 193
415 189 415 192
421 189 423 193
428 189 429 193
434 189 435 193
440 189 441 193
447 189 447 193
453 189 454 193
460 189 460 193
466 189 468 193
473 189 475 193
479 189 480 194
486 189 487 194
492 189 493 193
498 189 500 193
505 189 506 194
511 189 513 194
531 189 532 194
537 189 538 194
543 189 543 194
550 189 549 195
556 189 557 195
563 189 564 195
569 189 571 195
576 189 578 194
292 196 293 199
299 196 300 199
305 196 306 199
312 196 319 200
318 196 325 199
331 196 338 199
337 196 345 200
357 196 357 200
363 196 364 199
370 196 371 199
376 196 377 199
382 196 383 200
389 196 390 201
395 196 396 201
402 196 403 200
408 196 410 200
415 196 416 200
421 196 422 200
428 196 429 200
434 196 434 200
440 196 441 200
447 196 447 200
453 196 453 200
460 196 460 200
466 196 467 200
473 196 474 200
479 196 480 201
486 196 486 201
492 196 493 200
498 196 500 200
505 196 506 200
511 196 512 201
518 196 519 201
524 196 525 201
531 196 531 201
537 196 537 201
543 196 543 201
550 196 550 201
556 196 556 201
563 196 563 201
569 196 570 201
576 196 576 201
292 202 293 206
299 202 298 205
305 202 312 207
312 202 318 207
325 202 326 207
331 202 340 207
350 202 357 206
363 202 363 206
370 202 371 207
376 202 377 208
382 202 383 208
389 202 390 208
395 202 396 208
402 202 403 208
408 202 410 208
415 202 416 207
421 202 422 207
428 202 429 207
434 202 435 207
453 202 454 206
460 202 462 207
466 202 469 208
473 202 475 207
479 202 480 207
486 202 487 207
492 202 493 206
505 202 505 207
511 202 511 208
518 202 518 208
524 202 526 208
531 202 531 209
537 202 537 209
543 202 544 208
569 202 565 207
576 202 577 207
292 208 292 213
299 208 299 212
312 208 320 214
318 208 330 218
331 208 339 218
337 208 346 219
395 208 396 214
408 208 410 214
415 208 416 213
428 208 428 214
460 208 462 214
466 208 468 213
473 208 474 213
479 208 481 212
505 208 505 213
511 208 512 214
518 208 518 215
524 208 526 215
531 208 532 214
537 208 538 214
550 208 545 214
563 208 559 213
569 208 564 213
576 208 577 213
292 215 292 218
299 215 300 219
318 215 330 225
325 215 338 224
337 215 345 224
376 215 377 221
382 215 381 220
389 215 389 225
395 215 397 226
402 215 402 225
408 215 409 221
415 215 417 219
421 215 423 219
453 215 455 214
466 215 467 219
473 215 473 219
479 215 479 218
518 215 517 225
531 215 532 220
537 215 537 219
543 215 543 220
563 215 559 218
569 215 565 219
576 215 576 219
299 221 300 226
305 221 305 226
312 221 313 227
395 221 396 233
402 221 402 232
408 221 411 226
421 221 415 227
428 221 422 227
434 221 428 226
440 221 442 219
453 221 455 220
460 221 460 221
498 221 491 225
511 221 511 227
531 221 532 226
537 221 538 226
543 221 544 227
550 221 551 227
569 221 570 226
576 221 576 226
299 228 300 231
344 228 345 232
350 228 350 232
357 228 358 232
363 228 363 232
370 228 369 232
395 228 397 238
415 228 414 232
428 228 422 233
434 228 434 232
447 228 449 227
453 228 455 226
460 228 460 227
466 228 467 227
479 228 473 233
486 228 480 228
492 228 485 227
498 228 492 232
505 228 504 233
511 228 511 233
518 228 518 233
531 228 525 233
537 228 539 232
543 228 545 233
563 228 550 231
569 228 571 232
576 228 576 232
318 234 319 237
357 234 357 237
389 234 391 244
415 234 414 239
421 234 420 239
434 234 434 240
440 234 440 240
447 234 447 238
453 234 455 237
466 234 468 238
473 234 474 238
479 234 480 239
486 234 479 233
492 234 485 232
498 234 499 238
505 234 505 239
511 234 512 240
518 234 520 239
531 234 525 239
537 234 539 239
543 234 546 238
563 234 559 241
415 241 415 244
460 241 461 244
466 241 467 244
473 241 475 244
479 241 479 245
486 241 485 245
492 241 491 245
498 241 498 245
505 241 506 245
511 241 512 245
518 241 519 244
531 241 525 245
537 241 537 243
543 241 546 244
408 247 409 247
415 247 416 249
447 247 446 252
453 247 453 250
466 247 467 250
473 247 472 250
479 247 479 251
486 247 485 251
492 247 492 251
498 247 499 251
505 247 506 251
511 247 512 251
453 253 453 257
460 253 460 256
473 253 473 256
479 253 479 256
486 253 486 256
492 253 492 257
498 253 499 257
505 253 506 257
511 253 512 258
453 260 453 264
486 260 486 263
492 260 493 263
498 260 500 263
505 260 506 263
511 260 513 263
492 266 493 268
