541 132 529 152
547 132 536 152
554 132 543 152
560 138 564 161
521 145 500 156
534 145 510 156
437 151 437 157
443 151 447 157
456 151 454 158
463 151 461 157
469 151 469 157
476 151 475 157
489 151 482 157
482 158 489 164
528 158 502 164
534 158 541 166
547 158 555 165
554 158 559 165
573 158 570 167
404 164 415 163
410 164 421 164
417 164 428 164
423 164 435 163
430 164 441 164
443 164 448 165
450 164 455 165
456 164 462 164
463 164 469 164
528 164 536 170
534 164 543 170
541 164 550 169
547 164 556 170
554 164 560 171
573 164 570 173
378 171 382 168
410 171 421 169
417 171 427 169
423 171 435 169
437 171 449 170
443 171 455 170
450 171 461 169
456 171 468 169
469 171 482 170
476 171 488 170
482 171 496 170
489 171 504 170
495 171 509 170
502 171 517 171
508 171 521 172
573 171 568 179
371 177 376 173
378 177 387 174
397 177 402 173
404 177 415 174
410 177 421 174
417 177 435 173
423 177 440 174
430 177 446 174
443 177 460 174
450 177 467 174
469 177 487 176
482 177 501 176
489 177 508 175
515 177 523 179
541 177 549 180
554 177 541 186
573 177 566 186
352 184 356 178
358 184 367 180
365 184 373 180
371 184 380 179
378 184 387 179
384 184 394 179
391 184 401 179
397 184 409 179
430 184 447 180
437 184 454 180
573 184 567 192
345 190 353 184
358 190 368 186
365 190 375 186
397 190 416 183
404 190 422 183
410 190 429 183
417 190 441 183
437 190 460 184
443 190 468 185
450 190 475 185
456 190 481 185
476 190 497 186
482 190 502 188
560 190 548 206
567 190 561 199
339 197 348 187
352 197 359 188
378 197 400 188
384 197 406 188
391 197 414 189
397 197 421 188
404 197 429 188
410 197 435 189
417 197 442 189
423 197 450 189
430 197 456 189
437 197 463 189
443 197 470 189
450 197 476 190
456 197 482 191
469 197 487 193
476 197 493 194
482 197 500 195
502 197 509 198
515 197 515 198
554 197 540 212
560 197 546 212
319 203 328 193
332 203 341 193
339 203 352 193
358 203 381 195
365 203 387 195
371 203 393 194
378 203 401 193
384 203 408 195
391 203 415 194
397 203 423 195
404 203 433 195
410 203 440 195
417 203 447 195
423 203 454 196
437 203 463 196
443 203 469 197
450 203 474 198
476 203 482 203
482 203 487 204
502 203 507 210
508 203 514 210
515 203 515 205
554 203 535 218
567 203 554 213
287 210 289 198
300 210 309 199
306 210 316 198
313 210 322 199
319 210 328 198
326 210 336 198
332 210 347 198
352 210 375 202
358 210 382 201
371 210 402 201
384 210 414 201
397 210 428 201
410 210 434 203
417 210 441 202
430 210 455 203
437 210 462 203
443 210 469 204
463 210 467 210
469 210 474 210
476 210 493 206
495 210 499 216
502 210 506 217
521 210 527 217
567 210 560 214
280 216 268 204
287 216 289 204
293 216 299 205
300 216 309 205
306 216 316 204
313 216 325 204
319 216 333 204
332 216 348 207
358 216 380 208
365 216 396 207
371 216 402 207
378 216 409 207
397 216 428 207
404 216 434 208
417 216 440 210
423 216 448 210
430 216 454 209
437 216 461 209
495 216 500 223
541 216 541 219
547 216 546 219
287 223 293 211
293 223 300 211
306 223 314 210
313 223 327 211
319 223 333 212
326 223 353 212
339 223 367 213
345 223 375 212
352 223 385 212
378 223 394 219
423 223 428 221
430 223 453 215
489 223 494 225
502 223 506 227
521 223 521 225
534 223 535 225
541 223 541 225
280 229 267 209
300 229 315 218
313 229 327 219
319 229 354 220
326 229 359 219
332 229 365 219
345 229 376 219
352 229 382 220
410 229 419 227
417 229 427 227
423 229 432 228
489 229 494 231
495 229 499 232
502 229 505 233
508 229 514 231
515 229 521 230
287 236 307 231
313 236 346 227
319 236 352 225
326 236 359 226
339 236 369 226
345 236 376 226
352 236 381 226
443 236 460 235
476 236 474 237
489 236 493 238
495 236 498 239
313 242 346 233
319 242 352 232
326 242 359 232
332 242 365 233
345 242 375 232
352 242 381 232
443 242 460 243
476 242 474 244
482 242 486 243
489 242 493 244
306 249 319 245
313 249 325 245
319 249 352 240
326 249 360 238
332 249 366 238
378 249 440 228
384 249 447 229
476 249 473 249
306 255 319 251
313 255 326 251
319 255 333 252
326 255 346 252
332 255 352 251
384 255 446 235
450 255 466 251
313 262 326 259
319 262 366 246
332 262 352 260
345 262 407 236
352 262 412 236
358 262 419 235
384 262 446 241
345 268 407 241
352 268 412 241
358 275 419 247
397 308 386 279
358 314 314 265
358 321 312 271
