325 144 273 195
337 144 282 191
344 144 287 188
413 163 353 177
426 163 361 174
419 169 417 170
457 169 365 171
419 176 365 185
457 176 367 176
463 176 434 162
476 176 440 159
312 182 280 230
318 182 285 228
325 182 291 225
312 188 283 236
318 188 288 233
375 188 336 212
388 188 348 205
394 188 353 203
407 188 360 199
457 188 371 183
312 195 280 253
337 195 305 231
356 195 325 219
369 195 332 214
388 195 352 209
394 195 356 208
407 195 363 204
552 195 474 152
570 195 480 148
306 201 277 263
337 201 307 237
350 201 323 228
356 201 328 225
388 201 354 214
394 201 360 211
407 201 366 208
514 201 352 187
552 201 463 159
300 207 272 280
306 207 278 275
331 207 302 253
337 207 307 250
369 207 343 224
381 207 352 223
388 207 357 221
545 207 473 161
552 207 479 159
570 207 484 155
577 207 489 152
300 214 274 285
306 214 281 280
337 214 310 257
369 214 344 237
388 214 360 227
545 214 476 166
577 214 492 156
583 214 497 153
306 220 284 286
331 220 304 268
337 220 308 265
356 220 337 250
363 220 342 246
369 220 346 243
381 220 353 239
388 220 359 236
394 220 365 232
400 220 373 222
514 220 454 180
526 220 465 176
533 220 469 173
583 220 501 161
318 226 299 285
325 226 302 279
331 226 307 275
337 226 313 272
344 226 318 269
375 226 351 250
381 226 356 245
388 226 362 243
394 226 368 239
476 226 438 205
514 226 458 186
520 226 463 183
526 226 468 180
533 226 471 177
564 226 494 170
577 226 499 170
337 232 316 278
344 232 321 275
369 232 346 266
375 232 352 261
381 232 358 256
388 232 364 254
400 232 370 253
476 232 440 210
482 232 447 207
369 239 349 272
407 239 373 259
438 239 384 213
489 239 450 212
501 239 458 200
507 239 462 197
526 239 475 192
570 239 500 184
577 239 508 180
381 245 360 275
388 245 364 272
400 245 370 268
426 245 443 239
432 245 450 236
463 245 471 221
495 245 456 208
501 245 461 205
520 245 472 198
526 245 476 196
539 245 484 192
558 245 492 195
394 251 368 276
400 251 372 273
426 251 446 244
432 251 451 241
463 251 475 228
539 251 487 199
400 258 377 279
