0.3629680275917053 0.915558397769928 -0.1732250601053238 0.05310941860079765 
-0.9288313984870911 0.3703352808952332 0.01112685259431601 0.03093125857412815 
0.07433862239122391 0.1568582057952881 0.9848194122314453 -0.2915892899036407 
0 0 0 1 

0.4570339620113373 0.8610347509384155 -0.2230220586061478 0.06273289769887924 
-0.8884989023208618 0.4303741753101349 -0.1592087298631668 0.08563641458749771 
-0.04110138863325119 0.2709186673164368 0.9617243409156799 -0.275827944278717 
0 0 0 1 

0.355826199054718 0.8954831957817078 -0.2673902213573456 0.07147495448589325 
-0.8936759829521179 0.4097310304641724 0.1829306483268738 -0.001978491200134158 
0.2733693718910217 0.173868715763092 0.9460649490356445 -0.3145331740379333 
0 0 0 1 

0.292153388261795 0.8813482522964478 -0.3713105916976929 0.1107072681188583 
-0.91313636302948 0.3724797368049622 0.1656524837017059 0.005321014206856489 
0.2843031883239746 0.2906613349914551 0.913612425327301 -0.3046239912509918 
0 0 0 1 

0.2711749672889709 0.85052889585495 -0.4506268501281738 0.1377146989107132 
-0.9321432709693909 0.3487632572650909 0.09732955694198608 0.02987664565443993 
0.2399436682462692 0.3936554789543152 0.8873907923698425 -0.2924613356590271 
0 0 0 1 

0.1743080765008926 0.7666040062904358 -0.6180087327957153 0.1989475637674332 
-0.9616844058036804 0.2674082517623901 0.06046342849731445 0.04255871847271919 
0.2116121202707291 0.5837901830673218 0.7838426828384399 -0.2564852237701416 
0 0 0 1 

0.1340538263320923 0.6737406849861145 -0.7267069220542908 0.2372946292161942 
-0.9740250706672668 0.2246291637420654 0.02858098968863487 0.05339683592319489 
0.1824957281351089 0.703999400138855 0.6863527894020081 -0.2234596908092499 
0 0 0 1 

0.1107714995741844 0.5718215107917786 -0.8128650784492493 0.266459584236145 
-0.9835452437400818 0.1805244982242584 -0.007038007955998182 0.06557006388902664 
0.1427175253629684 0.8002692461013794 0.5824094414710999 -0.187449187040329 
0 0 0 1 

0.07471808046102524 0.5015919208526611 -0.8618715405464172 0.2848151028156281 
-0.9909889698028564 0.1336977183818817 -0.008102104999125004 0.0664319321513176 
0.1111662238836288 0.854710578918457 0.5070618391036987 -0.1611033231019974 
0 0 0 1 

0.1154070049524307 0.4968730509281158 -0.8601150512695312 0.280633419752121 
-0.9905856251716614 0.121754877269268 -0.06257735937833786 0.08290351927280426 
0.07363014668226242 0.859239399433136 0.5062467455863953 -0.1584701538085938 
0 0 0 1 

