438 98 389 100
444 98 394 99
424 104 379 118
438 104 405 111
444 104 396 106
451 104 402 104
424 111 394 115
431 111 381 190
458 118 398 111
431 124 385 136
444 124 392 134
438 131 388 144
418 138 382 163
411 144 381 170
424 144 390 166
431 144 397 164
438 144 409 160
498 144 455 129
505 144 463 127
404 151 371 180
411 151 383 175
424 151 393 174
438 151 402 167
451 151 418 161
458 151 422 159
491 151 451 138
498 151 457 136
424 158 395 180
431 158 400 176
438 158 405 174
444 158 412 171
451 158 419 168
465 158 429 161
485 158 448 147
491 158 453 144
498 158 460 141
505 158 466 142
424 164 397 187
431 164 402 182
438 164 408 180
444 164 414 178
451 164 420 175
458 164 426 173
465 164 431 171
485 164 448 154
498 164 462 148
505 164 468 147
431 171 404 190
438 171 410 186
444 171 416 184
451 171 423 182
458 171 430 179
471 171 439 173
478 171 445 161
485 171 448 169
505 171 470 154
411 178 390 194
431 178 405 195
438 178 412 192
444 178 418 192
451 178 425 188
458 178 433 186
478 178 444 177
485 178 450 174
404 185 387 202
411 185 392 200
424 185 401 199
431 185 408 201
438 185 415 199
444 185 421 198
451 185 426 196
458 185 434 194
485 185 451 182
491 185 460 180
498 185 467 180
411 191 394 206
431 191 411 208
438 191 417 206
444 191 423 204
451 191 429 203
458 191 436 201
404 198 391 214
424 198 408 216
431 198 413 214
438 198 419 212
364 205 357 242
404 205 391 232
411 205 398 229
418 205 404 226
424 205 409 223
431 205 415 220
444 205 426 214
451 205 433 212
458 205 439 209
485 205 461 207
491 205 466 199
357 211 350 252
364 211 360 248
404 211 393 236
411 211 400 235
418 211 405 232
424 211 411 229
431 211 417 227
438 211 423 222
444 211 427 220
451 211 433 217
471 211 456 215
485 211 463 214
357 218 353 258
371 218 368 252
378 218 374 251
411 218 401 240
418 218 407 237
424 218 413 235
431 218 419 233
438 218 424 228
444 218 429 225
485 218 464 219
357 225 357 264
371 225 369 260
378 225 375 258
384 225 381 255
391 225 387 253
411 225 403 246
418 225 409 243
424 225 415 241
431 225 421 240
438 225 427 233
351 232 351 271
357 232 360 270
364 232 365 269
371 232 371 265
378 232 377 264
384 232 383 261
391 232 389 260
411 232 406 253
418 232 412 250
424 232 417 248
438 232 429 240
451 232 446 226
478 232 461 227
364 238 367 273
371 238 373 271
378 238 379 270
384 238 385 268
398 238 397 260
431 238 424 250
344 245 347 284
351 245 356 282
357 245 362 279
398 245 398 266
411 245 409 262
418 245 416 260
424 245 421 258
431 245 426 256
351 252 358 287
357 252 369 281
371 252 377 280
384 252 383 277
391 252 390 276
404 252 405 272
411 252 411 269
418 252 416 267
424 252 425 271
431 252 428 261
391 258 391 281
398 258 399 279
404 258 407 278
411 258 411 276
418 258 421 278
424 258 427 276
431 258 433 274
438 258 438 265
364 265 372 287
371 265 379 285
378 265 384 283
398 265 401 284
404 265 407 282
411 265 412 281
444 265 445 269
384 272 393 287
424 272 428 283
431 272 435 281
331 278 345 318
351 278 371 302
391 278 401 294
438 278 442 281
444 278 446 280
458 278 456 282
331 285 348 325
337 285 358 317
391 285 403 299
404 285 411 294
424 285 431 290
444 285 449 286
451 285 452 288
324 292 342 335
344 292 362 321
391 292 405 305
418 292 426 293
444 292 448 292
337 298 358 330
344 298 364 328
398 298 413 304
424 298 434 297
431 298 440 295
444 298 450 298
317 305 340 342
331 305 354 337
337 305 360 337
344 305 365 335
378 305 400 306
431 305 442 302
444 305 450 306
317 312 347 346
331 312 355 344
337 312 361 342
344 312 366 341
378 312 402 313
431 312 443 309
317 319 349 353
331 319 356 351
378 319 403 322
304 325 336 359
310 325 343 359
384 325 412 327
424 325 442 317
290 332 331 363
304 332 339 364
310 332 345 363
371 332 399 343
378 332 404 342
431 332 448 323
364 339 396 352
371 339 401 350
378 339 406 350
384 339 412 348
418 339 439 330
424 339 445 330
337 345 377 368
357 345 391 361
364 345 397 359
371 345 403 357
378 345 408 357
411 345 435 338
357 352 392 367
364 352 398 366
371 352 404 364
378 352 409 362
391 352 417 353
411 352 439 343
351 359 387 372
391 359 420 361
398 359 426 364
404 359 432 363
351 366 389 377
357 366 394 376
364 366 401 374
391 366 422 368
404 366 433 371
364 372 402 379
391 372 423 375
398 372 431 372
391 379 425 380
398 379 431 378
404 379 438 376
