487 150 449 116
408 156 394 154
408 162 398 160
414 162 405 156
438 162 419 140
353 174 362 191
389 174 389 175
420 174 415 162
395 180 401 179
401 180 406 176
414 180 414 172
420 180 418 168
353 186 367 209
365 186 372 204
383 186 396 190
395 186 404 185
401 186 410 182
414 186 417 178
426 186 424 174
463 186 443 153
297 192 323 241
334 192 356 224
353 192 370 216
359 192 375 213
365 192 381 209
371 192 388 204
377 192 394 199
383 192 400 195
395 192 408 190
401 192 412 189
414 192 420 184
426 192 427 181
487 192 457 144
316 199 340 240
353 199 373 221
359 199 379 218
365 199 384 214
371 199 391 210
383 199 403 200
395 199 410 198
408 199 418 193
414 199 423 190
420 199 430 186
432 199 436 181
438 199 441 178
487 199 460 150
255 205 278 285
340 205 370 230
346 205 375 227
359 205 383 223
365 205 389 219
377 205 395 217
383 205 401 212
408 205 421 199
414 205 428 194
420 205 433 190
432 205 440 188
463 205 455 170
242 211 270 298
285 211 315 271
334 211 365 241
340 211 373 238
346 211 379 234
371 211 394 224
377 211 399 220
383 211 403 218
395 211 413 214
401 211 419 210
408 211 424 205
426 211 437 201
432 211 443 195
463 211 458 176
469 211 463 169
285 217 318 277
334 217 369 247
353 217 383 238
359 217 389 234
365 217 393 231
383 217 407 224
426 217 441 207
444 217 459 195
469 217 466 175
334 223 372 252
377 223 406 230
426 223 447 201
438 223 454 197
285 229 323 285
353 229 389 248
359 229 395 243
365 229 400 241
371 229 405 237
383 229 414 232
463 229 466 191
291 235 345 278
310 235 360 271
346 235 386 257
353 235 390 253
359 235 398 248
365 235 402 246
377 235 412 240
432 235 452 208
279 241 328 306
346 241 388 261
353 241 394 258
359 241 401 255
365 241 406 251
371 241 412 248
444 241 462 211
255 248 313 315
340 248 389 269
359 248 404 261
365 248 410 258
377 248 415 254
414 248 450 218
420 248 455 216
255 254 318 321
267 254 326 316
359 254 409 268
371 254 413 264
377 254 420 260
414 254 452 224
261 260 323 325
267 266 332 328
273 266 338 326
359 266 414 275
371 266 425 269
273 272 342 332
340 272 403 289
359 272 417 281
365 272 422 278
377 272 429 274
297 278 363 327
310 278 371 322
322 278 378 319
346 278 409 295
353 278 414 291
359 278 420 287
304 284 368 332
310 284 373 329
322 284 381 325
285 290 366 345
304 296 372 343
