393 196 479 188
372 207 456 183
372 212 452 190
377 212 458 192
398 212 479 200
356 217 420 186
367 217 443 192
372 217 448 195
388 217 464 202
481 217 539 243
361 223 434 194
367 223 439 197
434 223 506 225
346 228 410 190
367 228 437 203
372 228 445 201
377 228 451 204
382 228 456 208
393 228 471 214
434 228 502 232
450 228 516 238
346 233 408 195
356 233 423 199
361 233 428 202
372 233 442 207
377 233 449 210
382 233 455 213
450 233 513 246
492 233 536 248
351 238 414 200
356 238 420 203
361 238 426 207
367 238 432 210
372 238 439 213
377 238 445 216
466 238 519 248
487 238 536 264
351 243 411 205
356 243 417 210
361 243 423 213
382 243 464 227
445 243 504 248
367 249 428 216
372 249 435 219
393 249 455 230
403 249 463 233
414 249 475 241
419 249 480 243
429 249 487 246
450 249 505 256
455 249 512 259
471 249 518 262
487 249 530 271
502 249 538 275
367 254 426 221
372 254 432 226
377 254 437 229
382 254 443 232
393 254 452 236
403 254 459 240
408 254 465 244
414 254 471 247
419 254 477 248
429 254 485 253
455 254 509 267
481 254 525 268
367 259 424 230
372 259 429 232
377 259 435 235
382 259 440 238
393 259 449 242
403 259 456 246
408 259 462 249
419 259 475 255
445 259 499 270
455 259 506 274
476 259 519 279
367 264 422 236
372 264 427 238
455 264 502 279
377 270 431 243
382 270 437 245
403 270 453 252
408 270 460 256
414 270 465 260
419 270 470 264
424 270 475 266
450 270 496 278
367 275 416 242
372 275 422 245
377 275 428 248
382 275 434 251
445 275 488 279
450 275 493 283
455 275 498 286
476 275 511 293
367 280 414 248
372 280 420 251
377 280 426 254
398 280 447 260
414 280 460 268
419 280 464 270
356 285 404 246
372 285 417 257
382 285 429 259
393 285 440 263
398 285 445 265
403 285 451 268
419 285 463 276
424 285 468 278
434 285 474 282
445 285 484 287
450 285 489 290
455 285 493 293
466 285 499 296
273 290 311 209
356 290 399 252
361 290 405 255
377 290 421 260
382 290 427 264
393 290 437 268
408 290 453 276
424 290 466 283
445 290 481 292
450 290 486 295
461 290 492 299
466 290 497 301
356 296 397 257
361 296 403 259
372 296 412 264
377 296 419 268
398 296 439 277
403 296 444 279
414 296 456 286
434 296 471 288
450 296 483 300
461 296 489 304
466 296 494 307
356 301 394 261
388 301 427 272
393 301 432 277
434 301 469 294
445 301 476 299
361 306 400 267
372 306 410 269
377 306 415 272
393 306 429 281
398 306 434 285
403 306 439 287
419 306 452 296
424 306 458 299
434 306 467 302
445 306 473 303
450 306 478 307
461 306 485 313
466 306 490 315
356 311 391 270
398 311 431 289
403 311 437 291
408 311 442 295
419 311 450 301
450 311 475 315
461 311 482 319
466 311 487 321
429 316 457 311
445 316 471 310
466 316 483 327
481 316 502 311
309 322 325 259
325 322 348 264
335 322 361 269
341 322 367 273
393 322 422 295
398 322 427 297
403 322 432 299
461 322 476 330
481 322 498 317
294 327 311 257
299 327 316 260
304 327 321 262
314 327 329 267
320 327 335 270
325 327 346 270
330 327 353 273
335 327 359 276
341 327 365 278
393 327 418 301
398 327 425 302
408 327 433 306
419 327 442 314
434 327 456 320
320 332 332 277
330 332 351 277
335 332 357 280
398 332 420 308
403 332 427 311
424 332 445 323
434 332 451 327
440 332 457 329
455 332 470 336
314 337 322 280
325 337 341 281
341 337 365 287
346 337 372 290
403 337 424 318
408 337 431 322
434 337 448 332
440 337 454 335
461 337 464 350
466 337 469 354
471 337 479 339
309 343 315 279
335 343 356 289
424 343 441 331
461 343 459 357
466 343 465 360
325 348 339 290
330 348 345 292
335 348 352 296
341 348 362 295
346 348 369 298
367 348 391 303
372 348 397 307
445 348 448 350
466 348 462 366
361 353 383 305
393 353 412 323
445 353 444 355
351 358 368 314
356 358 374 318
382 358 404 325
398 358 415 332
408 358 424 336
429 358 440 345
367 363 387 323
372 363 393 327
408 363 422 342
419 363 426 344
424 363 432 348
356 369 370 325
367 369 378 329
372 369 385 331
356 374 366 331
372 374 381 335
398 374 409 344
424 374 429 357
429 374 434 359
382 379 388 343
393 379 400 348
398 379 405 350
414 379 418 358
424 379 426 363
429 379 431 365
440 379 440 368
382 384 385 346
388 384 391 351
393 384 397 353
398 384 403 355
408 384 411 360
455 384 447 380
466 384 455 384
382 390 382 353
388 390 388 356
393 390 393 359
398 390 399 362
445 390 441 378
377 395 371 357
382 395 379 359
388 395 384 362
393 395 390 367
414 395 412 372
434 395 425 378
440 395 432 381
445 395 437 384
377 400 365 363
382 400 374 366
440 400 429 387
408 405 391 378
403 410 383 381
414 410 388 382
424 410 401 391
