1.000000000000000000e+00 0.000000000000000000e+00 0.000000000000000000e+00 -4.542167112231254578e-02
0.000000000000000000e+00 1.000000000000000000e+00 0.000000000000000000e+00 9.935460984706878662e-04
0.000000000000000000e+00 0.000000000000000000e+00 1.000000000000000000e+00 -2.875000238418579102e-01
0.000000000000000000e+00 0.000000000000000000e+00 0.000000000000000000e+00 1.000000000000000000e+00
9.963024258613586426e-01 7.994177937507629395e-02 3.147348761558532715e-02 -5.306917428970336914e-02
-7.941655814647674561e-02 9.966861009597778320e-01 -1.760042645037174225e-02 1.012091152369976044e-02
-3.277619555592536926e-02 1.503583882004022598e-02 9.993497729301452637e-01 -2.925198376178741455e-01
0.000000000000000000e+00 0.000000000000000000e+00 0.000000000000000000e+00 1.000000000000000000e+00
9.849060773849487305e-01 1.654982864856719971e-01 5.069866403937339783e-02 -5.721058696508407593e-02
-1.628429740667343140e-01 9.852440953254699707e-01 -5.268698558211326599e-02 2.590427547693252563e-02
-5.867021530866622925e-02 4.363579303026199341e-02 9.973233938217163086e-01 -2.914323508739471436e-01
0.000000000000000000e+00 0.000000000000000000e+00 0.000000000000000000e+00 1.000000000000000000e+00
9.655721783638000488e-01 2.550957202911376953e-01 5.096002668142318726e-02 -5.491940304636955261e-02
-2.510218918323516846e-01 9.650890827178955078e-01 -7.477197051048278809e-02 3.761610761284828186e-02
-6.825502961874008179e-02 5.940558761358261108e-02 9.958975315093994141e-01 -2.912716865539550781e-01
0.000000000000000000e+00 0.000000000000000000e+00 0.000000000000000000e+00 1.000000000000000000e+00
9.363686442375183105e-01 3.461006879806518555e-01 5.854363366961479187e-02 -5.442149192094802856e-02
-3.374844789505004883e-01 9.335229396820068359e-01 -1.209909990429878235e-01 5.660485103726387024e-02
-9.652690589427947998e-02 9.353456646203994751e-02 9.909256100654602051e-01 -2.888493239879608154e-01
0.000000000000000000e+00 0.000000000000000000e+00 0.000000000000000000e+00 1.000000000000000000e+00
8.901452422142028809e-01 4.537564218044281006e-01 4.178080335259437561e-02 -4.615683481097221375e-02
-4.447413384914398193e-01 8.850915431976318359e-01 -1.371774375438690186e-01 6.586047261953353882e-02
-9.922505915164947510e-02 1.035262197256088257e-01 9.896652102470397949e-01 -2.896254360675811768e-01
0.000000000000000000e+00 0.000000000000000000e+00 0.000000000000000000e+00 1.000000000000000000e+00
8.448219895362854004e-01 5.344088673591613770e-01 2.612051181495189667e-02 -3.836871311068534851e-02
-5.236721634864807129e-01 8.358885645866394043e-01 -1.644915491342544556e-01 7.802829146385192871e-02
-1.097396314144134521e-01 1.252875179052352905e-01 9.860329031944274902e-01 -2.884491682052612305e-01
0.000000000000000000e+00 0.000000000000000000e+00 0.000000000000000000e+00 1.000000000000000000e+00
7.926225662231445312e-01 6.096583604812622070e-01 8.119208738207817078e-03 -2.986843325197696686e-02
-5.992625951766967773e-01 7.814231514930725098e-01 -1.739605516195297241e-01 8.462981879711151123e-02
-1.124010831117630005e-01 1.330194920301437378e-01 9.847192168235778809e-01 -2.890843152999877930e-01
0.000000000000000000e+00 0.000000000000000000e+00 0.000000000000000000e+00 1.000000000000000000e+00
7.177280187606811523e-01 6.961193084716796875e-01 -1.687988825142383575e-02 -1.675910502672195435e-02
-6.887297630310058594e-01 7.061212062835693359e-01 -1.644497811794281006e-01 8.466629683971405029e-02
-1.025574356317520142e-01 1.296558976173400879e-01 9.862410426139831543e-01 -2.901795506477355957e-01
0.000000000000000000e+00 0.000000000000000000e+00 0.000000000000000000e+00 1.000000000000000000e+00
6.445490121841430664e-01 7.643879652023315430e-01 -1.636828482151031494e-02 -1.160583924502134323e-02
-7.585737109184265137e-01 6.366786956787109375e-01 -1.385841518640518188e-01 7.922693341970443726e-02
-9.551069885492324829e-02 1.017407923936843872e-01 9.902150630950927734e-01 -2.932868003845214844e-01
0.000000000000000000e+00 0.000000000000000000e+00 0.000000000000000000e+00 1.000000000000000000e+00
5.497561097145080566e-01 8.346027135848999023e-01 -3.474376350641250610e-02 -2.885483263526111841e-04
-8.330314159393310547e-01 5.446919798851013184e-01 -9.679410606622695923e-02 6.776101142168045044e-02
-6.185996904969215393e-02 8.215580880641937256e-02 9.946979284286499023e-01 -2.983202040195465088e-01
0.000000000000000000e+00 0.000000000000000000e+00 0.000000000000000000e+00 1.000000000000000000e+00
4.562954604625701904e-01 8.874867558479309082e-01 -6.450121849775314331e-02 1.548183336853981018e-02
-8.896861076354980469e-01 4.537262320518493652e-01 -5.090494826436042786e-02 5.426165461540222168e-02
-1.591159030795097351e-02 8.061360567808151245e-02 9.966185092926025391e-01 -3.029628098011016846e-01
0.000000000000000000e+00 0.000000000000000000e+00 0.000000000000000000e+00 1.000000000000000000e+00
3.522723317146301270e-01 9.320686459541320801e-01 -8.456514775753021240e-02 2.611293829977512360e-02
-9.357852339744567871e-01 3.521908223628997803e-01 -1.637883484363555908e-02 4.087071120738983154e-02
1.451685372740030289e-02 8.490461111068725586e-02 9.962829947471618652e-01 -3.046464920043945312e-01
0.000000000000000000e+00 0.000000000000000000e+00 0.000000000000000000e+00 1.000000000000000000e+00
2.762067914009094238e-01 9.556801319122314453e-01 -1.019052490592002869e-01 3.423507139086723328e-02
-9.584622979164123535e-01 2.817441225051879883e-01 4.438829421997070312e-02 1.765824481844902039e-02
7.113220542669296265e-02 8.541196584701538086e-02 9.938030838966369629e-01 -3.041554987430572510e-01
0.000000000000000000e+00 0.000000000000000000e+00 0.000000000000000000e+00 1.000000000000000000e+00
1.966650635004043579e-01 9.711614251136779785e-01 -1.347883641719818115e-01 4.605052247643470764e-02
-9.717630147933959961e-01 2.113493978977203369e-01 1.049246788024902344e-01 -4.417696502059698105e-03
1.303862631320953369e-01 1.103473231196403503e-01 9.853036999702453613e-01 -3.026612997055053711e-01
0.000000000000000000e+00 0.000000000000000000e+00 0.000000000000000000e+00 1.000000000000000000e+00
1.168004497885704041e-01 9.831824898719787598e-01 -1.403932571411132812e-01 4.972469806671142578e-02
-9.710713028907775879e-01 1.427012085914611816e-01 1.914603710174560547e-01 -3.401869162917137146e-02
2.082747370004653931e-01 1.139692142605781555e-01 9.714075922966003418e-01 -2.995948493480682373e-01
0.000000000000000000e+00 0.000000000000000000e+00 0.000000000000000000e+00 1.000000000000000000e+00
1.927515566349029541e-01 9.740333557128906250e-01 -1.187671348452568054e-01 4.213189333677291870e-02
-9.541369080543518066e-01 2.143029123544692993e-01 2.090370655059814453e-01 -3.928023949265480042e-02
2.290612459182739258e-01 7.302798330783843994e-02 9.706687927246093750e-01 -2.973706424236297607e-01
0.000000000000000000e+00 0.000000000000000000e+00 0.000000000000000000e+00 1.000000000000000000e+00
2.710216343402862549e-01 9.538997411727905273e-01 -1.289276629686355591e-01 4.290566965937614441e-02
-9.392202496528625488e-01 2.913881242275238037e-01 1.815433353185653687e-01 -2.843647822737693787e-02
2.107422202825546265e-01 7.188933342695236206e-02 9.748945832252502441e-01 -2.961897253990173340e-01
0.000000000000000000e+00 0.000000000000000000e+00 0.000000000000000000e+00 1.000000000000000000e+00
3.287144899368286133e-01 9.354788661003112793e-01 -1.297139674425125122e-01 4.160328954458236694e-02
-9.335711598396301270e-01 3.426230251789093018e-01 1.051407307386398315e-01 -1.416829996742308140e-03
1.428000032901763916e-01 8.653601258993148804e-02 9.859609603881835938e-01 -2.959016263484954834e-01
0.000000000000000000e+00 0.000000000000000000e+00 0.000000000000000000e+00 1.000000000000000000e+00
3.673639595508575439e-01 9.164023995399475098e-01 -1.589023917913436890e-01 4.907096922397613525e-02
-9.273934960365295410e-01 3.738872110843658447e-01 1.221070531755685806e-02 3.102385438978672028e-02
7.060147821903228760e-02 1.428793519735336304e-01 9.872188568115234375e-01 -2.923358082771301270e-01
0.000000000000000000e+00 0.000000000000000000e+00 0.000000000000000000e+00 1.000000000000000000e+00
4.026998579502105713e-01 8.991182446479797363e-01 -1.715197265148162842e-01 5.119241774082183838e-02
-9.153158664703369141e-01 3.966813981533050537e-01 -6.957820057868957520e-02 5.871070176362991333e-02
5.479581188410520554e-03 1.850138753652572632e-01 9.827209711074829102e-01 -2.870534956455230713e-01
0.000000000000000000e+00 0.000000000000000000e+00 0.000000000000000000e+00 1.000000000000000000e+00
4.532050788402557373e-01 8.674012422561645508e-01 -2.054722309112548828e-01 5.819566920399665833e-02
-8.897929191589355469e-01 4.263426661491394043e-01 -1.627884656190872192e-01 8.704797923564910889e-02
-5.360149219632148743e-02 2.566043436527252197e-01 9.650288224220275879e-01 -2.766085267066955566e-01
0.000000000000000000e+00 0.000000000000000000e+00 0.000000000000000000e+00 1.000000000000000000e+00
5.282487869262695312e-01 8.272978663444519043e-01 -1.911331117153167725e-01 4.809353500604629517e-02
-8.433794379234313965e-01 4.851666390895843506e-01 -2.309226393699645996e-01 1.059950441122055054e-01
-9.831018000841140747e-02 2.831821143627166748e-01 9.540137648582458496e-01 -2.694465816020965576e-01
0.000000000000000000e+00 0.000000000000000000e+00 0.000000000000000000e+00 1.000000000000000000e+00
5.912769436836242676e-01 7.869155406951904297e-01 -1.765109747648239136e-01 3.936024010181427002e-02
-7.951001524925231934e-01 5.321866273880004883e-01 -2.908483743667602539e-01 1.203955933451652527e-01
-1.349364370107650757e-01 3.123155236244201660e-01 9.403462409973144531e-01 -2.617256939411163330e-01
0.000000000000000000e+00 0.000000000000000000e+00 0.000000000000000000e+00 1.000000000000000000e+00
6.717874407768249512e-01 7.249981760978698730e-01 -1.519198566675186157e-01 2.631708979606628418e-02
-7.187848091125488281e-01 5.884476304054260254e-01 -3.702401518821716309e-01 1.370748132467269897e-01
-1.790267527103424072e-01 3.579199314117431641e-01 9.164285659790039062e-01 -2.500151693820953369e-01
0.000000000000000000e+00 0.000000000000000000e+00 0.000000000000000000e+00 1.000000000000000000e+00
7.292848229408264160e-01 6.693775653839111328e-01 -1.416948139667510986e-01 1.990110427141189575e-02
-6.514647006988525391e-01 6.160292625427246094e-01 -4.428325295448303223e-01 1.518710553646087646e-01
-2.091340124607086182e-01 4.152602851390838623e-01 8.853371143341064453e-01 -2.357816845178604126e-01
0.000000000000000000e+00 0.000000000000000000e+00 0.000000000000000000e+00 1.000000000000000000e+00
7.545215487480163574e-01 6.442728638648986816e-01 -1.249382570385932922e-01 1.276710722595453262e-02
-6.001810431480407715e-01 6.003978848457336426e-01 -5.284937024116516113e-01 1.712325364351272583e-01
-2.654815018177032471e-01 4.737449884414672852e-01 8.396934270858764648e-01 -2.149256467819213867e-01
0.000000000000000000e+00 0.000000000000000000e+00 0.000000000000000000e+00 1.000000000000000000e+00
7.825411558151245117e-01 6.085940003395080566e-01 -1.313103735446929932e-01 1.213767193257808685e-02
-5.391888618469238281e-01 5.570074915885925293e-01 -6.316784620285034180e-01 1.976751536130905151e-01
-3.112950325012207031e-01 5.651153326034545898e-01 7.640289068222045898e-01 -1.869884133338928223e-01
0.000000000000000000e+00 0.000000000000000000e+00 0.000000000000000000e+00 1.000000000000000000e+00
8.032983541488647461e-01 5.808153748512268066e-01 -1.317761391401290894e-01 1.043910160660743713e-02
-4.882968962192535400e-01 5.155982375144958496e-01 -7.040768861770629883e-01 2.169634401798248291e-01
-3.409953415393829346e-01 6.299299001693725586e-01 6.977897286415100098e-01 -1.635508835315704346e-01
0.000000000000000000e+00 0.000000000000000000e+00 0.000000000000000000e+00 1.000000000000000000e+00
8.351629376411437988e-01 5.361099243164062500e-01 -1.228381842374801636e-01 4.894993733614683151e-03
-4.147915244102478027e-01 4.672740101814270020e-01 -7.807704210281372070e-01 2.367016822099685669e-01
-3.611797392368316650e-01 7.030230760574340820e-01 6.126238703727722168e-01 -1.388933807611465454e-01
0.000000000000000000e+00 0.000000000000000000e+00 0.000000000000000000e+00 1.000000000000000000e+00
8.634489774703979492e-01 4.972481131553649902e-01 -8.485619723796844482e-02 -7.803164888173341751e-03
-3.318372368812561035e-01 4.332184195518493652e-01 -8.379771709442138672e-01 2.503328025341033936e-01
-3.799213469028472900e-01 7.517089843750000000e-01 5.390673279762268066e-01 -1.195415705442428589e-01
0.000000000000000000e+00 0.000000000000000000e+00 0.000000000000000000e+00 1.000000000000000000e+00
8.786953091621398926e-01 4.740464389324188232e-01 -5.634652450680732727e-02 -1.577316969633102417e-02
-2.431576997041702271e-01 3.428663909435272217e-01 -9.073678255081176758e-01 2.641276121139526367e-01
-4.108150899410247803e-01 8.110010027885437012e-01 4.165432453155517578e-01 -8.572269976139068604e-02
0.000000000000000000e+00 0.000000000000000000e+00 0.000000000000000000e+00 1.000000000000000000e+00
8.643592000007629395e-01 5.022794604301452637e-01 -2.444789558649063110e-02 -2.905759960412979126e-02
-9.843257814645767212e-02 1.213138625025749207e-01 -9.877213835716247559e-01 2.826095819473266602e-01
-4.931466579437255859e-01 8.561529517173767090e-01 1.542993485927581787e-01 -1.249144226312637329e-02
0.000000000000000000e+00 0.000000000000000000e+00 0.000000000000000000e+00 1.000000000000000000e+00
8.659135699272155762e-01 4.990730881690979004e-01 -3.344829007983207703e-02 -2.470699697732925415e-02
-9.887313842773437500e-02 1.052306294441223145e-01 -9.895199537277221680e-01 2.830456197261810303e-01
-4.903233647346496582e-01 8.601467609405517578e-01 1.404656022787094116e-01 -1.451311353594064713e-02
0.000000000000000000e+00 0.000000000000000000e+00 0.000000000000000000e+00 1.000000000000000000e+00
8.159402608871459961e-01 5.775879025459289551e-01 -2.517518214881420135e-02 -2.245869860053062439e-02
-1.074174195528030396e-01 1.086703985929489136e-01 -9.882572293281555176e-01 2.831488251686096191e-01
-5.680693984031677246e-01 8.090625405311584473e-01 1.507114768028259277e-01 -1.599561609327793121e-02
0.000000000000000000e+00 0.000000000000000000e+00 0.000000000000000000e+00 1.000000000000000000e+00
7.908313870429992676e-01 6.103635430335998535e-01 -4.519920051097869873e-02 -1.594879478216171265e-02
-2.420126497745513916e-01 2.440271973609924316e-01 -9.390849471092224121e-01 2.750809788703918457e-01
-5.621530413627624512e-01 7.535966038703918457e-01 3.406999111175537109e-01 -5.870743095874786377e-02
0.000000000000000000e+00 0.000000000000000000e+00 0.000000000000000000e+00 1.000000000000000000e+00
8.096722960472106934e-01 5.821900963783264160e-01 -7.406365126371383667e-02 -8.714875206351280212e-03
-3.099022209644317627e-01 3.169583976268768311e-01 -8.963805437088012695e-01 2.657420039176940918e-01
-4.983884990215301514e-01 7.487268447875976562e-01 4.370542764663696289e-01 -8.696505427360534668e-02
0.000000000000000000e+00 0.000000000000000000e+00 0.000000000000000000e+00 1.000000000000000000e+00
8.036654591560363770e-01 5.882517695426940918e-01 -8.989993482828140259e-02 -4.850387573242187500e-03
-3.661764562129974365e-01 3.697662651538848877e-01 -8.539246320724487305e-01 2.567845284938812256e-01
-4.690806567668914795e-01 7.191892862319946289e-01 5.125724077224731445e-01 -1.092295348644256592e-01
0.000000000000000000e+00 0.000000000000000000e+00 0.000000000000000000e+00 1.000000000000000000e+00
8.268775939941406250e-01 5.576396584510803223e-01 -7.287932187318801880e-02 -1.533024944365024567e-02
-4.563975632190704346e-01 5.896703004837036133e-01 -6.663260459899902344e-01 2.165683507919311523e-01
-3.285950720310211182e-01 5.842319726943969727e-01 7.420902848243713379e-01 -1.801996082067489624e-01
0.000000000000000000e+00 0.000000000000000000e+00 0.000000000000000000e+00 1.000000000000000000e+00
8.256632685661315918e-01 5.630798339843750000e-01 -3.494654223322868347e-02 -2.695266529917716980e-02
-4.672298729419708252e-01 6.477691531181335449e-01 -6.017399430274963379e-01 1.978026628494262695e-01
-3.161904215812683105e-01 5.131625533103942871e-01 7.979267835617065430e-01 -1.969082504510879517e-01
0.000000000000000000e+00 0.000000000000000000e+00 0.000000000000000000e+00 1.000000000000000000e+00
8.494694828987121582e-01 5.264083743095397949e-01 -3.598782420158386230e-02 -2.729570679366588593e-02
-4.618004560470581055e-01 7.087518572807312012e-01 -5.333022475242614746e-01 1.768696308135986328e-01
-2.552286386489868164e-01 4.696431756019592285e-01 8.451589941978454590e-01 -2.126924842596054077e-01
0.000000000000000000e+00 0.000000000000000000e+00 0.000000000000000000e+00 1.000000000000000000e+00
8.666120767593383789e-01 4.987891316413879395e-01 -1.389919780194759369e-02 -3.260544314980506897e-02
-4.643351435661315918e-01 7.959257364273071289e-01 -3.884515464305877686e-01 1.354657262563705444e-01
-1.826928406953811646e-01 3.430905640125274658e-01 9.213641285896301270e-01 -2.368255406618118286e-01
0.000000000000000000e+00 0.000000000000000000e+00 0.000000000000000000e+00 1.000000000000000000e+00
8.756440281867980957e-01 4.828835725784301758e-01 -8.444949053227901459e-03 -3.274436295032501221e-02
-4.686474502086639404e-01 8.453437089920043945e-01 -2.564437985420227051e-01 9.840443730354309082e-02
-1.166936978697776794e-01 2.285113036632537842e-01 9.665221571922302246e-01 -2.520675659179687500e-01
0.000000000000000000e+00 0.000000000000000000e+00 0.000000000000000000e+00 1.000000000000000000e+00
8.788118362426757812e-01 4.770969748497009277e-01 -8.261757902801036835e-03 -2.859399840235710144e-02
-4.768906533718109131e-01 8.775769472122192383e-01 -4.933187365531921387e-02 4.004906862974166870e-02
-1.628578081727027893e-02 4.729336872696876526e-02 9.987478852272033691e-01 -2.655024528503417969e-01
0.000000000000000000e+00 0.000000000000000000e+00 0.000000000000000000e+00 1.000000000000000000e+00
8.878227472305297852e-01 4.601699411869049072e-01 -3.739204956218600273e-03 -2.841041423380374908e-02
-4.594931304454803467e-01 8.869039416313171387e-01 4.761411622166633606e-02 1.113704778254032135e-02
2.522690035402774811e-02 -4.055478051304817200e-02 9.988588690757751465e-01 -2.681907415390014648e-01
0.000000000000000000e+00 0.000000000000000000e+00 0.000000000000000000e+00 1.000000000000000000e+00
8.948031663894653320e-01 4.464434385299682617e-01 -3.913585562258958817e-03 -2.808478102087974548e-02
-4.408764243125915527e-01 8.849595189094543457e-01 1.499145925045013428e-01 -2.037119679152965546e-02
7.039182633161544800e-02 -1.324186325073242188e-01 9.886913299560546875e-01 -2.674907147884368896e-01
0.000000000000000000e+00 0.000000000000000000e+00 0.000000000000000000e+00 1.000000000000000000e+00
8.996444940567016602e-01 4.366228878498077393e-01 9.452367085032165051e-04 -2.904163114726543427e-02
-4.222870171070098877e-01 8.695513010025024414e-01 2.560361325740814209e-01 -5.407000705599784851e-02
1.109691932797431946e-01 -2.307403385639190674e-01 9.666669368743896484e-01 -2.626340091228485107e-01
0.000000000000000000e+00 0.000000000000000000e+00 0.000000000000000000e+00 1.000000000000000000e+00
9.013007879257202148e-01 4.331159591674804688e-01 -8.235122077167034149e-03 -2.616280131042003632e-02
-3.995036184787750244e-01 8.384031653404235840e-01 3.707777261734008789e-01 -9.177193045616149902e-02
1.674941629171371460e-01 -3.308922350406646729e-01 9.286850690841674805e-01 -2.530677914619445801e-01
0.000000000000000000e+00 0.000000000000000000e+00 0.000000000000000000e+00 1.000000000000000000e+00
9.062961339950561523e-01 4.225852489471435547e-01 -6.939467042684555054e-03 -2.791971899569034576e-02
-3.730059266090393066e-01 8.074709177017211914e-01 4.570089578628540039e-01 -1.206004843115806580e-01
1.987289041280746460e-01 -4.115972220897674561e-01 8.894351124763488770e-01 -2.436284124851226807e-01
0.000000000000000000e+00 0.000000000000000000e+00 0.000000000000000000e+00 1.000000000000000000e+00
9.167513251304626465e-01 3.994562029838562012e-01 1.186143141239881516e-03 -3.305421024560928345e-02
-3.348309993743896484e-01 7.668102979660034180e-01 5.476217865943908691e-01 -1.506000757217407227e-01
2.178415656089782715e-01 -5.024302005767822266e-01 8.367251753807067871e-01 -2.305337935686111450e-01
0.000000000000000000e+00 0.000000000000000000e+00 0.000000000000000000e+00 1.000000000000000000e+00
9.126472473144531250e-01 4.079158306121826172e-01 2.605714276432991028e-02 -4.131474345922470093e-02
-3.321560919284820557e-01 7.029744386672973633e-01 6.288869380950927734e-01 -1.751571297645568848e-01
2.382156550884246826e-01 -5.826070308685302734e-01 7.770595550537109375e-01 -2.157833874225616455e-01
0.000000000000000000e+00 0.000000000000000000e+00 0.000000000000000000e+00 1.000000000000000000e+00
9.216845035552978516e-01 3.855798244476318359e-01 4.273225367069244385e-02 -4.846145212650299072e-02
-2.939586937427520752e-01 6.222684979438781738e-01 7.255139350891113281e-01 -2.058384269475936890e-01
2.531526088714599609e-01 -6.812565922737121582e-01 6.868798732757568359e-01 -1.907126903533935547e-01
0.000000000000000000e+00 0.000000000000000000e+00 0.000000000000000000e+00 1.000000000000000000e+00
9.307896494865417480e-01 3.611996769905090332e-01 5.625312775373458862e-02 -5.425061285495758057e-02
-2.606342732906341553e-01 5.478339791297912598e-01 7.949513196945190430e-01 -2.290383279323577881e-01
2.563188672065734863e-01 -7.545945048332214355e-01 6.040596961975097656e-01 -1.658944338560104370e-01
0.000000000000000000e+00 0.000000000000000000e+00 0.000000000000000000e+00 1.000000000000000000e+00
9.384112358093261719e-01 3.406475782394409180e-01 5.782343074679374695e-02 -5.628101527690887451e-02
-2.244119793176651001e-01 4.736439883708953857e-01 8.516457676887512207e-01 -2.484924197196960449e-01
2.627235054969787598e-01 -8.121703267097473145e-01 5.209183096885681152e-01 -1.420113742351531982e-01
0.000000000000000000e+00 0.000000000000000000e+00 0.000000000000000000e+00 1.000000000000000000e+00
9.499725103378295898e-01 3.079092800617218018e-01 5.238062143325805664e-02 -5.836812406778335571e-02
-1.820351928472518921e-01 4.095466434955596924e-01 8.939432501792907715e-01 -2.627759277820587158e-01
2.538011074066162109e-01 -8.587567806243896484e-01 4.451085031032562256e-01 -1.206357553601264954e-01
0.000000000000000000e+00 0.000000000000000000e+00 0.000000000000000000e+00 1.000000000000000000e+00
9.603257775306701660e-01 2.750620245933532715e-01 4.599141702055931091e-02 -5.883046612143516541e-02
-1.465425193309783936e-01 3.573987483978271484e-01 9.223836064338684082e-01 -2.736799418926239014e-01
2.372754067182540894e-01 -8.925283551216125488e-01 3.835274875164031982e-01 -1.022020280361175537e-01
0.000000000000000000e+00 0.000000000000000000e+00 0.000000000000000000e+00 1.000000000000000000e+00
9.679049253463745117e-01 2.434152215719223022e-01 6.252407282590866089e-02 -6.615541130304336548e-02
-1.314955949783325195e-01 2.784965038299560547e-01 9.513928890228271484e-01 -2.871539890766143799e-01
2.141707837581634521e-01 -9.290794134140014648e-01 3.015662133693695068e-01 -7.317697256803512573e-02
0.000000000000000000e+00 0.000000000000000000e+00 0.000000000000000000e+00 1.000000000000000000e+00
9.782853722572326660e-01 2.007171362638473511e-01 5.167553573846817017e-02 -6.609722226858139038e-02
-9.068461507558822632e-02 1.903243958950042725e-01 9.775237441062927246e-01 -2.990762293338775635e-01
1.863707154989242554e-01 -9.609832763671875000e-01 2.043935507535934448e-01 -3.825769945979118347e-02
0.000000000000000000e+00 0.000000000000000000e+00 0.000000000000000000e+00 1.000000000000000000e+00
9.952269196510314941e-01 9.700111299753189087e-02 1.067874487489461899e-02 -5.620942637324333191e-02
-2.376277558505535126e-02 1.347515732049942017e-01 9.905942678451538086e-01 -3.054662346839904785e-01
9.464979916810989380e-02 -9.861198067665100098e-01 1.364134848117828369e-01 -1.684480905532836914e-02
0.000000000000000000e+00 0.000000000000000000e+00 0.000000000000000000e+00 1.000000000000000000e+00
9.975421428680419922e-01 6.896085292100906372e-02 -1.240861508995294571e-02 -5.046810954809188843e-02
-4.902988206595182419e-03 2.453580945730209351e-01 9.694201350212097168e-01 -3.013033270835876465e-01
6.989657878875732422e-02 -9.669765233993530273e-01 2.450931817293167114e-01 -5.104896053671836853e-02
0.000000000000000000e+00 0.000000000000000000e+00 0.000000000000000000e+00 1.000000000000000000e+00
9.985529780387878418e-01 1.211984734982252121e-02 -5.239270254969596863e-02 -3.661734983325004578e-02
4.664091765880584717e-02 2.897664904594421387e-01 9.559603333473205566e-01 -3.080257177352905273e-01
2.676774561405181885e-02 -9.570205807685852051e-01 2.887819707393646240e-01 -6.284715980291366577e-02
0.000000000000000000e+00 0.000000000000000000e+00 0.000000000000000000e+00 1.000000000000000000e+00
9.890435934066772461e-01 -4.903428629040718079e-02 -1.392425894737243652e-01 -4.062877036631107330e-03
1.473951637744903564e-01 2.755078077316284180e-01 9.499315619468688965e-01 -3.178968131542205811e-01
-8.216822519898414612e-03 -9.600473642349243164e-01 2.797165811061859131e-01 -5.847284570336341858e-02
0.000000000000000000e+00 0.000000000000000000e+00 0.000000000000000000e+00 1.000000000000000000e+00
9.680669307708740234e-01 -7.398090511560440063e-02 -2.395270615816116333e-01 3.040425293147563934e-02
2.505667507648468018e-01 2.553615272045135498e-01 9.338130950927734375e-01 -3.223870694637298584e-01
-7.918323390185832977e-03 -9.640112519264221191e-01 2.657442092895507812e-01 -5.224721133708953857e-02
0.000000000000000000e+00 0.000000000000000000e+00 0.000000000000000000e+00 1.000000000000000000e+00
9.747061133384704590e-01 -3.330924781039357185e-03 -2.234666943550109863e-01 2.212080918252468109e-02
2.136338949203491211e-01 3.075700700283050537e-01 9.272331595420837402e-01 -3.192259371280670166e-01
6.564305722713470459e-02 -9.515194296836853027e-01 3.005019426345825195e-01 -6.923657655715942383e-02
0.000000000000000000e+00 0.000000000000000000e+00 0.000000000000000000e+00 1.000000000000000000e+00
9.868681430816650391e-01 1.173849403858184814e-01 -1.109604388475418091e-01 -2.044667489826679230e-02
6.036565080285072327e-02 3.691497743129730225e-01 9.274074435234069824e-01 -3.117623031139373779e-01
1.498246639966964722e-01 -9.219267964363098145e-01 3.572160601615905762e-01 -9.874022006988525391e-02
0.000000000000000000e+00 0.000000000000000000e+00 0.000000000000000000e+00 1.000000000000000000e+00
9.800166487693786621e-01 1.976650804281234741e-01 -2.226954884827136993e-02 -5.194718763232231140e-02
-4.050635918974876404e-02 3.079209923744201660e-01 9.505491852760314941e-01 -3.135211467742919922e-01
1.947476267814636230e-01 -9.306516647338867188e-01 3.097743391990661621e-01 -8.764988183975219727e-02
0.000000000000000000e+00 0.000000000000000000e+00 0.000000000000000000e+00 1.000000000000000000e+00
9.298458695411682129e-01 3.564483821392059326e-01 9.126938134431838989e-02 -8.756018429994583130e-02
-2.150990068912506104e-01 3.253414928913116455e-01 9.208066463470458984e-01 -2.947909235954284668e-01
2.985265552997589111e-01 -8.758407235145568848e-01 3.791892528533935547e-01 -1.195490062236785889e-01
0.000000000000000000e+00 0.000000000000000000e+00 0.000000000000000000e+00 1.000000000000000000e+00
8.810380101203918457e-01 4.640822112560272217e-01 9.164756536483764648e-02 -8.566753566265106201e-02
-2.768208682537078857e-01 3.487029671669006348e-01 8.954197168350219727e-01 -2.819282710552215576e-01
3.835907280445098877e-01 -8.142693042755126953e-01 4.356882274150848389e-01 -1.468547731637954712e-01
0.000000000000000000e+00 0.000000000000000000e+00 0.000000000000000000e+00 1.000000000000000000e+00
8.409756422042846680e-01 5.373244285583496094e-01 6.359069794416427612e-02 -7.464291155338287354e-02
-3.322134315967559814e-01 4.200057089328765869e-01 8.445294499397277832e-01 -2.622397840023040771e-01
4.270771145820617676e-01 -7.313536405563354492e-01 5.317205786705017090e-01 -1.825447082519531250e-01
0.000000000000000000e+00 0.000000000000000000e+00 0.000000000000000000e+00 1.000000000000000000e+00
8.052068352699279785e-01 5.908473134040832520e-01 5.039859190583229065e-02 -6.818366050720214844e-02
-4.224739968776702881e-01 5.119487047195434570e-01 7.479465007781982422e-01 -2.246279269456863403e-01
4.161210358142852783e-01 -6.235439777374267578e-01 6.618427038192749023e-01 -2.254904657602310181e-01
0.000000000000000000e+00 0.000000000000000000e+00 0.000000000000000000e+00 1.000000000000000000e+00
7.773367762565612793e-01 6.286333799362182617e-01 2.381950803101062775e-02 -5.817991495132446289e-02
-5.029368400573730469e-01 5.982705950736999512e-01 6.238000988960266113e-01 -1.777113229036331177e-01
3.778910636901855469e-01 -4.968823790550231934e-01 7.812203168869018555e-01 -2.625017762184143066e-01
0.000000000000000000e+00 0.000000000000000000e+00 0.000000000000000000e+00 1.000000000000000000e+00
7.534194588661193848e-01 6.573122739791870117e-01 1.731113903224468231e-02 -5.463686212897300720e-02
-5.649592876434326172e-01 6.336448788642883301e-01 5.285026431083679199e-01 -1.420942544937133789e-01
3.364219665527343750e-01 -4.079640507698059082e-01 8.487547636032104492e-01 -2.824430763721466064e-01
0.000000000000000000e+00 0.000000000000000000e+00 0.000000000000000000e+00 1.000000000000000000e+00
6.605254411697387695e-01 7.504371404647827148e-01 2.344283647835254669e-02 -5.027604475617408752e-02
-6.724393963813781738e-01 5.774071812629699707e-01 4.630622863769531250e-01 -1.126975119113922119e-01
3.339632749557495117e-01 -3.216282129287719727e-01 8.860160112380981445e-01 -2.962226867675781250e-01
0.000000000000000000e+00 0.000000000000000000e+00 0.000000000000000000e+00 1.000000000000000000e+00
5.870596170425415039e-01 8.094437718391418457e-01 -1.271582394838333130e-02 -3.308147192001342773e-02
-7.389862537384033203e-01 5.422405004501342773e-01 3.998427689075469971e-01 -8.637908101081848145e-02
3.305455744266510010e-01 -2.253347933292388916e-01 9.164960384368896484e-01 -3.074084520339965820e-01
0.000000000000000000e+00 0.000000000000000000e+00 0.000000000000000000e+00 1.000000000000000000e+00
5.413205623626708984e-01 8.394162654876708984e-01 -4.850092157721519470e-02 -1.696105301380157471e-02
-7.830565571784973145e-01 5.243061780929565430e-01 3.345529735088348389e-01 -6.094270572066307068e-02
3.062586784362792969e-01 -1.431214362382888794e-01 9.411283731460571289e-01 -3.144401311874389648e-01
0.000000000000000000e+00 0.000000000000000000e+00 0.000000000000000000e+00 1.000000000000000000e+00
5.058590173721313477e-01 8.557053208351135254e-01 -1.089705079793930054e-01 6.441402249038219452e-03
-8.184832930564880371e-01 5.160223841667175293e-01 2.525983750820159912e-01 -3.076023608446121216e-02
2.723811268806457520e-01 -3.858869522809982300e-02 9.614153504371643066e-01 -3.196171522140502930e-01
0.000000000000000000e+00 0.000000000000000000e+00 0.000000000000000000e+00 1.000000000000000000e+00
4.371483922004699707e-01 8.836746215820312500e-01 -1.673929095268249512e-01 3.169159591197967529e-02
-8.590067625045776367e-01 4.653693139553070068e-01 2.133990973234176636e-01 -1.440169196575880051e-02
2.664748728275299072e-01 5.050461739301681519e-02 9.625180959701538086e-01 -3.199002444744110107e-01
0.000000000000000000e+00 0.000000000000000000e+00 0.000000000000000000e+00 1.000000000000000000e+00
3.578671813011169434e-01 8.982807993888854980e-01 -2.549945712089538574e-01 6.765238940715789795e-02
-8.933078050613403320e-01 4.088644981384277344e-01 1.866296529769897461e-01 -2.489553298801183701e-03
2.719042599201202393e-01 1.610002219676971436e-01 9.487605690956115723e-01 -3.155073821544647217e-01
0.000000000000000000e+00 0.000000000000000000e+00 0.000000000000000000e+00 1.000000000000000000e+00
2.961841225624084473e-01 8.856886625289916992e-01 -3.575331568717956543e-01 1.061005517840385437e-01
-9.128314852714538574e-01 3.726520836353302002e-01 1.669428050518035889e-01 5.186990834772586823e-03
2.810947299003601074e-01 2.769215106964111328e-01 9.188581109046936035e-01 -3.063829839229583740e-01
0.000000000000000000e+00 0.000000000000000000e+00 0.000000000000000000e+00 1.000000000000000000e+00
2.691182792186737061e-01 8.571260571479797363e-01 -4.392156004905700684e-01 1.346093267202377319e-01
-9.336367845535278320e-01 3.441253304481506348e-01 9.949529916048049927e-02 2.931139618158340454e-02
2.364251464605331421e-01 3.832919001579284668e-01 8.928552269935607910e-01 -2.941578328609466553e-01
0.000000000000000000e+00 0.000000000000000000e+00 0.000000000000000000e+00 1.000000000000000000e+00
1.821613162755966187e-01 7.789646387100219727e-01 -6.000257134437561035e-01 1.933525353670120239e-01
-9.616013765335083008e-01 2.685328125953674316e-01 5.668247118592262268e-02 4.483430832624435425e-02
2.052803188562393188e-01 5.666601657867431641e-01 7.979702949523925781e-01 -2.606940269470214844e-01
0.000000000000000000e+00 0.000000000000000000e+00 0.000000000000000000e+00 1.000000000000000000e+00
1.387691944837570190e-01 6.779843568801879883e-01 -7.218589186668395996e-01 2.359437346458435059e-01
-9.732166528701782227e-01 2.282631844282150269e-01 2.729956805706024170e-02 5.445281788706779480e-02
1.832823902368545532e-01 6.987366080284118652e-01 6.915017962455749512e-01 -2.251343876123428345e-01
0.000000000000000000e+00 0.000000000000000000e+00 0.000000000000000000e+00 1.000000000000000000e+00
1.101173162460327148e-01 5.794972181320190430e-01 -8.075003027915954590e-01 2.652139663696289062e-01
-9.837549924850463867e-01 1.794389784336090088e-01 -5.379614420235157013e-03 6.598818302154541016e-02
1.417794525623321533e-01 7.949745059013366699e-01 5.898421406745910645e-01 -1.895912140607833862e-01
0.000000000000000000e+00 0.000000000000000000e+00 0.000000000000000000e+00 1.000000000000000000e+00
7.990957051515579224e-02 5.077229142189025879e-01 -8.578062057495117188e-01 2.838614583015441895e-01
-9.901689291000366211e-01 1.395452320575714111e-01 -9.645015001296997070e-03 6.778739392757415771e-02
1.148056834936141968e-01 8.501438498497009277e-01 5.138829946517944336e-01 -1.635140627622604370e-01
0.000000000000000000e+00 0.000000000000000000e+00 0.000000000000000000e+00 1.000000000000000000e+00
1.544909775257110596e-01 5.145512819290161133e-01 -8.434271216392517090e-01 2.723674774169921875e-01
-9.876767396926879883e-01 1.020787432789802551e-01 -1.186377406120300293e-01 1.028804555535316467e-01
2.505075559020042419e-02 8.513615727424621582e-01 5.239805579185485840e-01 -1.596856564283370972e-01
0.000000000000000000e+00 0.000000000000000000e+00 0.000000000000000000e+00 1.000000000000000000e+00
2.642247676849365234e-01 5.829315781593322754e-01 -7.683590650558471680e-01 2.404983192682266235e-01
-9.598004221916198730e-01 8.070266246795654297e-02 -2.688311338424682617e-01 1.494211405515670776e-01
-9.470158070325851440e-02 8.085037469863891602e-01 5.808218121528625488e-01 -1.679205149412155151e-01
0.000000000000000000e+00 0.000000000000000000e+00 0.000000000000000000e+00 1.000000000000000000e+00
3.188597261905670166e-01 6.247906088829040527e-01 -7.127167582511901855e-01 2.195242792367935181e-01
-9.302857518196105957e-01 6.240806356072425842e-02 -3.614884614944458008e-01 1.765856593847274780e-01
-1.813750863075256348e-01 7.782937884330749512e-01 6.011327505111694336e-01 -1.675624102354049683e-01
0.000000000000000000e+00 0.000000000000000000e+00 0.000000000000000000e+00 1.000000000000000000e+00
3.627436161041259766e-01 6.491214036941528320e-01 -6.686240434646606445e-01 2.025136351585388184e-01
-8.907303214073181152e-01 3.063705936074256897e-02 -4.534978270530700684e-01 2.020766735076904297e-01
-2.738906145095825195e-01 7.600675225257873535e-01 5.893057584762573242e-01 -1.569226235151290894e-01
0.000000000000000000e+00 0.000000000000000000e+00 0.000000000000000000e+00 1.000000000000000000e+00
4.188344180583953857e-01 6.443594098091125488e-01 -6.398267149925231934e-01 1.882634907960891724e-01
-8.405717611312866211e-01 8.549868129193782806e-03 -5.416333675384521484e-01 2.253873646259307861e-01
-3.435358703136444092e-01 7.646751403808593750e-01 5.452117919921875000e-01 -1.359031349420547485e-01
0.000000000000000000e+00 0.000000000000000000e+00 0.000000000000000000e+00 1.000000000000000000e+00
5.177769660949707031e-01 6.450858116149902344e-01 -5.619356632232666016e-01 1.575394868850708008e-01
-7.322716712951660156e-01 -5.456176120787858963e-03 -6.809908747673034668e-01 2.586352527141571045e-01
-4.423633515834808350e-01 7.640910148620605469e-01 4.695527851581573486e-01 -1.013261228799819946e-01
0.000000000000000000e+00 0.000000000000000000e+00 0.000000000000000000e+00 1.000000000000000000e+00
6.182408332824707031e-01 6.899251341819763184e-01 -3.765381574630737305e-01 9.212990850210189819e-02
-5.760954618453979492e-01 7.186594605445861816e-02 -8.142172098159790039e-01 2.911477684974670410e-01
-5.346885919570922852e-01 7.203043699264526367e-01 4.418931901454925537e-01 -8.488526195287704468e-02
0.000000000000000000e+00 0.000000000000000000e+00 0.000000000000000000e+00 1.000000000000000000e+00
6.433724761009216309e-01 7.169510722160339355e-01 -2.684283852577209473e-01 5.981323122978210449e-02
-4.921560883522033691e-01 1.187755614519119263e-01 -8.623659014701843262e-01 3.006269633769989014e-01
-5.863909721374511719e-01 6.869308948516845703e-01 4.292686283588409424e-01 -7.723224163055419922e-02
0.000000000000000000e+00 0.000000000000000000e+00 0.000000000000000000e+00 1.000000000000000000e+00
5.978626608848571777e-01 7.762336134910583496e-01 -2.000533789396286011e-01 4.498273506760597229e-02
-4.092343449592590332e-01 8.096977323293685913e-02 -9.088294506072998047e-01 3.097353577613830566e-01
-6.892659068107604980e-01 6.252239942550659180e-01 3.660703301429748535e-01 -5.456501245498657227e-02
0.000000000000000000e+00 0.000000000000000000e+00 0.000000000000000000e+00 1.000000000000000000e+00
4.331817626953125000e-01 8.991277813911437988e-01 -6.262591481208801270e-02 1.916741766035556793e-02
-2.316066920757293701e-01 4.389461129903793335e-02 -9.718188047409057617e-01 3.185839056968688965e-01
-8.710407018661499023e-01 4.354787468910217285e-01 2.272585332393646240e-01 -1.057661511003971100e-02
0.000000000000000000e+00 0.000000000000000000e+00 0.000000000000000000e+00 1.000000000000000000e+00
3.133431077003479004e-01 9.447209239006042480e-01 9.653573483228683472e-02 -2.678998745977878571e-02
-2.550405263900756836e-01 1.816375851631164551e-01 -9.497171640396118164e-01 3.203338384628295898e-01
-9.147518873214721680e-01 2.729665338993072510e-01 2.978569567203521729e-01 -3.914916515350341797e-02
0.000000000000000000e+00 0.000000000000000000e+00 0.000000000000000000e+00 1.000000000000000000e+00
2.963069677352905273e-01 9.545201063156127930e-01 -3.307519480586051941e-02 1.710815541446208954e-02
-3.671841621398925781e-01 8.187759667634963989e-02 -9.265375137329101562e-01 3.148042857646942139e-01
-8.816905021667480469e-01 2.866842746734619141e-01 3.747457265853881836e-01 -6.272368133068084717e-02
0.000000000000000000e+00 0.000000000000000000e+00 0.000000000000000000e+00 1.000000000000000000e+00
2.711590826511383057e-01 9.619275331497192383e-01 -3.419139608740806580e-02 2.342481911182403564e-02
-4.655060172080993652e-01 9.996490180492401123e-02 -8.793811798095703125e-01 3.041034936904907227e-01
-8.424826264381408691e-01 2.543683648109436035e-01 4.748891890048980713e-01 -9.715834259986877441e-02
0.000000000000000000e+00 0.000000000000000000e+00 0.000000000000000000e+00 1.000000000000000000e+00
1.671891808509826660e-01 9.844327569007873535e-01 -5.421928688883781433e-02 3.468200936913490295e-02
-4.766936898231506348e-01 3.257529437541961670e-02 -8.784657120704650879e-01 3.034282624721527100e-01
-8.630244135856628418e-01 1.727158874273300171e-01 4.747189581394195557e-01 -9.852993488311767578e-02
0.000000000000000000e+00 0.000000000000000000e+00 0.000000000000000000e+00 1.000000000000000000e+00
5.488603934645652771e-02 9.981192350387573242e-01 -2.729856595396995544e-02 3.115064837038516998e-02
-4.687141776084899902e-01 1.614779932424426079e-03 -8.833482265472412109e-01 3.055188059806823730e-01
-8.816428780555725098e-01 6.127870082855224609e-02 4.679213166236877441e-01 -1.000419184565544128e-01
0.000000000000000000e+00 0.000000000000000000e+00 0.000000000000000000e+00 1.000000000000000000e+00
-1.457910239696502686e-01 9.876133203506469727e-01 5.800995230674743652e-02 8.819217793643474579e-03
-3.821375668048858643e-01 -2.131487941369414330e-03 -9.241032600402832031e-01 3.200246095657348633e-01
-9.125326275825500488e-01 -1.568936258554458618e-01 3.777146041393280029e-01 -7.545554637908935547e-02
0.000000000000000000e+00 0.000000000000000000e+00 0.000000000000000000e+00 1.000000000000000000e+00
-1.802528798580169678e-01 9.753667116165161133e-01 1.271538734436035156e-01 -1.319046039134263992e-02
-5.148210525512695312e-01 1.659919507801532745e-02 -8.571364283561706543e-01 3.061416745185852051e-01
-8.381336927413940430e-01 -2.199629396200180054e-01 4.991474449634552002e-01 -1.206201910972595215e-01
0.000000000000000000e+00 0.000000000000000000e+00 0.000000000000000000e+00 1.000000000000000000e+00
-2.519574165344238281e-01 9.420082569122314453e-01 2.216708660125732422e-01 -4.199775308370590210e-02
-6.205009222030639648e-01 1.852134987711906433e-02 -7.839866280555725098e-01 2.878869175910949707e-01
-7.426275014877319336e-01 -3.350784182548522949e-01 5.798506140708923340e-01 -1.534566879272460938e-01
0.000000000000000000e+00 0.000000000000000000e+00 0.000000000000000000e+00 1.000000000000000000e+00
-2.537860274314880371e-01 9.138247966766357422e-01 3.170428872108459473e-01 -7.234569638967514038e-02
-7.188296318054199219e-01 4.113350063562393188e-02 -6.939682364463806152e-01 2.637811601161956787e-01
-6.472065448760986328e-01 -4.040192961692810059e-01 6.464452743530273438e-01 -1.833473592996597290e-01
0.000000000000000000e+00 0.000000000000000000e+00 0.000000000000000000e+00 1.000000000000000000e+00
-2.478995472192764282e-01 8.561213612556457520e-01 4.534333646297454834e-01 -1.186673417687416077e-01
-8.087676763534545898e-01 7.477843761444091797e-02 -5.833548903465270996e-01 2.316460758447647095e-01
-5.333297848701477051e-01 -5.113357305526733398e-01 6.738659739494323730e-01 -2.025305479764938354e-01
0.000000000000000000e+00 0.000000000000000000e+00 0.000000000000000000e+00 1.000000000000000000e+00
-2.087164074182510376e-01 8.149234056472778320e-01 5.406823754310607910e-01 -1.521170884370803833e-01
-8.668653368949890137e-01 1.017841547727584839e-01 -4.880411624908447266e-01 2.020757347345352173e-01
-4.527490437030792236e-01 -5.705610513687133789e-01 6.851847767829895020e-01 -2.119520902633666992e-01
0.000000000000000000e+00 0.000000000000000000e+00 0.000000000000000000e+00 1.000000000000000000e+00
-2.046656608581542969e-01 7.354721426963806152e-01 6.459051966667175293e-01 -1.937693059444427490e-01
-8.975363969802856445e-01 1.222875639796257019e-01 -4.236439764499664307e-01 1.804572045803070068e-01
-3.905643820762634277e-01 -6.664286255836486816e-01 6.350843310356140137e-01 -1.954374164342880249e-01
0.000000000000000000e+00 0.000000000000000000e+00 0.000000000000000000e+00 1.000000000000000000e+00
-1.797238141298294067e-01 7.023152709007263184e-01 6.888052821159362793e-01 -2.102834582328796387e-01
-9.315362572669982910e-01 1.035162508487701416e-01 -3.486040234565734863e-01 1.567041277885437012e-01
-3.161326050758361816e-01 -7.042995691299438477e-01 6.356278061866760254e-01 -1.964782476425170898e-01
0.000000000000000000e+00 0.000000000000000000e+00 0.000000000000000000e+00 1.000000000000000000e+00
-1.315238922834396362e-01 6.775170564651489258e-01 7.236518859863281250e-01 -2.242159843444824219e-01
-9.597662687301635742e-01 9.566334635019302368e-02 -2.640025019645690918e-01 1.274731755256652832e-01
-2.480930984020233154e-01 -7.292593717575073242e-01 6.376762986183166504e-01 -1.952811628580093384e-01
0.000000000000000000e+00 0.000000000000000000e+00 0.000000000000000000e+00 1.000000000000000000e+00
-1.601524800062179565e-01 5.814136862754821777e-01 7.976899147033691406e-01 -2.502603828907012939e-01
-9.646888971328735352e-01 7.900412380695343018e-02 -2.512648105621337891e-01 1.258640438318252563e-01
-2.091095745563507080e-01 -8.097630143165588379e-01 5.482306480407714844e-01 -1.603317409753799438e-01
0.000000000000000000e+00 0.000000000000000000e+00 0.000000000000000000e+00 1.000000000000000000e+00
-2.114814370870590210e-01 5.472147464752197266e-01 8.098341822624206543e-01 -2.533043324947357178e-01
-9.713907837867736816e-01 -2.607668004930019379e-02 -2.360502630472183228e-01 1.229900196194648743e-01
-1.080525144934654236e-01 -8.365857005119323730e-01 5.370745658874511719e-01 -1.552348285913467407e-01
0.000000000000000000e+00 0.000000000000000000e+00 0.000000000000000000e+00 1.000000000000000000e+00
-2.618336081504821777e-01 3.872879743576049805e-01 8.839974403381347656e-01 -2.689521014690399170e-01
-9.626596570014953613e-01 -3.953505307435989380e-02 -2.678122222423553467e-01 1.337951570749282837e-01
-6.877157092094421387e-02 -9.211104512214660645e-01 3.831781446933746338e-01 -1.028026491403579712e-01
0.000000000000000000e+00 0.000000000000000000e+00 0.000000000000000000e+00 1.000000000000000000e+00
-3.390865921974182129e-01 2.852623760700225830e-01 8.964626789093017578e-01 -2.628077566623687744e-01
-9.404036998748779297e-01 -1.288348287343978882e-01 -3.147107958793640137e-01 1.486908942461013794e-01
2.572052180767059326e-02 -9.497508406639099121e-01 3.119478225708007812e-01 -8.477871865034103394e-02
0.000000000000000000e+00 0.000000000000000000e+00 0.000000000000000000e+00 1.000000000000000000e+00
-3.640439212322235107e-01 3.132034540176391602e-01 8.771402239799499512e-01 -2.493217736482620239e-01
-9.259560704231262207e-01 -2.232076823711395264e-01 -3.046029210090637207e-01 1.426533162593841553e-01
1.003818884491920471e-01 -9.230826497077941895e-01 3.712702989578247070e-01 -1.111025586724281311e-01
0.000000000000000000e+00 0.000000000000000000e+00 0.000000000000000000e+00 1.000000000000000000e+00
-3.762355446815490723e-01 4.156886935234069824e-01 8.280394673347473145e-01 -2.287324368953704834e-01
-9.220383763313293457e-01 -2.558168768882751465e-01 -2.905216813087463379e-01 1.357491463422775269e-01
9.106013178825378418e-02 -8.727890253067016602e-01 4.795285761356353760e-01 -1.518711447715759277e-01
0.000000000000000000e+00 0.000000000000000000e+00 0.000000000000000000e+00 1.000000000000000000e+00
-3.784503340721130371e-01 6.932189315557479858e-02 9.230220317840576172e-01 -2.552290558815002441e-01
-9.161215424537658691e-01 -1.705520749092102051e-01 -3.628121614456176758e-01 1.564718484878540039e-01
1.322725564241409302e-01 -9.829068779945373535e-01 1.280530244112014771e-01 -4.719295725226402283e-02
0.000000000000000000e+00 0.000000000000000000e+00 0.000000000000000000e+00 1.000000000000000000e+00
-3.957852125167846680e-01 -6.412454694509506226e-02 9.161015748977661133e-01 -2.517247796058654785e-01
-9.140217900276184082e-01 -6.915355473756790161e-02 -3.997270464897155762e-01 1.667976230382919312e-01
8.898396790027618408e-02 -9.955433607101440430e-01 -3.124134056270122528e-02 4.622042644768953323e-03
0.000000000000000000e+00 0.000000000000000000e+00 0.000000000000000000e+00 1.000000000000000000e+00
-3.857630491256713867e-01 -1.564981341361999512e-01 9.092277884483337402e-01 -2.503398358821868896e-01
-9.195694923400878906e-01 -1.456255652010440826e-02 -3.926573991775512695e-01 1.655117422342300415e-01
7.469087839126586914e-02 -9.875710606575012207e-01 -1.382931917905807495e-01 3.679329529404640198e-02
0.000000000000000000e+00 0.000000000000000000e+00 0.000000000000000000e+00 1.000000000000000000e+00
-3.897602558135986328e-01 -2.850435376167297363e-01 8.756921291351318359e-01 -2.408580332994461060e-01
-9.182174801826477051e-01 4.754237085580825806e-02 -3.932127356529235840e-01 1.665639430284500122e-01
7.045038044452667236e-02 -9.573348760604858398e-01 -2.802619040012359619e-01 8.013309538364410400e-02
0.000000000000000000e+00 0.000000000000000000e+00 0.000000000000000000e+00 1.000000000000000000e+00
-4.175730943679809570e-01 -3.862180113792419434e-01 8.224769234657287598e-01 -2.250737249851226807e-01
-9.078654050827026367e-01 1.398919075727462769e-01 -3.952347040176391602e-01 1.684117019176483154e-01
3.758897632360458374e-02 -9.117377400398254395e-01 -4.090489745140075684e-01 1.184245496988296509e-01
0.000000000000000000e+00 0.000000000000000000e+00 0.000000000000000000e+00 1.000000000000000000e+00
-4.658603668212890625e-01 -4.626345336437225342e-01 7.542833685874938965e-01 -2.025250196456909180e-01
-8.847140669822692871e-01 2.281394600868225098e-01 -4.064891338348388672e-01 1.684480905532836914e-01
1.597407460212707520e-02 -8.566922545433044434e-01 -5.155804157257080078e-01 1.520279049873352051e-01
0.000000000000000000e+00 0.000000000000000000e+00 0.000000000000000000e+00 1.000000000000000000e+00
-4.896184802055358887e-01 -5.326204299926757812e-01 6.903543472290039062e-01 -1.841152906417846680e-01
-8.719017505645751953e-01 2.919790744781494141e-01 -3.931101560592651367e-01 1.640627533197402954e-01
7.809547241777181625e-03 -7.943952083587646484e-01 -6.073509454727172852e-01 1.827000379562377930e-01
0.000000000000000000e+00 0.000000000000000000e+00 0.000000000000000000e+00 1.000000000000000000e+00
-4.639391899108886719e-01 -5.911354422569274902e-01 6.597873568534851074e-01 -1.790888458490371704e-01
-8.843956589698791504e-01 3.519798219203948975e-01 -3.065201044082641602e-01 1.386363357305526733e-01
-5.103694275021553040e-02 -7.257197499275207520e-01 -6.860948204994201660e-01 2.115419059991836548e-01
0.000000000000000000e+00 0.000000000000000000e+00 0.000000000000000000e+00 1.000000000000000000e+00
-5.009937286376953125e-01 -6.367763280868530273e-01 5.861072540283203125e-01 -1.569373458623886108e-01
-8.651592135429382324e-01 3.860838115215301514e-01 -3.200610280036926270e-01 1.412372440099716187e-01
-2.247933298349380493e-02 -6.674244403839111328e-01 -7.443386316299438477e-01 2.288292497396469116e-01
0.000000000000000000e+00 0.000000000000000000e+00 0.000000000000000000e+00 1.000000000000000000e+00
-6.022168993949890137e-01 -6.587908864021301270e-01 4.509204030036926270e-01 -1.109301969408988953e-01
-7.971255779266357422e-01 4.651574492454528809e-01 -3.849926888942718506e-01 1.556802839040756226e-01
4.388075694441795349e-02 -5.912893414497375488e-01 -8.052647113800048828e-01 2.447169721126556396e-01
0.000000000000000000e+00 0.000000000000000000e+00 0.000000000000000000e+00 1.000000000000000000e+00
-6.696098446846008301e-01 -6.664798855781555176e-01 3.277604281902313232e-01 -6.883142888545989990e-02
-7.383645772933959961e-01 5.496798753738403320e-01 -3.907298147678375244e-01 1.562546193599700928e-01
8.025030791759490967e-02 -5.036433339118957520e-01 -8.601760864257812500e-01 2.623094916343688965e-01
0.000000000000000000e+00 0.000000000000000000e+00 0.000000000000000000e+00 1.000000000000000000e+00
-7.264547944068908691e-01 -6.376681923866271973e-01 2.562075257301330566e-01 -4.458071663975715637e-02
-6.837225556373596191e-01 6.331225037574768066e-01 -3.628763854503631592e-01 1.462425887584686279e-01
6.918399035930633545e-02 -4.387882649898529053e-01 -8.959230184555053711e-01 2.757073342800140381e-01
0.000000000000000000e+00 0.000000000000000000e+00 0.000000000000000000e+00 1.000000000000000000e+00
-7.644501328468322754e-01 -6.252604126930236816e-01 1.570520550012588501e-01 -1.037349551916122437e-02
-6.370900869369506836e-01 6.954092979431152344e-01 -3.324486017227172852e-01 1.364007145166397095e-01
9.865144640207290649e-02 -3.541966378688812256e-01 -9.299527406692504883e-01 2.862923443317413330e-01
0.000000000000000000e+00 0.000000000000000000e+00 0.000000000000000000e+00 1.000000000000000000e+00
-8.054898977279663086e-01 -5.873234272003173828e-01 7.897593826055526733e-02 1.614348217844963074e-02
-5.878793001174926758e-01 7.751274108886718750e-01 -2.314646989107131958e-01 1.029000133275985718e-01
7.472825795412063599e-02 -2.328707426786422729e-01 -9.696325063705444336e-01 3.002808392047882080e-01
0.000000000000000000e+00 0.000000000000000000e+00 0.000000000000000000e+00 1.000000000000000000e+00
-8.376131057739257812e-01 -5.454629659652709961e-01 2.957152202725410461e-02 3.237390890717506409e-02
-5.416129827499389648e-01 8.222144842147827148e-01 -1.749822497367858887e-01 8.493859320878982544e-02
7.113218307495117188e-02 -1.625836789608001709e-01 -9.841275215148925781e-01 3.051083683967590332e-01
0.000000000000000000e+00 0.000000000000000000e+00 0.000000000000000000e+00 1.000000000000000000e+00
-8.787553906440734863e-01 -4.764088988304138184e-01 -2.869663015007972717e-02 5.147555470466613770e-02
-4.722116291522979736e-01 8.765974044799804688e-01 -9.270109981298446655e-02 5.951670929789543152e-02
6.931903958320617676e-02 -6.791070103645324707e-02 -9.952803850173950195e-01 3.088712096214294434e-01
0.000000000000000000e+00 0.000000000000000000e+00 0.000000000000000000e+00 1.000000000000000000e+00
-9.213060140609741211e-01 -3.877001404762268066e-01 -2.972416020929813385e-02 5.316276103258132935e-02
-3.851465880870819092e-01 9.203981757164001465e-01 -6.730255484580993652e-02 5.020391941070556641e-02
5.345127731561660767e-02 -5.055808648467063904e-02 -9.972898364067077637e-01 3.095015585422515869e-01
0.000000000000000000e+00 0.000000000000000000e+00 0.000000000000000000e+00 1.000000000000000000e+00
-9.561828970909118652e-01 -2.923434674739837646e-01 -1.578335836529731750e-02 5.029806867241859436e-02
-2.902163863182067871e-01 9.535714387893676758e-01 -8.047913014888763428e-02 5.323421582579612732e-02
3.857809305191040039e-02 -7.237216085195541382e-02 -9.966315627098083496e-01 3.088505864143371582e-01
0.000000000000000000e+00 0.000000000000000000e+00 0.000000000000000000e+00 1.000000000000000000e+00
-9.799311757087707520e-01 -1.993344128131866455e-01 -5.377910565584897995e-04 4.693049564957618713e-02
-1.983941197395324707e-01 9.755635261535644531e-01 -9.442369639873504639e-02 5.614316835999488831e-02
1.934653148055076599e-02 -9.242203086614608765e-02 -9.955316781997680664e-01 3.086940944194793701e-01
0.000000000000000000e+00 0.000000000000000000e+00 0.000000000000000000e+00 1.000000000000000000e+00
-9.944429993629455566e-01 -1.051047816872596741e-01 -6.043367087841033936e-03 5.138885229825973511e-02
-1.044268310070037842e-01 9.920588731765747070e-01 -7.010096311569213867e-02 4.242393374443054199e-02
1.336332038044929504e-02 -6.908030062913894653e-02 -9.975216388702392578e-01 3.104514181613922119e-01
0.000000000000000000e+00 0.000000000000000000e+00 0.000000000000000000e+00 1.000000000000000000e+00
-9.997817873954772949e-01 -1.307970099151134491e-02 1.629224792122840881e-02 4.475743696093559265e-02
-1.361664198338985443e-02 9.993529319763183594e-01 -3.329390287399291992e-02 2.039123326539993286e-02
-1.584623381495475769e-02 -3.350848704576492310e-02 -9.993128180503845215e-01 3.142355084419250488e-01
0.000000000000000000e+00 0.000000000000000000e+00 0.000000000000000000e+00 1.000000000000000000e+00
-9.011143445968627930e-01 -4.092592298984527588e-01 -1.431777924299240112e-01 9.028608351945877075e-02
-4.086468219757080078e-01 9.120202660560607910e-01 -3.502789139747619629e-02 3.649898245930671692e-02
1.449165195226669312e-01 2.694503217935562134e-02 -9.890769124031066895e-01 3.106344342231750488e-01
0.000000000000000000e+00 0.000000000000000000e+00 0.000000000000000000e+00 1.000000000000000000e+00
-8.739925026893615723e-01 -4.337518215179443359e-01 -2.190815508365631104e-01 1.144065782427787781e-01
-4.477852582931518555e-01 8.939907550811767578e-01 1.639018766582012177e-02 2.404009737074375153e-02
1.887475997209548950e-01 1.124263629317283630e-01 -9.755688905715942383e-01 3.055933117866516113e-01
0.000000000000000000e+00 0.000000000000000000e+00 0.000000000000000000e+00 1.000000000000000000e+00
-8.595725297927856445e-01 -3.422384262084960938e-01 -3.794835209846496582e-01 1.679593622684478760e-01
-3.921407461166381836e-01 9.179193377494812012e-01 6.041410192847251892e-02 7.126640528440475464e-03
3.276592791080474854e-01 2.007413059473037720e-01 -9.232240319252014160e-01 2.835578620433807373e-01
0.000000000000000000e+00 0.000000000000000000e+00 0.000000000000000000e+00 1.000000000000000000e+00
-7.888839840888977051e-01 -3.317374587059020996e-01 -5.173121690750122070e-01 2.116068899631500244e-01
-4.033938348293304443e-01 9.145769476890563965e-01 2.867037244141101837e-02 1.992728188633918762e-02
4.636108875274658203e-01 2.312982231378555298e-01 -8.553164005279541016e-01 2.562288641929626465e-01
0.000000000000000000e+00 0.000000000000000000e+00 0.000000000000000000e+00 1.000000000000000000e+00
-7.067229151725769043e-01 -3.265254795551300049e-01 -6.276332736015319824e-01 2.451149225234985352e-01
-4.597550332546234131e-01 8.862387537956237793e-01 5.662544816732406616e-02 1.262062415480613708e-02
5.377432107925415039e-01 3.285760283470153809e-01 -7.764468789100646973e-01 2.288010120391845703e-01
0.000000000000000000e+00 0.000000000000000000e+00 0.000000000000000000e+00 1.000000000000000000e+00
-6.478263139724731445e-01 -2.979114055633544922e-01 -7.011204361915588379e-01 2.674881517887115479e-01
-5.131404399871826172e-01 8.508886694908142090e-01 1.125861033797264099e-01 -5.334930960088968277e-03
5.630345940589904785e-01 4.327094852924346924e-01 -7.040982246398925781e-01 2.048154771327972412e-01
0.000000000000000000e+00 0.000000000000000000e+00 0.000000000000000000e+00 1.000000000000000000e+00
-6.415832638740539551e-01 -2.937241494655609131e-01 -7.085880041122436523e-01 2.722150385379791260e-01
-5.628270506858825684e-01 8.078987598419189453e-01 1.747151166200637817e-01 -2.543374337255954742e-02
5.211492776870727539e-01 5.109066963195800781e-01 -6.836502552032470703e-01 1.961331516504287720e-01
0.000000000000000000e+00 0.000000000000000000e+00 0.000000000000000000e+00 1.000000000000000000e+00
-6.847082972526550293e-01 -3.544009327888488770e-01 -6.368477344512939453e-01 2.521586418151855469e-01
-6.018737554550170898e-01 7.677265405654907227e-01 2.198719978332519531e-01 -3.715539723634719849e-02
4.110021293163299561e-01 5.338500142097473145e-01 -7.389733195304870605e-01 2.182333171367645264e-01
0.000000000000000000e+00 0.000000000000000000e+00 0.000000000000000000e+00 1.000000000000000000e+00
-7.282033562660217285e-01 -3.887072205543518066e-01 -5.644706487655639648e-01 2.292199879884719849e-01
-6.146568655967712402e-01 7.347325682640075684e-01 2.869931757450103760e-01 -5.993023142218589783e-02
3.031785488128662109e-01 5.559449791908264160e-01 -7.739561796188354492e-01 2.339173704385757446e-01
0.000000000000000000e+00 0.000000000000000000e+00 0.000000000000000000e+00 1.000000000000000000e+00
-7.566155791282653809e-01 -4.026118218898773193e-01 -5.152043700218200684e-01 2.137754410505294800e-01
-6.156767606735229492e-01 7.039965987205505371e-01 3.540214598178863525e-01 -8.279569447040557861e-02
2.201687991619110107e-01 5.850577354431152344e-01 -7.805333733558654785e-01 2.396954596042633057e-01
0.000000000000000000e+00 0.000000000000000000e+00 0.000000000000000000e+00 1.000000000000000000e+00
-7.839558124542236328e-01 -4.141624271869659424e-01 -4.624745249748229980e-01 1.964966505765914917e-01
-6.058772206306457520e-01 6.728526353836059570e-01 4.244786798954010010e-01 -1.078964397311210632e-01
1.353740841150283813e-01 6.129752993583679199e-01 -7.784182429313659668e-01 2.428835183382034302e-01
0.000000000000000000e+00 0.000000000000000000e+00 0.000000000000000000e+00 1.000000000000000000e+00
-8.439942598342895508e-01 -4.176304638385772705e-01 -3.365383446216583252e-01 1.538675427436828613e-01
-5.361312627792358398e-01 6.389127373695373535e-01 5.516827106475830078e-01 -1.558057069778442383e-01
-1.538097392767667770e-02 6.460458636283874512e-01 -7.631431221961975098e-01 2.424732148647308350e-01
0.000000000000000000e+00 0.000000000000000000e+00 0.000000000000000000e+00 1.000000000000000000e+00
-8.737496137619018555e-01 -4.100338816642761230e-01 -2.615983784198760986e-01 1.295929551124572754e-01
-4.770682752132415771e-01 6.177902817726135254e-01 6.250928640365600586e-01 -1.829469501972198486e-01
-9.469632804393768311e-02 6.709748506546020508e-01 -7.354081869125366211e-01 2.363788485527038574e-01
0.000000000000000000e+00 0.000000000000000000e+00 0.000000000000000000e+00 1.000000000000000000e+00
-9.088417291641235352e-01 -3.764749765396118164e-01 -1.796483099460601807e-01 1.008356064558029175e-01
-3.900021016597747803e-01 6.140726208686828613e-01 6.861582994461059570e-01 -2.061215043067932129e-01
-1.480043381452560425e-01 6.936723589897155762e-01 -7.049210667610168457e-01 2.287148088216781616e-01
0.000000000000000000e+00 0.000000000000000000e+00 0.000000000000000000e+00 1.000000000000000000e+00
-9.500750303268432617e-01 -3.038930296897888184e-01 -7.075635343790054321e-02 6.502450257539749146e-02
-2.614798545837402344e-01 6.517056226730346680e-01 7.119748592376708984e-01 -2.176413685083389282e-01
-1.702518910169601440e-01 6.949309110641479492e-01 -6.986309885978698730e-01 2.320953309535980225e-01
0.000000000000000000e+00 0.000000000000000000e+00 0.000000000000000000e+00 1.000000000000000000e+00
-9.679768085479736328e-01 -2.508391439914703369e-01 -1.003524661064147949e-02 4.737188294529914856e-02
-1.668161153793334961e-01 6.128343343734741211e-01 7.724028825759887695e-01 -2.409118115901947021e-01
-1.875989288091659546e-01 7.493421435356140137e-01 -6.350534558296203613e-01 2.159281075000762939e-01
0.000000000000000000e+00 0.000000000000000000e+00 0.000000000000000000e+00 1.000000000000000000e+00
-9.732938408851623535e-01 -2.257347255945205688e-01 4.174218326807022095e-02 3.348354995250701904e-02
-8.795952051877975464e-02 5.346701145172119141e-01 8.404705524444580078e-01 -2.684800624847412109e-01
-2.120416760444641113e-01 8.143534064292907715e-01 -5.402465462684631348e-01 1.883620917797088623e-01
0.000000000000000000e+00 0.000000000000000000e+00 0.000000000000000000e+00 1.000000000000000000e+00
-9.786188602447509766e-01 -1.880976706743240356e-01 8.321325480937957764e-02 2.061497233808040619e-02
-1.577577058924362063e-04 4.052582681179046631e-01 9.142022132873535156e-01 -2.991071343421936035e-01
-2.056821584701538086e-01 8.946424126625061035e-01 -3.966230154037475586e-01 1.409543752670288086e-01
0.000000000000000000e+00 0.000000000000000000e+00 0.000000000000000000e+00 1.000000000000000000e+00
-9.717198610305786133e-01 -2.085696756839752197e-01 1.107178255915641785e-01 9.469850920140743256e-03
6.685550510883331299e-02 2.066889405250549316e-01 9.761197566986083984e-01 -3.232623338699340820e-01
-2.264731824398040771e-01 9.559175372123718262e-01 -1.868994385004043579e-01 6.841334700584411621e-02
0.000000000000000000e+00 0.000000000000000000e+00 0.000000000000000000e+00 1.000000000000000000e+00
-9.798227548599243164e-01 -1.682205647230148315e-01 1.079301312565803528e-01 7.617708295583724976e-03
7.512457668781280518e-02 1.904374510049819946e-01 9.788205027580261230e-01 -3.261120915412902832e-01
-1.852116584777832031e-01 9.671790003776550293e-01 -1.739571094512939453e-01 5.714291334152221680e-02
0.000000000000000000e+00 0.000000000000000000e+00 0.000000000000000000e+00 1.000000000000000000e+00
-9.774796366691589355e-01 -1.613892018795013428e-01 1.359672695398330688e-01 -1.481707440689206123e-03
1.126270741224288940e-01 1.459024399518966675e-01 9.828669428825378418e-01 -3.294686377048492432e-01
-1.784620732069015503e-01 9.760460257530212402e-01 -1.244398131966590881e-01 3.682934120297431946e-02
0.000000000000000000e+00 0.000000000000000000e+00 0.000000000000000000e+00 1.000000000000000000e+00
-9.782153367996215820e-01 -1.412916183471679688e-01 1.520908027887344360e-01 -9.388590231537818909e-03
1.441244333982467651e-01 6.506062299013137817e-02 9.874184131622314453e-01 -3.305819928646087646e-01
-1.494090110063552856e-01 9.878277778625488281e-01 -4.327976703643798828e-02 7.230902090668678284e-03
0.000000000000000000e+00 0.000000000000000000e+00 0.000000000000000000e+00 1.000000000000000000e+00
-9.233289361000061035e-01 -3.609509468078613281e-01 1.310650408267974854e-01 -3.058556234464049339e-03
8.696692995727062225e-03 3.215636909008026123e-01 9.468479156494140625e-01 -3.044596314430236816e-01
-3.839114308357238770e-01 8.753920793533325195e-01 -2.937700152397155762e-01 1.098869517445564270e-01
0.000000000000000000e+00 0.000000000000000000e+00 0.000000000000000000e+00 1.000000000000000000e+00
-8.989747762680053711e-01 -4.159732758998870850e-01 1.371509730815887451e-01 -6.357876583933830261e-03
-5.193031579256057739e-02 4.121458828449249268e-01 9.096368551254272461e-01 -2.866875529289245605e-01
-4.349107742309570312e-01 8.106184601783752441e-01 -3.921103775501251221e-01 1.466359496116638184e-01
0.000000000000000000e+00 0.000000000000000000e+00 0.000000000000000000e+00 1.000000000000000000e+00
-8.372663855552673340e-01 -5.158562660217285156e-01 1.813198775053024292e-01 -2.321078255772590637e-02
-1.119798347353935242e-01 4.863412976264953613e-01 8.665636181831359863e-01 -2.665983140468597412e-01
-5.352057218551635742e-01 7.052406072616577148e-01 -4.649627208709716797e-01 1.766459345817565918e-01
0.000000000000000000e+00 0.000000000000000000e+00 0.000000000000000000e+00 1.000000000000000000e+00
-7.922805547714233398e-01 -5.815542340278625488e-01 1.846230477094650269e-01 -2.814638614654541016e-02
-1.984667032957077026e-01 5.317548513412475586e-01 8.233149647712707520e-01 -2.453438043594360352e-01
-5.769765973091125488e-01 6.156551241874694824e-01 -5.367181301116943359e-01 2.031769156455993652e-01
0.000000000000000000e+00 0.000000000000000000e+00 0.000000000000000000e+00 1.000000000000000000e+00
-7.278762459754943848e-01 -6.466330885887145996e-01 2.281696349382400513e-01 -4.633587971329689026e-02
-2.672924399375915527e-01 5.739904642105102539e-01 7.740086317062377930e-01 -2.232266962528228760e-01
-6.314668059349060059e-01 5.023946762084960938e-01 -5.906341075897216797e-01 2.238560616970062256e-01
0.000000000000000000e+00 0.000000000000000000e+00 0.000000000000000000e+00 1.000000000000000000e+00
-6.735801100730895996e-01 -6.868485808372497559e-01 2.729991078376770020e-01 -6.432981044054031372e-02
-3.329900503158569336e-01 6.117573380470275879e-01 7.175448536872863770e-01 -1.999760568141937256e-01
-6.598538756370544434e-01 3.924180865287780762e-01 -6.407814621925354004e-01 2.408560067415237427e-01
0.000000000000000000e+00 0.000000000000000000e+00 0.000000000000000000e+00 1.000000000000000000e+00
-6.185706853866577148e-01 -7.154291272163391113e-01 3.248551785945892334e-01 -8.336846530437469482e-02
-3.829334974288940430e-01 6.355147957801818848e-01 6.704347729682922363e-01 -1.814123541116714478e-01
-6.860989332199096680e-01 2.903136014938354492e-01 -6.670725941658020020e-01 2.497141808271408081e-01
0.000000000000000000e+00 0.000000000000000000e+00 0.000000000000000000e+00 1.000000000000000000e+00
-5.548878908157348633e-01 -7.475684881210327148e-01 3.650209605693817139e-01 -9.907142072916030884e-02
-4.451720118522644043e-01 6.374808549880981445e-01 6.288402080535888672e-01 -1.647433936595916748e-01
-7.027950286865234375e-01 1.864388138055801392e-01 -6.865269541740417480e-01 2.556506991386413574e-01
0.000000000000000000e+00 0.000000000000000000e+00 0.000000000000000000e+00 1.000000000000000000e+00
-4.998851418495178223e-01 -7.656810283660888672e-01 4.047805070877075195e-01 -1.136602908372879028e-01
-4.972979724407196045e-01 6.363936066627502441e-01 5.896590948104858398e-01 -1.494966447353363037e-01
-7.090904712677001953e-01 9.346533566713333130e-02 -6.988952159881591797e-01 2.586874663829803467e-01
0.000000000000000000e+00 0.000000000000000000e+00 0.000000000000000000e+00 1.000000000000000000e+00
-3.898911178112030029e-01 -7.758008837699890137e-01 4.961026608943939209e-01 -1.457550227642059326e-01
-5.806616544723510742e-01 6.252577900886535645e-01 5.214257240295410156e-01 -1.252194494009017944e-01
-7.147145867347717285e-01 -8.476853370666503906e-02 -6.942601799964904785e-01 2.553641200065612793e-01
0.000000000000000000e+00 0.000000000000000000e+00 0.000000000000000000e+00 1.000000000000000000e+00
-3.297377824783325195e-01 -7.758254408836364746e-01 5.379292964935302734e-01 -1.603760272264480591e-01
-6.318568587303161621e-01 6.047199964523315430e-01 4.848408401012420654e-01 -1.116331294178962708e-01
-7.014484405517578125e-01 -1.800239831209182739e-01 -6.896096467971801758e-01 2.526025474071502686e-01
0.000000000000000000e+00 0.000000000000000000e+00 0.000000000000000000e+00 1.000000000000000000e+00
-2.595744132995605469e-01 -7.702451944351196289e-01 5.825316905975341797e-01 -1.765558421611785889e-01
-6.848434805870056152e-01 5.721130371093750000e-01 4.513047635555267334e-01 -9.930311143398284912e-02
-6.808893084526062012e-01 -2.817958295345306396e-01 -6.760033369064331055e-01 2.466431409120559692e-01
0.000000000000000000e+00 0.000000000000000000e+00 0.000000000000000000e+00 1.000000000000000000e+00
-1.900274306535720825e-01 -7.475592494010925293e-01 6.364312171936035156e-01 -1.957745254039764404e-01
-7.334421277046203613e-01 5.390217304229736328e-01 4.141476154327392578e-01 -8.522525429725646973e-02
-6.526501178741455078e-01 -3.880860209465026855e-01 -6.507203578948974609e-01 2.369740456342697144e-01
0.000000000000000000e+00 0.000000000000000000e+00 0.000000000000000000e+00 1.000000000000000000e+00
-1.238139271736145020e-01 -7.154940962791442871e-01 6.875596642494201660e-01 -2.145603448152542114e-01
-7.791994214057922363e-01 4.991334974765777588e-01 3.790963888168334961e-01 -7.256474345922470093e-02
-6.144253015518188477e-01 -4.888086915016174316e-01 -6.193122267723083496e-01 2.254548966884613037e-01
0.000000000000000000e+00 0.000000000000000000e+00 0.000000000000000000e+00 1.000000000000000000e+00
-6.483339518308639526e-02 -6.611517071723937988e-01 7.474455833435058594e-01 -2.356415539979934692e-01
-8.137263059616088867e-01 4.685901701450347900e-01 3.439079821109771729e-01 -5.936035141348838806e-02
-5.776209831237792969e-01 -5.859194397926330566e-01 -5.683768987655639648e-01 2.075892537832260132e-01
0.000000000000000000e+00 0.000000000000000000e+00 0.000000000000000000e+00 1.000000000000000000e+00
