305 107 303 108
311 107 309 108
316 107 314 108
300 113 298 114
305 113 303 114
311 113 309 113
316 113 315 114
322 113 320 114
294 118 291 119
300 118 297 119
305 118 303 119
311 118 309 119
316 118 314 119
322 118 320 119
328 118 325 119
294 124 292 125
300 124 297 125
305 124 303 125
311 124 309 125
316 124 314 125
322 124 320 125
328 124 325 125
333 124 331 125
294 129 292 130
300 129 297 131
305 129 303 130
311 129 309 130
316 129 315 131
322 129 320 130
328 129 325 130
333 129 331 130
300 135 297 136
305 135 303 136
311 135 309 136
316 135 314 136
322 135 320 136
328 135 325 136
333 135 331 136
339 135 336 135
300 140 297 141
305 140 303 141
311 140 309 141
316 140 314 142
322 140 320 141
328 140 325 142
333 140 331 141
305 146 303 147
311 146 309 148
316 146 315 147
322 146 320 147
328 146 325 147
333 146 331 147
339 146 336 147
305 151 303 153
311 151 309 153
316 151 314 153
322 151 320 153
328 151 325 153
333 151 331 153
339 151 336 153
344 151 342 152
305 157 303 158
311 157 309 158
316 157 314 158
322 157 320 158
328 157 325 159
333 157 330 158
339 157 335 159
344 157 342 158
305 162 303 164
311 162 309 164
316 162 314 164
322 162 320 164
328 162 325 164
333 162 330 164
339 162 336 164
344 162 342 164
350 162 348 164
311 168 309 169
316 168 314 170
322 168 320 169
328 168 325 169
333 168 331 169
339 168 336 169
344 168 342 169
350 168 347 169
311 174 309 175
316 174 314 175
322 174 320 175
328 174 325 175
333 174 331 174
339 174 336 176
344 174 341 175
350 174 347 175
361 174 355 175
316 179 314 180
322 179 320 180
328 179 326 180
333 179 331 180
339 179 337 180
344 179 342 180
350 179 347 180
355 179 353 180
361 179 358 181
366 179 365 180
372 179 371 180
377 179 377 180
383 179 382 180
388 179 387 180
394 179 393 180
322 185 320 186
328 185 325 186
333 185 331 186
339 185 337 186
344 185 343 186
350 185 348 186
355 185 353 186
361 185 358 186
366 185 364 186
377 185 371 187
383 185 376 187
394 185 388 186
411 185 404 185
416 185 415 186
322 190 320 192
328 190 325 191
333 190 331 191
339 190 337 191
344 190 343 191
350 190 349 191
355 190 354 191
361 190 358 191
372 190 367 192
377 190 375 191
383 190 381 192
388 190 387 191
394 190 394 192
411 190 410 191
416 190 415 192
422 190 420 192
427 190 425 191
322 196 320 197
328 196 325 197
333 196 331 197
339 196 337 197
344 196 343 197
355 196 353 197
361 196 359 197
366 196 364 197
377 196 375 197
411 196 411 198
416 196 415 197
422 196 420 197
427 196 425 197
438 196 437 198
316 201 315 202
322 201 320 202
328 201 326 202
333 201 331 202
339 201 337 202
350 201 348 203
355 201 353 203
361 201 359 203
366 201 365 203
372 201 370 203
377 201 375 203
388 201 387 202
422 201 420 202
427 201 426 203
433 201 431 203
438 201 437 204
444 201 443 204
316 207 314 208
322 207 320 208
328 207 326 208
333 207 331 208
339 207 336 208
344 207 341 208
350 207 347 208
355 207 353 208
361 207 359 208
366 207 365 209
372 207 370 209
377 207 376 209
383 207 382 209
388 207 382 202
433 207 431 208
438 207 437 208
444 207 442 209
449 207 447 208
311 212 309 214
316 212 314 214
322 212 320 213
333 212 331 213
339 212 336 213
344 212 341 214
350 212 347 214
355 212 353 214
361 212 360 215
366 212 365 214
372 212 370 214
377 212 376 215
383 212 382 214
388 212 387 214
394 212 393 214
400 212 398 214
433 212 431 214
438 212 437 214
444 212 442 214
449 212 447 214
455 212 452 214
305 218 303 220
311 218 309 219
316 218 314 219
322 218 319 219
328 218 324 219
333 218 330 219
339 218 336 218
344 218 341 219
350 218 347 219
355 218 353 220
361 218 359 220
366 218 364 219
372 218 370 219
377 218 376 220
383 218 381 220
388 218 387 220
394 218 392 219
400 218 398 219
405 218 403 219
444 218 442 219
449 218 447 220
455 218 453 220
305 223 303 225
311 223 309 225
322 223 319 225
328 223 325 224
333 223 330 224
339 223 336 224
344 223 342 225
350 223 347 225
355 223 353 225
361 223 359 225
366 223 364 224
372 223 370 225
377 223 376 225
383 223 382 225
388 223 387 225
394 223 392 224
400 223 398 225
300 229 298 230
316 229 314 230
322 229 320 230
328 229 326 230
333 229 331 230
339 229 337 230
344 229 342 231
350 229 347 231
355 229 354 231
361 229 359 230
366 229 365 229
372 229 371 230
377 229 376 230
383 229 381 231
388 229 387 230
394 229 392 229
405 229 404 235
294 234 293 236
300 234 298 236
311 234 309 235
316 234 314 235
322 234 321 235
328 234 326 235
333 234 331 236
339 234 337 235
344 234 342 236
350 234 347 236
355 234 354 236
361 234 360 236
366 234 365 235
372 234 370 235
377 234 377 236
383 234 381 236
388 234 387 235
394 234 391 235
400 234 398 236
289 240 287 241
294 240 292 241
300 240 298 241
311 240 309 241
316 240 314 241
328 240 326 241
333 240 332 241
339 240 337 242
344 240 342 242
350 240 348 242
355 240 354 241
361 240 359 240
366 240 365 241
372 240 370 241
377 240 377 241
383 240 382 242
388 240 387 242
394 240 392 241
400 240 398 242
461 240 458 242
466 240 464 244
289 246 286 247
294 246 292 246
300 246 298 246
311 246 309 246
316 246 314 246
328 246 326 246
333 246 331 247
339 246 337 247
344 246 342 247
350 246 348 247
355 246 354 247
361 246 359 246
366 246 364 246
372 246 370 246
377 246 377 247
383 246 383 247
388 246 387 247
394 246 392 247
400 246 398 246
405 246 403 247
461 246 458 248
472 246 470 252
294 251 292 253
300 251 298 252
305 251 303 251
311 251 309 252
328 251 326 251
333 251 331 252
339 251 336 253
344 251 342 253
350 251 348 253
355 251 353 252
361 251 358 252
366 251 364 252
372 251 370 252
377 251 376 252
383 251 382 252
388 251 388 252
394 251 393 252
400 251 398 251
405 251 404 251
466 251 463 252
289 257 286 258
294 257 292 258
305 257 303 257
311 257 308 256
316 257 315 254
322 257 321 257
328 257 326 257
333 257 332 258
339 257 337 258
344 257 341 259
350 257 347 258
355 257 353 258
361 257 359 257
366 257 364 258
372 257 370 258
377 257 376 257
383 257 382 257
388 257 387 257
394 257 393 256
400 257 398 256
461 257 458 258
472 257 469 263
283 262 281 264
289 262 287 264
294 262 292 264
300 262 298 264
305 262 304 262
311 262 309 261
316 262 316 262
322 262 321 263
328 262 325 264
333 262 332 264
339 262 337 264
344 262 341 264
350 262 347 264
355 262 353 264
361 262 359 264
366 262 364 263
372 262 370 264
377 262 376 264
383 262 381 263
388 262 387 263
394 262 393 261
405 262 403 259
411 262 410 259
461 262 459 264
466 262 463 264
283 268 281 269
289 268 286 269
294 268 292 269
300 268 297 269
305 268 303 268
311 268 308 269
316 268 315 269
322 268 320 269
328 268 326 269
333 268 332 269
339 268 336 269
344 268 342 270
350 268 347 269
355 268 353 270
361 268 359 269
366 268 364 269
372 268 370 269
377 268 375 269
383 268 381 270
388 268 386 269
394 268 392 267
400 268 399 267
405 268 406 264
461 268 458 269
466 268 463 269
472 268 469 270
267 273 265 275
283 273 281 275
289 273 286 275
294 273 292 275
300 273 298 274
305 273 303 274
311 273 310 274
316 273 315 274
322 273 320 275
328 273 326 274
333 273 331 274
339 273 336 274
344 273 342 275
350 273 348 275
355 273 353 275
361 273 359 275
366 273 364 275
372 273 370 275
377 273 375 275
383 273 380 275
388 273 386 274
394 273 392 274
400 273 398 274
405 273 406 269
455 273 453 274
461 273 458 275
466 273 463 275
472 273 469 276
272 279 270 280
283 279 281 281
289 279 286 281
294 279 292 280
300 279 298 280
305 279 304 280
311 279 310 280
316 279 315 280
322 279 320 280
328 279 326 279
333 279 331 280
339 279 336 280
344 279 342 280
350 279 348 280
355 279 353 281
361 279 359 280
366 279 365 280
372 279 370 281
377 279 375 281
383 279 381 280
388 279 386 280
394 279 391 280
400 279 397 279
461 279 458 279
283 284 281 285
294 284 292 285
300 284 298 285
305 284 303 285
311 284 309 286
316 284 316 285
322 284 321 285
328 284 327 285
333 284 332 286
339 284 337 286
344 284 342 286
350 284 348 286
355 284 354 285
361 284 359 286
366 284 364 286
372 284 369 286
377 284 375 286
383 284 381 285
388 284 386 285
394 284 392 285
433 284 431 285
449 284 448 284
466 284 465 281
472 284 471 281
278 290 275 291
283 290 281 290
289 290 286 291
294 290 292 291
300 290 297 291
305 290 304 290
311 290 309 291
316 290 315 291
322 290 322 292
328 290 328 292
333 290 332 291
339 290 337 291
344 290 342 291
350 290 348 291
355 290 353 290
361 290 358 290
366 290 364 291
372 290 370 291
377 290 376 291
383 290 382 290
388 290 388 290
394 290 393 290
411 290 411 286
427 290 425 291
433 290 431 291
438 290 438 291
444 290 443 291
449 290 448 291
455 290 455 287
461 290 460 287
466 290 465 286
283 295 281 296
289 295 286 296
294 295 292 296
300 295 298 296
305 295 304 296
311 295 309 297
316 295 315 297
322 295 321 297
328 295 328 297
333 295 332 297
339 295 336 297
344 295 342 296
350 295 348 296
355 295 353 296
361 295 358 296
366 295 364 297
372 295 370 296
377 295 377 296
383 295 382 295
411 295 409 297
427 295 424 296
433 295 431 297
438 295 436 297
444 295 442 297
449 295 448 295
461 295 460 292
466 295 464 296
289 301 286 301
294 301 292 302
305 301 304 303
311 301 310 302
316 301 315 302
322 301 320 302
328 301 328 302
333 301 333 302
339 301 337 302
344 301 343 303
350 301 348 302
355 301 354 302
361 301 359 302
366 301 365 302
372 301 371 302
377 301 376 302
383 301 382 302
388 301 388 301
394 301 392 301
400 301 397 302
405 301 402 302
411 301 409 302
416 301 415 302
422 301 420 302
427 301 425 302
433 301 431 302
444 301 442 302
449 301 448 301
455 301 453 301
461 301 458 302
466 301 464 302
294 307 292 307
300 307 298 308
305 307 304 309
311 307 310 308
316 307 315 308
322 307 320 308
328 307 327 308
333 307 333 307
339 307 338 308
344 307 343 308
350 307 348 308
355 307 354 308
361 307 359 307
366 307 365 307
372 307 370 307
377 307 376 308
388 307 388 307
394 307 392 308
400 307 397 308
405 307 403 308
411 307 409 308
416 307 415 308
422 307 421 307
427 307 425 307
433 307 432 307
444 307 442 306
449 307 448 305
455 307 453 308
461 307 458 308
294 312 294 319
300 312 298 313
311 312 310 314
316 312 315 314
322 312 320 313
328 312 326 313
333 312 332 314
339 312 338 314
344 312 343 313
350 312 348 313
355 312 353 313
361 312 358 313
366 312 364 313
372 312 371 313
377 312 375 314
383 312 381 314
388 312 386 314
394 312 391 314
405 312 403 313
411 312 409 313
416 312 415 313
422 312 421 313
427 312 426 313
433 312 431 313
438 312 436 314
444 312 442 314
449 312 447 314
455 312 452 314
461 312 458 314
300 318 297 318
305 318 303 319
316 318 314 318
322 318 319 319
328 318 325 319
333 318 331 319
339 318 337 320
344 318 343 319
350 318 348 319
355 318 354 319
361 318 358 319
366 318 365 319
372 318 371 319
377 318 375 319
383 318 381 319
388 318 386 319
394 318 392 319
400 318 397 318
405 318 402 318
411 318 409 318
416 318 416 318
422 318 421 318
427 318 426 319
433 318 431 318
438 318 437 319
444 318 442 319
449 318 447 319
455 318 452 320
300 323 297 324
305 323 303 324
311 323 309 325
361 323 360 324
377 323 375 325
383 323 380 325
388 323 387 324
394 323 392 324
400 323 397 324
405 323 403 324
411 323 409 324
416 323 415 324
422 323 420 325
427 323 425 325
433 323 430 325
438 323 436 325
444 323 442 325
449 323 447 325
455 323 453 325
305 329 303 330
311 329 309 331
316 329 314 331
355 329 355 330
372 329 365 334
377 329 370 334
383 329 381 330
388 329 387 329
394 329 392 330
400 329 397 331
405 329 403 330
411 329 408 330
416 329 415 329
422 329 420 329
427 329 425 330
433 329 430 331
438 329 436 331
444 329 441 331
449 329 447 330
305 334 303 336
311 334 309 336
316 334 315 337
388 334 388 334
394 334 393 335
400 334 399 335
405 334 403 335
411 334 409 335
416 334 415 334
422 334 421 334
427 334 426 335
433 334 431 336
438 334 435 337
444 334 441 337
316 340 315 342
322 340 320 342
328 340 326 342
339 340 338 341
372 340 367 345
377 340 372 346
383 340 383 340
388 340 389 340
394 340 393 340
400 340 400 340
405 340 404 341
411 340 409 341
416 340 415 341
422 340 420 340
427 340 425 341
433 340 430 342
328 345 327 348
333 345 332 348
339 345 338 347
344 345 343 347
377 345 376 348
383 345 382 347
388 345 388 346
394 345 394 346
400 345 399 346
405 345 405 346
411 345 409 347
416 345 414 347
422 345 420 346
427 345 426 346
328 351 327 353
333 351 331 353
339 351 337 353
344 351 343 352
350 351 349 353
355 351 354 353
366 351 364 353
372 351 370 352
377 351 376 353
383 351 382 352
388 351 388 352
394 351 393 352
400 351 399 352
405 351 404 352
411 351 410 352
416 351 416 352
422 351 421 351
339 356 336 358
344 356 342 358
350 356 349 358
355 356 354 358
361 356 359 358
366 356 364 358
372 356 369 358
377 356 376 358
383 356 381 358
388 356 387 358
394 356 392 358
400 356 398 358
405 356 404 357
