535 114 535 119
529 133 531 138
459 139 459 141
465 139 465 142
510 139 515 143
516 139 520 144
522 139 526 144
529 139 532 144
453 145 452 148
459 145 458 148
465 145 465 148
497 145 496 149
503 145 501 150
510 145 508 150
516 145 515 151
522 145 527 149
529 145 532 150
446 152 445 154
453 152 450 155
459 152 457 155
465 152 464 154
472 152 471 155
478 152 476 155
484 152 482 155
497 152 496 156
503 152 501 157
510 152 514 155
522 152 525 157
529 152 531 156
414 158 414 158
421 158 421 158
427 158 427 158
434 158 437 157
453 158 450 160
459 158 455 161
465 158 462 161
472 158 471 162
491 158 491 162
497 158 497 162
522 158 521 163
529 158 528 163
535 158 535 163
395 164 394 164
402 164 400 165
427 164 426 165
440 164 437 165
446 164 445 165
459 164 455 168
465 164 462 168
491 164 490 170
503 164 507 161
522 164 521 170
529 164 529 169
383 171 382 170
389 171 387 170
395 171 393 171
402 171 400 171
421 171 420 171
427 171 430 170
440 171 438 172
453 171 453 171
459 171 456 174
465 171 463 175
491 171 490 175
497 171 502 170
503 171 508 169
364 177 363 175
376 177 376 176
383 177 382 176
389 177 387 176
395 177 395 176
402 177 399 177
408 177 406 177
414 177 413 177
421 177 419 177
427 177 425 178
434 177 432 177
440 177 440 177
472 177 470 182
478 177 477 181
484 177 483 180
491 177 489 180
497 177 495 180
516 177 515 181
364 183 362 182
370 183 368 182
376 183 375 182
383 183 380 183
389 183 387 183
395 183 394 183
402 183 399 183
408 183 407 183
414 183 413 184
421 183 420 183
427 183 425 184
434 183 431 184
440 183 440 184
446 183 447 183
453 183 451 183
459 183 457 183
465 183 465 183
472 183 469 187
478 183 476 186
484 183 483 186
497 183 495 187
503 183 501 188
326 190 323 187
364 190 362 188
370 190 369 189
376 190 375 189
383 190 381 190
389 190 387 190
395 190 393 189
402 190 399 190
408 190 401 192
414 190 408 193
421 190 413 193
427 190 421 193
434 190 431 190
446 190 446 190
453 190 450 190
459 190 457 190
465 190 464 189
478 190 477 193
484 190 483 193
497 190 495 192
503 190 501 193
313 196 310 193
326 196 323 194
345 196 342 194
364 196 362 194
370 196 368 194
376 196 374 195
383 196 383 195
389 196 388 196
395 196 394 196
408 196 406 199
421 196 413 199
434 196 431 196
446 196 444 197
453 196 451 197
459 196 458 196
465 196 464 196
472 196 470 200
478 196 477 200
491 196 488 198
497 196 495 199
503 196 502 201
294 202 292 199
300 202 299 199
319 202 317 200
326 202 323 201
332 202 330 200
357 202 356 199
370 202 368 201
376 202 374 201
383 202 382 202
389 202 387 202
395 202 393 201
402 202 399 202
440 202 438 203
446 202 444 203
459 202 459 203
465 202 465 202
472 202 470 207
478 202 477 207
497 202 496 205
503 202 503 207
535 202 535 206
548 202 547 206
307 209 305 206
332 209 329 207
338 209 336 207
345 209 343 207
351 209 350 206
357 209 356 206
376 209 373 208
383 209 381 208
389 209 388 209
395 209 394 208
402 209 400 208
408 209 407 209
414 209 412 209
421 209 419 208
434 209 431 209
440 209 437 210
446 209 444 210
453 209 450 211
497 209 495 212
503 209 502 212
510 209 508 212
516 209 516 212
535 209 534 212
541 209 541 212
548 209 546 213
554 209 553 213
288 215 285 212
294 215 294 212
300 215 299 212
345 215 344 214
357 215 356 213
383 215 380 215
395 215 394 214
402 215 401 214
408 215 406 214
414 215 413 215
421 215 419 215
427 215 424 216
440 215 437 216
446 215 443 216
459 215 458 214
465 215 466 213
472 215 471 213
478 215 477 215
484 215 481 218
510 215 508 218
516 215 515 218
529 215 527 219
535 215 533 219
541 215 541 219
275 221 273 215
281 221 279 218
288 221 286 218
294 221 293 218
300 221 299 218
307 221 305 218
319 221 318 218
345 221 345 221
383 221 380 221
389 221 386 221
395 221 394 219
402 221 399 220
408 221 406 219
414 221 412 221
421 221 418 221
427 221 424 222
472 221 471 220
478 221 475 221
491 221 488 225
497 221 494 224
281 228 280 225
288 228 285 225
294 228 292 225
300 228 299 225
307 228 305 225
332 228 332 224
338 228 338 226
345 228 344 227
389 228 387 226
395 228 393 225
402 228 399 226
408 228 405 226
414 228 412 227
421 228 419 227
427 228 425 228
434 228 431 228
446 228 443 228
453 228 449 231
459 228 456 230
465 228 465 228
472 228 471 227
478 228 476 228
484 228 482 230
491 228 488 231
497 228 493 231
281 234 279 231
288 234 285 231
294 234 291 231
300 234 300 231
307 234 305 231
345 234 343 231
351 234 350 231
402 234 399 233
408 234 404 233
414 234 412 233
421 234 419 233
427 234 425 234
434 234 432 234
440 234 439 234
446 234 444 234
465 234 462 236
472 234 470 235
478 234 476 236
484 234 482 236
294 240 292 238
307 240 305 237
313 240 311 237
357 240 355 238
364 240 361 239
370 240 367 239
395 240 393 238
414 240 412 240
421 240 421 239
427 240 433 238
434 240 438 238
440 240 443 239
453 240 451 240
281 247 279 243
351 247 350 244
402 247 400 244
408 247 405 245
414 247 412 245
421 247 419 245
427 247 432 244
434 247 438 245
446 247 445 246
453 247 451 247
459 247 459 247
465 247 468 245
472 247 474 246
281 253 279 250
288 253 285 250
294 253 291 250
313 253 312 250
319 253 319 249
357 253 356 251
364 253 361 252
402 253 399 251
408 253 405 252
414 253 411 252
421 253 419 252
427 253 427 252
434 253 433 252
440 253 436 253
446 253 443 253
453 253 451 253
459 253 457 253
307 260 304 257
313 260 312 256
319 260 319 256
326 260 324 256
332 260 331 256
338 260 337 257
345 260 343 257
351 260 351 256
357 260 357 257
364 260 362 257
370 260 368 258
408 260 403 259
414 260 409 259
421 260 419 259
427 260 424 259
434 260 430 260
288 266 285 264
307 266 304 263
313 266 311 263
319 266 318 263
326 266 326 262
332 266 332 262
351 266 351 263
357 266 357 264
364 266 364 264
402 266 397 265
408 266 403 266
414 266 412 265
421 266 417 266
300 272 297 269
307 272 304 269
313 272 310 270
319 272 317 269
326 272 326 268
345 272 343 269
364 272 362 270
408 272 405 272
300 279 297 276
307 279 303 276
313 279 310 276
319 279 316 275
332 279 331 275
351 279 349 276
357 279 355 276
300 285 297 282
307 285 303 282
313 285 309 282
319 285 316 282
345 285 343 281
300 291 295 284
313 291 310 288
319 291 315 287
338 291 336 288
300 298 297 295
313 298 307 293
