529 120 369 98
497 133 388 147
510 133 382 196
529 133 375 100
497 139 394 150
529 139 382 102
535 139 390 98
465 145 377 172
472 145 385 169
484 145 397 159
497 145 399 152
535 145 397 101
510 152 388 126
516 152 390 120
535 152 394 104
414 158 357 128
516 158 397 121
529 158 423 182
395 164 359 216
446 164 384 191
440 171 386 206
453 171 390 193
472 171 397 174
484 171 402 161
434 177 391 215
440 177 392 208
491 177 413 158
376 183 376 273
383 183 378 266
389 183 381 262
395 183 383 255
402 183 387 255
414 183 390 235
421 183 392 230
427 183 394 224
434 183 395 217
446 183 399 209
478 183 413 174
484 183 416 167
503 183 422 153
338 190 369 309
351 190 374 296
364 190 377 287
370 190 379 282
376 190 383 276
383 190 386 270
389 190 387 265
408 190 394 252
414 190 396 238
421 190 398 232
427 190 400 226
434 190 403 220
440 190 405 213
446 190 407 208
453 190 410 201
478 190 418 175
497 190 423 160
370 196 385 284
376 196 388 278
383 196 390 272
389 196 393 267
395 196 394 261
414 196 401 247
421 196 403 240
427 196 405 233
434 196 409 220
440 196 412 215
446 196 414 210
453 196 417 204
465 196 419 195
472 196 420 189
300 202 361 348
313 202 367 352
319 202 370 344
351 202 378 303
357 202 381 292
376 202 393 280
383 202 396 274
389 202 398 269
395 202 400 263
402 202 403 256
414 202 408 242
421 202 410 237
427 202 413 231
434 202 415 224
440 202 417 218
446 202 420 213
453 202 423 206
459 202 424 198
491 202 429 170
554 202 464 170
288 209 361 368
319 209 376 331
345 209 380 311
351 209 383 305
389 209 405 269
395 209 407 264
402 209 409 258
408 209 413 252
414 209 414 245
421 209 416 240
427 209 419 233
434 209 421 227
440 209 424 221
446 209 426 215
453 209 428 208
491 209 435 172
529 209 456 195
535 209 458 189
300 215 372 358
313 215 378 339
319 215 380 334
332 215 382 326
351 215 389 306
364 215 404 291
376 215 407 285
389 215 411 272
395 215 411 265
402 215 414 259
408 215 417 254
414 215 420 248
421 215 423 242
427 215 425 235
434 215 428 229
440 215 429 223
446 215 432 217
453 215 433 210
529 215 460 197
535 215 463 192
307 221 381 354
313 221 384 342
326 221 386 336
357 221 394 301
376 221 413 287
383 221 415 281
389 221 416 274
414 221 426 251
421 221 429 244
427 221 431 239
440 221 434 229
307 228 386 356
313 228 388 350
338 228 391 323
357 228 399 303
370 228 416 296
376 228 418 290
383 228 420 284
395 228 423 276
414 228 432 252
446 228 441 219
453 228 445 220
300 234 435 362
313 234 393 351
319 234 396 347
332 234 394 331
376 234 423 292
383 234 426 286
395 234 429 279
402 234 430 272
421 234 438 253
281 240 389 381
307 240 441 362
313 240 443 357
319 240 445 351
364 240 423 299
434 240 452 252
440 240 455 245
281 247 396 384
370 247 428 295
383 247 433 288
402 247 445 278
427 247 458 262
434 247 459 256
453 247 463 250
459 247 465 243
281 253 404 385
345 253 376 325
351 253 377 318
389 253 442 285
446 253 465 228
453 253 467 222
294 260 406 380
300 260 414 376
364 260 435 304
395 260 450 280
402 260 453 274
370 266 441 305
376 266 446 299
395 266 464 286
408 266 466 278
414 266 468 273
307 272 429 372
389 279 469 295
395 279 472 288
300 291 447 381
338 291 463 343
313 298 457 377
326 298 464 364
332 298 465 359
338 298 467 352
319 304 466 373
326 304 468 368
332 304 470 360
313 310 467 382
