0.9957839250564575 0.05316749215126038 -0.07474944740533829 0.01626949571073055 
-0.05069532245397568 0.9981149435043335 0.03459092602133751 0.009862534701824188 
0.07644767314195633 -0.03065559640526772 0.9966021776199341 -0.3665786981582642 
0 0 0 1 

0.6288813352584839 0.7756816148757935 -0.05316220596432686 0.02982981316745281 
-0.4432001113891602 0.4138222336769104 0.7951884269714355 -0.2052665203809738 
0.6388128399848938 -0.4765176475048065 0.6040273308753967 -0.1566766202449799 
0 0 0 1 

0.6263192296028137 0.7702277302742004 -0.1203054860234261 0.04988730698823929 
-0.5097282528877258 0.5213832855224609 0.6843510866165161 -0.1627641916275024 
0.589831531047821 -0.3672990798950195 0.7191593050956726 -0.1823269426822662 
0 0 0 1 

0.6274228692054749 0.7646679878234863 -0.147049143910408 0.05630733445286751 
-0.5682226419448853 0.5787294507026672 0.5849746465682983 -0.129207655787468 
0.5324130058288574 -0.2834698259830475 0.7976096868515015 -0.1986093670129776 
0 0 0 1 

0.6096110939979553 0.7809541821479797 -0.1359585821628571 0.05005792528390884 
-0.6613186001777649 0.5956056118011475 0.4559731185436249 -0.0939394012093544 
0.437071830034256 -0.1880542933940887 0.8795474767684937 -0.2151234447956085 
0 0 0 1 

0.594358503818512 0.7867042422294617 -0.1668361127376556 0.05403865501284599 
-0.710042417049408 0.6107592582702637 0.3504466414451599 -0.06329793483018875 
0.3775945901870728 -0.0898301899433136 0.9216033816337585 -0.2217643558979034 
0 0 0 1 

0.5837889909744263 0.782429039478302 -0.2167834341526031 0.06278380751609802 
-0.7519053816795349 0.6217542290687561 0.2192255407571793 -0.02566028386354446 
0.3063144683837891 0.03501921892166138 0.9512860178947449 -0.2243642956018448 
0 0 0 1 

0.9364258050918579 0.3197463750839233 -0.1444608569145203 -0.02078181877732277 
-0.1208852380514145 0.6805344223976135 0.7226752042770386 -0.2568027675151825 
0.3293834030628204 -0.6592684984207153 0.6759226322174072 -0.2410824000835419 
0 0 0 1 

0.8948949575424194 0.380250871181488 -0.2336069941520691 0.01439069770276546 
-0.08128992468118668 0.6535904407501221 0.7524701356887817 -0.2685300409793854 
0.4388107657432556 -0.6543917655944824 0.6158053874969482 -0.2284287363290787 
0 0 0 1 

0.9006882905960083 0.3590469360351562 -0.2446340918540955 0.01561658270657063 
-0.06438489258289337 0.6671575307846069 0.742128849029541 -0.2632225453853607 
0.4296686053276062 -0.652675986289978 0.6240181922912598 -0.2283514887094498 
0 0 0 1 

