446 279 538 246
378 284 480 203
383 284 491 211
392 284 502 219
401 284 509 224
406 284 514 228
414 284 520 234
424 284 527 239
428 284 532 243
293 288 379 155
306 288 384 160
329 288 415 181
378 288 476 210
414 288 518 238
424 288 525 244
428 288 529 248
306 292 382 164
396 292 498 229
401 292 503 232
406 292 507 235
280 297 364 154
298 297 372 167
329 297 411 189
383 297 481 223
392 297 490 230
396 297 495 233
401 297 499 236
406 297 504 239
414 297 510 246
424 297 517 252
450 297 531 268
455 297 535 272
275 302 355 155
378 302 473 225
392 302 486 234
406 302 497 243
424 302 513 256
446 302 524 264
334 306 411 198
338 306 416 201
383 306 476 231
424 306 510 260
432 306 508 251
334 310 409 204
338 310 413 208
388 310 478 240
396 310 484 245
334 315 404 209
342 315 419 212
392 315 476 247
396 315 481 251
428 315 501 258
383 320 464 246
396 320 477 255
428 320 497 263
432 320 507 277
437 320 505 268
442 320 512 282
464 320 528 284
342 324 410 223
383 324 460 251
419 324 486 264
428 324 492 269
437 324 501 273
442 324 507 287
338 328 401 224
342 328 405 228
352 328 422 232
356 328 428 235
392 328 466 260
428 328 490 273
352 333 419 237
378 333 450 255
383 333 455 258
392 333 463 264
401 333 471 271
410 333 479 277
424 333 491 285
442 333 502 294
352 338 414 242
378 338 447 259
383 338 451 262
392 338 459 268
406 338 472 278
410 338 476 281
424 338 487 290
432 338 494 296
442 338 499 301
356 342 418 249
442 342 495 305
455 342 507 299
356 346 415 254
383 346 445 270
392 346 453 276
396 346 457 280
406 346 465 285
410 346 469 289
414 346 474 292
424 346 480 298
432 346 487 303
455 346 504 304
342 351 393 247
396 351 454 284
406 351 465 292
414 351 472 297
424 351 476 302
432 351 484 307
342 356 390 252
383 356 439 281
392 356 446 285
396 356 451 288
401 356 456 293
406 356 461 298
414 356 469 303
455 356 498 311
360 360 410 269
424 360 472 309
446 360 489 311
455 360 494 315
392 364 440 294
396 364 445 297
406 364 452 303
410 364 457 306
414 364 461 309
424 364 468 313
437 364 479 312
288 369 317 225
347 369 386 269
360 369 405 277
365 369 410 279
374 369 419 286
392 369 437 298
396 369 442 301
401 369 446 304
410 369 454 310
414 369 458 313
442 369 477 328
455 369 487 326
338 374 372 266
378 374 421 295
383 374 426 297
450 374 479 338
342 378 375 272
347 378 381 277
352 378 389 282
378 378 414 300
392 378 432 305
406 378 443 314
410 378 448 317
414 378 452 321
424 378 460 326
428 378 464 329
437 378 470 334
342 382 372 278
365 382 402 292
383 382 421 306
392 382 428 311
396 382 433 314
406 382 438 318
414 382 448 326
424 382 457 331
428 382 461 333
437 382 467 339
302 387 320 257
338 387 365 280
352 387 384 290
360 387 393 294
365 387 398 297
406 387 434 322
298 392 313 258
306 392 321 266
347 392 374 290
352 392 381 295
410 392 439 329
414 392 443 333
424 392 452 338
302 396 314 267
306 396 318 271
311 396 323 275
320 396 330 281
338 396 360 288
342 396 366 291
347 396 372 295
352 396 378 298
360 396 389 300
365 396 395 304
388 396 412 317
414 396 440 337
424 396 448 343
428 396 453 346
437 396 460 350
302 400 309 272
306 400 315 278
342 400 364 295
360 400 385 305
365 400 391 310
347 405 370 301
352 405 373 305
370 405 396 315
392 405 414 329
424 405 442 351
428 405 449 353
437 405 455 357
468 405 465 382
360 410 380 310
392 410 411 334
396 410 416 338
419 410 433 351
424 410 439 355
428 410 445 358
437 410 450 362
342 414 354 309
414 414 428 354
383 418 399 334
388 418 405 339
396 418 411 344
428 418 438 366
455 418 453 384
374 423 383 331
383 423 396 340
388 423 400 345
401 423 412 354
406 423 416 357
414 423 423 362
419 423 428 366
428 423 435 371
383 428 392 346
388 428 398 350
392 428 403 354
432 428 432 377
437 428 437 381
365 432 368 340
383 432 389 351
388 432 393 354
365 436 348 331
401 436 402 366
406 436 407 369
414 436 414 374
419 436 420 378
437 436 431 387
396 441 393 368
401 441 397 372
419 441 416 384
428 441 422 387
406 446 395 378
410 446 401 381
383 450 372 371
388 450 366 367
406 450 390 383
410 450 396 387
414 450 402 391
