337 205 343 233
334 214 339 255
331 217 338 249
334 217 339 258
445 232 444 242
448 232 447 242
445 235 444 246
448 235 450 245
382 238 399 261
385 238 402 260
358 241 379 263
367 241 388 263
370 241 390 262
376 241 394 262
331 244 338 276
352 244 349 272
364 244 385 265
367 244 388 265
370 244 391 265
376 244 394 264
346 247 368 279
355 247 352 274
334 250 345 281
352 250 371 279
355 250 374 279
409 250 422 274
343 253 366 282
346 253 368 282
349 253 371 282
409 253 422 277
412 253 425 277
418 253 431 276
424 253 443 267
409 256 422 280
415 256 429 280
448 256 455 267
448 259 455 269
448 265 456 277
415 268 423 286
433 268 438 282
442 268 453 281
412 271 421 289
433 271 439 285
436 271 441 285
445 271 454 293
433 289 449 298
