257 117 228 151
309 117 294 128
276 122 257 142
281 122 263 141
286 126 269 143
290 126 274 142
295 131 281 144
398 136 377 123
403 136 386 121
407 136 392 120
248 145 239 178
262 145 255 171
309 145 303 149
253 150 249 176
248 154 247 181
351 154 340 149
248 159 249 187
304 159 303 166
248 169 250 193
248 173 254 199
281 173 284 187
346 173 340 162
243 178 250 207
248 178 259 202
257 178 282 194
295 178 297 184
300 178 303 182
346 178 342 168
248 183 261 207
257 183 285 200
243 187 255 211
248 187 262 212
243 192 257 217
328 197 327 180
239 201 254 229
243 201 260 227
248 201 267 225
328 201 329 184
407 201 412 186
412 201 418 184
243 206 262 232
248 206 268 230
295 206 326 216
332 206 347 203
239 211 258 237
243 211 265 236
272 211 300 226
300 211 330 221
323 211 344 212
332 211 349 208
412 211 423 190
417 211 426 194
239 215 261 241
248 215 272 238
295 215 331 227
332 215 352 212
412 215 422 200
239 220 264 246
243 220 268 245
248 220 274 243
253 220 278 241
257 220 286 243
262 220 292 241
267 220 299 238
337 220 357 214
239 225 265 251
243 225 270 251
248 225 275 248
253 225 281 246
272 225 305 242
337 225 358 219
243 229 271 255
248 229 277 253
253 229 284 251
257 229 290 249
267 229 301 246
276 229 312 245
332 229 357 225
337 229 360 223
243 234 274 259
248 234 280 257
262 234 298 251
267 234 302 251
272 234 307 249
314 234 348 240
328 234 357 232
337 234 363 228
314 239 351 246
323 239 354 238
328 239 358 236
337 239 365 233
286 243 322 255
290 243 332 251
328 243 360 240
342 243 372 237
239 248 278 272
384 248 404 226
229 253 269 280
234 253 274 278
239 253 279 276
318 253 358 250
328 253 365 248
332 253 369 246
342 253 375 245
360 253 379 240
225 257 263 285
243 257 286 276
281 257 330 260
323 257 364 254
332 257 370 250
234 262 278 286
239 262 283 284
243 262 288 282
248 262 294 280
253 262 299 277
257 262 304 275
281 262 333 264
342 262 378 254
356 262 385 251
360 262 389 246
365 262 393 243
374 262 403 241
379 262 409 239
257 267 306 281
262 267 312 279
323 267 368 263
342 267 380 259
360 267 391 251
365 267 396 248
370 267 400 247
374 267 406 246
393 267 415 236
248 271 298 289
257 271 308 287
276 271 332 277
281 271 337 276
253 276 304 292
360 276 393 258
253 281 307 298
262 281 319 295
276 281 335 289
262 286 320 299
267 286 325 297
295 286 348 289
300 286 353 286
276 295 327 303
281 295 332 302
281 300 333 306
248 304 291 324
257 304 307 319
262 304 313 317
304 304 352 303
