408 72 429 71
408 77 431 78
413 77 437 77
429 103 480 220
475 103 467 81
444 108 445 143
459 108 490 126
321 113 324 139
444 113 446 150
465 113 461 90
398 139 371 101
346 144 428 149
388 144 360 111
408 144 476 178
408 149 478 184
326 164 533 206
321 174 424 221
321 185 379 218
321 190 381 226
393 190 506 262
388 195 512 262
393 195 516 259
346 210 333 166
444 216 384 146
490 216 542 177
398 221 364 150
449 221 391 150
485 236 565 218
429 241 509 220
459 272 545 260
465 272 553 258
429 277 533 263
429 282 535 269
