388 61 374 52
393 61 379 51
398 61 384 50
408 61 394 48
413 61 400 47
418 61 405 46
388 67 373 57
393 67 379 56
398 67 383 56
403 67 390 54
408 67 395 53
413 67 400 52
418 67 405 51
424 67 410 51
429 67 416 51
434 67 422 50
439 67 438 51
357 72 356 58
388 72 368 64
403 72 390 58
408 72 395 57
413 72 399 56
429 72 416 55
346 77 346 64
403 77 389 62
408 77 390 66
418 77 406 57
424 77 411 58
439 77 427 57
341 82 340 69
398 82 378 73
403 82 385 72
408 82 390 72
413 82 396 70
418 82 406 61
424 82 411 62
429 82 417 63
434 82 423 63
382 87 369 73
393 87 379 67
398 87 379 78
403 87 384 77
413 87 396 74
418 87 404 68
424 87 410 68
459 87 437 56
465 87 444 56
346 92 336 90
367 92 341 89
377 92 358 96
382 92 363 85
388 92 368 84
393 92 374 84
398 92 378 83
403 92 383 82
434 92 418 75
454 92 433 61
459 92 440 61
465 92 446 61
341 97 329 95
388 97 368 90
393 97 373 89
398 97 378 88
403 97 384 88
408 97 390 86
418 97 402 80
424 97 408 80
429 97 413 79
470 97 449 62
475 97 455 62
382 103 363 95
393 103 373 95
413 103 396 89
418 103 403 85
424 103 408 85
475 103 455 67
316 108 308 102
382 108 362 100
388 108 367 99
403 108 390 90
408 108 389 96
418 108 403 90
434 108 418 89
475 108 454 72
480 108 461 72
316 113 307 108
382 113 358 105
398 113 378 102
413 113 395 100
459 113 438 78
465 113 444 78
480 113 461 78
403 118 385 105
444 118 390 123
470 118 450 79
475 118 457 78
310 123 303 117
331 123 325 136
413 123 410 95
470 123 448 85
475 123 457 85
449 128 424 118
475 128 455 93
480 128 461 83
382 133 376 113
480 133 461 88
475 139 451 100
326 144 314 124
388 144 375 117
465 144 440 107
480 144 462 101
393 149 381 123
310 154 304 135
316 154 308 135
372 154 346 130
310 159 304 140
316 159 310 141
403 159 385 128
310 164 305 147
449 164 429 122
480 164 466 110
336 169 323 140
377 169 428 79
475 169 455 128
480 169 467 116
485 169 471 117
454 174 430 133
475 174 455 134
480 174 466 121
485 174 472 122
459 180 434 138
475 180 463 128
316 185 309 162
321 185 308 157
326 185 320 163
336 185 325 150
418 185 397 138
475 185 462 133
480 185 467 133
485 185 472 133
321 190 314 167
413 190 385 145
418 190 396 144
475 190 461 138
480 190 466 138
336 195 327 162
480 195 466 144
331 200 320 169
336 200 327 168
367 200 330 152
418 200 387 162
424 200 392 161
336 205 325 174
341 210 328 178
362 210 337 172
393 210 368 173
398 210 375 167
434 210 417 166
454 210 418 183
465 210 461 182
470 210 468 182
475 210 480 180
362 216 347 179
372 216 353 178
388 216 363 178
393 216 369 178
418 216 376 182
434 216 417 172
449 216 413 187
454 216 446 165
470 216 468 188
490 216 506 225
362 221 347 184
367 221 352 183
408 221 364 185
470 221 473 193
480 221 490 231
490 221 505 231
377 226 359 189
393 226 376 188
424 226 413 194
490 226 503 237
357 231 344 196
362 231 348 195
444 231 451 230
449 231 456 230
490 231 502 241
362 236 359 215
377 236 371 215
382 236 376 215
398 236 381 194
403 236 387 193
408 236 392 194
449 236 458 236
490 236 501 246
377 241 371 220
382 241 376 221
388 241 387 221
393 241 393 221
398 241 398 227
403 241 403 227
408 241 408 231
429 241 418 204
444 241 420 233
475 241 479 258
372 246 369 226
393 246 393 232
398 246 398 233
475 246 474 257
362 252 364 243
372 252 370 232
377 252 375 232
393 252 393 238
398 252 397 238
403 252 402 238
480 252 485 263
388 257 392 247
393 257 392 242
398 257 397 242
403 257 402 242
408 257 408 243
413 257 415 244
429 257 442 259
434 257 445 258
454 257 468 258
480 257 486 269
388 262 392 253
403 262 402 248
408 262 409 249
413 262 415 249
424 262 436 264
429 262 442 264
403 267 408 264
413 267 426 269
424 267 436 269
434 267 446 269
439 267 426 273
444 267 430 273
377 272 382 269
388 272 392 265
393 272 398 264
398 272 402 264
403 272 409 270
408 272 413 269
454 272 464 273
459 272 468 280
382 277 387 274
388 277 392 274
398 277 404 274
403 277 410 276
439 282 425 285
444 282 436 286
