434 176 510 128
419 180 482 109
434 180 506 131
407 184 468 104
411 188 468 111
482 192 516 140
375 196 464 99
391 196 445 100
411 196 460 133
415 196 464 137
470 196 511 137
482 196 511 146
490 196 525 158
403 199 459 122
407 199 462 127
364 203 449 93
367 203 455 98
395 203 445 108
434 203 466 173
482 203 507 141
497 203 524 168
438 207 467 182
482 207 505 144
486 207 507 148
497 207 520 174
501 207 524 178
497 211 515 179
375 215 478 123
391 215 433 169
407 215 423 142
411 215 428 146
427 215 451 123
446 215 484 164
478 219 493 154
458 223 464 144
364 227 423 104
367 227 426 108
438 227 391 176
505 227 509 187
509 227 511 191
348 231 376 105
438 231 387 180
474 231 452 180
509 231 508 195
513 231 512 198
466 235 394 143
352 239 384 113
356 239 418 110
442 239 413 152
509 239 501 202
513 239 506 205
352 243 381 119
356 243 399 108
513 243 502 212
403 251 453 160
458 251 471 178
517 251 468 314
387 255 441 141
466 259 479 139
391 262 418 184
419 262 419 166
423 262 423 170
446 262 432 199
458 262 460 189
462 262 464 193
360 266 374 137
399 266 437 175
466 266 472 146
387 270 428 154
391 270 413 190
470 270 432 189
395 274 413 197
403 274 391 185
407 274 435 193
415 278 408 174
430 278 396 181
415 282 405 178
454 282 441 150
497 286 502 190
505 286 490 216
407 290 408 146
470 290 470 207
490 290 493 192
497 290 499 195
513 290 440 333
490 294 488 196
501 294 480 216
509 298 442 235
490 302 481 202
494 302 487 206
490 306 479 207
494 306 483 210
505 306 435 336
379 314 372 165
407 326 376 188
403 329 358 181
446 329 387 197
407 333 367 199
466 333 417 329
474 333 420 333
442 337 372 202
446 337 376 207
450 337 380 213
458 337 407 328
438 341 374 315
