495 139 507 149
326 145 343 154
479 145 489 153
484 145 499 153
495 145 506 154
500 145 511 155
402 150 388 158
500 150 509 160
288 156 289 156
299 156 295 156
305 156 300 156
462 156 449 163
468 156 459 164
489 156 498 164
288 161 288 161
462 161 454 167
468 161 459 168
506 161 510 166
272 167 276 177
462 167 454 174
506 167 509 171
511 167 514 172
495 172 498 174
500 172 504 175
506 172 508 177
332 183 314 179
337 183 319 175
462 183 447 184
500 183 502 184
299 188 293 178
332 188 313 186
381 188 381 184
413 188 419 189
473 188 456 197
310 194 309 190
353 194 353 189
359 194 369 200
375 194 336 192
381 194 341 193
397 194 419 198
419 194 408 198
500 194 499 223
511 194 508 194
299 199 298 196
310 199 308 196
315 199 315 197
500 199 499 228
511 199 508 205
517 199 512 211
299 205 297 200
343 205 378 205
517 205 511 216
299 210 302 207
321 210 319 207
326 210 325 207
343 210 379 211
386 210 340 210
402 210 429 211
288 215 284 210
305 215 307 213
321 215 318 213
343 215 379 218
348 215 384 218
457 215 444 228
294 221 284 223
343 226 334 231
332 237 322 241
337 237 327 242
511 237 511 245
332 243 323 246
506 243 504 250
310 248 299 247
326 248 325 264
332 248 331 264
294 254 286 252
321 254 319 270
343 254 341 266
430 254 427 256
451 254 471 258
457 254 476 259
473 254 485 270
479 254 491 271
288 259 283 255
294 259 286 257
310 259 307 274
343 259 338 259
364 259 327 247
386 259 402 258
435 259 431 262
288 264 282 261
294 264 286 262
321 264 314 275
364 264 326 252
446 264 441 272
462 264 474 281
484 264 496 282
500 264 502 272
457 270 447 273
462 270 451 273
473 270 485 287
500 270 501 277
506 270 507 289
386 275 396 280
468 275 480 293
473 275 484 294
337 281 363 272
353 292 357 289
359 292 362 289
288 297 286 283
364 297 378 295
386 297 390 298
392 297 396 298
