392 155 353 202
361 161 337 221
370 161 340 218
376 161 348 213
370 164 344 222
348 167 326 248
358 167 334 236
370 167 342 230
398 167 366 219
348 170 329 251
355 170 333 243
358 170 337 240
414 170 389 201
352 173 332 250
355 173 335 247
358 173 339 243
373 173 349 231
352 176 336 253
355 176 338 251
358 176 342 248
367 176 343 241
348 179 337 259
358 179 345 252
348 182 340 262
355 182 345 258
414 182 399 214
373 186 358 243
364 201 359 262
423 201 425 226
355 207 357 275
398 207 374 225
426 207 430 230
355 210 360 279
355 214 363 283
383 214 388 258
392 214 374 238
370 217 378 272
373 217 382 270
395 217 380 239
370 220 381 276
383 220 389 269
355 223 369 292
386 223 394 267
389 223 399 264
401 223 406 257
407 223 412 248
401 226 409 261
404 226 411 255
407 226 414 251
355 229 372 296
404 229 414 259
407 229 417 256
355 232 375 299
358 232 378 296
386 235 405 284
395 235 408 268
358 238 382 301
361 238 386 298
367 238 389 295
389 238 406 276
358 241 385 305
361 241 388 301
373 241 397 296
358 244 387 308
364 248 396 304
376 248 407 301
361 251 396 310
364 251 399 307
386 251 417 292
379 254 413 302
373 257 406 308
376 257 413 310
379 257 417 306
383 257 420 303
401 257 424 299
376 260 415 313
379 260 419 310
383 260 423 306
432 260 474 264
361 263 406 326
370 263 413 320
417 263 448 297
376 266 419 318
379 266 423 315
383 266 426 312
429 266 471 279
432 266 476 275
364 269 413 328
370 269 416 325
376 269 422 322
379 269 426 319
383 269 428 316
392 269 435 306
417 269 461 292
429 269 475 283
364 272 415 332
370 272 419 328
373 272 423 326
379 272 429 323
389 272 434 312
423 272 471 289
383 276 432 320
389 276 437 317
395 276 444 311
370 279 422 333
373 279 426 330
379 279 431 326
383 279 435 324
