520 132 502 102
515 137 465 87
520 137 504 108
526 137 510 107
526 143 511 115
531 154 498 110
537 159 504 115
465 165 452 136
542 165 474 99
548 165 479 98
553 165 479 90
553 170 520 119
526 176 464 136
531 176 471 135
564 176 525 117
564 187 533 131
432 192 445 145
437 192 451 144
542 192 491 180
564 192 536 137
426 198 440 150
432 198 447 151
437 198 453 152
426 203 441 157
449 214 480 202
504 214 459 156
504 225 474 204
504 231 474 211
471 236 422 181
498 242 487 202
504 242 494 200
509 242 500 199
437 247 415 170
482 247 468 209
498 247 490 209
504 247 496 207
493 253 488 214
476 259 456 219
482 259 477 229
487 259 483 224
471 264 458 241
454 270 430 231
355 281 371 247
360 281 343 304
421 281 406 247
426 281 412 247
421 286 405 253
355 292 353 274
360 292 359 274
415 292 397 256
426 292 412 259
449 292 455 261
454 292 461 260
349 297 347 282
355 297 353 281
410 297 386 263
415 297 392 263
426 297 412 267
449 297 456 269
349 303 346 289
410 303 386 270
415 303 393 270
426 303 413 274
404 308 381 277
410 308 388 277
415 308 403 283
421 308 408 282
437 308 451 281
410 314 388 283
421 314 425 294
421 319 427 301
322 325 328 340
333 336 323 321
333 352 320 337
344 352 326 333
338 358 357 357
344 358 371 358
360 358 353 345
366 358 361 349
