504 132 433 62
509 132 441 65
537 143 479 74
515 148 478 102
526 148 490 95
487 154 463 129
526 154 486 102
542 154 457 71
531 159 442 73
537 159 448 74
476 165 450 140
542 165 453 80
531 170 445 81
548 170 459 86
553 170 475 79
548 176 462 92
515 181 439 88
426 187 379 179
449 187 476 128
564 187 519 109
471 192 492 168
509 192 440 97
415 198 399 128
509 198 443 103
548 209 495 176
526 214 492 162
471 236 465 152
476 236 473 151
471 242 466 159
476 242 474 158
460 247 429 128
476 247 476 166
493 247 482 187
493 253 484 193
487 259 488 178
360 264 378 194
360 270 380 202
432 275 406 225
426 286 401 234
432 286 409 238
404 292 398 227
333 297 337 291
421 297 396 251
426 297 403 250
432 297 410 249
443 297 455 250
333 303 363 241
393 303 389 213
404 303 374 254
410 303 381 254
443 303 458 260
404 308 374 262
415 308 418 275
421 308 424 274
322 314 327 318
421 314 426 282
421 319 433 288
338 325 383 291
393 341 450 246
360 352 354 335
360 358 355 342
366 358 363 342
