389 166 390 165
394 166 394 165
398 166 399 165
380 170 374 173
385 170 380 173
394 170 394 169
398 170 398 169
376 175 369 177
380 175 374 177
385 175 378 177
394 175 393 174
398 175 398 174
403 175 403 174
416 175 420 171
425 175 428 167
380 179 374 183
385 179 379 183
389 179 383 182
394 179 390 180
398 179 399 179
407 179 405 179
416 179 419 177
420 179 423 177
425 179 428 176
429 179 434 175
434 179 441 174
403 184 401 184
425 184 427 182
429 184 433 182
434 184 439 182
376 188 370 188
380 188 378 188
385 188 384 188
407 188 408 194
411 188 409 190
416 188 414 190
420 188 419 190
425 188 425 189
429 188 432 187
434 188 437 187
438 188 442 187
443 188 448 186
447 188 455 185
380 193 378 193
389 193 393 195
420 193 417 195
425 193 423 194
429 193 429 194
434 193 435 192
438 193 440 192
443 193 447 192
447 193 453 192
452 193 459 190
367 197 364 193
371 197 364 198
376 197 374 194
425 197 422 199
429 197 427 198
434 197 433 198
438 197 439 197
443 197 447 198
447 197 453 197
452 197 457 196
371 201 363 203
376 201 373 199
380 201 378 200
425 201 419 205
429 201 426 204
434 201 432 203
438 201 437 202
443 201 443 202
447 201 448 202
367 206 358 203
380 206 379 204
416 206 407 210
420 206 412 210
425 206 416 211
429 206 421 210
434 206 431 207
438 206 437 207
443 206 442 207
452 206 451 206
456 206 457 207
461 206 462 206
465 206 467 207
469 206 473 206
367 210 359 211
371 210 363 212
416 210 407 214
420 210 412 214
425 210 417 216
429 210 421 215
434 210 427 215
443 210 441 211
452 210 451 211
456 210 457 210
465 210 466 211
469 210 472 212
358 215 336 226
420 215 412 219
425 215 416 219
456 215 457 215
465 215 464 216
469 215 468 216
362 219 356 221
376 219 372 223
380 219 378 225
389 219 387 219
411 219 403 221
420 219 413 225
461 219 457 227
465 219 462 226
469 219 466 222
474 219 473 221
340 224 317 236
349 224 328 232
358 224 341 237
371 224 366 227
376 224 373 228
425 224 416 225
429 224 424 224
465 224 461 231
469 224 466 227
474 224 472 227
336 228 313 240
340 228 318 241
345 228 323 240
349 228 328 238
358 228 336 236
376 228 372 232
411 228 403 228
420 228 411 229
425 228 416 229
429 228 422 229
331 233 307 246
340 233 321 247
358 233 337 243
376 233 355 244
380 233 360 244
469 233 462 241
331 237 307 251
336 237 315 252
416 237 407 235
469 237 456 242
331 242 310 255
340 242 320 257
362 242 337 251
367 242 342 251
371 242 348 251
376 242 352 252
398 242 381 250
416 242 406 238
429 242 426 245
434 242 433 245
465 242 455 248
469 242 461 248
474 242 466 248
340 246 320 262
367 246 341 256
371 246 347 257
376 246 352 257
380 246 356 257
385 246 361 257
398 246 429 296
411 246 396 254
416 246 401 250
429 246 425 250
461 246 451 252
465 246 454 252
469 246 460 253
322 251 302 261
371 251 346 262
376 251 352 262
380 251 356 262
394 251 375 263
403 251 386 260
407 251 389 259
318 255 296 265
376 255 350 267
380 255 356 266
385 255 360 266
394 255 371 267
398 255 380 268
411 255 389 269
416 255 396 270
425 255 416 259
429 255 422 260
434 255 427 261
438 255 431 261
318 259 300 270
322 259 306 271
354 259 326 261
358 259 331 260
362 259 337 260
385 259 366 273
398 259 375 272
403 259 380 272
416 259 396 276
425 259 415 264
429 259 422 265
434 259 426 266
438 259 430 266
313 264 294 271
318 264 300 274
322 264 305 275
345 264 325 275
349 264 329 275
362 264 341 287
394 264 369 278
411 264 389 279
416 264 394 279
429 264 421 270
434 264 425 269
438 264 430 269
461 264 449 265
313 268 294 275
354 268 334 281
371 268 351 276
394 268 369 284
398 268 374 283
407 268 381 278
411 268 386 279
416 268 394 283
429 268 410 286
434 268 424 274
438 268 429 274
461 268 449 270
465 268 455 266
313 273 295 279
322 273 301 279
327 273 306 281
331 273 310 281
336 273 314 280
376 273 355 282
389 273 365 288
394 273 370 288
398 273 374 288
411 273 389 288
429 273 410 290
434 273 414 290
465 273 455 271
313 277 295 284
327 277 306 284
331 277 310 284
336 277 315 285
340 277 319 285
367 277 345 282
376 277 354 287
385 277 360 287
407 277 381 293
420 277 395 290
425 277 404 294
429 277 409 294
434 277 414 294
438 277 420 294
456 277 435 295
465 277 446 301
322 282 301 286
331 282 310 289
367 282 344 287
371 282 349 287
385 282 361 292
389 282 366 292
407 282 383 292
416 282 390 294
420 282 399 298
425 282 404 299
429 282 409 300
434 282 413 299
438 282 419 299
327 286 306 291
340 286 326 300
345 286 335 302
371 286 349 292
385 286 361 296
389 286 367 297
447 286 425 301
452 286 429 301
456 286 433 300
331 291 310 296
336 291 314 296
340 291 329 305
362 291 345 302
371 291 348 297
389 291 365 303
398 291 392 314
403 291 397 313
411 291 405 314
434 291 409 305
447 291 423 305
452 291 428 305
456 291 432 305
336 295 314 300
340 295 329 310
367 295 345 306
376 295 353 304
403 295 397 318
411 295 404 318
447 295 423 310
452 295 428 310
456 295 432 309
461 295 437 310
340 300 318 304
371 300 349 308
376 300 353 309
434 300 414 315
438 300 418 314
443 300 423 313
452 300 428 314
349 304 334 317
367 304 344 313
371 304 348 312
376 304 353 313
438 304 418 319
452 304 423 321
456 304 429 320
367 308 344 317
371 308 349 317
376 308 353 317
380 308 357 317
429 308 409 319
434 308 415 321
452 308 423 326
367 313 344 321
371 313 349 321
376 313 352 321
425 313 404 325
429 313 409 325
434 313 415 325
447 313 418 331
362 317 343 327
367 317 347 327
389 317 364 326
416 317 394 329
429 317 409 330
434 317 414 330
403 322 372 327
407 322 383 333
411 322 388 333
416 322 394 333
425 322 407 334
389 326 364 334
403 326 378 337
407 326 383 338
411 326 388 338
416 326 393 338
385 331 358 337
389 331 364 339
398 331 372 340
403 331 377 342
407 331 383 342
411 331 387 342
416 331 392 343
420 331 398 343
429 331 408 340
389 335 363 343
398 335 373 344
394 340 369 348
398 340 373 349
403 340 377 350
407 340 381 350
411 340 386 350
416 340 391 350
420 340 396 351
429 340 402 350
403 344 378 354
407 344 382 354
411 344 386 354
416 344 391 355
420 344 396 355
407 349 382 358
411 349 386 358
416 349 391 358
