368 111 481 129
375 111 484 135
437 111 496 187
375 117 478 137
368 124 471 132
368 130 466 134
375 130 468 140
368 136 458 137
463 149 453 235
412 155 451 195
368 161 424 151
381 161 428 160
400 161 438 185
412 161 440 193
419 161 446 205
437 161 448 223
356 168 416 146
368 168 419 153
381 168 422 162
406 168 432 188
412 168 434 195
444 168 447 229
356 174 411 148
387 174 418 170
394 174 422 182
412 174 428 197
437 174 438 225
444 174 441 231
456 174 443 237
356 180 405 151
387 180 415 178
394 180 417 185
406 180 421 193
412 180 423 200
419 180 424 205
425 180 428 213
431 180 430 220
450 180 432 228
456 180 435 235
463 180 440 242
394 186 410 187
406 186 414 196
412 186 417 201
456 186 430 237
356 193 390 156
406 193 406 198
425 193 417 211
356 199 382 159
412 199 411 212
425 199 413 217
456 199 423 245
400 205 395 194
406 205 399 200
412 205 405 214
456 205 416 248
356 212 375 162
381 212 380 176
400 212 389 199
406 212 392 205
412 212 398 215
456 212 410 250
381 218 374 178
387 218 380 193
419 218 394 227
356 224 364 166
381 224 382 223
394 224 380 198
394 230 373 201
431 230 366 176
444 230 397 233
450 230 413 235
456 230 415 239
394 237 367 203
450 237 406 237
444 243 388 237
450 243 392 243
368 249 353 181
394 249 355 209
425 249 367 238
368 256 337 185
412 256 356 232
419 256 360 240
368 262 330 188
425 262 353 242
431 262 347 246
362 268 321 184
368 268 323 191
381 274 325 213
406 274 330 226
419 274 335 241
431 274 339 249
437 274 342 255
456 274 347 269
450 281 338 264
456 281 341 271
463 281 344 278
356 287 307 188
362 287 309 196
381 287 315 211
387 287 317 216
394 287 319 223
456 287 336 274
356 293 302 190
362 293 305 198
381 293 311 213
394 293 315 224
406 293 317 233
412 293 319 239
419 293 323 246
368 300 301 207
406 300 312 235
412 300 315 242
419 300 317 247
456 300 329 278
463 300 330 285
350 306 290 187
356 306 292 193
362 306 295 201
368 306 294 210
387 306 304 223
394 306 306 229
356 312 287 196
362 312 288 204
368 312 288 212
381 312 294 220
387 312 297 226
406 312 304 238
356 318 280 200
362 318 283 207
381 318 288 222
356 325 274 203
463 325 295 296
425 331 291 266
437 331 293 274
444 331 296 280
412 337 290 261
350 343 258 202
463 343 287 299
350 350 251 204
406 350 280 258
412 350 282 265
350 356 243 207
356 356 246 213
412 356 276 267
356 362 240 216
400 362 260 249
406 362 262 256
412 362 268 269
350 369 238 209
350 375 230 212
394 375 252 252
437 375 267 284
444 375 262 296
456 375 265 303
350 381 226 214
368 381 237 235
375 381 239 240
394 381 240 257
437 381 253 292
444 381 257 297
456 381 259 305
