1 0 0 -0.04542167112231255 
0 1 0 0.0009935460984706879 
0 0 1 -0.2875000238418579 
0 0 0 1 

0.996895432472229 0.07746712863445282 0.01408119779080153 -0.04815290868282318 
-0.07721127569675446 0.9968542456626892 -0.01788666471838951 0.009612894617021084 
-0.01542253885418177 0.01674389839172363 0.9997408390045166 -0.2933637499809265 
0 0 0 1 

0.9862992763519287 0.161922425031662 0.03153866156935692 -0.0518181286752224 
-0.1601400971412659 0.9856909513473511 -0.05261446163058281 0.0252133272588253 
-0.03960688784718513 0.04684295877814293 0.9981167316436768 -0.2924589812755585 
0 0 0 1 

0.5509544610977173 0.833371102809906 -0.04406308755278587 0.002294152742251754 
-0.8327969908714294 0.5456339120864868 -0.09344853460788727 0.06598097085952759 
-0.05383501574397087 0.08818149566650391 0.9946485757827759 -0.2984545528888702 
0 0 0 1 

0.4588035047054291 0.8833693265914917 -0.0956968367099762 0.02462492138147354 
-0.8885219097137451 0.4554839134216309 -0.05534614622592926 0.05466048419475555 
-0.005302720237523317 0.110421746969223 0.9938706755638123 -0.3019780814647675 
0 0 0 1 

0.3514080345630646 0.9305210113525391 -0.1031646281480789 0.03142426535487175 
-0.9360126256942749 0.3515221178531647 -0.01767652854323387 0.0403810441493988 
0.01981626078486443 0.1027750670909882 0.9945071935653687 -0.3036699295043945 
0 0 0 1 

0.2705802023410797 0.9542919397354126 -0.1269368827342987 0.04156528785824776 
-0.9592844247817993 0.2783597707748413 0.04784398525953293 0.01622446440160275 
0.08099125325679779 0.1088229566812515 0.9907562732696533 -0.3031775057315826 
0 0 0 1 

0.1950431615114212 0.9673615097999573 -0.1617713421583176 0.05381326004862785 
-0.9717652201652527 0.2129303365945816 0.1016524657607079 -0.003686015959829092 
0.1327807158231735 0.1373771131038666 0.9815787076950073 -0.3013786673545837 
0 0 0 1 

0.1153837740421295 0.9798280596733093 -0.1631675958633423 0.05610044300556183 
-0.970906674861908 0.1459468901157379 0.1898415386676788 -0.03354993835091591 
0.209825873374939 0.1365158557891846 0.968161404132843 -0.2984747290611267 
0 0 0 1 

0.1750246733427048 0.9721931219100952 -0.155585303902626 0.05225937813520432 
-0.9549120664596558 0.2061106413602829 0.2136847078800201 -0.04011290520429611 
0.239810585975647 0.1111702397465706 0.9644335508346558 -0.296437680721283 
0 0 0 1 

