516 136 523 123
521 136 529 122
527 136 542 122
363 142 372 140
369 142 378 139
431 142 432 132
510 142 518 129
521 142 532 129
533 142 541 128
538 142 548 126
544 142 556 125
363 148 373 146
533 148 542 134
538 148 548 131
544 148 555 130
550 148 562 129
431 153 441 149
487 153 501 138
493 153 506 138
499 153 512 137
521 153 532 141
527 153 537 140
555 153 573 135
436 159 449 153
487 159 502 143
493 159 508 143
555 159 574 142
561 159 581 144
318 165 344 164
425 165 425 157
465 165 472 150
476 165 484 147
482 165 491 151
487 165 497 152
521 165 536 158
318 170 344 168
425 170 425 163
470 170 479 154
476 170 485 154
318 176 349 175
459 176 468 162
465 176 475 160
538 176 552 149
448 182 459 176
453 182 463 169
465 182 476 166
470 182 482 166
561 182 575 147
403 187 435 181
459 187 470 174
465 187 476 173
470 187 482 173
476 187 490 172
544 187 554 162
561 187 577 151
403 193 437 193
408 193 442 193
459 193 470 180
465 193 477 180
470 193 483 179
504 193 528 160
527 193 541 162
459 199 472 186
465 199 477 185
476 199 491 184
550 199 569 179
448 204 467 191
459 216 480 197
465 216 485 197
442 221 458 212
493 221 514 227
499 221 520 227
504 221 530 214
516 221 537 212
442 227 469 212
493 227 515 234
499 227 521 233
493 233 516 240
499 233 520 240
516 233 539 219
521 233 545 218
465 238 484 221
521 238 546 223
436 244 467 231
476 244 494 218
521 244 546 230
470 250 491 227
476 250 495 225
459 255 479 228
470 255 491 237
533 255 559 235
476 261 496 237
527 261 555 242
533 261 560 240
470 266 487 247
482 266 504 242
538 266 567 244
459 272 475 254
465 272 481 253
470 272 488 253
482 272 505 253
487 272 511 252
453 278 471 261
465 278 482 260
470 278 488 259
476 278 494 257
504 278 526 264
533 278 564 256
476 283 498 269
482 283 507 272
499 283 521 264
504 283 526 269
521 283 540 268
482 289 509 280
487 289 516 278
499 289 522 275
504 289 527 274
516 289 536 273
521 289 541 273
527 289 548 280
476 295 506 286
482 295 511 286
487 295 517 285
499 295 524 281
516 295 536 280
