335 142 415 166
516 142 520 133
521 142 526 131
352 148 424 171
510 148 516 142
516 148 522 138
521 148 528 135
323 153 411 176
380 153 451 166
323 159 414 184
329 159 420 181
499 159 512 149
504 159 516 147
318 165 410 192
323 165 417 190
329 165 423 187
363 165 436 181
329 170 425 193
329 187 405 230
476 187 498 170
482 187 504 167
521 187 532 164
318 193 387 244
408 193 452 189
487 193 520 153
516 193 525 181
521 193 531 178
323 199 395 229
403 199 464 199
516 199 527 188
561 199 616 187
323 204 398 234
544 204 568 250
346 210 435 249
403 210 475 207
465 210 488 202
340 216 433 257
346 216 437 254
374 216 414 219
340 221 434 262
346 221 439 260
442 221 470 213
527 221 520 278
420 227 483 243
504 227 552 213
380 233 428 235
420 233 461 207
346 238 442 267
442 238 477 229
516 238 566 214
521 238 572 211
397 244 483 258
420 244 485 250
504 244 561 232
516 244 568 229
346 249 423 275
516 249 570 236
527 249 593 203
527 255 595 209
380 261 447 278
386 261 428 272
391 261 435 270
397 261 459 274
431 261 475 260
391 266 437 277
516 266 594 224
521 266 599 221
527 266 604 219
516 272 597 231
521 272 604 227
527 272 609 225
504 278 587 245
538 278 619 230
493 283 580 261
504 283 591 249
533 283 613 247
487 289 582 267
499 289 587 259
504 289 592 256
516 289 600 252
504 295 596 261
521 295 607 258
504 300 598 268
510 300 604 265
