555 31 551 28
562 31 558 28
549 37 542 36
555 37 551 34
562 37 558 33
568 37 564 34
543 43 537 42
549 43 545 42
555 43 551 41
562 43 557 40
568 43 565 40
530 49 526 48
537 49 532 48
543 49 538 47
549 49 545 48
555 49 551 47
562 49 557 47
568 49 564 47
574 49 570 46
537 56 533 53
543 56 538 53
549 56 544 53
555 56 551 53
562 56 558 53
568 56 566 53
580 56 579 51
499 62 499 58
505 62 505 57
524 62 520 59
530 62 526 59
537 62 532 58
555 62 549 60
562 62 555 61
568 62 564 60
580 62 579 59
505 68 505 64
512 68 510 65
518 68 517 65
555 68 549 65
580 68 576 65
512 74 511 72
562 74 562 69
574 74 572 71
493 81 450 102
505 81 499 82
574 81 575 77
474 87 468 89
493 87 506 77
505 87 499 89
549 87 549 85
555 87 556 85
587 87 586 85
593 87 592 84
474 93 468 97
505 93 500 96
549 93 547 91
580 93 575 90
593 93 592 91
449 99 464 90
505 99 506 95
518 99 519 94
524 99 524 96
537 99 537 96
562 99 586 135
587 99 586 98
593 99 593 98
599 99 599 96
431 106 424 107
437 106 431 107
468 106 463 108
518 106 519 102
524 106 525 102
587 106 587 107
599 106 599 104
418 112 413 114
424 112 419 114
431 112 425 113
487 112 487 109
505 112 500 111
512 112 505 110
524 112 524 108
599 112 598 110
605 112 605 108
418 118 414 120
424 118 419 119
443 118 443 115
449 118 450 115
456 118 456 115
587 118 586 117
593 118 593 116
605 118 605 115
399 124 406 120
418 124 412 126
431 124 431 122
437 124 436 122
443 124 444 122
449 124 450 121
462 124 462 122
468 124 467 123
474 124 473 123
481 124 480 122
587 124 586 123
593 124 592 122
387 131 382 133
431 131 431 128
437 131 437 127
443 131 444 127
462 131 462 127
468 131 467 129
474 131 472 130
512 131 457 159
543 131 558 109
587 131 585 129
605 131 604 128
612 131 611 128
618 131 619 128
387 137 383 139
393 137 388 138
406 137 395 140
437 137 436 134
462 137 461 134
499 137 512 127
524 137 487 145
537 137 556 115
543 137 560 115
599 137 594 132
605 137 605 134
612 137 611 134
618 137 618 135
368 143 369 143
374 143 375 143
399 143 399 145
424 143 424 145
437 143 437 140
593 143 593 146
612 143 612 142
618 143 618 142
362 149 362 151
374 149 375 150
412 149 400 152
530 149 569 122
618 149 617 147
624 149 625 147
356 156 356 157
368 156 367 157
374 156 374 159
406 156 395 158
412 156 401 159
431 156 438 151
443 156 449 151
474 156 438 175
568 156 524 178
593 156 594 153
605 156 606 160
612 156 612 152
618 156 618 152
624 156 624 153
349 162 349 165
356 162 356 165
362 162 362 164
368 162 369 165
393 162 407 152
399 162 420 153
568 162 524 183
574 162 530 182
580 162 538 181
593 162 593 160
599 162 599 160
605 162 604 163
618 162 617 159
624 162 624 159
349 168 350 172
356 168 357 171
362 168 362 169
368 168 368 170
493 168 567 159
568 168 563 171
574 168 530 187
580 168 536 187
593 168 591 165
612 168 610 164
618 168 617 165
624 168 623 165
630 168 631 165
349 174 350 179
356 174 357 177
362 174 363 176
368 174 370 176
443 174 450 170
555 174 554 172
562 174 557 177
568 174 563 178
580 174 580 177
587 174 586 176
593 174 594 176
599 174 598 171
605 174 604 169
612 174 611 170
618 174 619 170
624 174 624 170
630 174 631 171
349 180 351 184
356 180 356 183
362 180 364 182
368 180 371 182
374 180 381 182
424 180 473 158
474 180 482 177
574 180 531 197
587 180 575 184
599 180 598 179
605 180 604 177
612 180 612 177
618 180 619 177
624 180 625 177
630 180 631 177
349 187 351 189
356 187 357 188
362 187 364 189
368 187 370 189
374 187 376 189
443 187 449 185
543 187 541 185
549 187 548 185
555 187 554 185
562 187 561 185
574 187 530 203
580 187 576 188
593 187 588 189
599 187 595 189
605 187 604 187
612 187 612 183
618 187 620 182
624 187 625 183
630 187 631 183
356 193 356 194
362 193 362 195
368 193 369 196
374 193 375 197
381 193 381 196
387 193 388 196
393 193 394 196
399 193 445 176
543 193 543 190
549 193 549 191
593 193 588 195
612 193 612 189
618 193 619 189
624 193 624 189
356 199 357 201
362 199 363 201
368 199 369 201
381 199 381 201
387 199 388 201
393 199 394 201
406 199 425 184
549 199 469 233
574 199 549 208
612 199 612 196
356 205 357 208
362 205 363 208
368 205 371 209
374 205 376 206
381 205 381 206
387 205 388 206
412 205 431 196
537 205 457 240
362 212 365 216
387 212 381 215
393 212 386 215
399 212 394 215
406 212 425 201
574 212 550 220
399 218 393 221
518 218 518 215
449 224 444 226
512 224 513 220
518 224 519 221
374 237 369 227
381 237 382 239
387 237 387 239
374 243 369 233
381 243 382 244
387 243 388 244
412 243 413 238
406 249 399 253
462 249 506 226
418 255 424 251
449 255 450 253
399 262 407 264
406 262 411 262
412 262 418 260
418 262 424 260
424 262 431 259
431 262 437 259
437 262 442 259
