447 157 435 164
451 157 440 164
456 157 444 164
438 162 424 168
442 162 431 168
447 162 435 168
451 162 441 168
442 166 429 173
447 166 435 173
451 166 439 173
442 171 429 177
447 171 435 177
456 171 443 176
469 171 470 179
442 175 429 181
447 175 432 181
451 175 437 180
509 175 502 179
438 180 423 188
442 180 429 184
447 180 432 185
451 180 436 184
465 180 449 184
509 180 502 183
518 180 510 182
522 180 514 182
442 184 428 188
447 184 432 188
500 184 494 187
509 184 501 187
513 184 506 187
518 184 510 187
527 184 518 185
531 184 522 185
447 188 433 196
451 188 437 192
465 188 448 193
482 188 469 193
496 188 490 192
500 188 494 192
505 188 497 192
509 188 502 192
513 188 506 192
527 188 518 190
536 188 527 190
456 193 441 197
478 193 466 197
482 193 469 197
487 193 474 197
505 193 497 196
509 193 501 196
513 193 505 197
536 193 527 194
456 197 441 200
465 197 449 201
469 197 457 201
474 197 461 201
478 197 465 201
487 197 473 201
500 197 498 201
509 197 501 200
442 202 431 208
496 202 485 205
500 202 493 204
505 202 497 204
527 202 519 204
531 202 523 204
536 202 527 204
456 206 440 208
491 206 486 209
496 206 489 209
500 206 493 209
509 206 507 208
513 206 510 208
522 206 515 209
531 206 523 208
536 206 527 208
456 211 440 212
491 211 486 212
500 211 494 213
505 211 502 213
509 211 506 213
513 211 510 212
522 211 515 213
527 211 518 213
536 211 527 212
491 215 487 216
518 215 510 217
522 215 515 217
527 215 518 217
536 215 527 216
389 219 388 222
491 219 489 220
500 219 497 218
505 219 503 218
518 219 510 221
522 219 515 221
527 219 519 221
536 219 526 220
385 224 383 226
487 224 481 225
491 224 490 225
518 224 510 226
522 224 515 225
527 224 519 226
411 228 407 228
451 228 449 233
456 228 453 233
460 228 457 232
487 228 481 230
491 228 486 230
505 228 498 229
518 228 510 230
522 228 515 229
527 228 519 230
389 233 387 238
451 233 448 237
456 233 452 237
460 233 457 236
474 233 473 234
487 233 481 234
491 233 486 234
496 233 491 235
500 233 495 235
505 233 499 234
518 233 511 234
522 233 515 234
527 233 519 234
531 233 524 234
438 237 435 241
447 237 443 241
451 237 448 241
456 237 452 240
487 237 482 238
491 237 486 239
496 237 490 239
500 237 494 239
505 237 497 239
513 237 510 237
522 237 515 238
527 237 520 239
407 242 402 246
411 242 406 246
420 242 414 246
429 242 426 246
438 242 434 245
442 242 439 246
482 242 481 242
496 242 490 243
509 242 506 242
513 242 510 241
407 246 403 251
416 246 411 250
420 246 416 254
425 246 423 251
429 246 426 250
434 246 430 249
438 246 434 249
447 246 443 251
451 246 447 251
474 246 473 247
482 246 481 247
407 251 402 257
420 251 416 257
429 251 427 255
447 251 443 254
474 251 472 251
478 251 477 251
402 255 399 261
407 255 402 261
416 255 412 262
420 255 416 262
425 255 421 261
429 255 427 259
442 255 439 258
447 255 443 259
474 255 472 257
496 255 494 255
385 259 383 264
389 259 386 265
394 259 390 266
398 259 394 266
402 259 399 266
429 259 427 263
434 259 431 263
442 259 439 263
447 259 443 263
380 264 378 269
394 264 390 271
398 264 394 271
402 264 398 271
407 264 403 270
434 264 430 267
442 264 439 268
465 264 464 266
469 264 469 267
474 264 473 266
394 268 390 275
398 268 394 275
402 268 398 275
434 268 430 272
438 268 434 272
442 268 439 272
447 268 444 272
451 268 450 272
496 268 493 270
500 268 497 269
389 273 386 279
394 273 391 279
402 273 399 279
429 273 427 277
438 273 435 276
442 273 439 276
447 273 444 276
451 273 449 276
456 273 453 276
376 277 373 286
394 277 391 283
398 277 395 283
402 277 399 283
411 277 407 283
416 277 411 283
429 277 424 279
438 277 435 280
442 277 439 280
447 277 444 280
456 277 452 280
487 277 487 278
398 282 396 287
402 282 399 287
407 282 403 287
411 282 407 286
429 282 428 284
447 282 444 286
451 282 449 284
456 282 456 283
460 282 461 284
478 282 476 284
482 282 481 283
371 286 374 291
376 286 378 291
380 286 381 291
385 286 386 291
425 286 424 287
434 286 440 291
438 286 444 291
447 286 447 291
460 286 461 288
469 286 465 288
478 286 477 288
482 286 482 286
371 291 373 296
376 291 377 296
380 291 382 295
389 291 391 292
394 291 395 291
407 291 412 291
420 291 420 292
425 291 424 291
434 291 440 295
456 291 456 292
465 291 465 292
469 291 469 292
478 291 478 292
371 295 374 300
376 295 378 300
380 295 382 299
385 295 387 299
389 295 391 296
394 295 395 296
402 295 407 295
456 295 456 296
465 295 466 296
469 295 470 296
371 299 375 304
376 299 379 303
380 299 384 303
385 299 387 303
389 299 391 303
394 299 396 303
398 299 402 303
456 299 457 301
371 304 378 307
376 304 383 308
380 304 387 308
385 304 390 308
407 304 411 308
416 304 418 308
442 304 440 308
451 304 456 304
456 304 459 304
460 304 463 304
376 308 383 312
380 308 387 312
389 308 394 312
394 308 398 312
451 308 454 310
460 308 463 308
411 313 420 316
425 313 428 312
456 313 458 312
460 313 462 312
460 317 460 315
