438 157 385 173
442 157 389 172
451 157 398 171
456 157 408 169
460 166 408 176
469 166 413 173
474 166 417 172
469 171 413 178
474 171 417 177
478 171 421 175
447 175 391 192
456 175 400 189
460 175 403 188
478 175 420 180
509 175 458 169
456 180 400 194
509 180 463 174
513 180 467 172
447 184 394 201
474 184 417 191
513 184 468 177
522 184 473 174
527 184 478 172
531 184 485 171
451 188 397 201
456 188 401 200
460 188 405 199
465 188 410 197
469 188 415 196
474 188 420 198
478 188 423 197
513 188 465 181
518 188 470 180
522 188 474 178
527 188 479 177
531 188 487 176
451 193 398 206
456 193 402 205
460 193 407 203
465 193 411 201
469 193 416 200
518 193 471 184
527 193 479 182
536 193 491 178
456 197 403 209
469 197 422 203
536 197 492 183
465 202 419 208
469 202 423 207
474 202 428 206
478 202 432 205
509 202 461 196
518 202 470 195
527 202 478 192
456 206 411 215
451 211 408 221
460 211 418 223
469 215 444 215
474 219 452 217
482 224 458 221
482 228 459 225
487 228 463 225
434 233 414 243
438 233 419 241
447 233 426 238
451 233 431 238
456 233 435 237
460 233 439 235
474 233 453 231
478 233 457 234
482 233 460 229
527 233 490 221
429 237 411 248
434 237 416 246
438 237 420 245
442 237 423 244
447 237 427 242
456 237 436 240
465 237 444 237
474 237 453 235
429 242 413 251
434 242 417 250
438 242 421 249
442 242 424 248
496 242 472 239
429 246 414 255
434 246 418 254
438 246 422 253
442 246 425 253
416 251 397 264
420 251 402 264
438 251 422 257
442 251 426 257
474 251 462 247
398 259 386 277
407 259 391 275
451 259 434 264
398 264 387 282
442 264 427 271
447 264 432 269
496 264 478 255
398 268 385 287
447 268 435 273
394 273 387 295
402 273 395 288
407 273 401 286
416 273 408 285
429 273 420 281
447 273 436 277
402 277 397 296
407 277 401 290
411 277 405 289
416 277 409 288
425 277 413 288
447 277 437 281
380 282 381 304
385 282 385 304
398 282 397 300
438 282 425 285
465 282 458 281
469 282 461 280
371 286 377 307
385 286 386 308
407 286 399 305
465 286 459 288
469 286 462 284
474 286 467 283
367 291 377 311
376 291 382 311
411 291 412 302
434 291 428 292
465 291 462 288
363 295 375 316
367 295 379 315
371 295 383 314
469 295 467 300
371 299 385 318
438 299 444 302
451 299 457 298
438 304 445 306
442 304 449 305
447 308 454 308
