300 106 281 53
311 106 295 53
300 112 280 57
306 112 287 57
317 123 293 55
328 123 307 65
311 129 285 61
289 134 278 93
311 134 286 76
294 140 273 79
339 162 309 82
345 168 315 89
322 173 296 101
345 173 315 96
339 179 308 102
345 179 314 103
350 179 322 104
367 179 341 104
322 185 289 107
328 185 296 107
334 185 302 106
339 185 307 107
356 185 321 114
362 185 327 114
322 190 290 113
328 190 296 112
334 190 302 111
406 190 364 119
328 196 294 119
429 196 408 134
418 201 399 146
423 201 388 133
429 201 395 132
446 213 412 142
306 218 281 130
451 218 424 155
294 224 261 142
306 224 280 136
440 224 399 153
451 246 416 179
451 252 416 189
451 257 416 195
283 263 241 185
283 269 240 192
289 269 246 192
462 274 445 223
283 280 239 208
289 280 245 209
446 291 412 246
457 291 439 237
356 297 314 142
418 341 371 300
