426 141 375 253
415 145 393 269
489 145 359 208
465 149 378 230
469 149 377 225
477 149 366 217
489 149 364 207
492 149 362 202
388 153 379 269
465 153 382 228
469 153 381 222
485 153 367 230
492 153 363 219
496 153 360 213
423 157 395 261
469 157 385 222
492 157 373 203
496 157 371 198
500 157 365 194
492 161 378 202
496 161 375 198
380 168 410 291
411 168 422 248
512 168 384 171
481 172 390 207
485 172 389 203
384 176 412 279
407 176 439 248
426 176 431 265
430 176 408 236
372 180 434 293
426 180 434 264
430 180 433 260
446 180 396 217
450 180 394 213
469 180 399 211
380 184 420 282
512 184 385 177
380 188 423 281
384 188 422 276
419 188 421 271
419 192 452 281
423 192 450 277
442 192 422 242
446 192 402 220
419 196 456 280
442 196 425 241
446 196 424 236
458 196 422 213
477 196 402 188
388 199 426 256
415 199 414 266
442 199 429 240
465 203 467 214
481 203 408 196
454 211 428 262
489 211 403 209
492 211 402 204
380 215 477 272
384 215 475 267
492 215 406 203
496 215 406 198
442 219 467 197
446 219 465 192
450 219 463 187
454 219 462 183
481 219 408 191
392 223 482 258
450 223 493 192
473 223 410 184
458 231 479 216
461 231 477 211
473 231 472 201
477 231 471 196
380 234 455 302
458 234 484 214
461 234 482 209
516 234 417 154
430 238 456 230
458 238 488 214
423 242 465 238
426 242 463 234
430 242 462 229
512 246 439 151
419 250 464 265
415 254 470 268
461 258 461 240
489 258 480 186
508 258 467 151
426 262 459 177
392 269 518 257
419 269 512 226
481 269 494 182
485 269 494 178
395 273 515 254
423 273 513 220
415 277 504 224
407 281 517 241
407 285 526 237
442 285 519 218
454 289 519 201
426 293 528 226
