450 130 338 186
469 134 339 176
415 137 346 212
395 141 347 231
411 141 348 216
461 145 351 190
465 145 350 185
388 149 359 241
395 149 370 241
461 149 355 189
465 149 354 185
477 153 358 160
395 157 380 240
411 157 378 225
508 168 356 144
376 192 408 263
380 192 407 258
461 207 407 190
481 219 424 149
485 219 423 142
508 223 443 131
426 227 417 190
461 227 441 167
446 234 433 188
446 238 438 188
461 238 426 179
512 238 457 118
458 242 433 183
461 242 431 178
500 242 469 128
504 242 467 123
458 246 438 183
461 246 436 178
500 246 473 128
504 246 472 123
477 254 476 157
415 269 492 219
492 269 484 126
423 273 494 183
473 273 484 137
415 277 504 193
419 277 504 188
450 277 509 182
469 277 489 141
473 277 489 135
415 281 508 193
419 281 509 187
411 285 514 197
434 285 506 197
446 285 515 186
430 289 511 201
