520 119 474 133
527 119 480 133
533 119 486 133
508 125 461 139
514 125 467 139
520 125 473 140
527 125 479 139
533 125 486 139
501 131 454 144
508 131 460 145
514 131 466 146
527 131 480 144
533 131 486 144
495 138 448 150
508 138 457 150
514 138 468 150
527 138 481 149
533 138 487 149
464 144 420 154
470 144 426 154
508 144 461 155
520 144 469 157
457 150 413 159
464 150 419 159
470 150 425 159
483 150 443 159
501 150 448 164
520 150 468 164
419 157 381 164
457 157 413 165
464 157 419 164
470 157 425 163
476 157 432 162
483 157 437 163
489 157 443 163
520 157 462 175
413 163 381 171
451 163 406 171
457 163 411 172
464 163 418 171
470 163 426 169
476 163 431 169
483 163 436 168
489 163 443 168
520 163 464 181
381 169 343 178
388 169 352 178
394 169 363 177
400 169 369 177
407 169 375 178
413 169 381 179
445 169 401 176
451 169 406 176
457 169 412 177
464 169 417 177
470 169 425 177
483 169 438 175
489 169 445 176
520 169 464 188
362 176 333 181
369 176 331 184
375 176 338 185
381 176 345 185
388 176 352 184
394 176 363 183
419 176 388 179
426 176 394 178
445 176 402 181
451 176 405 183
457 176 411 182
464 176 419 182
470 176 426 183
476 176 432 182
483 176 439 182
489 176 446 182
369 182 333 190
375 182 339 190
381 182 344 190
400 182 369 185
407 182 376 183
413 182 382 183
419 182 388 183
432 182 393 185
457 182 411 188
464 182 418 188
470 182 426 189
476 182 432 189
483 182 439 189
489 182 446 190
508 182 463 194
350 188 313 196
356 188 319 196
362 188 325 196
388 188 350 192
394 188 356 192
400 188 363 192
407 188 370 191
413 188 375 191
426 188 388 191
432 188 394 191
438 188 399 191
457 188 413 195
464 188 419 194
470 188 426 194
476 188 433 195
483 188 439 195
495 188 451 195
514 188 470 199
312 194 277 201
331 194 295 200
343 194 303 202
350 194 313 203
356 194 319 202
375 194 338 198
381 194 344 198
388 194 351 197
394 194 356 198
400 194 362 198
407 194 370 197
413 194 375 198
419 194 380 198
426 194 387 197
432 194 394 197
438 194 399 198
451 194 408 200
457 194 414 200
464 194 420 200
470 194 427 200
476 194 433 201
483 194 439 201
489 194 446 200
495 194 452 200
501 194 458 202
508 194 464 202
280 201 254 205
287 201 259 205
293 201 266 205
299 201 272 204
312 201 277 205
343 201 303 209
350 201 310 210
356 201 319 209
369 201 329 205
381 201 344 205
388 201 351 204
394 201 356 204
407 201 364 204
413 201 371 205
419 201 381 204
426 201 388 203
432 201 395 203
445 201 403 206
451 201 408 206
457 201 414 206
464 201 420 206
476 201 432 207
483 201 440 207
489 201 445 207
495 201 451 207
501 201 457 213
508 201 464 207
552 201 511 211
369 207 329 211
381 207 344 210
407 207 365 211
413 207 372 211
419 207 381 210
426 207 389 209
432 207 394 209
476 207 431 214
489 207 445 213
495 207 452 218
501 207 458 218
508 207 464 219
546 207 500 218
552 207 511 216
274 213 240 219
280 213 245 218
350 213 302 222
356 213 316 220
369 213 329 217
375 213 335 217
388 213 346 216
400 213 358 217
407 213 365 217
426 213 390 215
445 213 402 214
451 213 409 215
457 213 414 215
464 213 419 214
470 213 425 219
476 213 432 219
483 213 440 219
489 213 446 221
495 213 452 224
501 213 458 225
546 213 500 223
293 220 254 223
350 220 303 228
356 220 317 226
375 220 335 223
381 220 342 222
388 220 346 222
394 220 354 222
400 220 359 224
407 220 366 223
413 220 371 223
457 220 414 221
476 220 431 226
483 220 438 226
489 220 446 226
508 220 468 223
369 226 329 230
375 226 335 230
381 226 341 228
388 226 348 228
394 226 353 229
400 226 360 229
407 226 366 229
413 226 371 229
419 226 378 228
470 226 426 225
483 226 440 231
489 226 447 231
495 226 452 231
501 226 462 230
508 226 469 231
514 226 475 232
362 232 321 237
369 232 329 236
375 232 336 236
381 232 341 234
388 232 348 235
394 232 353 235
400 232 358 235
407 232 365 235
413 232 371 235
419 232 378 235
426 232 385 235
476 232 432 237
489 232 447 238
495 232 453 238
501 232 462 238
306 239 273 242
337 239 298 242
343 239 310 240
350 239 315 239
362 239 322 241
369 239 330 241
375 239 335 241
381 239 341 241
388 239 346 241
394 239 352 241
400 239 358 241
413 239 371 241
419 239 378 241
426 239 385 241
432 239 389 244
438 239 395 244
445 239 421 238
476 239 433 242
483 239 440 242
489 239 445 245
293 245 254 249
312 245 277 247
318 245 284 247
331 245 291 248
337 245 297 247
343 245 309 245
362 245 322 248
369 245 330 247
381 245 342 247
388 245 347 247
394 245 353 247
400 245 365 247
432 245 383 252
438 245 414 244
445 245 420 243
293 251 254 254
299 251 261 255
306 251 266 254
312 251 273 253
318 251 280 254
325 251 286 253
331 251 291 254
337 251 297 253
350 251 310 253
369 251 330 254
381 251 342 254
388 251 348 252
394 251 352 252
413 251 370 259
464 251 422 256
293 258 256 261
299 258 262 260
306 258 267 259
312 258 274 259
318 258 280 259
325 258 285 260
331 258 291 260
337 258 297 260
343 258 291 216
381 258 343 264
388 258 348 259
394 258 353 258
400 258 360 258
407 258 367 259
293 264 256 267
299 264 262 266
306 264 268 266
312 264 274 266
325 264 286 266
331 264 293 265
337 264 278 222
343 264 285 222
362 264 329 265
369 264 335 266
388 264 348 267
394 264 353 265
400 264 360 265
407 264 366 265
413 264 372 265
287 270 250 273
293 270 256 273
299 270 262 272
306 270 268 271
312 270 274 271
331 270 278 229
343 270 284 229
356 270 322 273
362 270 330 273
375 270 336 273
381 270 343 273
388 270 348 273
394 270 354 272
400 270 360 272
407 270 365 273
413 270 371 274
287 277 250 280
293 277 257 280
299 277 263 279
306 277 268 277
312 277 274 277
318 277 283 278
325 277 290 279
331 277 296 279
356 277 322 279
362 277 329 278
375 277 335 279
381 277 342 279
388 277 348 279
394 277 355 278
400 277 361 278
299 283 262 285
306 283 269 285
312 283 275 285
318 283 281 285
331 283 298 284
337 283 304 284
343 283 311 284
350 283 316 284
356 283 321 284
362 283 327 283
375 283 336 284
381 283 342 284
299 289 263 293
306 289 268 292
312 289 274 293
318 289 280 293
331 289 298 290
362 289 324 289
369 289 334 288
299 296 262 299
306 296 267 298
312 296 273 298
318 296 280 298
325 296 286 297
343 296 315 292
306 302 267 303
312 302 272 303
318 302 279 303
325 302 300 298
