428 75 475 129
435 75 479 135
428 82 469 135
421 103 459 147
421 110 454 152
498 110 506 194
491 117 500 194
498 117 504 198
407 131 445 156
484 131 492 200
498 131 499 204
400 139 440 150
407 139 442 161
414 139 447 165
449 139 465 179
456 139 471 183
414 146 444 170
386 153 421 152
393 153 425 156
428 153 448 176
442 153 458 183
386 160 416 158
393 160 421 161
449 160 460 192
379 167 406 160
393 167 415 167
400 174 419 173
414 174 428 179
386 181 405 170
393 181 411 173
400 181 416 178
414 181 425 185
421 181 430 189
428 181 435 192
435 181 440 197
477 181 468 219
386 188 401 176
393 188 408 178
400 188 413 182
414 188 422 190
421 188 428 194
428 188 433 198
435 188 437 202
442 188 442 207
463 188 454 216
470 188 459 221
386 195 398 181
393 195 403 184
421 195 424 199
442 195 438 213
463 195 450 222
470 195 456 226
477 195 461 229
407 202 409 194
428 202 427 206
463 202 445 227
470 202 453 231
477 202 458 234
393 209 398 192
414 209 412 203
421 209 418 206
428 209 424 210
463 209 443 231
470 209 449 235
400 216 400 200
421 216 415 212
428 216 420 215
435 216 425 218
456 216 421 238
463 216 426 242
372 230 383 190
393 230 389 206
407 230 399 214
435 230 400 237
386 237 380 207
393 237 384 211
400 237 390 215
407 237 395 219
379 244 372 208
386 244 377 212
393 244 382 217
400 244 387 220
407 244 392 223
343 251 346 190
350 251 353 195
365 251 365 203
379 251 366 213
386 251 373 218
393 251 378 222
400 251 383 225
407 251 388 228
336 258 335 192
343 258 342 196
358 258 354 205
365 258 360 209
386 258 369 223
393 258 374 227
400 258 380 230
407 258 385 234
350 265 342 207
358 265 349 211
372 265 356 215
393 265 370 232
400 265 376 236
365 272 346 218
372 272 353 222
386 272 363 230
400 272 371 243
421 272 404 249
372 279 348 229
379 279 353 231
386 279 358 236
379 286 349 238
386 286 354 242
414 286 378 258
421 286 383 261
428 286 389 265
329 293 304 223
350 293 321 227
358 293 332 233
421 293 378 266
329 300 300 228
329 307 297 233
358 307 328 240
414 307 365 273
365 315 324 255
365 322 320 261
393 322 339 274
294 329 264 227
301 329 270 231
322 329 281 240
343 329 298 252
386 329 330 275
294 336 259 233
350 336 299 264
358 336 304 269
294 343 255 239
301 343 262 242
308 343 268 247
379 343 313 283
287 350 245 241
294 350 251 244
308 350 265 253
358 357 294 287
315 364 255 266
336 364 274 279
343 364 280 284
343 371 276 288
