447 55 443 67
454 55 450 67
416 61 425 74
429 61 438 77
441 61 446 77
447 61 449 76
454 61 449 73
466 61 468 75
479 61 475 73
416 67 425 79
423 67 430 78
466 67 468 80
479 67 476 79
485 67 480 78
491 67 487 78
398 73 395 89
416 73 426 84
466 73 469 87
497 73 495 84
472 80 475 92
479 80 481 92
466 86 496 122
479 86 483 99
491 86 489 93
503 86 511 103
479 92 484 105
485 92 489 104
491 92 496 105
485 98 489 110
491 98 496 110
516 98 522 114
485 104 489 116
491 104 497 115
497 104 505 116
503 104 510 117
497 111 504 123
503 111 510 122
510 111 515 121
454 117 480 137
497 117 505 128
503 117 509 128
454 123 447 116
466 123 461 114
485 123 493 137
503 123 510 134
516 123 523 138
528 123 529 132
454 129 447 121
516 129 525 144
447 136 480 155
454 136 482 149
373 142 382 152
435 142 469 164
441 142 475 162
447 142 482 161
485 142 500 154
354 148 396 164
516 148 515 173
522 148 520 172
298 154 329 182
379 154 420 161
454 154 450 151
460 154 456 150
510 154 509 183
516 154 516 178
292 160 318 194
298 160 330 187
392 160 403 181
398 160 408 182
273 167 297 196
280 167 310 201
286 167 316 200
292 167 326 195
304 167 335 193
367 167 367 202
392 167 404 188
398 167 409 186
454 167 457 161
280 173 312 207
298 173 329 199
460 173 463 165
416 179 444 216
423 179 449 214
441 179 453 169
447 179 458 170
267 185 292 210
273 185 307 213
280 185 313 213
416 185 444 222
423 185 449 220
441 185 484 185
255 192 288 221
317 192 357 222
342 192 381 214
379 192 389 214
416 192 422 191
423 192 428 191
460 192 502 186
267 198 294 223
311 198 351 230
317 198 357 228
497 198 458 232
503 198 464 231
267 204 295 228
273 204 301 228
298 204 372 258
304 204 373 264
311 204 379 264
348 204 343 204
416 204 423 204
267 210 296 233
304 210 374 270
311 210 381 269
348 210 343 211
354 210 350 211
404 210 406 217
410 210 413 216
367 216 378 232
404 216 430 197
385 223 396 238
404 223 463 218
342 229 391 269
317 235 328 239
373 235 411 268
379 235 416 268
329 241 342 242
373 241 411 273
354 247 400 282
360 247 405 281
373 247 411 278
329 254 340 250
336 254 347 249
354 254 401 287
360 254 405 287
336 260 381 289
354 260 402 293
379 260 414 291
385 260 419 290
336 266 382 295
348 266 389 288
348 272 389 293
360 272 403 298
367 272 408 299
367 279 408 305
342 291 377 301
348 291 384 302
342 297 378 306
348 297 384 307
360 310 390 313
367 310 397 312
373 310 403 312
354 316 391 320
360 316 396 319
367 316 402 318
