458 87 463 94
448 92 451 98
453 92 457 99
422 97 423 98
443 97 447 102
448 97 452 102
458 97 463 108
469 97 472 104
385 103 391 103
390 103 396 103
395 103 402 102
406 103 407 107
411 103 412 103
437 103 442 104
448 103 453 107
464 103 469 108
380 108 387 107
385 108 391 107
390 108 396 107
422 108 423 107
443 108 448 107
479 108 483 116
385 113 392 113
390 113 397 113
479 118 484 124
380 124 382 123
385 124 387 122
437 124 443 122
474 124 474 118
390 129 390 126
401 129 402 134
390 134 391 133
395 134 396 133
401 134 402 140
406 134 408 139
437 134 444 132
443 134 449 132
474 134 478 138
401 139 402 143
406 139 406 142
411 139 411 142
406 145 406 147
374 150 382 144
411 150 412 148
416 150 418 149
422 150 423 149
469 150 472 138
490 150 487 138
380 155 386 149
385 155 391 150
390 155 398 154
395 155 404 155
416 155 417 153
422 155 423 153
484 155 484 143
490 155 487 143
385 160 392 153
416 160 417 157
422 160 422 158
490 160 488 149
380 166 387 158
385 166 392 157
390 166 396 157
443 166 447 158
464 166 468 158
469 166 473 159
474 166 479 159
374 171 380 162
380 171 386 162
385 171 391 162
390 171 395 163
416 171 418 164
422 171 423 163
427 171 428 163
432 171 437 169
453 171 456 160
458 171 462 162
464 171 468 163
469 171 474 164
380 176 385 167
385 176 391 167
390 176 396 168
401 176 402 169
406 176 408 168
411 176 413 168
416 176 418 168
422 176 423 167
427 176 428 168
453 176 456 164
464 176 467 168
474 176 478 164
479 176 483 165
380 181 385 173
385 181 391 173
390 181 396 173
395 181 401 173
406 181 407 173
416 181 417 173
422 181 422 172
432 181 437 173
443 181 447 169
448 181 452 169
453 181 456 170
469 181 473 169
474 181 478 169
385 187 391 178
390 187 396 177
406 187 407 178
411 187 411 174
416 187 417 178
422 187 422 178
443 187 446 175
453 187 453 175
474 187 478 174
374 192 380 183
385 192 391 183
395 192 401 180
411 192 412 179
427 192 429 180
432 192 434 180
437 192 442 180
443 192 446 180
448 192 453 179
453 192 458 179
458 192 462 178
495 192 499 184
500 192 503 182
380 197 385 189
390 197 396 185
395 197 401 185
406 197 408 184
411 197 412 183
416 197 421 184
422 197 426 185
432 197 433 185
437 197 438 185
443 197 447 185
448 197 452 184
453 197 457 184
464 197 464 184
469 197 473 185
374 202 381 190
390 202 396 190
395 202 401 190
401 202 406 190
411 202 417 189
416 202 422 189
427 202 428 190
443 202 447 189
448 202 452 189
453 202 457 189
458 202 462 189
469 202 472 189
474 202 478 189
479 202 482 189
484 202 488 190
500 202 504 195
511 202 513 193
364 207 376 189
369 207 376 195
374 207 381 195
395 207 403 195
411 207 417 194
416 207 421 194
422 207 427 195
437 207 443 193
443 207 447 193
448 207 452 194
453 207 458 194
479 207 483 193
484 207 488 193
495 207 499 198
500 207 505 198
369 213 375 199
374 213 380 199
395 213 397 200
422 213 427 204
464 213 468 198
469 213 473 198
474 213 478 198
495 213 500 203
380 218 390 200
458 218 457 204
469 218 477 205
484 218 487 209
458 223 458 209
479 223 483 215
484 223 487 215
495 223 497 210
511 223 514 213
364 228 367 218
385 228 401 204
458 228 468 209
464 228 473 209
474 228 488 225
479 228 483 220
500 228 503 229
516 228 519 219
380 234 398 209
385 234 403 209
448 234 463 214
495 234 498 236
516 234 519 225
521 234 524 224
359 239 362 230
380 239 397 215
385 239 402 215
490 239 494 241
495 239 499 240
500 239 510 230
521 239 524 230
364 244 365 236
511 244 519 235
521 244 524 234
359 249 362 240
505 249 509 244
511 249 515 245
521 249 524 239
453 255 456 250
464 255 464 251
469 255 468 251
505 255 508 250
516 255 519 239
521 255 523 255
359 260 362 250
464 260 463 256
484 260 478 255
490 260 484 255
516 260 519 254
359 265 362 255
448 265 436 246
453 265 442 245
500 265 499 260
505 265 509 265
511 265 514 264
359 270 361 265
448 270 436 251
453 270 443 251
500 270 514 250
505 270 509 270
516 270 519 265
416 276 408 255
469 276 478 270
484 276 483 270
490 276 488 270
516 276 519 270
416 281 408 260
464 281 471 276
490 281 487 276
500 281 505 269
511 281 510 280
432 286 453 281
458 286 469 281
495 286 491 291
401 291 417 285
406 291 423 286
469 291 463 295
484 291 474 295
390 297 392 296
395 297 397 297
401 297 423 291
422 297 407 297
484 297 474 300
380 302 387 302
390 302 392 300
395 302 397 301
401 302 423 296
422 302 407 300
437 302 426 297
443 302 433 296
448 302 439 296
432 307 422 302
448 307 448 306
453 307 454 307
474 307 478 305
427 312 417 309
432 312 422 310
443 312 441 311
448 312 446 311
458 312 464 310
