305 112 301 109
310 112 306 108
299 117 296 114
305 117 301 114
310 117 309 113
315 117 314 114
321 117 320 114
326 117 326 113
331 117 331 114
337 117 336 114
347 117 343 113
299 122 296 119
305 122 301 118
310 122 309 118
315 122 314 119
321 122 320 119
326 122 327 119
331 122 332 119
337 122 336 119
342 122 342 119
347 122 348 119
353 122 353 120
358 122 359 119
363 122 365 119
369 122 370 119
374 122 376 119
294 128 290 125
299 128 295 125
305 128 301 124
310 128 309 125
321 128 321 124
326 128 327 123
331 128 331 123
337 128 337 124
342 128 342 124
353 128 354 125
358 128 360 124
363 128 365 125
374 128 376 125
401 128 393 124
412 128 407 124
417 128 412 124
422 128 418 124
428 128 429 125
294 133 290 131
299 133 295 130
305 133 301 129
310 133 305 129
321 133 321 130
326 133 326 129
342 133 342 129
358 133 364 129
369 133 371 130
374 133 376 130
396 133 387 128
401 133 392 129
406 133 397 129
412 133 408 130
417 133 384 126
433 133 423 129
439 133 429 129
444 133 434 129
449 133 440 129
299 139 294 136
305 139 300 135
310 139 305 134
326 139 327 134
331 139 332 134
337 139 337 134
342 139 342 135
353 139 353 135
358 139 359 136
406 139 402 135
412 139 408 135
433 139 422 135
439 139 428 135
444 139 434 134
460 139 445 134
465 139 466 136
471 139 471 136
481 139 477 135
487 139 483 135
294 144 289 140
299 144 294 141
305 144 299 141
310 144 306 140
331 144 331 139
337 144 337 140
342 144 341 140
347 144 348 141
353 144 353 140
369 144 376 141
390 144 385 141
401 144 396 141
406 144 406 142
428 144 429 141
433 144 433 141
444 144 438 140
449 144 445 140
455 144 449 140
465 144 465 143
476 144 473 140
481 144 478 141
487 144 482 141
492 144 489 141
503 144 500 141
508 144 506 141
514 144 511 141
519 144 517 141
288 149 283 145
294 149 289 146
299 149 294 146
305 149 298 145
310 149 306 146
321 149 321 145
331 149 332 145
337 149 337 145
342 149 343 146
347 149 348 145
353 149 352 145
358 149 358 145
369 149 370 145
390 149 385 147
401 149 401 147
406 149 405 147
412 149 412 146
422 149 423 147
428 149 429 147
471 149 468 147
476 149 473 147
481 149 478 148
487 149 487 147
503 149 500 147
508 149 505 147
519 149 517 147
294 155 289 151
299 155 294 151
305 155 299 151
310 155 306 151
326 155 327 151
331 155 331 150
342 155 344 151
363 155 364 151
380 155 381 151
401 155 401 152
406 155 406 152
412 155 411 152
417 155 418 152
422 155 424 153
433 155 433 151
476 155 476 153
481 155 482 152
503 155 500 152
508 155 504 152
514 155 510 152
519 155 516 152
299 160 295 157
310 160 307 157
321 160 322 156
331 160 331 156
342 160 347 156
353 160 353 157
358 160 358 158
369 160 369 156
406 160 406 157
412 160 411 157
428 160 429 156
433 160 433 156
449 160 460 158
465 160 466 157
476 160 477 157
481 160 483 157
503 160 499 158
508 160 504 157
514 160 510 158
519 160 515 158
288 165 282 161
294 165 289 161
299 165 295 161
305 165 300 162
310 165 307 162
321 165 323 162
342 165 343 162
353 165 353 162
369 165 368 161
374 165 374 161
380 165 380 161
401 165 401 162
406 165 407 161
412 165 411 162
465 165 466 161
471 165 472 162
476 165 477 162
503 165 499 163
508 165 504 163
514 165 509 163
519 165 515 164
299 171 294 167
305 171 300 166
310 171 308 167
321 171 323 168
326 171 327 168
347 171 348 168
353 171 352 167
363 171 359 168
374 171 369 167
380 171 380 167
401 171 401 167
465 171 465 166
471 171 471 167
476 171 478 167
503 171 499 167
508 171 503 167
514 171 508 168
519 171 514 169
283 176 276 168
288 176 282 168
294 176 288 169
315 176 317 174
321 176 322 174
369 176 364 174
374 176 369 173
380 176 375 172
455 176 456 173
460 176 462 173
465 176 466 172
471 176 471 172
508 176 503 172
514 176 509 174
519 176 514 175
288 181 283 174
305 181 300 177
321 181 322 179
326 181 326 180
342 181 339 184
347 181 344 183
358 181 354 179
363 181 358 179
422 181 435 185
433 181 439 185
449 181 451 179
455 181 456 178
460 181 462 178
465 181 466 178
471 181 471 178
503 181 498 177
508 181 503 177
514 181 508 178
519 181 514 180
288 187 282 179
299 187 295 180
315 187 317 184
353 187 348 184
358 187 354 184
363 187 359 184
369 187 364 185
390 187 387 184
417 187 429 190
449 187 451 184
455 187 457 183
460 187 462 184
465 187 467 183
471 187 473 184
508 187 503 182
519 187 513 186
283 192 277 183
288 192 282 183
294 192 288 185
310 192 311 190
315 192 317 190
321 192 321 190
358 192 354 189
363 192 359 189
369 192 363 190
374 192 369 190
380 192 376 190
385 192 381 190
390 192 385 190
455 192 456 190
460 192 461 189
465 192 467 190
503 192 498 185
519 192 514 194
283 197 277 202
294 197 288 190
299 197 295 191
305 197 300 200
310 197 311 195
315 197 316 195
321 197 321 195
374 197 370 196
380 197 375 195
385 197 380 196
390 197 386 195
396 197 390 195
455 197 456 195
460 197 461 195
465 197 467 195
310 203 310 201
315 203 315 200
321 203 321 200
390 203 385 201
401 203 398 196
428 203 423 199
444 203 440 201
449 203 445 202
455 203 450 202
460 203 460 206
497 203 493 190
310 208 310 206
315 208 315 206
321 208 321 204
406 208 403 201
412 208 409 200
428 208 424 205
444 208 440 207
449 208 444 207
455 208 449 206
508 208 500 216
288 214 283 210
294 214 288 207
299 214 294 206
310 214 311 211
315 214 315 211
321 214 322 211
363 214 353 210
369 214 365 211
374 214 369 210
406 214 403 206
444 214 439 212
449 214 444 211
455 214 449 210
503 214 498 205
278 219 273 201
283 219 278 213
294 219 288 211
299 219 294 212
310 219 311 216
315 219 315 215
321 219 322 216
326 219 328 215
337 219 332 215
342 219 338 215
347 219 343 215
353 219 347 216
363 219 360 216
369 219 364 216
374 219 370 216
380 219 375 217
428 219 425 216
449 219 445 216
455 219 450 216
514 219 506 221
278 224 273 207
288 224 283 217
294 224 288 217
299 224 294 218
315 224 316 221
321 224 322 221
331 224 327 221
337 224 333 221
342 224 338 220
347 224 344 220
374 224 369 221
380 224 375 223
406 224 408 221
439 224 434 227
444 224 440 227
460 224 460 227
497 224 492 222
278 230 273 226
288 230 283 225
294 230 288 226
299 230 295 225
310 230 311 226
326 230 322 226
331 230 327 226
337 230 332 225
342 230 338 226
363 230 353 221
369 230 358 222
433 230 429 234
449 230 456 227
497 230 493 227
503 230 498 227
283 235 279 231
288 235 283 231
294 235 288 231
299 235 294 230
305 235 299 230
315 235 311 231
321 235 316 231
331 235 326 231
337 235 332 231
347 235 344 229
358 235 348 227
363 235 353 227
369 235 359 227
422 235 414 232
449 235 455 233
460 235 462 238
492 235 487 234
497 235 493 234
503 235 498 233
508 235 504 233
519 235 514 227
278 240 273 232
283 240 279 238
288 240 284 237
294 240 289 236
299 240 294 236
305 240 300 236
310 240 305 236
315 240 311 236
331 240 327 236
337 240 332 236
358 240 347 234
363 240 352 234
369 240 359 234
374 240 364 233
417 240 408 237
422 240 413 236
428 240 419 237
433 240 424 238
492 240 487 239
497 240 492 239
503 240 497 239
278 246 273 237
288 246 284 242
294 246 288 242
299 246 294 242
305 246 300 242
310 246 306 242
315 246 309 242
326 246 327 243
337 246 331 242
347 246 338 242
380 246 375 243
390 246 390 244
406 246 403 243
417 246 407 242
422 246 413 242
433 246 424 243
439 246 441 242
444 246 447 242
492 246 487 244
497 246 491 244
278 251 273 243
283 251 278 243
294 251 289 247
299 251 294 247
305 251 301 248
310 251 306 248
315 251 310 248
321 251 315 247
331 251 326 247
347 251 338 247
353 251 343 247
363 251 352 247
369 251 357 247
396 251 392 249
406 251 407 249
417 251 413 249
428 251 422 249
433 251 434 250
439 251 440 249
444 251 446 248
492 251 487 249
508 251 502 248
283 256 279 250
288 256 283 250
315 256 311 253
321 256 316 253
326 256 321 253
337 256 331 253
347 256 337 253
358 256 347 253
363 256 352 252
369 256 358 252
374 256 370 253
385 256 381 253
390 256 386 254
396 256 392 254
401 256 401 254
406 256 408 255
412 256 413 255
417 256 418 255
433 256 435 255
449 256 452 255
487 256 481 254
492 256 486 254
288 262 282 255
294 262 288 255
299 262 295 256
310 262 300 255
321 262 316 258
326 262 322 258
331 262 327 258
380 262 375 258
385 262 379 258
390 262 385 258
396 262 391 259
401 262 402 260
406 262 408 260
412 262 413 260
433 262 435 260
439 262 440 260
455 262 446 260
460 262 451 260
465 262 457 260
471 262 460 260
476 262 465 260
481 262 477 261
487 262 482 260
492 262 487 261
508 262 504 255
358 267 353 262
380 267 376 264
385 267 379 263
390 267 385 264
396 267 390 264
401 267 402 265
406 267 408 264
433 267 434 265
439 267 439 266
455 267 446 265
460 267 451 265
465 267 455 266
471 267 460 265
476 267 466 265
481 267 473 266
487 267 481 266
497 267 489 266
390 273 386 269
396 273 390 269
401 273 397 271
406 273 402 271
417 273 412 270
422 273 417 270
428 273 424 270
433 273 434 271
439 273 440 271
455 273 447 270
460 273 450 270
465 273 455 270
471 273 467 271
481 273 471 270
487 273 478 271
492 273 483 271
497 273 488 271
503 273 497 271
396 278 390 274
401 278 396 274
412 278 407 275
417 278 412 275
428 278 430 276
455 278 446 275
460 278 451 276
465 278 455 276
471 278 467 276
481 278 471 276
487 278 477 276
492 278 481 277
497 278 492 276
503 278 498 277
401 283 398 279
406 283 404 280
417 283 412 280
422 283 416 280
428 283 421 280
433 283 434 281
439 283 446 282
465 283 462 282
471 283 468 281
481 283 471 281
487 283 477 281
492 283 482 281
497 283 493 282
428 289 422 285
433 289 434 287
439 289 439 287
455 289 450 286
460 289 454 287
465 289 463 287
471 289 468 287
476 289 473 288
481 289 478 288
487 289 483 288
492 289 488 288
