459 140 465 155
484 140 486 160
421 153 427 164
395 159 399 167
408 159 414 168
414 159 420 169
389 166 385 171
395 166 399 172
401 166 406 173
408 166 413 174
414 166 420 175
382 172 379 177
389 172 393 177
395 172 399 179
408 172 412 180
414 172 417 182
421 172 423 182
427 172 430 183
318 178 326 178
395 178 400 186
408 178 412 186
414 178 418 187
421 178 424 188
427 178 430 188
491 178 495 189
306 185 313 183
312 185 319 184
318 185 326 184
325 185 332 184
363 185 357 190
389 185 390 192
395 185 397 192
401 185 404 193
408 185 410 193
414 185 418 193
433 185 442 197
478 185 487 200
484 185 493 201
306 191 312 189
312 191 318 189
318 191 324 190
325 191 332 191
331 191 338 191
376 191 377 197
382 191 383 197
389 191 391 197
401 191 396 199
408 191 410 199
414 191 418 200
427 191 430 202
433 191 437 203
484 191 492 209
497 191 500 210
280 198 281 192
293 198 297 194
299 198 304 194
312 198 317 196
318 198 324 197
325 198 332 198
370 198 363 206
382 198 383 204
401 198 404 205
408 198 410 206
414 198 417 206
427 198 429 209
433 198 436 209
280 204 279 199
287 204 291 199
318 204 323 203
325 204 331 204
331 204 336 205
338 204 343 205
344 204 351 206
376 204 377 210
389 204 395 210
395 204 401 210
408 204 409 212
427 204 429 215
433 204 434 215
267 210 267 203
293 210 297 205
306 210 309 206
318 210 324 208
325 210 331 209
331 210 336 210
338 210 342 211
344 210 349 212
350 210 354 212
389 210 394 216
395 210 400 217
427 210 428 221
223 217 226 205
242 217 245 207
287 217 285 211
293 217 298 211
312 217 316 214
325 217 328 216
331 217 336 217
338 217 342 218
344 217 348 218
350 217 354 218
363 217 363 220
370 217 369 221
382 217 387 221
389 217 394 222
395 217 401 223
401 217 407 224
414 217 417 225
427 217 430 228
433 217 438 229
440 217 444 228
229 223 232 212
236 223 237 212
287 223 283 217
318 223 321 221
325 223 328 222
338 223 341 224
344 223 346 224
350 223 352 224
363 223 363 226
370 223 369 227
376 223 376 228
382 223 379 229
389 223 393 229
395 223 398 230
401 223 404 231
408 223 410 231
421 223 419 233
440 223 445 236
446 223 452 230
452 223 459 232
497 223 496 241
229 229 230 217
236 229 237 218
274 229 271 221
280 229 277 222
287 229 283 223
318 229 321 227
331 229 335 229
338 229 340 230
344 229 346 231
350 229 352 232
363 229 362 233
370 229 368 234
376 229 375 235
389 229 392 236
408 229 404 238
414 229 413 238
421 229 418 238
491 229 482 247
267 236 262 229
318 236 320 234
325 236 328 234
331 236 335 236
338 236 339 237
344 236 345 238
350 236 352 238
357 236 359 239
370 236 368 239
414 236 410 244
421 236 416 244
452 236 448 250
248 242 249 230
325 242 326 241
331 242 331 243
338 242 337 244
344 242 344 244
350 242 351 244
414 242 408 250
421 242 415 250
427 242 422 252
236 249 235 237
280 249 275 242
299 249 300 244
331 249 330 249
338 249 336 249
401 249 397 256
421 249 415 257
427 249 420 258
248 255 247 243
255 255 249 245
261 255 253 247
299 255 299 251
338 255 333 255
344 255 339 256
421 255 415 264
299 261 294 257
306 261 301 258
350 261 343 262
255 268 252 256
299 268 293 263
344 268 338 268
255 274 251 262
280 274 272 267
312 274 303 271
331 274 328 273
338 274 335 274
255 281 250 269
261 281 256 270
293 281 278 276
299 281 283 277
331 281 324 279
338 281 330 280
248 287 243 275
255 287 249 276
261 287 257 276
267 287 262 276
248 293 243 281
255 293 249 282
267 293 256 286
248 300 242 288
