494 124 481 140
504 124 492 140
528 129 518 147
538 129 512 143
460 133 461 144
455 138 455 149
460 138 460 149
485 138 475 155
455 143 454 155
504 143 485 157
504 148 485 161
407 153 393 183
582 153 561 171
582 158 560 175
587 158 566 177
582 163 561 181
587 163 566 182
592 163 571 182
582 167 562 185
587 167 567 186
592 167 572 187
587 172 567 191
596 172 577 195
465 177 449 191
470 177 453 191
475 177 458 191
582 177 561 201
596 177 577 200
577 182 555 213
582 182 560 212
587 182 566 211
587 187 566 217
524 201 498 218
494 206 487 222
436 211 431 231
587 211 565 237
514 216 507 234
538 216 513 231
572 216 548 241
577 216 554 241
587 216 563 242
455 221 447 232
514 221 508 239
465 226 460 242
460 231 451 242
465 231 456 243
509 231 503 250
514 231 507 249
460 236 450 247
465 236 455 248
470 236 471 254
475 236 476 253
514 236 507 254
524 236 512 254
528 236 517 255
451 240 461 263
460 240 460 258
465 240 465 258
470 240 471 258
475 240 476 259
514 240 506 259
446 245 455 268
451 245 460 268
455 245 465 267
465 245 466 263
470 245 472 263
494 245 491 259
499 245 496 259
504 245 501 260
446 250 450 272
451 250 460 272
455 250 465 272
470 250 474 268
499 250 496 265
504 250 501 264
446 255 449 276
451 255 459 277
455 255 465 277
460 255 475 278
470 255 475 273
485 255 486 269
426 260 423 282
431 260 429 282
436 260 439 281
504 260 495 269
426 265 423 286
431 265 429 287
451 265 455 285
455 265 464 285
460 265 470 285
470 265 481 284
441 270 444 289
446 270 450 289
451 270 455 289
460 270 469 289
465 270 475 289
470 270 480 288
485 270 494 286
426 274 423 293
431 274 429 293
436 274 438 294
441 274 444 294
446 274 450 294
451 274 455 293
460 274 468 293
465 274 473 293
475 274 484 291
480 274 489 290
485 274 495 290
421 279 418 298
426 279 424 298
431 279 429 298
441 279 444 299
446 279 450 299
451 279 455 297
480 279 486 294
494 279 500 291
499 279 505 290
514 279 515 287
519 279 519 286
543 279 532 282
421 284 417 302
426 284 426 302
441 284 444 303
446 284 449 302
451 284 455 302
460 284 465 300
465 284 470 300
470 284 475 300
480 284 485 299
485 284 490 296
490 284 495 296
494 284 501 296
499 284 506 295
514 284 515 292
519 284 520 291
421 289 417 308
441 289 443 307
455 289 459 305
460 289 464 305
465 289 470 304
470 289 478 305
485 289 490 300
490 289 495 300
494 289 500 301
499 289 505 300
509 289 511 297
514 289 515 297
446 294 447 310
451 294 453 310
455 294 458 310
460 294 464 309
465 294 469 309
470 294 474 308
480 294 485 305
485 294 490 305
490 294 495 304
509 294 510 302
431 299 432 313
436 299 438 314
441 299 443 314
446 299 448 314
451 299 453 314
455 299 459 314
460 299 465 314
465 299 469 313
475 299 479 311
480 299 484 310
494 299 499 306
499 299 503 307
519 299 513 301
524 299 518 302
431 304 430 319
436 304 438 319
446 304 449 319
451 304 454 318
455 304 459 318
460 304 465 318
470 304 474 316
475 304 479 316
480 304 484 315
485 304 489 310
490 304 493 310
494 304 498 310
499 304 503 311
504 304 509 311
519 304 514 306
524 304 518 306
436 308 437 324
446 308 449 324
451 308 453 324
455 308 459 323
465 308 469 321
470 308 474 321
475 308 478 320
485 308 489 316
490 308 493 315
494 308 498 315
519 308 515 311
524 308 518 311
446 313 448 328
451 313 453 327
460 313 463 325
465 313 468 325
470 313 473 325
480 313 484 321
485 313 489 321
490 313 493 320
509 313 508 317
455 318 457 329
460 318 462 329
465 318 467 329
475 318 479 326
480 318 484 326
485 318 488 325
490 318 492 325
504 318 504 322
509 318 508 320
451 323 452 334
455 323 456 333
475 323 478 330
485 323 487 330
499 323 499 326
504 323 504 325
519 323 515 323
524 323 519 323
470 328 474 334
490 328 492 331
494 328 497 330
509 328 507 328
519 328 514 328
485 333 487 336
490 333 492 335
494 333 497 335
509 333 507 333
485 338 487 340
