519 129 471 111
417 138 419 64
387 148 376 34
426 148 413 82
436 226 398 128
441 226 404 132
441 231 399 138
451 231 410 140
455 231 416 144
451 236 404 146
441 240 391 145
451 240 400 152
548 240 503 191
509 250 442 155
519 250 451 161
562 250 466 260
465 255 388 151
504 255 423 161
509 255 435 160
524 255 450 171
548 255 471 202
558 255 457 259
562 255 472 228
446 260 349 142
451 260 359 143
465 260 381 158
475 260 393 156
499 260 412 162
504 260 418 168
509 260 425 174
519 260 434 182
524 260 439 186
528 260 445 191
562 260 466 236
446 265 343 149
451 265 350 152
460 265 368 160
465 265 375 165
504 265 413 175
509 265 418 180
519 265 428 188
524 265 432 192
528 265 438 199
533 265 443 204
436 270 331 148
446 270 338 154
480 270 381 170
490 270 393 171
494 270 400 175
504 270 408 180
514 270 416 190
519 270 421 195
524 270 426 199
528 270 432 206
533 270 437 213
431 274 319 151
455 274 345 161
480 274 376 176
485 274 382 182
494 274 392 182
504 274 402 189
509 274 408 193
519 274 416 200
524 274 421 206
528 274 427 213
533 274 431 219
446 279 329 163
455 279 338 166
480 279 370 183
490 279 377 191
494 279 383 196
436 284 308 174
446 284 319 172
480 284 362 189
485 284 369 193
494 284 378 202
499 284 385 206
514 284 399 220
519 284 404 226
431 289 293 175
436 289 300 179
446 289 314 179
460 289 334 186
470 289 347 198
475 289 351 203
480 289 357 195
490 289 366 204
494 289 372 209
499 289 378 214
509 289 386 221
514 289 392 226
519 289 398 233
524 289 403 239
538 289 415 250
543 289 412 267
431 294 288 183
436 294 294 186
460 294 325 192
490 294 362 210
494 294 367 216
499 294 373 220
504 294 379 226
514 294 386 232
519 294 393 239
524 294 398 245
528 294 399 258
543 294 407 274
431 299 284 188
436 299 289 192
494 299 362 222
499 299 367 227
504 299 372 231
524 299 391 253
533 299 398 267
543 299 400 282
431 304 277 195
436 304 283 199
465 304 314 207
494 304 353 230
499 304 358 236
504 304 366 239
514 304 373 257
519 304 382 264
533 304 392 276
543 304 394 289
431 308 266 197
436 308 272 202
441 308 279 206
465 308 308 213
490 308 343 230
494 308 348 236
499 308 352 243
504 308 359 249
509 308 365 254
519 308 377 271
528 308 380 275
543 308 389 295
436 313 266 207
494 313 342 243
499 313 347 250
504 313 353 256
509 313 357 263
524 313 370 276
528 313 374 283
533 313 378 290
543 313 365 320
548 313 369 327
494 318 336 249
499 318 342 256
519 318 359 277
524 318 364 283
528 318 368 291
533 318 373 297
543 318 358 325
475 323 285 238
485 323 323 248
509 323 348 273
519 323 354 284
524 323 358 291
528 323 362 297
533 323 368 304
455 328 265 221
460 328 271 227
499 328 325 272
504 328 332 277
509 328 343 281
519 328 346 291
524 328 353 297
528 328 357 304
494 333 313 275
499 333 320 279
504 333 325 285
494 338 306 280
