356 138 313 165
362 138 317 163
356 145 315 168
362 145 319 167
330 151 304 177
337 151 309 175
324 157 302 184
330 157 307 182
343 157 313 180
330 164 310 187
343 164 316 183
349 164 321 182
375 164 338 175
420 164 367 161
324 170 305 191
343 170 318 188
407 170 362 170
305 176 291 205
317 176 302 198
324 176 308 196
330 176 312 193
362 176 337 187
375 176 344 183
324 183 309 201
375 183 347 189
381 183 351 185
388 183 356 183
407 183 367 178
375 189 349 193
381 189 354 191
388 189 360 189
394 189 364 185
407 189 371 182
381 196 357 196
388 196 362 193
394 196 368 190
298 202 294 237
349 202 335 208
362 202 346 203
381 202 359 201
388 202 365 197
394 202 371 194
426 202 392 183
349 208 338 214
343 215 335 221
349 215 341 219
356 215 347 216
362 215 349 220
490 215 452 176
553 215 477 157
286 221 287 270
292 221 292 267
560 221 488 158
298 227 305 266
311 234 313 269
496 234 461 186
356 240 352 263
388 247 376 256
394 247 381 252
