436 165 422 173
447 176 436 183
453 176 440 185
420 182 413 178
426 182 418 179
447 182 437 186
453 182 441 188
409 187 407 177
420 187 413 182
426 187 420 183
453 187 443 192
458 187 447 193
404 193 399 180
409 193 404 182
420 193 415 187
426 193 421 188
393 198 390 181
404 198 399 185
409 198 402 187
415 198 412 188
453 198 443 199
458 198 448 199
464 198 453 203
480 198 472 211
382 203 379 186
387 203 384 188
415 203 411 192
436 203 431 198
442 203 435 198
447 203 440 201
453 203 444 203
458 203 447 203
475 203 468 215
480 203 472 215
436 209 431 203
442 209 436 203
458 209 447 208
371 214 359 202
420 214 420 201
431 214 425 203
436 214 430 207
442 214 436 207
447 214 440 208
382 220 378 207
404 220 396 210
420 220 420 206
426 220 424 206
442 220 437 212
447 220 442 213
453 220 447 213
382 225 378 214
415 225 415 210
431 225 428 210
436 225 433 211
447 225 442 217
431 231 428 216
442 231 439 216
480 231 474 229
382 236 376 223
420 236 418 219
447 236 444 221
475 236 470 229
480 236 473 234
415 242 414 224
420 242 419 224
415 247 414 228
436 252 431 245
442 252 435 245
469 252 466 242
431 258 427 250
436 258 432 250
442 258 436 250
431 263 426 255
436 263 432 254
442 263 436 254
431 269 425 262
436 269 430 263
442 269 439 260
317 274 321 232
322 274 325 232
333 274 333 233
431 274 426 266
442 274 437 267
431 280 426 271
317 285 314 251
322 285 319 252
328 285 323 252
311 291 309 256
317 291 314 256
322 291 319 257
328 291 323 257
360 291 383 269
393 291 398 261
306 296 301 265
311 296 308 261
322 296 318 262
317 301 313 266
322 301 317 266
328 301 321 262
333 301 326 262
322 307 317 270
328 307 321 267
333 307 326 267
339 307 339 277
344 307 344 278
333 312 334 282
339 312 339 282
344 312 344 282
349 312 348 283
377 312 392 285
382 312 397 285
393 312 405 287
344 318 341 287
349 318 348 288
355 318 352 288
360 318 358 287
371 318 372 284
377 318 392 289
409 318 419 291
426 318 429 291
431 318 438 287
436 318 443 292
442 318 447 292
447 318 451 292
344 323 343 296
349 323 348 295
355 323 353 293
360 323 359 292
366 323 367 289
371 323 373 289
377 323 390 294
382 323 395 295
426 323 432 293
431 323 438 293
344 329 343 301
349 329 348 301
355 329 353 300
360 329 358 298
366 329 366 296
371 329 372 293
377 329 377 293
382 329 395 300
387 329 400 300
393 329 405 301
398 329 409 302
420 329 427 298
431 329 438 297
360 334 357 303
366 334 363 303
426 334 433 301
355 339 351 311
360 339 357 311
366 339 361 308
404 345 414 323
431 345 437 316
382 350 384 327
387 350 390 327
393 350 398 327
409 350 402 329
426 350 417 339
377 356 383 336
387 356 390 332
398 356 397 333
404 356 413 329
393 361 394 338
398 361 397 337
404 361 403 337
