416 138 400 146
419 138 404 142
339 141 308 228
409 141 394 162
413 141 399 156
416 141 403 152
326 147 275 274
329 147 280 269
388 165 356 224
388 168 360 230
403 168 374 203
339 171 296 289
394 171 360 220
397 171 366 215
403 171 378 208
406 171 383 204
394 175 366 226
397 175 372 221
403 175 383 214
406 175 388 209
345 178 305 289
406 178 393 215
397 184 402 182
400 184 407 177
397 187 406 187
400 187 410 182
443 187 434 180
428 193 367 182
428 196 371 187
431 199 419 152
388 202 367 291
391 202 373 287
403 205 406 253
406 205 411 249
425 205 299 271
360 208 351 314
419 208 389 200
422 208 297 281
425 208 303 275
354 211 341 314
373 211 326 284
425 211 307 282
351 215 341 323
379 215 371 309
403 215 418 269
450 215 446 205
425 218 358 333
434 218 462 194
450 218 446 216
369 221 365 321
437 221 472 193
336 224 333 336
369 224 368 326
409 224 419 260
366 236 382 344
394 236 389 320
397 236 394 315
422 236 450 254
428 239 454 250
354 255 397 330
342 258 365 364
