343 141 329 110
350 141 335 109
376 141 362 103
475 141 457 98
495 141 476 95
356 148 337 117
475 148 458 105
495 148 479 102
508 148 495 104
323 154 311 121
363 154 345 122
370 154 352 121
502 154 488 113
317 161 295 131
383 161 368 124
409 161 382 128
449 161 427 129
535 161 520 115
317 168 305 131
363 168 340 129
370 168 345 128
310 174 299 137
383 174 363 138
409 174 384 136
422 174 398 132
455 174 430 141
535 174 521 130
310 181 300 143
317 181 306 143
416 181 391 140
429 181 407 137
462 181 437 146
310 187 294 155
330 187 315 150
337 187 321 149
495 187 481 146
508 187 494 146
561 187 545 142
290 194 282 155
297 194 289 154
310 194 296 165
317 194 302 165
323 194 309 165
337 194 316 156
343 194 324 154
376 194 353 158
422 194 403 147
442 194 418 149
502 194 487 145
561 194 545 154
568 194 552 153
290 201 283 161
297 201 289 161
323 201 310 171
343 201 325 160
422 201 404 153
475 201 448 167
515 201 496 160
528 201 506 160
541 201 526 157
548 201 530 137
568 201 550 160
422 207 403 161
429 207 410 160
462 207 434 170
482 207 455 171
495 207 465 171
508 207 483 169
515 207 491 168
528 207 506 167
535 207 513 166
541 207 529 165
548 207 534 166
284 214 278 171
290 214 284 171
376 214 355 172
422 214 394 183
442 214 414 179
455 214 429 177
462 214 434 176
469 214 443 174
488 214 459 179
495 214 465 177
502 214 478 176
508 214 484 175
521 214 500 173
535 214 514 173
541 214 521 172
548 214 531 172
554 214 537 172
561 214 545 171
277 220 272 178
284 220 278 178
297 220 290 175
383 220 362 176
403 220 378 174
455 220 431 183
462 220 435 183
502 220 475 181
508 220 481 180
515 220 494 180
521 220 501 179
528 220 508 177
284 227 278 183
290 227 285 183
297 227 291 182
323 227 309 188
330 227 316 186
376 227 356 186
469 227 440 188
482 227 455 185
488 227 460 185
495 227 467 185
515 227 495 184
521 227 503 184
528 227 509 184
535 227 515 183
548 227 529 182
554 227 537 181
561 227 544 178
574 227 559 181
290 234 285 191
310 234 301 188
323 234 310 193
330 234 316 192
337 234 323 190
343 234 328 191
409 234 383 193
422 234 396 197
429 234 403 197
449 234 418 195
455 234 425 195
475 234 449 194
482 234 455 192
488 234 462 192
495 234 468 192
502 234 476 192
508 234 482 191
521 234 503 190
535 234 511 190
541 234 519 189
548 234 525 187
554 234 532 185
290 240 283 200
297 240 288 199
310 240 301 196
337 240 324 197
356 240 340 195
396 240 374 204
416 240 391 201
429 240 404 205
442 240 413 203
455 240 426 200
462 240 434 199
495 240 470 199
502 240 476 199
508 240 484 198
515 240 498 195
535 240 512 195
541 240 520 194
548 240 526 193
554 240 534 192
561 240 542 192
568 240 549 192
574 240 556 192
297 247 290 205
304 247 295 204
330 247 317 201
383 247 366 189
442 247 414 209
449 247 420 207
462 247 435 205
469 247 442 204
475 247 449 204
502 247 477 205
508 247 484 204
515 247 497 202
521 247 505 200
541 247 521 201
548 247 528 199
554 247 535 198
561 247 542 197
568 247 548 198
574 247 557 198
284 253 277 208
317 253 305 208
330 253 318 208
396 253 372 218
455 253 428 212
475 253 449 210
482 253 458 210
495 253 472 212
502 253 478 211
508 253 484 210
515 253 492 209
521 253 499 208
528 253 507 206
535 253 514 205
548 253 529 207
554 253 536 205
561 253 542 204
568 253 551 203
574 253 558 204
284 260 277 215
304 260 296 212
310 260 298 217
317 260 306 215
323 260 312 214
330 260 313 223
376 260 357 214
383 260 363 212
449 260 421 216
462 260 435 214
469 260 442 214
475 260 449 215
515 260 491 214
528 260 507 212
535 260 514 212
541 260 521 211
554 260 536 213
568 260 551 210
574 260 558 209
284 267 277 220
290 267 284 221
330 267 314 228
370 267 351 222
383 267 363 220
449 267 423 221
455 267 430 221
462 267 436 220
469 267 443 220
482 267 456 223
502 267 479 219
508 267 486 219
521 267 499 219
528 267 507 219
535 267 514 217
541 267 521 218
548 267 529 217
304 273 295 226
310 273 301 226
317 273 307 225
383 273 363 227
396 273 375 226
403 273 379 224
429 273 408 224
455 273 431 226
469 273 440 227
482 273 454 225
502 273 479 225
508 273 486 225
515 273 493 224
535 273 514 225
548 273 527 224
554 273 533 224
568 273 552 221
574 273 559 220
284 280 280 233
310 280 301 232
317 280 308 230
376 280 358 233
389 280 369 233
396 280 374 232
403 280 380 231
409 280 386 231
429 280 406 233
436 280 412 232
442 280 419 232
449 280 425 231
475 280 448 233
482 280 455 232
488 280 462 231
495 280 473 232
502 280 480 231
515 280 492 230
521 280 499 230
541 280 521 231
297 286 290 239
304 286 295 238
323 286 315 235
383 286 363 240
389 286 369 239
396 286 376 239
449 286 427 237
469 286 442 239
475 286 448 238
515 286 493 236
521 286 500 236
528 286 508 236
535 286 515 236
541 286 524 233
548 286 533 231
561 286 547 228
304 293 296 245
310 293 302 244
317 293 310 244
383 293 363 246
389 293 369 246
396 293 376 245
409 293 389 242
436 293 407 248
442 293 413 245
455 293 429 243
515 293 495 243
521 293 502 242
528 293 508 241
535 293 515 242
541 293 527 239
548 293 534 238
554 293 542 237
561 293 549 236
356 300 339 252
370 300 351 251
376 300 357 251
449 300 422 250
455 300 430 248
462 300 437 248
488 300 466 248
495 300 473 248
502 300 482 250
508 300 489 248
521 300 502 248
528 300 509 248
535 300 515 248
541 300 524 247
548 300 535 244
376 306 357 256
383 306 364 256
429 306 400 257
436 306 408 256
442 306 416 256
455 306 430 255
462 306 437 255
488 306 467 255
495 306 474 254
502 306 482 255
508 306 489 255
515 306 496 254
521 306 503 254
528 306 510 254
535 306 517 254
541 306 524 253
323 313 312 259
356 313 341 260
370 313 352 259
429 313 402 263
442 313 416 261
449 313 424 260
455 313 430 262
482 313 461 261
495 313 476 262
502 313 482 262
508 313 489 262
515 313 496 261
528 313 511 261
363 319 346 266
370 319 352 264
422 319 397 269
429 319 402 268
436 319 410 267
442 319 417 266
508 319 490 267
370 326 359 270
488 326 471 271
343 333 339 276
422 333 398 278
356 339 347 281
363 339 355 279
416 339 391 286
429 339 405 285
396 352 387 295
