-0.4762232005596161 0.7542737126350403 0.4519763290882111 -0.09937368333339691 
0.8141468167304993 0.1840167641639709 0.5507293343544006 -0.2340119481086731 
0.3322294056415558 0.6302452087402344 -0.7017225623130798 0.2183340042829514 
0 0 0 1 

0.1709654182195663 0.932758092880249 0.3173850476741791 -0.1070209741592407 
0.8213823437690735 -0.3128352165222168 0.4769332408905029 -0.2346376925706863 
0.5441524982452393 0.1791553348302841 -0.8196349740028381 0.2451903820037842 
0 0 0 1 

0.5924914479255676 0.7393690347671509 0.319823831319809 -0.1409012228250504 
0.4651811718940735 0.0101150069385767 -0.8851576447486877 0.2441913187503815 
-0.6576932072639465 0.6732243895530701 -0.3379475474357605 0.1875957995653152 
0 0 0 1 

0.1853014528751373 0.9141448736190796 0.3605583608150482 -0.1084725335240364 
0.5642281770706177 0.2014298886060715 -0.8006699085235596 0.2259579002857208 
-0.8045555949211121 0.3518024384975433 -0.4784610569477081 0.2351022213697433 
0 0 0 1 

0.8042502999305725 0.1659898608922958 0.5706389546394348 -0.2159548699855804 
-0.06956729292869568 -0.9273049235343933 0.3677854835987091 -0.1249445900321007 
0.5902048945426941 -0.335489422082901 -0.7342377901077271 0.205992117524147 
0 0 0 1 

0.814127504825592 0.09417774528264999 0.5729982256889343 -0.2147980332374573 
-0.07395411282777786 -0.961909294128418 0.2631745040416718 -0.08729853481054306 
0.5759575963020325 -0.2566331923007965 -0.7761520147323608 0.2198027968406677 
0 0 0 1 

0.7945627570152283 0.01291458029299974 0.6070446968078613 -0.2213656604290009 
-0.1084645316004753 -0.9806734323501587 0.1628329157829285 -0.04805285483598709 
0.5974156856536865 -0.1952237784862518 -0.7778058648109436 0.221009373664856 
0 0 0 1 

0.8276752829551697 -0.08290765434503555 0.5550494790077209 -0.202025443315506 
-0.1362369954586029 -0.9891257882118225 0.05540752783417702 -0.00570225715637207 
0.5444199442863464 -0.1214777156710625 -0.8299700021743774 0.2413983792066574 
0 0 0 1 

0.8214321732521057 -0.0468112975358963 0.5683817863464355 -0.2024845629930496 
-0.06600084900856018 -0.9977322220802307 0.01321310736238956 0.02397206425666809 
0.5664741992950439 -0.04836735501885414 -0.822658896446228 0.2424312233924866 
0 0 0 1 

0.8134232759475708 -0.01237497199326754 0.5815410614013672 -0.2117408215999603 
-0.004231803584843874 -0.9998732805252075 -0.01535775326192379 0.06115201115608215 
0.5816572904586792 0.0100313937291503 -0.8133726716041565 0.2443041950464249 
0 0 0 1 

