426 75 429 74
413 82 417 80
419 82 423 81
426 82 431 80
413 88 417 86
419 88 425 87
472 88 474 89
478 88 481 89
406 95 410 93
413 95 416 93
426 95 432 94
465 95 468 95
472 95 474 95
478 95 480 95
419 101 422 101
426 101 431 102
433 101 438 102
446 101 448 102
452 101 455 101
459 101 462 102
465 101 467 102
472 101 473 101
478 101 480 107
485 101 488 105
498 101 500 104
505 101 507 104
406 108 410 105
413 108 416 106
419 108 423 107
426 108 429 108
439 108 441 107
446 108 448 107
452 108 455 107
465 108 467 112
472 108 475 109
492 108 494 110
505 108 507 111
406 115 410 113
413 115 416 113
419 115 422 114
426 115 429 113
433 115 435 114
439 115 441 115
446 115 447 115
452 115 455 115
459 115 460 115
478 115 481 116
492 115 494 117
413 121 415 121
419 121 422 120
426 121 429 120
433 121 436 121
439 121 441 121
446 121 447 121
452 121 453 122
459 121 460 122
465 121 467 122
472 121 474 122
478 121 481 124
485 121 487 122
492 121 494 124
498 121 500 124
393 128 396 126
400 128 402 126
406 128 408 126
419 128 422 127
426 128 429 127
459 128 461 128
465 128 467 128
472 128 474 128
498 128 500 131
393 134 396 132
400 134 402 133
406 134 408 133
413 134 415 134
419 134 420 134
426 134 426 133
446 134 448 134
459 134 461 135
465 134 467 135
472 134 474 136
478 134 481 135
492 134 493 137
498 134 500 138
505 134 507 138
387 141 388 139
393 141 395 139
400 141 401 140
406 141 409 141
413 141 415 140
419 141 420 141
426 141 426 140
433 141 434 140
439 141 441 141
446 141 448 141
452 141 454 141
465 141 467 142
472 141 474 142
505 141 506 144
511 141 513 144
387 147 388 145
393 147 395 145
400 147 401 146
406 147 409 147
413 147 414 147
419 147 420 147
426 147 427 146
433 147 434 147
439 147 441 148
446 147 447 148
452 147 453 151
459 147 459 150
465 147 468 148
472 147 474 148
505 147 506 151
511 147 512 150
387 154 389 151
393 154 395 151
400 154 401 152
406 154 408 152
413 154 414 153
419 154 421 153
426 154 427 154
433 154 433 154
439 154 441 154
446 154 447 154
459 154 460 157
465 154 466 157
472 154 472 157
478 154 479 156
485 154 486 156
492 154 492 156
498 154 499 157
505 154 506 157
511 154 512 156
380 161 381 158
387 161 388 159
393 161 394 159
400 161 401 159
406 161 408 158
413 161 413 160
419 161 419 161
426 161 427 160
433 161 433 160
439 161 440 159
446 161 447 160
452 161 454 159
478 161 479 163
498 161 499 163
505 161 506 163
511 161 512 164
387 167 388 165
393 167 394 166
406 167 408 165
413 167 413 165
419 167 420 167
426 167 427 167
433 167 433 166
439 167 439 166
446 167 446 166
452 167 453 167
459 167 459 167
465 167 467 168
472 167 472 168
485 167 486 168
492 167 492 168
498 167 499 169
505 167 505 170
380 174 380 173
387 174 387 172
400 174 401 165
406 174 407 173
413 174 413 174
419 174 420 174
426 174 427 173
433 174 433 173
439 174 439 173
446 174 446 174
452 174 452 174
459 174 459 174
465 174 466 174
472 174 473 174
492 174 492 174
373 180 375 172
387 180 387 178
393 180 395 173
400 180 401 171
406 180 407 179
413 180 413 180
419 180 420 180
426 180 427 180
433 180 433 180
439 180 439 180
446 180 446 180
452 180 452 180
459 180 459 181
465 180 465 180
478 180 479 181
492 180 492 180
373 187 375 180
380 187 382 179
387 187 387 185
393 187 395 179
400 187 400 184
406 187 406 185
413 187 413 186
419 187 419 186
433 187 433 186
439 187 439 187
446 187 445 186
452 187 453 190
465 187 465 187
472 187 472 187
478 187 479 187
373 193 375 186
380 193 381 190
400 193 401 190
406 193 407 191
413 193 412 192
419 193 419 192
426 193 426 193
433 193 433 193
439 193 439 192
446 193 445 193
452 193 452 196
459 193 459 193
465 193 465 193
472 193 472 194
478 193 478 193
373 200 373 199
380 200 380 197
387 200 387 197
393 200 394 197
400 200 401 197
406 200 407 198
413 200 413 198
419 200 419 198
426 200 426 199
439 200 439 199
446 200 446 200
459 200 459 200
465 200 465 200
472 200 472 200
478 200 478 200
367 206 366 205
373 206 373 206
380 206 380 204
387 206 387 203
393 206 394 203
400 206 401 205
406 206 407 205
413 206 413 205
419 206 419 205
426 206 425 206
439 206 438 206
446 206 445 204
452 206 452 206
459 206 458 207
465 206 465 207
373 213 373 211
380 213 380 210
387 213 387 210
393 213 394 210
400 213 400 210
406 213 407 211
413 213 413 211
419 213 419 212
426 213 426 213
433 213 432 212
439 213 438 212
446 213 445 211
452 213 452 213
459 213 458 213
465 213 464 213
472 213 471 214
478 213 478 211
367 220 366 216
380 220 379 217
387 220 386 216
393 220 393 217
400 220 400 217
406 220 406 218
413 220 413 217
419 220 419 219
426 220 426 219
433 220 432 219
446 220 444 218
452 220 452 219
459 220 458 219
478 220 478 219
393 226 392 224
406 226 406 224
413 226 412 225
419 226 419 225
426 226 426 226
433 226 431 225
439 226 438 224
452 226 451 226
459 226 458 226
465 226 464 227
472 226 471 228
387 233 386 231
393 233 392 231
400 233 398 231
406 233 405 231
413 233 411 231
419 233 418 231
426 233 426 232
439 233 438 231
446 233 445 232
452 233 451 233
459 233 458 233
465 233 464 233
393 239 392 237
400 239 399 238
406 239 405 238
419 239 419 238
433 239 428 238
439 239 437 237
446 239 445 238
452 239 451 239
459 239 458 239
465 239 464 239
472 239 470 239
373 246 373 243
380 246 379 243
387 246 386 244
393 246 392 244
413 246 411 245
419 246 418 245
433 246 429 244
439 246 437 245
446 246 444 245
452 246 451 246
459 246 457 246
465 246 464 246
354 252 352 250
367 252 366 250
373 252 372 250
380 252 379 250
387 252 385 250
393 252 392 251
426 252 427 251
433 252 431 252
452 252 451 252
459 252 457 253
465 252 464 253
367 259 364 256
373 259 372 257
380 259 378 257
387 259 385 257
406 259 404 258
413 259 411 258
419 259 418 258
426 259 425 258
433 259 432 258
439 259 437 258
354 265 352 263
367 265 364 264
373 265 371 264
380 265 378 264
387 265 384 264
400 265 397 264
406 265 404 264
413 265 411 264
426 265 424 265
433 265 431 265
439 265 437 265
452 265 451 265
354 272 351 271
360 272 358 270
367 272 364 269
373 272 371 270
413 272 411 271
426 272 424 271
360 279 358 275
387 279 384 277
400 279 397 277
406 279 404 278
413 279 410 277
426 279 424 277
433 279 431 278
360 285 358 283
367 285 364 282
373 285 371 282
413 285 410 284
419 285 416 285
426 285 424 284
360 292 358 288
373 292 371 289
341 298 338 295
354 298 351 294
360 298 357 295
367 298 364 295
373 298 371 296
419 298 416 297
452 298 448 301
360 305 357 301
367 305 364 302
373 305 370 303
413 305 409 304
419 305 416 304
426 305 423 304
452 305 449 307
459 305 454 308
334 311 330 308
341 311 337 308
360 311 357 308
367 311 364 309
373 311 370 309
334 318 330 314
341 318 338 314
354 318 350 315
360 318 356 315
367 318 363 315
373 318 370 315
380 318 377 315
387 318 383 316
393 318 390 316
400 318 397 316
406 318 403 316
413 318 409 316
439 318 435 317
334 325 331 321
341 325 337 321
347 325 344 321
354 325 351 322
360 325 356 321
367 325 363 322
373 325 369 322
380 325 377 322
387 325 383 322
393 325 390 322
400 325 396 323
406 325 403 323
413 325 409 323
419 325 415 323
426 325 422 323
334 331 330 328
347 331 344 328
354 331 351 328
360 331 356 328
373 331 370 328
387 331 383 329
393 331 389 329
400 331 396 329
341 338 338 335
354 338 349 334
360 338 355 334
367 338 362 334
373 338 369 334
380 338 376 335
387 338 383 336
393 338 389 336
400 338 396 336
419 338 415 336
426 338 422 337
433 338 428 337
446 338 441 337
393 344 389 342
400 344 396 342
413 344 409 343
419 344 416 343
426 344 422 343
433 344 428 343
446 344 441 343
406 351 402 349
413 351 409 349
419 351 416 350
439 351 434 350
446 351 441 349
426 357 421 357
433 357 427 356
