413 104 402 131
471 104 409 127
477 104 396 125
342 111 343 132
484 111 417 130
342 117 343 136
362 117 375 134
362 123 376 138
349 136 359 144
342 143 355 150
342 149 356 153
464 155 413 135
329 162 350 166
342 162 361 161
439 162 403 144
336 175 363 168
342 175 367 168
349 175 374 168
362 175 379 167
406 175 391 159
413 175 395 158
329 181 359 170
355 181 379 172
387 181 383 163
394 181 387 163
406 181 391 163
432 181 386 146
329 188 358 174
349 188 375 176
355 188 379 176
362 188 384 176
329 194 359 178
342 194 367 178
349 194 371 178
355 194 380 180
432 194 382 151
329 200 359 182
342 200 368 181
349 200 376 184
432 200 383 154
439 200 389 196
336 207 364 185
342 207 368 185
349 207 376 188
355 207 380 188
323 213 351 187
329 213 356 187
342 213 368 189
349 213 376 192
355 213 380 193
503 213 423 205
323 220 351 190
329 220 356 191
336 220 367 193
426 220 411 186
432 226 414 189
458 226 395 200
484 232 407 198
323 239 351 202
342 239 373 202
432 239 415 198
477 239 404 202
484 239 407 202
477 245 404 207
484 245 407 207
323 252 349 209
342 252 374 214
349 252 378 214
496 252 416 206
394 258 399 212
342 265 366 216
342 271 370 220
349 271 374 219
368 271 384 231
387 271 401 220
426 271 417 222
477 271 406 216
509 271 431 215
394 277 405 225
496 277 421 219
503 277 426 218
419 284 414 229
509 284 431 223
342 290 374 234
349 290 376 232
426 297 417 231
310 303 347 238
496 303 417 229
426 310 419 235
432 310 423 235
297 316 326 239
304 316 330 239
349 316 386 242
426 316 419 239
484 316 402 237
509 316 427 236
297 322 326 243
304 322 330 243
323 322 367 253
329 322 373 249
336 322 377 249
342 322 381 248
349 322 386 247
496 322 415 240
509 322 424 240
336 329 377 253
503 329 419 244
509 329 427 243
317 335 357 258
336 335 375 256
406 335 411 249
490 335 410 231
323 342 361 262
329 342 366 261
349 342 383 259
362 342 390 256
368 342 394 255
329 348 366 265
355 348 387 260
362 348 390 259
381 348 399 254
374 354 396 259
381 354 399 258
381 361 399 263
387 374 392 272
