452 28 448 37
436 34 433 52
441 34 437 49
452 34 444 44
430 39 427 59
441 39 437 56
385 45 370 62
391 45 376 62
436 45 433 65
402 51 383 67
430 56 427 81
486 56 477 59
463 62 461 82
475 62 474 79
491 62 487 65
475 67 474 86
408 73 406 109
469 73 468 96
475 73 474 95
480 73 484 95
486 73 491 95
497 73 500 95
357 79 358 132
413 79 412 115
469 79 468 102
475 79 474 102
480 79 484 102
497 79 500 101
424 84 424 125
458 84 455 113
469 84 469 109
458 90 457 123
469 90 469 117
475 90 475 116
480 90 481 114
486 90 486 109
491 90 491 107
313 95 313 135
458 95 458 129
463 95 464 129
469 95 470 123
475 95 475 122
480 95 481 122
486 95 488 121
491 95 492 113
385 101 383 141
475 101 474 129
480 101 481 127
486 101 489 128
290 106 289 143
385 106 382 148
452 106 453 149
458 106 458 149
475 106 474 135
480 106 481 133
486 106 489 134
497 106 493 120
296 112 301 148
302 112 308 147
313 112 315 153
374 112 372 149
452 112 454 154
458 112 459 154
480 112 476 141
296 118 301 154
385 118 384 161
430 118 421 156
447 118 446 161
452 118 454 161
458 118 459 160
463 118 465 160
285 123 283 167
290 123 289 167
296 123 296 167
302 123 303 167
396 123 396 165
419 123 410 158
430 123 422 162
436 123 428 162
441 123 434 163
447 123 446 168
452 123 454 167
458 123 460 167
463 123 466 167
469 123 472 166
290 129 290 173
296 129 297 178
302 129 304 173
307 129 310 177
324 129 323 177
335 129 335 177
396 129 397 172
408 129 403 171
424 129 416 164
436 129 429 169
452 129 454 174
458 129 459 175
463 129 466 173
469 129 472 171
279 134 278 175
296 134 298 185
302 134 305 184
307 134 311 184
324 134 324 185
330 134 329 184
335 134 335 183
341 134 341 183
391 134 391 178
452 134 454 180
458 134 460 180
463 134 465 179
290 140 291 185
296 140 298 191
313 140 312 190
318 140 318 191
324 140 324 191
330 140 329 189
341 140 341 190
357 140 357 193
369 140 370 193
380 140 379 193
391 140 392 190
396 140 400 190
430 140 429 175
458 140 460 186
469 140 471 180
285 146 285 193
313 146 314 196
324 146 325 197
330 146 330 196
335 146 336 196
341 146 343 199
357 146 357 198
363 146 364 199
369 146 370 198
374 146 376 198
380 146 380 198
391 146 393 197
396 146 400 196
408 146 404 190
452 146 450 194
469 146 471 185
475 146 478 185
290 151 292 199
296 151 298 198
313 151 315 202
318 151 319 203
324 151 326 203
330 151 331 203
335 151 337 203
391 151 393 203
396 151 400 203
413 151 412 195
458 151 456 198
274 157 275 200
279 157 282 199
290 157 292 205
313 157 314 208
318 157 320 208
324 157 326 209
330 157 332 209
335 157 338 208
363 157 368 213
374 157 376 210
380 157 382 210
385 157 386 209
391 157 392 209
396 157 398 207
430 157 431 201
458 157 457 205
463 157 463 204
475 157 476 197
296 162 296 211
307 162 308 210
318 162 320 214
324 162 327 214
330 162 332 213
335 162 338 213
346 162 345 214
352 162 350 213
357 162 356 213
363 162 369 217
380 162 382 216
391 162 393 214
396 162 399 214
430 162 439 219
475 162 476 203
285 168 288 211
302 168 302 216
307 168 309 215
313 168 313 216
385 168 388 221
391 168 394 220
396 168 402 221
413 168 415 221
424 168 423 211
430 168 431 211
452 168 451 212
475 168 476 207
290 173 293 216
307 173 309 220
313 173 313 221
318 173 321 222
324 173 328 222
330 173 334 220
335 173 339 220
357 173 358 218
369 173 369 224
374 173 376 223
380 173 381 223
391 173 395 226
396 173 403 227
408 173 408 221
413 173 414 227
430 173 431 217
296 179 299 222
313 179 314 229
380 179 382 229
385 179 389 229
402 179 408 233
419 179 420 232
296 185 300 228
302 185 306 228
335 185 334 225
341 185 341 225
346 185 347 225
352 185 353 226
357 185 359 225
363 185 369 231
402 185 408 239
430 185 432 231
480 185 481 215
274 190 277 224
302 190 307 234
318 190 321 233
324 190 328 232
335 190 335 232
341 190 344 232
352 190 354 231
357 190 360 231
363 190 365 231
380 190 382 235
396 190 403 240
413 190 416 240
424 190 428 238
430 190 433 238
436 190 439 238
475 190 475 216
480 190 481 220
318 196 323 239
324 196 329 238
335 196 338 239
341 196 344 239
346 196 350 239
357 196 360 236
363 196 365 236
369 196 371 236
374 196 376 236
391 196 390 240
396 196 397 240
430 196 434 243
436 196 439 244
475 196 471 240
290 201 294 242
296 201 300 240
302 201 307 241
341 201 345 244
346 201 351 244
363 201 366 240
369 201 371 241
374 201 376 241
396 201 397 246
469 201 469 221
475 201 476 221
302 207 308 246
324 207 329 246
357 207 360 246
413 207 416 252
419 207 422 251
424 207 428 252
469 207 470 227
302 212 305 249
330 212 335 250
335 212 341 251
352 212 355 251
357 212 361 251
363 212 367 251
369 212 372 250
374 212 378 250
380 212 383 250
391 212 390 247
424 212 427 257
430 212 433 257
475 212 478 240
302 218 305 254
307 218 311 254
313 218 317 252
318 218 323 252
352 218 356 255
357 218 362 256
363 218 367 257
369 218 373 256
374 218 378 256
380 218 383 255
391 218 391 253
396 218 398 253
419 218 422 259
458 218 460 237
307 224 312 259
313 224 317 258
318 224 324 258
324 224 330 257
330 224 335 257
335 224 342 258
357 224 362 261
374 224 378 262
380 224 384 260
391 224 394 260
396 224 399 259
419 224 422 264
424 224 428 263
430 224 433 263
458 224 460 242
296 229 297 253
318 229 323 263
324 229 329 263
330 229 336 263
335 229 343 263
346 229 349 262
369 229 367 262
374 229 373 262
380 229 384 266
391 229 394 265
396 229 400 265
402 229 405 266
413 229 417 270
419 229 422 270
424 229 428 269
430 229 434 268
447 229 451 248
458 229 465 254
307 235 316 271
318 235 323 269
324 235 330 269
341 235 349 269
346 235 356 269
363 235 362 267
369 235 368 267
374 235 373 267
391 235 395 270
396 235 401 270
402 235 406 271
408 235 411 272
413 235 417 276
419 235 423 276
447 235 451 254
452 235 457 254
324 240 331 276
335 240 337 271
341 240 349 274
346 240 354 274
357 240 361 273
369 240 368 273
374 240 374 273
380 240 382 274
391 240 395 276
396 240 401 276
402 240 406 277
408 240 411 277
424 240 430 276
441 240 447 266
452 240 460 262
324 246 331 283
335 246 339 278
363 246 367 279
374 246 375 279
380 246 382 279
385 246 389 280
396 246 401 282
402 246 406 282
408 246 412 283
413 246 418 283
436 246 436 275
441 246 443 274
447 246 449 274
369 252 372 285
380 252 383 285
385 252 390 285
391 252 395 285
402 252 406 288
441 252 443 282
391 257 398 291
413 257 425 280
419 257 430 281
385 268 413 290
391 268 418 289
