459 10 553 150
466 10 558 154
472 10 563 160
459 16 549 155
466 16 552 159
380 23 477 123
446 23 535 213
380 30 472 127
446 30 531 218
380 36 509 125
439 36 522 217
446 36 526 222
492 36 557 186
367 43 493 119
387 43 509 146
439 43 516 220
446 43 520 226
505 43 563 209
499 49 551 208
505 49 559 213
512 49 564 219
499 56 548 212
505 56 554 217
512 56 559 222
420 63 472 149
499 63 542 217
519 63 558 233
413 69 459 149
420 69 465 154
426 69 472 159
499 69 536 222
512 69 543 229
519 69 549 235
479 76 497 258
499 76 532 227
426 82 460 159
466 82 482 253
479 82 491 263
505 96 458 263
512 102 470 274
519 102 474 279
380 109 418 217
505 109 463 269
512 109 464 279
525 109 467 287
380 115 414 223
387 115 417 227
505 115 457 274
340 129 376 181
347 129 379 186
373 129 391 210
334 135 350 164
373 162 393 237
373 175 381 247
373 181 377 252
492 195 398 285
321 201 341 162
327 201 344 167
294 208 313 145
301 208 318 151
314 208 323 155
327 208 329 162
340 208 344 179
301 221 313 155
307 221 318 160
340 221 321 190
294 228 300 154
380 228 342 211
307 234 311 164
459 234 376 285
459 241 370 291
307 247 288 186
439 247 359 267
413 254 332 258
420 254 343 259
459 254 365 293
420 261 337 265
433 261 344 272
486 261 358 311
406 267 320 260
413 267 325 265
340 274 297 241
406 274 311 258
413 274 321 269
426 274 327 277
486 274 384 318
327 280 290 247
426 280 322 281
334 294 282 235
426 300 311 280
