393 10 560 174
459 10 577 242
446 16 562 239
446 23 555 242
453 23 558 249
459 23 561 257
373 30 531 163
380 30 535 170
446 30 549 244
453 30 552 252
459 30 555 260
360 36 517 151
367 36 520 158
373 36 523 166
387 36 528 193
393 36 532 199
446 36 543 248
453 36 546 255
492 36 553 289
360 43 510 153
367 43 513 161
393 43 525 203
439 43 536 241
499 43 549 300
360 49 508 165
367 49 510 174
373 49 512 181
387 49 514 199
439 49 530 248
446 49 534 252
373 56 507 184
433 56 521 243
439 56 524 250
446 56 527 257
472 56 529 277
479 56 533 283
486 56 537 289
512 56 569 266
472 63 521 281
373 69 494 183
380 69 497 188
400 69 460 219
406 69 463 226
426 69 502 245
492 69 522 301
505 69 541 297
373 76 487 184
413 76 465 234
486 76 519 293
505 76 533 300
486 82 511 298
492 82 505 289
486 89 503 301
492 89 499 293
512 89 529 313
505 96 509 314
373 102 439 200
380 109 448 216
446 109 394 218
512 109 482 310
380 115 441 220
406 115 432 253
288 195 337 146
307 195 349 155
334 195 373 182
321 201 359 171
327 201 363 178
367 201 375 218
512 208 422 345
307 214 347 166
367 214 363 215
393 214 371 248
459 214 399 297
479 214 351 335
294 221 332 156
387 221 361 245
294 228 313 158
301 228 316 164
387 228 354 248
439 228 375 311
314 234 332 175
314 241 325 178
400 241 344 265
406 241 346 271
433 241 361 302
354 247 319 221
433 247 354 305
453 247 361 317
314 254 310 187
406 254 333 279
413 254 335 285
479 254 362 339
486 254 365 344
492 254 369 351
400 261 321 276
406 261 326 283
413 261 329 288
479 261 355 341
486 261 359 346
499 261 375 360
314 267 303 190
327 267 296 213
400 267 313 279
406 267 318 285
439 267 341 312
459 267 346 327
479 267 348 344
301 274 289 181
413 274 320 293
420 274 325 300
453 274 337 323
459 274 341 330
393 280 302 276
439 280 335 315
420 294 301 294
420 300 296 297
