461 150 456 130
470 154 466 135
443 159 439 132
406 163 407 136
443 163 439 139
470 163 467 140
488 163 494 147
425 168 422 142
429 168 427 142
447 168 439 143
452 168 444 144
488 168 493 152
501 168 499 150
515 168 510 151
411 172 410 137
415 172 415 144
470 172 467 150
519 172 515 156
452 177 443 154
456 177 449 154
461 177 459 156
465 177 465 156
470 177 470 156
474 177 476 156
479 177 482 156
483 177 488 158
506 177 504 158
515 177 511 158
406 181 405 147
411 181 410 148
415 181 415 149
429 181 437 167
434 181 443 166
465 181 465 161
479 181 482 161
483 181 488 162
492 181 499 163
506 181 503 161
510 181 508 162
519 181 516 163
434 186 443 172
447 186 460 166
470 186 471 161
474 186 475 161
483 190 487 168
488 190 493 169
506 190 502 169
510 190 507 169
488 195 493 173
519 195 515 174
411 199 398 192
506 199 503 178
510 199 503 186
519 199 515 179
415 204 417 166
461 204 471 173
501 204 498 184
415 208 403 198
456 208 465 178
461 208 470 179
519 208 515 186
406 213 397 202
411 213 403 203
501 213 491 207
515 213 508 195
519 213 515 191
420 217 414 204
452 217 448 217
474 217 474 201
497 217 492 202
510 217 503 200
515 217 508 201
402 222 398 209
411 222 404 210
415 222 408 210
420 222 414 210
510 222 503 207
402 226 398 214
411 226 404 214
415 226 409 214
420 226 413 215
434 226 429 216
474 226 469 213
479 226 474 213
415 231 410 219
456 231 447 222
461 231 453 222
465 231 458 222
470 231 462 222
474 231 469 218
479 231 474 218
397 235 390 220
402 235 397 220
443 235 436 228
456 235 446 227
461 235 453 227
465 235 457 228
470 235 462 228
474 235 467 227
402 240 397 225
429 240 423 231
434 240 428 232
447 240 442 233
452 240 445 233
456 240 450 232
465 240 457 233
470 240 462 232
474 240 467 232
402 245 396 231
415 245 410 232
443 245 436 237
447 245 441 239
452 245 445 238
456 245 450 239
465 245 459 238
384 249 380 226
388 249 386 229
411 249 404 236
415 249 409 236
443 249 436 243
447 249 440 243
452 249 445 244
456 249 449 245
470 249 463 239
375 254 369 234
429 254 424 237
443 254 435 249
447 254 440 249
452 254 444 250
456 254 449 250
370 258 364 239
379 258 373 239
384 258 379 240
393 258 386 241
415 258 409 243
420 258 414 242
425 258 418 242
429 258 424 242
366 263 359 245
375 263 368 245
420 263 414 246
425 263 419 247
429 263 423 247
415 267 409 252
420 267 414 253
425 267 418 253
429 267 423 253
438 267 434 254
388 272 384 257
397 272 391 257
402 272 396 257
420 272 413 258
429 272 422 258
474 272 467 261
429 276 423 264
434 276 429 264
357 281 347 273
375 281 367 285
415 281 411 271
425 281 418 270
429 281 424 270
438 281 434 270
361 285 351 283
429 285 423 277
434 285 428 277
438 285 433 276
447 285 439 277
452 285 444 276
456 285 449 276
352 290 340 288
357 290 345 288
361 290 351 289
366 290 357 289
370 290 362 290
438 290 433 282
461 290 454 282
352 294 340 295
357 294 345 294
361 294 350 295
366 294 357 295
370 294 362 296
375 294 368 297
397 294 384 279
406 294 400 280
420 294 422 280
425 294 429 280
443 294 439 288
452 294 444 288
361 299 351 301
366 299 357 302
370 299 362 302
375 299 367 301
379 299 372 302
384 299 377 301
388 299 383 302
406 299 400 286
411 299 406 285
447 299 444 292
348 303 339 305
352 303 345 301
361 303 350 307
370 303 362 307
375 303 367 308
379 303 372 307
384 303 376 307
388 303 383 308
420 303 421 310
348 308 339 310
352 308 345 310
370 308 361 312
375 308 367 312
379 308 372 312
384 308 376 312
393 308 383 311
425 308 420 314
370 312 361 317
379 312 371 317
388 312 376 316
393 312 383 317
397 312 388 314
388 317 377 322
393 317 381 322
397 317 387 320
425 317 410 325
379 321 366 328
393 321 381 328
397 321 387 328
397 326 387 334
