332 136 325 141
338 136 332 142
344 136 338 142
326 142 318 150
332 142 325 150
338 142 332 151
344 142 338 149
351 142 343 148
357 142 350 148
332 148 320 158
338 148 331 158
344 148 337 158
351 148 343 156
357 148 351 155
376 148 377 155
332 154 320 165
338 154 327 165
351 154 341 163
357 154 347 162
394 154 389 159
407 154 371 150
413 154 378 150
319 161 314 171
338 161 327 172
344 161 333 171
351 161 340 170
357 161 347 169
363 161 357 168
394 161 390 166
401 161 396 166
419 161 411 164
432 161 414 160
319 167 313 177
326 167 320 178
332 167 326 179
344 167 333 178
351 167 340 177
357 167 346 176
363 167 353 175
369 167 364 176
388 167 384 173
394 167 391 173
401 167 396 173
419 167 410 171
432 167 428 171
338 173 327 185
369 173 365 181
382 173 379 180
388 173 385 181
394 173 390 179
419 173 410 177
451 173 446 175
470 173 481 176
476 173 487 176
338 179 326 189
457 179 442 179
326 186 313 190
332 186 321 196
419 186 410 190
426 186 417 190
438 186 424 186
444 186 429 185
451 186 436 185
457 186 443 186
476 186 402 173
495 186 422 171
501 186 494 185
507 186 501 185
520 186 514 183
357 192 352 202
363 192 359 200
419 192 412 199
470 192 396 179
476 192 402 179
495 192 422 178
501 192 495 191
507 192 501 191
513 192 508 191
520 192 515 190
526 192 543 193
394 198 366 201
401 198 373 199
407 198 385 206
426 198 418 210
470 198 398 187
476 198 403 186
501 198 500 199
513 198 507 197
532 198 527 196
538 198 534 196
551 198 518 187
557 198 553 193
563 198 560 193
570 198 566 193
382 204 354 207
388 204 359 207
394 204 366 206
401 204 374 205
419 204 411 217
501 204 500 205
570 204 567 199
576 204 573 198
582 204 580 198
382 211 355 213
388 211 360 212
394 211 366 212
401 211 374 211
457 211 430 217
463 211 463 215
513 211 512 206
570 211 567 205
582 211 578 204
369 217 381 218
382 217 355 220
388 217 360 219
394 217 366 219
401 217 374 218
501 217 501 211
507 217 507 211
513 217 513 212
532 217 527 212
538 217 532 212
482 223 478 233
532 223 493 212
407 229 406 230
413 229 412 230
507 229 507 219
426 236 418 237
545 236 438 223
426 242 426 242
476 242 489 227
482 242 496 227
507 242 459 241
513 242 471 240
495 248 503 238
513 248 470 247
495 267 497 256
507 267 514 252
495 273 498 262
501 273 504 261
507 273 510 262
513 273 516 263
