377 176 400 143
380 176 405 144
369 184 303 233
369 188 296 244
369 191 293 249
365 195 286 255
357 199 344 197
361 199 350 198
396 207 336 287
380 211 295 276
357 214 371 254
361 214 378 256
388 214 322 299
384 218 305 290
388 218 323 303
357 226 398 167
361 226 376 276
392 226 408 262
396 226 413 262
400 237 361 292
350 241 275 291
334 245 278 266
338 245 283 267
331 249 263 283
334 249 277 272
419 249 396 259
331 253 261 289
361 253 314 322
365 253 319 323
427 253 294 294
450 253 362 328
331 257 261 294
365 257 318 327
446 257 360 335
446 261 359 340
465 261 378 337
361 268 327 353
354 276 331 366
365 284 310 344
369 284 314 346
407 284 296 313
369 287 314 351
373 287 319 353
380 287 326 322
373 291 319 359
430 299 337 343
461 303 391 337
419 307 353 339
434 307 340 355
442 318 344 368
446 318 348 370
450 318 377 348
453 318 383 349
450 322 377 354
430 333 342 375
434 333 348 375
442 333 354 375
