384 108 410 139
378 113 404 141
384 113 410 144
362 119 388 140
367 119 395 142
378 119 401 147
356 163 388 170
378 173 489 187
384 173 494 190
389 173 499 192
394 173 505 195
329 179 454 168
307 184 435 164
318 190 452 174
323 190 457 178
313 195 442 178
318 195 448 180
384 212 463 218
269 217 373 180
285 223 384 194
291 223 383 218
296 223 394 223
307 223 409 223
313 223 416 227
263 228 365 184
269 228 371 188
296 228 391 228
307 228 406 229
351 228 441 257
269 234 368 193
302 234 398 232
307 234 403 236
313 234 407 238
269 239 365 199
307 239 400 241
313 239 405 244
351 239 435 231
356 239 441 234
274 244 362 214
340 244 429 227
356 244 438 240
351 250 427 242
356 250 433 245
362 255 439 250
269 272 352 222
302 272 386 264
362 272 401 199
274 277 354 229
280 277 367 245
269 283 345 232
274 283 351 234
285 283 369 253
291 283 376 256
263 288 337 234
269 288 343 238
285 288 366 258
296 294 380 265
302 294 384 268
307 294 389 272
296 299 377 270
302 299 381 274
280 304 345 261
291 304 367 273
296 310 372 277
307 310 383 282
302 315 375 285
307 315 379 287
438 315 490 357
313 332 352 274
318 332 358 276
411 332 431 302
373 348 374 300
400 348 392 309
373 354 372 304
