285 159 441 161
302 159 452 163
296 165 452 169
308 170 461 177
291 176 456 179
341 181 486 197
218 198 370 180
223 204 373 186
212 210 368 184
369 210 502 237
212 215 353 201
218 215 358 202
206 221 360 191
212 221 365 192
223 221 361 207
364 221 495 236
369 221 500 244
206 226 359 195
212 226 364 196
364 226 494 244
206 232 351 207
364 232 493 249
201 238 344 211
206 238 349 212
195 249 331 236
201 249 336 239
263 249 381 225
268 249 388 226
364 249 495 260
375 249 501 263
263 254 380 232
375 254 500 269
353 260 482 265
358 260 487 266
364 260 492 271
375 260 499 273
212 266 347 241
353 266 481 270
358 266 486 272
201 271 334 250
212 271 346 247
268 271 395 248
353 271 480 276
358 271 485 276
364 271 490 278
206 277 339 251
246 277 364 246
251 277 371 247
353 277 478 280
358 277 483 281
364 277 488 283
251 283 370 253
257 283 376 256
240 288 360 268
341 288 465 288
347 288 470 289
240 294 359 274
251 294 367 263
257 294 370 272
263 294 375 273
251 299 365 270
251 305 363 278
308 311 444 297
414 333 504 349
369 378 467 371
