422 88 379 103
449 88 401 102
449 95 409 110
456 95 418 109
436 102 394 121
449 102 413 116
456 102 421 115
436 109 393 130
443 109 401 126
456 109 423 120
429 116 391 138
436 116 397 135
443 116 404 132
456 116 424 126
422 123 390 143
429 123 396 141
443 123 406 138
456 123 426 132
518 123 469 113
408 129 381 156
415 129 387 152
422 129 392 149
429 129 398 146
456 129 420 141
470 129 437 144
415 136 387 158
422 136 394 155
463 136 429 146
470 136 439 150
477 136 444 148
415 143 391 165
422 143 397 162
429 143 401 156
511 143 471 125
401 150 381 183
415 150 393 172
463 150 432 159
477 150 445 155
491 150 453 153
497 150 462 135
504 150 468 135
408 157 390 182
415 157 397 178
463 157 435 165
470 157 441 163
408 164 392 187
415 164 398 185
463 164 437 170
497 164 467 150
408 171 394 194
422 171 405 183
429 171 411 183
477 171 449 169
497 171 469 155
415 177 402 192
422 177 408 190
429 177 414 188
436 177 420 187
443 177 426 185
415 184 404 200
422 184 410 198
429 184 415 197
436 184 421 194
456 184 435 187
463 184 441 186
470 184 449 185
491 184 466 180
381 191 380 197
415 191 406 206
422 191 411 205
436 191 423 201
484 191 463 188
408 198 403 213
415 198 408 212
443 198 432 205
449 198 438 202
456 198 444 199
463 198 450 191
477 198 459 195
484 198 465 194
394 205 393 222
408 205 404 220
429 205 421 215
449 205 441 207
470 205 452 219
388 212 389 231
394 212 396 228
408 212 406 226
415 212 411 225
436 212 431 217
456 212 450 199
477 212 462 222
374 219 379 244
381 219 385 241
394 219 399 235
408 219 408 233
415 219 413 231
422 219 419 229
436 219 432 222
353 226 363 255
360 226 368 253
367 226 375 251
374 226 381 249
381 226 387 247
388 226 392 243
401 226 404 240
408 226 410 240
415 226 415 237
422 226 421 235
429 226 427 232
436 226 433 229
470 226 459 236
346 232 360 263
353 232 364 262
360 232 370 260
367 232 377 258
374 232 383 255
381 232 389 254
388 232 395 250
394 232 401 249
408 232 411 245
415 232 417 243
422 232 423 241
436 232 436 237
340 239 355 270
353 239 367 268
367 239 379 263
374 239 385 261
381 239 392 259
394 239 403 255
408 239 414 251
415 239 419 249
422 239 425 247
429 239 432 245
436 239 437 244
333 246 347 276
340 246 356 276
360 246 375 271
381 246 393 266
388 246 398 263
401 246 410 260
443 246 445 242
333 253 350 281
374 253 390 273
381 253 394 271
408 253 414 260
415 253 420 258
422 253 426 255
381 260 396 277
394 260 409 273
408 260 415 266
415 260 422 264
429 260 429 262
436 260 435 259
422 267 431 269
374 274 393 286
394 274 410 284
401 274 414 281
408 274 421 280
415 274 428 278
422 274 434 275
429 274 440 273
436 274 445 272
381 280 401 291
408 280 424 286
415 280 430 284
422 280 437 282
429 280 442 279
436 280 447 278
401 287 417 292
408 287 424 290
415 287 431 289
422 287 437 288
436 287 449 284
443 287 456 282
298 308 337 339
401 308 423 307
394 315 418 315
401 315 423 314
305 322 348 352
374 322 406 327
394 322 421 321
285 328 331 359
326 328 363 349
381 328 414 332
401 328 426 321
292 335 339 364
353 335 393 345
367 335 404 342
408 335 442 321
346 342 389 356
353 342 394 353
360 342 400 350
340 349 383 364
346 349 390 361
353 349 396 359
360 349 402 357
346 356 391 367
353 356 397 365
340 363 386 375
353 363 401 371
360 363 406 369
367 363 411 367
388 363 427 363
394 363 434 363
346 370 395 379
388 370 429 369
394 370 435 369
394 376 438 374
