442 81 425 105
449 95 430 113
456 95 436 113
436 102 420 125
442 102 425 119
436 109 420 132
449 109 435 130
442 116 430 136
518 116 491 134
456 123 443 142
497 123 473 141
511 123 485 142
422 129 418 148
497 129 473 147
504 129 480 147
511 129 486 147
456 136 444 153
484 136 468 154
497 136 474 153
504 136 480 154
511 136 487 154
401 143 395 156
415 143 406 156
504 143 481 161
401 150 388 162
408 150 400 162
415 150 406 163
463 150 448 162
491 150 469 166
497 150 475 166
504 150 481 166
408 157 402 168
415 157 406 167
463 157 448 168
491 157 469 172
497 157 476 172
401 164 397 174
408 164 402 173
415 164 407 173
422 164 412 173
436 164 425 175
442 164 430 175
449 164 436 175
463 164 448 173
491 164 469 177
497 164 476 178
394 171 390 180
401 171 397 179
408 171 403 178
415 171 408 178
429 171 419 179
436 171 426 185
442 171 431 183
456 171 438 179
470 171 451 179
388 177 384 187
394 177 391 186
401 177 397 185
408 177 402 186
415 177 408 184
422 177 414 184
429 177 420 185
449 177 437 187
463 177 445 186
477 177 458 186
394 184 390 193
401 184 396 191
408 184 402 192
415 184 408 193
422 184 413 193
429 184 421 193
436 184 427 192
442 184 432 193
449 184 437 192
456 184 443 192
463 184 449 193
491 184 472 193
394 191 389 203
401 191 396 198
408 191 402 199
415 191 408 200
422 191 413 200
436 191 426 199
442 191 432 198
449 191 438 198
456 191 444 197
388 198 384 209
394 198 389 209
401 198 397 204
408 198 403 204
415 198 408 205
449 198 437 209
456 198 437 222
374 205 372 210
381 205 379 214
388 205 384 214
394 205 389 215
401 205 397 211
408 205 403 211
415 205 409 211
429 205 420 212
449 205 437 215
456 205 436 228
463 205 438 233
470 205 443 233
374 212 372 216
381 212 378 221
388 212 384 220
401 212 397 217
408 212 403 218
429 212 420 218
456 212 433 240
374 219 373 222
381 219 377 227
388 219 384 226
394 219 391 224
401 219 396 224
408 219 401 226
415 219 408 224
422 219 414 224
470 219 445 246
346 226 345 228
360 226 359 228
367 226 366 229
374 226 371 234
381 226 378 232
388 226 385 232
401 226 396 230
415 226 408 230
422 226 415 230
340 232 341 233
346 232 347 234
353 232 353 235
360 232 361 235
367 232 366 236
374 232 371 239
381 232 378 239
388 232 384 238
394 232 391 236
408 232 402 236
415 232 409 236
422 232 415 236
429 232 421 235
436 232 427 235
353 239 355 242
360 239 361 241
367 239 367 242
374 239 371 245
381 239 378 245
394 239 391 244
401 239 397 241
408 239 403 242
415 239 409 242
422 239 416 241
429 239 421 241
436 239 426 241
333 246 336 248
346 246 348 248
360 246 361 248
367 246 366 249
401 246 397 248
408 246 402 248
415 246 408 248
422 246 415 247
429 246 421 247
333 253 336 254
367 253 366 254
374 253 372 254
388 253 386 253
394 253 391 254
408 253 403 253
415 253 408 252
422 253 415 253
340 260 341 266
360 260 360 263
367 260 367 260
374 260 373 260
381 260 379 259
394 260 391 260
401 260 397 259
408 260 402 258
415 260 407 258
422 260 414 258
346 267 346 272
353 267 354 271
381 267 379 269
394 267 391 266
401 267 396 265
408 267 401 265
415 267 407 264
374 274 371 276
388 274 385 275
394 274 391 272
401 274 396 271
415 274 407 271
381 280 378 281
422 280 414 277
422 287 413 284
429 287 421 284
436 287 427 283
394 294 389 295
436 294 428 292
401 301 390 300
408 301 396 300
415 301 402 299
436 301 428 300
298 308 304 306
333 308 335 301
401 308 390 306
298 315 305 312
305 315 311 313
326 315 330 307
333 315 335 307
408 315 390 312
292 322 298 318
298 322 305 318
305 322 312 319
292 328 298 325
298 328 305 324
305 328 311 325
353 328 353 325
401 328 388 320
346 335 347 332
353 335 353 330
312 342 317 333
340 342 342 331
326 349 330 340
333 349 335 338
340 349 342 337
333 356 334 346
346 356 347 346
346 363 347 352
367 363 365 352
374 363 371 350
367 370 366 358
374 370 372 357
381 370 378 357
374 376 372 364
381 376 378 364
388 376 384 363
