0.2685967683792114 0.9585878849029541 -0.09468281269073486 0.0324370414018631 
-0.9608337879180908 0.2735863626003265 0.04414443299174309 0.01809496246278286 
0.06822024285793304 0.07911740988492966 0.9945282340049744 -0.3044918179512024 
0 0 0 1 

0.1932740807533264 0.9725774526596069 -0.1293763816356659 0.04480044171214104 
-0.9732545614242554 0.2067350745201111 0.1001808270812035 -0.00272469874471426 
0.1241802498698235 0.1065537929534912 0.9865219593048096 -0.3029069602489471 
0 0 0 1 

0.3305913507938385 0.9361248016357422 -0.1199151948094368 0.03850113973021507 
-0.9336609244346619 0.3429489731788635 0.1032627299427986 -0.0007958851638250053 
0.1377916038036346 0.07782237231731415 0.987399160861969 -0.2962790429592133 
0 0 0 1 

0.3644667863845825 0.9187981486320496 -0.1515711545944214 0.04722095280885696 
-0.9289700388908386 0.3700376152992249 0.009310177527368069 0.03208673000335693 
0.06464119255542755 0.137411817908287 0.9884024858474731 -0.2926025986671448 
0 0 0 1 

0.3995189666748047 0.9012465476989746 -0.1677469909191132 0.05019998922944069 
-0.9167138338088989 0.3936643898487091 -0.06829267740249634 0.0585828498005867 
0.00448745209723711 0.1810602247714996 0.9834617972373962 -0.2873304486274719 
0 0 0 1 

0.4523236751556396 0.8707769513130188 -0.192744567990303 0.05453843623399734 
-0.8898348212242126 0.4261009693145752 -0.1631923615932465 0.08772585541009903 
-0.05997554585337639 0.2453266084194183 0.9675834774971008 -0.27727872133255 
0 0 0 1 

0.5230737328529358 0.8335626125335693 -0.1776714324951172 0.04477610066533089 
-0.8458179235458374 0.4820618033409119 -0.2284915447235107 0.1054735854268074 
-0.1048133969306946 0.2697956264019012 0.9571961760520935 -0.2704261541366577 
0 0 0 1 

0.3613953590393066 0.8984435200691223 -0.2493845522403717 0.06586690247058868 
-0.8933778405189514 0.4102289080619812 0.1832708269357681 -0.001250156434252858 
0.2669632434844971 0.1565614193677902 0.950904369354248 -0.315840870141983 
0 0 0 1 

0.2934216260910034 0.8896677494049072 -0.3498498499393463 0.1040804982185364 
-0.9156198501586914 0.3667537569999695 0.1647173762321472 0.006396738346666098 
0.2748524844646454 0.27199786901474 0.9222110509872437 -0.3069995045661926 
0 0 0 1 

0.9663823843002319 0.1443766057491302 -0.2127455621957779 0.0168025828897953 
-0.1891680061817169 0.9596565365791321 -0.2080262750387192 0.08379342406988144 
0.1741284281015396 0.2412776499986649 0.9547066688537598 -0.2729828655719757 
0 0 0 1 

