369 68 398 124
381 68 406 125
387 68 411 126
326 74 384 127
369 74 401 127
393 74 414 130
363 80 397 130
369 80 401 130
381 80 406 130
393 80 413 134
320 86 377 131
326 86 383 132
363 86 397 133
375 86 405 134
418 86 429 137
430 86 434 137
412 93 425 141
424 93 430 141
418 105 429 149
418 111 429 153
418 123 425 153
399 141 423 161
412 141 428 161
399 148 423 165
406 148 427 165
399 154 423 169
406 160 427 171
406 166 426 174
406 172 427 178
302 257 372 215
320 263 379 224
241 288 326 223
247 288 329 223
326 288 378 237
351 288 399 240
326 294 378 241
326 300 378 245
332 300 381 246
344 300 394 247
247 306 328 232
338 306 390 251
247 312 328 235
375 312 389 258
375 318 389 262
381 318 393 263
351 343 391 280
357 343 395 280
