347 74 311 84
398 74 363 58
409 74 379 53
414 74 385 52
414 79 386 57
434 79 407 45
326 89 299 96
342 89 323 82
347 89 328 82
342 95 323 88
321 100 293 109
326 100 313 97
321 105 294 113
326 105 311 102
321 110 301 107
321 115 301 113
378 120 351 80
404 131 369 81
388 136 357 87
393 136 364 86
460 162 418 92
465 162 423 95
471 162 429 95
476 162 439 96
465 167 423 101
476 167 440 102
455 177 412 109
429 187 393 111
455 187 415 113
455 193 415 118
460 193 423 118
409 198 360 135
460 198 422 124
409 203 372 132
414 203 378 132
414 208 378 139
419 208 382 137
471 224 449 193
367 229 345 180
450 239 439 206
362 249 359 232
388 260 388 244
393 260 393 243
388 265 389 250
393 265 394 249
