373 42 297 92
354 48 283 96
347 55 278 102
354 55 284 102
360 55 290 102
347 61 278 114
354 61 284 113
360 61 290 112
340 68 273 122
486 75 414 148
340 81 276 133
413 88 339 168
486 94 411 171
492 94 419 173
499 94 427 169
406 101 333 182
486 101 406 179
492 101 413 178
406 108 333 188
413 108 340 189
492 108 415 185
406 114 334 195
307 121 262 147
314 121 269 146
512 121 441 163
519 121 446 162
314 127 269 154
519 127 449 170
301 134 256 162
314 134 269 161
327 134 280 169
340 134 288 181
512 134 444 178
519 134 449 177
314 141 266 177
327 141 275 183
334 141 281 184
519 141 452 184
545 141 485 175
571 141 537 127
327 147 275 190
334 147 282 195
446 147 386 183
472 147 408 183
505 147 440 196
519 147 453 192
558 147 508 168
294 154 253 179
492 154 431 194
512 154 447 201
519 154 454 200
558 154 507 177
565 154 514 176
321 160 272 205
459 160 385 232
472 160 400 230
486 160 424 196
499 160 427 219
525 160 462 204
552 160 497 186
558 160 505 184
565 160 516 181
466 167 408 198
492 167 421 227
505 167 436 219
519 167 455 209
532 167 470 207
552 167 498 192
558 167 505 190
565 167 513 188
571 167 520 188
459 174 403 207
466 174 409 205
492 174 427 227
512 174 447 217
519 174 455 216
525 174 463 213
532 174 471 211
538 174 479 210
552 174 497 200
558 174 505 198
565 174 513 196
585 174 542 164
591 174 549 163
340 180 297 234
347 180 304 232
433 180 382 211
492 180 423 234
512 180 447 222
519 180 455 223
525 180 464 218
552 180 497 205
558 180 503 205
571 180 521 203
585 180 543 170
591 180 550 169
347 187 306 239
354 187 313 237
360 187 319 236
426 187 375 219
433 187 383 219
439 187 389 219
446 187 397 216
472 187 397 252
492 187 424 239
512 187 449 229
519 187 456 230
532 187 472 221
538 187 479 220
545 187 485 219
552 187 496 213
565 187 509 211
426 193 377 228
433 193 383 227
446 193 393 225
512 193 446 236
519 193 458 236
525 193 465 227
532 193 473 226
538 193 479 225
558 193 502 217
426 200 377 235
439 200 391 231
459 200 408 229
466 200 415 226
525 200 466 233
545 200 486 227
552 200 495 224
558 200 503 223
565 200 510 222
571 200 516 220
578 200 523 218
420 207 373 243
426 207 379 241
459 207 408 236
532 207 474 235
538 207 482 233
545 207 487 232
552 207 495 230
558 207 504 229
565 207 512 227
571 207 517 226
585 207 548 191
413 213 366 252
420 213 373 251
426 213 380 250
505 213 445 247
525 213 467 242
532 213 474 239
538 213 481 238
545 213 487 237
552 213 495 236
558 213 505 234
565 213 511 233
571 213 518 232
578 213 524 231
413 220 367 259
420 220 374 258
499 220 439 254
565 220 512 240
571 220 521 239
420 226 375 262
525 226 468 251
532 226 475 249
538 226 482 247
545 226 488 247
552 226 496 246
558 226 505 245
525 233 469 257
532 233 476 254
538 233 484 252
545 233 490 252
552 233 497 251
585 233 539 229
532 246 477 262
538 246 484 261
545 246 492 260
558 246 513 250
565 246 520 248
525 253 471 265
578 253 546 229
