468 1 337 114
474 1 341 110
479 1 345 105
468 7 341 117
474 7 345 113
479 7 349 109
490 7 357 100
490 12 357 108
496 12 365 97
451 18 352 113
490 18 362 102
474 29 345 138
479 29 354 139
413 34 332 144
523 34 431 99
429 40 346 130
396 45 325 171
407 45 329 165
429 45 349 134
435 45 360 169
440 45 363 164
474 45 351 186
479 45 361 150
451 51 373 163
391 56 327 180
424 56 372 213
391 62 330 184
479 62 388 185
396 67 341 199
391 73 336 188
551 73 482 145
396 78 345 204
413 84 381 194
440 89 403 214
556 100 474 135
540 106 468 151
556 106 477 139
551 111 453 177
479 117 429 130
418 122 381 203
435 122 402 196
462 122 406 183
523 122 457 155
391 128 377 233
440 128 406 194
496 128 431 165
440 139 413 201
556 139 482 137
578 139 494 157
490 145 445 186
573 145 490 135
402 150 390 238
413 150 399 229
523 150 462 186
402 156 395 241
407 156 399 238
407 161 408 238
440 161 426 218
440 167 430 222
562 167 491 152
523 172 446 211
529 172 458 189
435 178 438 231
462 178 425 226
490 178 439 213
462 183 428 230
507 183 476 180
556 183 501 161
468 189 434 226
474 189 468 207
551 189 501 170
507 194 481 185
512 194 472 202
545 194 502 178
551 194 506 174
440 200 449 239
507 200 472 211
512 200 476 206
429 205 449 248
440 205 452 243
479 205 459 224
490 205 469 215
501 205 485 197
485 211 477 216
507 211 493 196
523 211 506 182
490 216 484 219
496 216 491 210
501 216 495 206
