436 20 357 51
443 20 363 52
483 47 375 133
490 47 381 132
490 60 380 146
497 60 387 147
430 73 320 154
423 80 313 161
436 80 325 161
503 80 388 168
416 94 306 175
430 94 318 175
436 94 324 177
510 94 396 180
416 100 306 182
423 100 312 183
436 100 325 184
477 100 345 153
483 100 353 154
503 100 388 189
309 107 249 123
416 107 306 190
423 107 312 191
510 107 396 194
309 114 249 130
416 114 307 196
423 114 313 197
510 120 394 204
503 127 387 210
510 127 395 210
410 134 299 212
470 134 361 170
497 134 380 217
503 134 386 217
510 134 403 209
497 140 380 223
503 140 394 215
510 140 401 215
537 140 442 200
544 140 451 199
564 140 485 187
570 140 496 182
577 140 505 181
483 147 369 224
503 147 394 221
510 147 401 221
517 147 413 216
537 147 443 206
544 147 451 205
550 147 463 201
557 147 472 198
564 147 484 193
570 147 495 188
577 147 505 187
477 154 362 232
490 154 376 230
497 154 383 231
503 154 393 228
517 154 414 221
537 154 442 213
550 154 462 207
557 154 471 205
564 154 479 205
570 154 492 198
577 154 504 193
584 154 512 193
490 160 375 237
497 160 383 236
503 160 393 234
510 160 404 229
517 160 413 227
544 160 451 215
550 160 462 212
557 160 471 211
564 160 478 211
570 160 491 205
577 160 499 204
584 160 512 199
349 167 272 219
356 167 279 218
477 167 384 208
490 167 376 244
497 167 387 239
510 167 405 233
530 167 435 223
537 167 443 224
544 167 452 221
550 167 461 219
570 167 489 212
577 167 498 211
584 167 513 207
356 174 278 225
363 174 285 224
497 174 387 246
503 174 396 245
510 174 405 241
524 174 425 233
530 174 435 230
537 174 444 229
544 174 453 227
550 174 461 226
557 174 470 223
564 174 478 221
570 174 489 218
577 174 498 218
584 174 504 215
356 181 280 232
363 181 287 232
490 181 383 251
497 181 387 252
503 181 395 251
517 181 416 243
530 181 435 238
537 181 443 237
544 181 453 233
550 181 461 232
557 181 469 230
564 181 479 227
570 181 490 225
584 181 506 222
590 181 518 219
443 187 356 225
450 187 362 224
524 187 426 244
530 187 434 244
537 187 443 242
544 187 451 240
550 187 462 237
557 187 471 235
564 187 480 232
570 187 488 231
577 187 497 229
584 187 506 228
590 187 515 227
604 187 544 192
356 194 281 244
456 194 369 237
537 194 443 248
544 194 450 247
550 194 464 241
557 194 471 240
564 194 479 239
577 194 496 236
584 194 505 234
590 194 514 233
597 194 533 198
456 201 369 245
503 201 408 254
550 201 464 247
557 201 471 246
570 201 487 243
577 201 496 242
584 201 504 241
590 201 513 239
597 201 539 199
604 201 545 198
456 207 369 252
517 207 425 255
524 207 431 255
530 207 438 256
537 207 443 257
564 207 478 251
570 207 487 249
577 207 493 249
584 207 500 249
597 207 528 242
376 214 302 246
383 214 308 245
390 214 314 245
423 214 342 257
430 214 348 257
436 214 355 256
443 214 362 257
456 214 369 258
510 214 416 263
517 214 423 262
544 214 458 256
550 214 464 256
557 214 471 256
564 214 479 256
570 214 486 256
577 214 491 256
584 214 505 248
590 214 512 249
597 214 526 249
383 221 308 251
416 221 336 264
423 221 343 264
430 221 348 263
436 221 355 263
443 221 362 263
456 221 369 265
463 221 376 265
530 221 443 263
537 221 451 263
544 221 458 261
550 221 465 261
557 221 472 261
564 221 481 260
570 221 487 262
577 221 493 262
584 221 505 256
590 221 512 256
356 228 294 265
410 228 330 271
416 228 336 271
423 228 342 271
430 228 348 271
436 228 356 270
443 228 362 270
450 228 369 269
517 228 428 269
524 228 435 269
544 228 457 268
550 228 464 267
557 228 472 267
564 228 480 267
570 228 487 268
577 228 494 269
363 234 300 273
390 234 315 274
416 234 337 277
430 234 349 278
436 234 356 277
443 234 363 277
510 234 422 275
517 234 429 274
557 234 472 275
564 234 480 274
597 234 535 245
570 248 494 275
537 254 458 281
544 254 465 281
550 254 473 281
557 254 480 282
577 254 500 281
