522 142 484 160
504 154 470 161
498 171 464 172
450 183 422 165
480 183 447 176
486 183 454 178
474 189 440 180
480 189 446 182
456 195 424 174
474 195 437 188
480 195 443 190
551 195 488 221
545 201 476 224
563 201 496 225
468 207 430 183
474 207 434 193
557 207 485 228
563 207 493 231
569 207 500 232
462 213 421 189
474 213 432 198
486 213 442 203
462 219 417 195
474 219 430 204
480 219 435 206
450 225 402 197
456 225 409 199
462 225 416 202
468 225 423 204
379 231 341 180
385 231 347 181
391 231 354 184
438 231 394 198
474 231 427 213
480 231 431 215
379 237 339 184
385 237 345 187
397 237 362 187
403 237 368 189
409 237 375 191
415 237 381 193
438 237 392 205
444 237 398 207
456 237 410 214
474 237 424 219
480 237 430 221
361 243 316 185
391 243 351 192
397 243 358 193
403 243 365 195
438 243 389 212
444 243 396 213
450 243 402 216
456 243 409 218
474 243 423 224
504 243 447 235
373 249 323 194
391 249 349 198
444 249 395 220
450 249 401 223
456 249 407 225
379 255 326 202
391 255 348 205
444 255 391 226
450 255 397 229
504 255 444 249
355 260 280 206
486 260 420 248
498 260 434 253
409 266 357 223
415 266 362 225
397 272 341 224
403 272 347 226
302 284 229 209
308 284 235 212
391 284 328 240
308 296 230 221
314 296 236 222
326 308 248 247
320 314 239 252
326 314 247 253
338 314 252 257
338 326 249 265
349 332 259 282
349 338 256 287
