436 75 395 92
442 81 401 96
442 88 404 104
449 88 410 101
442 95 404 111
408 102 377 124
449 102 409 111
456 102 417 110
408 109 381 132
408 116 383 137
422 116 389 137
408 129 385 149
442 129 425 143
401 136 384 157
429 136 413 152
449 136 401 134
456 136 408 131
491 136 457 137
497 136 463 134
504 136 470 133
388 143 373 167
401 143 383 165
415 143 400 162
497 143 465 140
504 143 472 140
511 143 477 130
388 150 374 173
401 150 384 172
408 150 391 171
415 150 397 169
429 150 409 162
442 150 421 160
484 150 454 149
491 150 460 148
497 150 467 147
504 150 473 147
388 157 375 181
394 157 382 179
408 157 392 179
415 157 399 176
429 157 408 168
436 157 414 167
442 157 422 166
449 157 428 164
477 157 450 159
484 157 454 157
497 157 469 154
388 164 377 188
394 164 383 187
408 164 395 184
422 164 403 176
429 164 410 175
436 164 416 174
442 164 423 173
456 164 430 169
463 164 438 168
470 164 446 167
477 164 450 165
484 164 456 164
491 164 463 163
497 164 470 161
381 171 372 195
388 171 379 194
394 171 386 193
408 171 395 190
422 171 405 183
429 171 412 182
436 171 418 181
442 171 425 179
463 171 438 174
470 171 445 172
477 171 451 171
484 171 458 169
491 171 465 169
497 171 471 167
374 177 367 204
401 177 387 214
415 177 402 191
422 177 408 189
429 177 415 187
436 177 422 186
442 177 428 186
449 177 434 185
463 177 442 181
477 177 452 177
484 177 460 175
491 177 467 175
367 184 362 211
415 184 403 198
422 184 411 196
429 184 417 194
436 184 424 194
442 184 429 192
449 184 435 190
463 184 444 187
470 184 449 186
484 184 462 184
491 184 469 181
367 191 365 219
381 191 373 226
401 191 395 197
415 191 406 204
422 191 412 202
429 191 418 200
436 191 424 200
442 191 430 198
456 191 438 194
463 191 448 192
477 191 458 191
484 191 464 190
360 198 359 228
367 198 365 226
415 198 407 209
422 198 413 208
429 198 420 206
436 198 425 205
442 198 431 204
449 198 437 202
456 198 444 200
463 198 450 199
477 198 460 198
484 198 466 196
353 205 352 235
360 205 361 235
367 205 365 232
401 205 398 212
415 205 409 215
422 205 415 213
429 205 421 212
436 205 427 211
442 205 433 210
449 205 438 208
456 205 444 207
470 205 455 206
477 205 461 205
360 212 362 241
374 212 375 230
381 212 382 229
388 212 386 229
394 212 394 219
408 212 405 223
422 212 416 220
429 212 422 218
449 212 439 216
456 212 445 213
477 212 463 211
367 219 370 237
374 219 377 236
381 219 382 236
388 219 388 234
394 219 396 227
401 219 401 227
422 219 417 225
436 219 430 220
442 219 436 218
470 219 456 220
374 226 378 243
381 226 383 242
394 226 397 233
401 226 402 237
408 226 408 236
422 226 418 232
429 226 424 228
436 226 430 227
442 226 437 225
449 226 442 224
456 226 449 223
346 232 357 250
360 232 369 247
388 232 392 242
394 232 398 241
401 232 403 244
408 232 409 241
422 232 420 240
429 232 425 234
436 232 431 234
442 232 437 233
340 239 350 258
346 239 357 258
353 239 363 257
360 239 370 254
374 239 380 252
381 239 386 250
388 239 392 249
394 239 399 249
429 239 426 241
436 239 431 239
449 239 445 238
463 239 451 235
333 246 345 265
340 246 352 265
346 246 358 264
360 246 370 262
367 246 375 260
374 246 380 258
381 246 386 256
388 246 393 255
394 246 400 254
401 246 406 253
408 246 412 251
422 246 421 250
429 246 427 248
436 246 434 246
449 246 447 244
340 253 354 271
346 253 360 270
360 253 370 267
367 253 376 266
374 253 384 265
381 253 390 263
388 253 395 260
394 253 401 259
401 253 407 258
408 253 413 257
422 253 422 256
429 253 429 255
442 253 441 252
367 260 377 272
374 260 385 271
381 260 390 269
388 260 395 268
394 260 402 266
401 260 409 265
408 260 415 263
422 260 423 262
429 260 430 260
436 260 437 259
442 260 442 259
360 267 374 280
374 267 386 277
381 267 391 275
388 267 397 274
394 267 404 273
415 267 419 270
422 267 426 269
429 267 433 268
436 267 439 266
442 267 444 265
449 267 451 263
353 274 370 288
367 274 380 284
374 274 387 282
381 274 392 281
388 274 398 280
394 274 404 279
401 274 411 277
408 274 419 276
415 274 425 276
429 274 435 274
436 274 440 274
442 274 446 272
449 274 453 270
374 280 387 289
381 280 393 287
388 280 400 286
394 280 405 285
415 280 427 282
429 280 436 280
436 280 441 279
442 280 447 278
381 287 395 296
388 287 401 294
408 287 415 287
415 287 422 286
429 287 437 285
436 287 443 284
442 287 450 283
353 294 377 308
374 294 342 288
401 294 410 294
408 294 416 293
415 294 423 292
422 294 429 291
346 301 371 316
353 301 377 315
367 301 387 311
374 301 392 312
401 301 367 289
422 301 432 300
429 301 438 295
326 308 350 321
333 308 357 319
360 308 381 322
381 308 353 299
394 308 362 295
401 308 405 307
408 308 412 305
415 308 381 290
367 315 388 320
381 315 400 317
415 315 381 299
292 322 322 341
298 322 329 340
305 322 335 339
367 322 389 324
374 322 394 325
401 322 407 316
292 328 323 348
298 328 330 346
305 328 336 345
312 328 341 342
360 328 384 336
422 328 437 323
285 335 319 354
292 335 325 352
298 335 332 351
305 335 338 350
312 335 344 347
360 335 384 340
374 335 397 332
388 335 402 331
298 342 336 357
312 342 346 355
367 342 346 328
374 342 351 327
388 342 403 336
353 349 382 351
360 349 387 348
367 349 392 347
374 349 353 333
381 349 361 332
388 349 406 342
394 349 413 341
408 349 431 339
319 356 354 364
326 356 359 363
340 356 369 361
346 356 376 359
353 356 383 357
360 356 388 355
367 356 392 354
374 356 354 340
381 356 402 349
394 356 419 347
401 356 425 346
333 363 361 366
340 363 370 366
346 363 377 365
353 363 383 364
360 363 390 363
367 363 395 361
374 363 400 358
394 363 420 353
346 370 378 372
353 370 385 370
360 370 390 368
367 370 396 367
374 370 402 366
381 370 408 363
388 370 416 362
367 376 398 374
374 376 403 372
381 376 410 371
388 376 417 370
