446 180 496 162
451 180 502 163
472 180 518 166
446 185 497 168
462 185 512 171
472 185 519 172
483 185 525 171
488 185 531 172
446 190 502 172
451 190 507 172
467 190 513 179
472 190 518 179
483 190 525 177
493 190 531 177
441 195 489 184
451 195 501 184
467 195 512 184
472 195 518 184
483 195 525 184
488 195 530 183
535 195 553 188
441 201 490 191
446 201 495 190
451 201 501 189
483 201 525 190
488 201 531 190
493 201 536 190
378 211 401 204
425 211 427 232
430 211 432 232
478 211 526 194
499 211 542 194
378 216 402 210
425 216 427 237
457 216 483 209
478 216 527 200
378 222 404 216
383 222 409 215
389 222 421 214
451 222 479 215
457 222 484 214
509 222 549 202
525 222 542 206
535 222 566 212
378 227 404 221
383 227 409 220
399 227 432 221
509 227 550 207
368 232 396 223
378 232 404 226
383 232 408 227
446 232 478 226
504 232 507 224
509 232 512 225
525 232 560 213
373 237 398 231
525 237 561 218
368 243 392 237
373 243 398 238
378 248 414 238
399 248 444 233
410 248 454 236
488 248 536 219
493 248 542 218
520 248 542 237
368 253 402 244
373 253 408 244
378 253 414 244
383 253 421 243
389 253 425 244
394 253 432 243
399 253 443 240
420 253 461 239
430 253 472 238
383 258 420 248
394 258 431 249
415 258 461 248
430 258 472 243
441 258 479 242
493 258 537 232
499 258 543 231
336 264 367 251
389 264 426 252
404 264 449 254
410 264 456 254
415 264 462 255
436 264 474 249
441 264 479 248
499 264 509 260
357 269 357 287
389 269 427 258
394 269 432 257
399 269 438 257
430 269 468 256
436 269 474 255
441 269 479 255
451 269 485 254
488 269 494 268
493 269 501 267
383 274 420 263
389 274 426 263
394 274 433 263
399 274 439 263
404 274 444 263
441 274 479 262
446 274 485 262
483 274 489 272
352 279 357 293
394 279 434 269
436 279 467 267
451 279 484 266
472 279 497 262
315 284 321 287
352 284 357 298
378 284 408 275
415 284 433 272
420 284 439 272
425 284 457 272
430 284 462 272
451 284 479 272
357 290 375 292
362 290 403 279
368 290 409 279
373 290 392 291
383 290 414 281
389 290 420 280
425 290 456 278
430 290 461 278
441 290 466 278
467 290 538 242
310 295 317 300
362 295 404 285
368 295 409 284
383 295 414 287
389 295 420 286
404 295 427 285
410 295 434 285
415 295 440 285
420 295 445 285
425 295 450 286
430 295 455 286
436 295 461 285
441 295 466 284
451 295 472 285
310 300 317 305
373 300 392 298
383 300 414 292
404 300 428 292
410 300 434 291
415 300 439 291
420 300 445 291
425 300 450 291
430 300 455 290
352 305 375 304
357 305 380 303
362 305 386 303
404 305 428 297
410 305 433 297
415 305 438 298
425 305 445 298
430 305 451 297
436 305 456 297
326 311 345 311
341 311 363 310
347 311 369 309
352 311 374 309
357 311 381 309
362 311 388 308
383 311 404 305
389 311 409 304
394 311 416 304
399 311 422 303
404 311 427 303
410 311 432 303
415 311 438 303
425 311 445 302
430 311 450 302
305 316 309 324
331 316 351 317
341 316 362 316
347 316 369 315
352 316 374 315
357 316 381 315
378 316 399 313
383 316 404 311
389 316 410 311
394 316 416 310
399 316 421 310
404 316 427 309
420 316 440 308
299 321 305 330
305 321 310 329
331 321 351 322
336 321 357 321
341 321 363 322
347 321 369 321
352 321 375 321
357 321 379 320
368 321 386 320
383 321 404 317
389 321 410 316
394 321 416 316
399 321 421 314
410 321 428 315
420 321 427 322
299 326 306 334
305 326 311 334
320 326 328 328
341 326 345 327
352 326 369 327
357 326 376 327
362 326 381 326
389 326 397 328
394 326 415 320
399 326 404 327
404 326 409 329
299 332 306 339
305 332 312 340
331 332 334 333
336 332 339 332
341 332 351 334
347 332 357 333
352 332 362 333
357 332 366 332
389 332 399 332
399 332 404 333
299 337 308 345
305 337 315 345
336 337 339 339
341 337 351 340
347 337 357 339
352 337 362 338
368 337 375 338
383 337 393 337
331 342 328 345
336 342 333 345
341 342 350 346
347 342 357 345
352 342 363 345
378 342 380 344
331 347 328 351
336 347 334 351
341 347 339 352
