492 146 489 147
303 151 297 158
497 151 496 153
293 156 285 170
298 156 291 169
277 161 270 184
287 161 282 178
298 161 293 175
287 167 283 188
293 167 288 183
329 172 308 162
403 172 411 159
408 172 416 159
439 172 437 157
329 177 310 168
371 177 371 166
387 177 386 164
392 177 399 164
439 177 440 163
445 177 445 162
450 177 449 162
277 182 274 222
287 182 285 221
329 182 310 175
366 182 365 171
371 182 370 171
382 182 383 170
387 182 389 170
392 182 400 169
408 182 417 170
439 182 440 169
445 182 446 168
450 182 452 168
487 182 494 187
277 188 275 227
282 188 281 226
287 188 286 226
314 188 302 198
392 188 396 179
497 188 504 195
282 193 281 233
319 193 308 207
324 193 305 186
502 193 511 235
277 198 274 241
314 198 303 209
481 198 489 233
492 198 498 225
282 203 284 244
293 203 297 245
303 203 307 247
308 203 313 246
445 203 459 240
450 203 464 240
466 203 469 239
471 203 476 239
476 203 482 239
481 203 489 239
487 203 494 238
282 209 286 250
303 209 307 254
308 209 314 253
350 209 341 249
356 209 348 249
403 209 414 248
408 209 420 247
424 209 450 246
445 209 460 245
450 209 464 244
460 209 472 245
471 209 477 245
476 209 484 245
481 209 490 245
282 214 290 256
287 214 296 256
298 214 303 260
303 214 307 260
308 214 314 260
314 214 320 257
324 214 338 256
350 214 343 256
356 214 349 254
397 214 411 253
403 214 416 252
408 214 421 252
413 214 426 252
418 214 433 250
424 214 443 249
450 214 460 252
455 214 467 251
471 214 478 250
476 214 484 250
481 214 489 250
492 214 495 253
282 219 292 262
287 219 297 260
303 219 308 265
308 219 314 265
350 219 341 262
397 219 411 257
403 219 416 257
408 219 422 258
445 219 443 255
455 219 466 257
272 224 274 257
345 224 360 258
408 224 421 261
413 224 427 261
445 224 444 260
455 224 467 262
487 224 501 253
497 224 506 252
319 230 317 271
329 230 326 269
335 230 332 268
403 230 412 269
329 235 328 274
445 235 455 264
450 235 462 268
471 235 474 267
293 240 303 270
298 240 309 268
382 245 390 271
303 251 311 280
476 251 489 265
481 251 496 271
471 256 485 271
450 261 439 271
471 261 487 282
502 261 507 268
277 266 277 280
282 266 287 284
382 266 360 275
387 266 367 275
392 266 349 277
397 266 355 275
418 266 394 277
502 266 509 263
277 271 278 290
287 271 295 288
382 271 362 281
392 271 373 275
450 271 440 277
319 277 324 290
335 277 385 289
377 277 403 288
382 277 408 287
403 277 362 286
450 277 442 283
476 277 463 280
492 277 502 275
287 282 284 290
335 282 386 295
487 282 497 281
287 287 284 297
293 287 297 299
303 287 303 299
308 287 319 298
413 287 441 293
418 287 446 292
424 287 452 292
476 287 482 283
487 287 497 287
366 292 382 301
418 292 448 298
434 292 437 296
460 292 460 293
466 292 458 296
476 292 478 291
487 292 494 292
492 292 499 292
382 298 381 306
387 298 388 306
424 298 428 302
429 298 432 302
434 298 437 301
439 298 444 301
450 298 456 300
476 298 477 297
487 298 493 298
497 298 502 297
476 303 478 305
481 303 485 304
487 303 491 304
492 303 494 304
