287 151 286 164
293 151 293 163
298 151 299 163
287 156 287 169
492 156 497 154
277 161 278 183
487 167 494 161
277 172 280 195
408 172 410 153
445 172 462 148
497 172 506 171
502 172 515 173
329 177 312 166
397 177 399 159
429 177 440 156
439 177 452 155
450 177 456 154
487 177 498 171
329 182 313 172
397 182 406 165
408 182 411 164
450 182 458 159
487 182 499 178
329 188 313 177
392 188 402 172
397 188 407 171
408 188 411 170
439 188 454 167
445 188 460 165
497 188 513 197
277 193 284 248
298 193 301 249
487 193 505 211
277 198 285 253
282 198 290 253
319 198 321 247
324 198 315 253
481 198 498 241
487 198 504 240
282 203 297 261
287 203 306 261
293 203 312 261
303 203 323 259
460 203 482 248
466 203 486 248
476 203 493 247
481 203 500 247
487 203 506 247
282 209 299 267
287 209 306 267
293 209 312 266
298 209 317 265
345 209 347 264
356 209 354 264
439 209 465 255
445 209 470 254
460 209 481 255
466 209 487 254
476 209 494 253
481 209 501 253
487 209 506 253
287 214 307 272
293 214 312 271
298 214 318 270
356 214 354 269
361 214 359 269
387 214 383 268
392 214 391 268
397 214 397 267
424 214 435 261
429 214 442 260
450 214 476 257
466 214 484 260
471 214 490 260
476 214 495 259
481 214 501 258
487 214 507 257
266 219 278 244
424 219 438 266
298 235 322 286
408 235 432 214
408 240 434 220
413 240 444 276
408 245 434 225
356 251 349 276
408 256 427 273
413 256 432 271
502 256 516 258
272 261 283 277
413 261 435 279
439 266 449 275
502 266 516 276
377 271 393 279
434 271 425 269
277 277 288 295
377 277 394 285
434 277 442 287
308 287 330 298
382 287 406 289
308 292 333 306
314 292 337 304
377 292 378 299
413 292 424 292
476 292 481 286
481 292 488 286
497 292 513 285
377 298 390 303
382 298 397 303
418 298 448 300
429 298 455 298
434 298 460 296
455 303 461 300
466 303 472 299
481 303 479 298
487 303 491 298
