511 195 517 154
519 203 520 168
399 207 418 108
418 207 452 117
422 207 457 119
399 210 417 113
414 210 443 122
418 210 450 124
504 210 511 152
403 214 421 121
407 214 427 124
410 214 434 126
414 214 440 128
418 214 446 130
422 214 453 132
429 214 466 138
481 214 491 146
508 214 509 158
511 214 516 160
407 218 420 129
414 218 438 135
418 218 445 138
422 218 452 141
425 218 458 143
485 218 489 153
500 218 501 164
504 218 507 165
511 218 514 166
407 222 412 145
414 222 428 148
422 222 446 152
459 222 469 154
425 229 426 176
440 229 452 162
459 229 445 179
440 233 449 168
448 233 456 169
459 233 444 187
459 237 442 193
466 240 449 212
474 244 465 207
425 248 413 199
429 248 417 202
433 248 423 204
481 248 471 218
429 252 416 207
433 252 421 209
481 252 468 224
433 255 420 214
422 259 408 211
444 259 435 221
448 263 388 256
448 266 385 263
373 274 349 238
373 278 346 251
392 281 381 210
395 281 386 214
433 281 418 230
436 281 422 232
466 281 450 240
478 281 462 243
377 285 342 263
433 285 416 236
436 285 421 238
459 285 435 240
485 285 466 252
377 289 339 270
380 289 362 221
384 289 368 223
392 289 375 224
440 289 419 245
444 289 426 246
466 289 453 253
485 289 463 259
384 293 366 230
392 293 373 231
410 293 385 236
440 293 416 252
444 293 424 254
459 293 431 253
466 293 444 259
470 293 450 262
474 293 455 264
485 293 463 266
459 296 428 261
466 296 440 266
474 296 453 274
395 300 434 270
418 315 386 305
455 319 385 362
440 323 343 355
444 323 348 359
