384 75 491 143
378 81 484 140
391 81 487 148
397 81 490 159
378 88 478 142
474 94 487 228
391 107 468 154
384 120 452 152
403 120 401 211
384 126 444 156
410 126 450 191
378 133 436 151
384 133 439 158
391 133 441 166
442 133 460 217
448 133 462 223
378 139 428 155
384 139 430 161
397 139 438 179
429 139 442 202
436 139 444 208
442 139 447 215
378 146 422 158
384 146 424 163
423 146 433 198
429 146 436 205
436 146 438 211
442 146 440 218
448 146 443 225
455 146 444 231
461 146 446 239
481 146 452 249
371 152 400 160
416 152 426 199
429 152 429 207
436 152 431 213
442 152 433 220
448 152 435 227
455 152 437 234
474 152 441 244
403 159 416 195
436 159 422 215
442 159 425 221
448 159 427 229
468 159 431 236
474 159 435 247
410 165 413 204
442 165 416 221
397 171 472 190
403 171 403 202
410 171 406 207
436 178 474 211
468 210 393 250
474 210 410 257
468 217 385 253
474 217 388 260
416 223 364 223
474 223 381 262
416 229 359 225
474 229 380 271
365 236 343 179
378 242 337 189
397 242 342 201
403 242 345 208
365 249 329 185
378 249 331 191
384 249 333 197
397 249 337 205
416 249 343 225
358 255 320 179
365 255 322 186
384 255 327 200
391 255 329 207
416 255 337 227
436 255 345 248
442 255 348 254
365 262 316 188
371 262 317 196
384 262 320 204
391 262 322 210
403 262 325 217
410 262 329 228
416 262 331 235
429 262 335 244
436 262 337 251
461 262 343 260
365 268 310 190
371 268 314 197
384 268 317 210
397 268 320 218
403 268 321 224
416 268 324 233
423 268 326 239
365 275 305 192
416 275 318 236
423 275 321 242
436 275 326 254
442 275 328 259
468 275 335 280
365 281 299 195
371 281 303 200
384 281 307 210
416 281 311 237
423 281 314 245
429 281 311 252
461 281 327 275
358 287 292 189
371 287 298 202
384 287 301 212
391 287 303 219
397 287 306 224
410 287 303 233
416 287 305 238
423 287 309 246
358 294 279 191
384 294 295 214
391 294 297 221
397 294 299 227
416 294 300 240
423 294 303 249
448 294 309 267
371 300 282 211
384 300 284 217
391 300 290 222
397 300 293 229
391 307 284 224
423 307 295 251
391 313 279 225
397 320 283 239
378 326 291 258
365 332 259 213
378 332 284 262
384 332 286 269
352 339 244 201
358 339 250 209
365 339 252 215
384 339 257 226
391 339 262 231
352 345 238 203
358 345 243 212
365 345 245 217
378 345 250 223
384 345 251 229
403 345 262 247
410 345 264 253
429 345 266 270
352 352 233 206
358 352 237 214
365 352 239 219
378 352 242 227
391 352 247 237
397 352 252 243
410 352 258 255
429 352 259 273
352 358 229 209
358 358 231 216
384 358 237 235
391 358 240 241
397 358 243 248
403 358 250 252
410 358 252 258
429 358 252 276
436 358 255 282
442 358 257 287
403 365 242 255
442 365 251 289
