384 81 373 99
410 88 404 103
416 88 410 102
423 88 417 104
429 88 422 104
442 88 433 104
410 94 404 109
416 94 409 110
429 94 422 110
474 94 460 112
403 101 395 116
410 101 403 115
416 101 409 116
423 101 420 115
429 101 427 116
442 101 434 116
448 101 439 116
455 101 444 115
461 101 451 115
468 101 456 116
397 107 384 123
403 107 391 123
416 107 415 118
436 107 427 123
442 107 433 123
448 107 438 122
455 107 445 122
461 107 451 121
397 114 384 130
410 114 396 130
416 114 408 131
442 114 433 129
448 114 439 129
455 114 444 129
410 120 403 136
416 120 415 128
442 120 432 137
448 120 439 137
384 126 378 136
391 126 383 136
397 126 389 141
416 126 414 135
423 126 421 135
429 126 427 135
442 126 432 142
448 126 439 142
391 133 383 142
403 133 395 148
442 133 433 148
461 133 453 146
371 139 365 155
384 139 377 149
391 139 383 149
397 139 389 148
403 139 396 153
442 139 434 155
448 139 440 153
455 139 446 152
461 139 453 153
468 139 459 153
391 146 384 155
423 146 414 160
429 146 421 159
378 152 370 167
384 152 377 166
423 152 414 166
474 152 463 167
384 159 377 172
397 159 390 173
410 159 409 173
423 159 415 173
461 159 452 173
468 159 458 172
474 159 465 173
384 165 378 177
391 165 385 178
397 165 389 178
403 165 397 179
423 165 416 179
448 165 441 178
455 165 447 179
461 165 454 178
468 165 459 178
371 171 364 184
378 171 371 186
384 171 378 185
391 171 385 183
397 171 390 183
403 171 397 186
410 171 407 184
423 171 416 184
429 171 421 183
436 171 433 185
448 171 441 184
455 171 447 184
461 171 454 184
468 171 460 185
371 178 364 191
378 178 372 192
384 178 378 190
391 178 384 189
429 178 422 190
448 178 441 190
455 178 447 190
461 178 454 191
468 178 460 190
474 178 467 191
365 184 358 197
378 184 372 198
384 184 379 197
391 184 384 195
397 184 390 196
410 184 403 203
416 184 410 196
429 184 422 196
448 184 441 196
455 184 448 197
461 184 454 197
365 191 359 203
371 191 366 205
378 191 373 204
384 191 379 203
391 191 386 202
455 191 450 204
461 191 456 203
365 197 360 211
378 197 373 210
384 197 379 210
391 197 385 209
397 197 393 204
423 197 416 216
429 197 423 208
494 197 484 209
365 204 361 216
378 204 372 217
384 204 379 217
391 204 385 215
397 204 395 215
410 204 407 210
416 204 413 209
455 204 450 221
461 204 457 221
384 210 378 223
391 210 385 222
397 210 392 222
403 210 400 221
410 210 407 216
429 210 423 217
436 210 431 216
448 210 445 216
455 210 452 216
474 210 470 222
378 217 372 233
384 217 378 229
391 217 385 227
403 217 399 226
410 217 407 223
429 217 423 222
436 217 432 221
442 217 438 222
455 217 451 228
378 223 371 239
384 223 378 239
391 223 385 234
397 223 391 234
416 223 409 234
423 223 416 235
429 223 423 228
448 223 444 235
365 229 363 232
391 229 385 241
397 229 390 241
403 229 398 242
416 229 410 239
423 229 416 239
429 229 422 240
436 229 432 240
442 229 438 241
455 229 451 241
461 229 457 240
474 229 470 241
384 236 378 246
391 236 385 246
397 236 390 246
416 236 410 247
423 236 416 247
429 236 426 246
436 236 432 247
442 236 439 247
378 242 373 253
384 242 379 252
391 242 386 251
397 242 392 252
403 242 401 252
410 242 408 253
423 242 420 253
429 242 427 253
436 242 433 253
448 242 444 246
455 242 450 245
461 242 457 245
468 242 464 254
371 249 367 258
384 249 382 259
391 249 389 259
397 249 396 258
403 249 402 259
410 249 408 260
423 249 421 259
442 249 437 251
455 249 451 251
371 255 367 265
403 255 402 264
436 255 432 259
448 255 444 259
468 255 464 266
474 255 471 266
391 262 389 271
397 262 396 271
403 262 402 271
410 262 408 271
423 262 421 266
429 262 427 266
436 262 432 265
442 262 438 265
455 262 451 265
461 262 459 272
468 262 464 272
474 262 470 272
378 268 376 278
384 268 383 277
391 268 390 277
416 268 415 276
358 275 355 288
410 275 408 283
461 275 460 284
468 275 465 285
474 275 470 288
365 281 362 295
371 281 370 291
384 281 386 291
391 281 390 290
436 281 433 291
468 281 466 290
365 287 363 297
384 287 384 297
391 287 390 295
403 287 401 295
416 287 413 296
423 287 420 295
429 287 426 296
436 287 433 297
442 287 440 297
468 287 466 295
378 294 376 304
384 294 383 303
391 294 389 301
410 294 408 303
416 294 413 302
429 294 426 301
436 294 433 302
365 300 364 308
384 300 384 308
416 300 415 310
423 300 419 309
436 300 434 308
442 300 439 308
468 300 467 309
365 307 364 313
416 307 414 316
423 307 420 315
429 307 427 315
442 307 441 315
461 307 460 314
468 307 467 313
358 313 357 321
416 313 415 320
429 313 427 321
416 320 415 326
429 320 428 326
442 320 441 326
468 320 468 328
416 326 416 332
461 326 462 334
384 332 392 338
416 332 416 338
429 332 432 340
461 332 462 340
365 339 366 345
403 339 403 344
410 339 411 345
429 339 432 345
461 339 462 345
365 345 366 350
378 345 377 352
410 345 411 351
416 345 416 351
429 345 432 350
461 345 463 351
352 352 354 365
365 352 366 357
410 352 410 363
416 352 416 356
352 358 354 370
365 358 366 370
371 358 372 369
384 358 384 369
391 358 391 369
416 358 416 369
461 358 463 364
423 365 423 367
