470 199 405 139
501 199 436 229
501 206 444 232
519 212 383 135
377 224 440 279
488 224 384 155
352 237 360 295
358 237 364 283
371 237 367 271
476 237 399 166
488 243 405 161
495 243 406 155
346 255 439 314
352 255 441 307
358 255 442 300
364 255 444 294
346 261 446 310
352 261 401 299
364 261 404 285
395 261 406 272
464 261 416 259
302 268 423 353
457 268 420 269
464 268 422 261
302 274 428 355
284 280 425 373
315 280 431 346
414 280 442 184
495 280 462 188
284 286 432 377
296 286 434 363
302 286 435 357
290 292 439 371
302 292 440 357
309 292 442 351
