406 179 366 235
387 191 392 251
393 191 393 245
406 191 393 236
387 197 396 251
393 197 397 246
406 197 397 238
456 197 391 141
306 204 376 358
293 216 385 367
299 216 384 360
287 222 391 372
468 222 458 191
481 222 452 191
299 229 403 367
349 229 363 300
368 229 363 293
374 229 363 287
487 229 459 183
281 235 409 379
349 235 412 316
356 235 413 310
381 235 369 282
281 241 415 380
312 247 384 352
318 247 384 346
362 254 453 301
374 260 413 290
387 260 461 269
393 260 461 262
287 272 446 382
512 272 463 139
462 279 438 285
