331 136 340 136
335 136 345 136
318 145 324 144
322 145 327 145
335 145 349 144
318 150 323 149
326 150 340 153
313 154 320 152
313 158 320 157
335 158 353 161
340 158 356 161
322 163 333 165
326 163 337 161
340 163 357 165
344 163 360 165
349 163 365 165
366 163 377 162
437 163 443 163
313 167 324 169
318 167 328 169
322 167 333 169
326 167 336 173
331 167 340 173
340 167 356 169
344 167 361 169
371 167 381 166
313 172 325 173
326 172 336 177
331 172 340 177
335 172 353 177
340 172 356 174
344 172 361 173
375 172 382 173
380 172 386 173
388 172 393 170
415 172 423 172
419 172 426 172
318 176 328 177
322 176 332 173
340 176 356 178
375 176 382 178
380 176 386 177
410 176 418 176
415 176 423 176
419 176 426 177
441 176 446 174
446 176 450 174
450 176 454 174
309 180 316 182
313 180 324 181
318 180 328 181
322 180 332 177
335 180 349 185
375 180 381 182
380 180 385 181
384 180 389 182
415 180 422 181
428 180 435 178
433 180 438 177
437 180 441 177
309 185 316 186
313 185 324 185
318 185 328 185
322 185 332 185
326 185 335 185
366 185 373 186
371 185 377 186
375 185 380 186
380 185 384 186
384 185 389 186
424 185 430 181
428 185 434 182
433 185 438 181
437 185 442 181
296 189 303 190
313 189 324 190
318 189 327 190
322 189 332 189
326 189 335 189
362 189 370 190
366 189 373 190
371 189 377 190
375 189 380 190
380 189 385 190
384 189 389 190
388 189 393 190
433 189 437 186
446 189 446 190
296 194 303 194
300 194 310 194
313 194 323 193
318 194 327 194
322 194 331 195
335 194 348 198
340 194 356 197
353 194 365 195
357 194 368 194
366 194 373 194
371 194 377 194
375 194 380 194
380 194 385 195
384 194 389 194
388 194 393 194
397 194 405 195
424 194 430 190
428 194 434 192
437 194 438 194
291 198 300 198
300 198 310 198
313 198 323 198
318 198 327 198
322 198 331 200
335 198 348 202
340 198 352 202
353 198 365 200
366 198 373 198
384 198 385 198
388 198 393 198
393 198 401 199
397 198 406 200
410 198 415 201
415 198 418 201
419 198 422 202
424 198 425 201
437 198 438 197
441 198 442 198
300 203 311 203
304 203 315 202
318 203 327 204
353 203 365 204
357 203 369 204
384 203 385 202
402 203 409 203
410 203 415 204
415 203 418 205
419 203 422 205
424 203 425 205
428 203 429 205
433 203 434 205
441 203 442 203
335 207 349 205
340 207 353 209
353 207 369 208
375 207 380 207
388 207 397 207
410 207 415 209
415 207 419 209
419 207 422 209
424 207 425 209
428 207 429 209
433 207 434 209
437 207 438 207
441 207 440 208
287 211 295 218
291 211 298 218
296 211 302 218
340 211 354 213
344 211 357 213
349 211 361 213
353 211 369 213
384 211 393 213
388 211 397 212
397 211 404 211
406 211 410 214
410 211 415 213
419 211 422 213
424 211 425 213
428 211 430 213
282 216 291 222
287 216 294 222
291 216 299 223
362 216 369 217
388 216 397 216
393 216 400 217
419 216 422 216
428 216 430 217
282 220 291 227
287 220 294 227
291 220 298 226
296 220 307 218
304 220 312 225
318 220 336 222
322 220 340 218
349 220 364 218
357 220 361 227
366 220 372 221
388 220 397 221
393 220 401 221
415 220 419 219
424 220 426 221
428 220 430 221
296 225 303 230
313 225 332 227
318 225 336 227
322 225 340 226
340 225 352 226
357 225 360 230
362 225 365 230
375 225 384 225
402 225 409 223
406 225 413 223
415 225 419 223
419 225 422 223
291 229 300 234
296 229 304 234
318 229 336 230
322 229 340 230
344 229 357 230
353 229 356 234
357 229 361 234
366 229 372 230
371 229 378 230
402 229 407 229
406 229 413 227
415 229 418 227
419 229 423 226
437 229 435 230
309 234 324 238
318 234 332 238
322 234 336 238
335 234 347 234
344 234 353 234
357 234 361 238
388 234 398 234
406 234 413 230
309 238 324 243
313 238 328 242
322 238 336 241
326 238 340 242
344 238 353 238
366 238 372 239
371 238 377 239
300 242 308 242
304 242 321 247
309 242 324 247
322 242 335 246
326 242 341 245
335 242 348 245
344 242 353 243
353 242 361 246
371 242 378 245
375 242 382 244
309 247 323 251
313 247 327 251
318 247 331 250
326 247 341 249
335 247 348 249
353 247 361 249
362 247 370 249
366 247 373 249
371 247 377 249
375 247 385 249
384 247 394 248
388 247 398 248
410 247 414 246
362 251 369 253
371 251 377 254
380 251 389 253
353 256 365 258
