322 136 329 136
326 136 334 136
340 136 346 136
326 141 343 141
318 145 327 141
326 145 339 145
331 145 351 147
335 145 355 146
344 145 359 148
318 150 327 146
326 150 339 148
344 150 359 153
353 150 364 150
357 150 367 150
362 150 371 150
326 154 343 155
344 154 360 156
357 154 368 155
362 154 372 154
344 158 360 159
362 158 373 158
371 158 386 157
309 163 323 149
349 163 365 163
375 167 385 166
415 167 423 167
419 167 427 166
424 167 430 166
428 167 435 166
433 167 437 166
313 172 332 160
375 172 386 170
380 172 389 169
410 172 419 171
415 172 423 171
419 172 427 171
424 172 431 171
428 172 435 170
441 172 443 170
446 172 446 170
450 172 450 170
304 176 309 187
344 176 362 180
371 176 378 183
375 176 382 179
415 176 424 175
419 176 427 176
424 176 431 175
441 176 443 174
446 176 447 173
450 176 451 173
455 176 454 173
304 180 310 191
309 180 320 182
313 180 328 182
375 180 382 182
397 180 408 184
410 180 420 180
415 180 424 180
419 180 427 180
455 180 455 177
459 180 456 182
304 185 316 186
309 185 321 186
313 185 329 186
322 185 336 185
340 185 358 188
349 185 366 184
353 185 366 187
371 185 378 187
375 185 382 187
384 185 387 187
397 185 408 188
402 185 412 188
406 185 415 189
410 185 419 188
415 185 424 184
419 185 427 184
296 189 298 208
300 189 313 191
304 189 317 190
318 189 333 189
322 189 336 189
353 189 367 190
357 189 370 190
375 189 382 190
406 189 416 192
415 189 424 188
419 189 427 188
300 194 313 194
318 194 333 193
322 194 336 193
326 194 340 193
331 194 346 193
335 194 354 196
340 194 358 194
344 194 362 193
349 194 363 195
384 194 388 195
388 194 391 195
406 194 415 197
428 194 432 188
446 194 440 196
300 198 313 199
309 198 329 199
318 198 333 198
322 198 337 198
335 198 351 201
384 198 388 199
388 198 392 198
300 203 313 203
304 203 318 203
318 203 334 202
331 203 347 206
335 203 351 205
340 203 355 204
344 203 363 204
388 203 400 203
397 203 404 202
406 203 413 205
424 203 425 205
428 203 429 204
287 207 295 217
291 207 298 222
304 207 318 207
335 207 352 209
344 207 362 208
353 207 367 208
384 207 397 206
388 207 401 206
397 207 405 207
402 207 409 206
406 207 413 209
419 207 422 209
424 207 425 209
428 207 429 209
433 207 433 208
437 207 440 207
287 211 295 225
304 211 319 210
322 211 344 209
326 211 347 210
335 211 352 213
344 211 363 212
353 211 368 211
375 211 392 211
397 211 405 212
402 211 409 212
406 211 412 213
410 211 417 210
419 211 422 212
424 211 425 212
428 211 430 212
433 211 434 212
437 211 440 211
322 216 343 218
326 216 348 218
340 216 356 217
344 216 359 216
384 216 396 216
402 216 409 217
406 216 412 217
433 216 435 217
326 220 348 222
331 220 351 221
371 220 384 220
384 220 396 220
388 220 401 222
397 220 406 221
402 220 410 221
410 220 416 218
415 220 420 218
433 220 435 221
437 220 438 221
282 225 295 233
287 225 299 234
296 225 311 225
304 225 319 224
331 225 349 227
340 225 356 226
344 225 360 228
349 225 365 228
388 225 401 227
397 225 406 225
402 225 410 225
406 225 413 222
415 225 419 224
424 225 422 225
433 225 435 224
437 225 438 224
287 229 299 236
291 229 303 236
296 229 312 231
300 229 316 229
304 229 319 228
318 229 338 238
326 229 346 233
331 229 349 231
335 229 353 230
340 229 355 232
344 229 360 232
349 229 365 232
353 229 369 233
371 229 381 232
375 229 385 232
388 229 398 232
393 229 402 231
397 229 405 231
406 229 413 225
415 229 419 228
428 229 426 229
296 234 312 236
300 234 315 233
326 234 345 238
331 234 348 237
340 234 356 236
344 234 361 236
349 234 365 237
353 234 369 238
357 234 374 237
371 234 381 237
375 234 385 237
388 234 399 236
393 234 402 236
397 234 406 234
300 238 318 244
313 238 334 247
326 238 345 243
331 238 349 241
340 238 353 241
349 238 362 241
371 238 382 240
388 238 399 240
393 238 403 239
397 238 407 239
433 238 432 240
300 242 318 249
304 242 322 248
318 242 337 248
322 242 340 248
326 242 345 246
362 242 378 244
371 242 382 245
375 242 386 245
380 242 391 245
384 242 396 246
388 242 399 244
393 242 403 244
309 247 325 252
313 247 329 251
318 247 337 251
322 247 341 251
326 247 345 250
331 247 350 250
340 247 357 249
353 247 370 249
366 247 378 249
371 247 383 249
375 247 387 249
380 247 391 249
384 247 396 249
388 247 400 249
313 251 330 256
318 251 339 255
322 251 342 255
326 251 345 255
331 251 349 255
335 251 354 254
344 251 358 254
349 251 370 254
362 251 378 254
371 251 383 255
375 251 388 253
380 251 392 254
322 256 343 260
344 256 363 258
366 256 374 260
