386 256 436 277
391 259 426 278
386 265 430 268
429 285 384 216
336 288 480 206
356 291 465 202
325 294 495 198
356 294 464 198
359 294 460 202
362 294 456 202
325 300 494 195
325 302 493 191
380 305 443 198
383 305 439 198
380 311 442 193
336 314 483 185
328 317 491 181
377 317 442 189
380 317 437 190
383 317 433 191
397 317 434 204
354 320 461 184
380 320 437 187
386 320 429 188
397 320 434 200
377 323 440 182
380 323 436 183
383 323 432 183
386 323 428 184
397 323 434 196
420 323 399 191
423 323 394 192
426 323 390 192
429 323 386 192
409 326 408 197
423 326 393 188
426 326 389 188
429 326 385 189
432 326 381 190
426 328 388 185
429 328 385 186
