477 140 438 110
471 147 436 121
446 153 425 132
490 153 456 116
397 165 396 157
446 165 430 139
459 165 438 136
415 171 414 159
434 171 426 150
366 178 382 178
384 178 402 166
403 178 411 166
409 178 416 164
440 178 432 148
459 178 440 145
347 184 374 190
391 184 401 181
397 184 408 176
403 184 414 172
409 184 419 169
440 184 436 153
459 184 443 150
360 190 372 205
366 190 379 201
372 190 386 197
378 190 393 193
391 190 404 186
403 190 418 179
422 190 429 172
440 190 440 161
453 190 448 157
285 196 321 235
298 196 328 232
322 196 350 222
353 196 375 210
384 196 402 195
409 196 425 180
428 196 436 173
440 196 443 169
236 202 259 276
242 202 267 274
322 202 353 228
366 202 392 206
372 202 398 202
391 202 410 197
397 202 416 193
403 202 423 188
409 202 428 185
422 202 435 182
440 202 447 175
236 209 271 279
341 209 368 228
353 209 381 220
360 209 388 216
366 209 395 212
372 209 401 209
391 209 412 203
397 209 418 199
403 209 425 195
415 209 432 192
422 209 438 188
335 215 371 234
347 215 378 229
353 215 384 227
360 215 390 224
366 215 396 220
372 215 402 216
384 215 410 211
397 215 421 204
409 215 431 201
415 215 434 198
422 215 440 194
428 215 445 189
279 221 322 267
335 221 373 239
353 221 387 233
360 221 393 229
372 221 405 221
384 221 414 216
391 221 419 214
397 221 424 210
409 221 433 206
415 221 438 203
422 221 444 201
465 221 469 179
490 221 482 171
291 227 339 268
298 227 347 265
335 227 376 245
353 227 390 238
360 227 397 234
366 227 403 230
384 227 417 222
453 227 465 189
465 227 472 184
496 227 494 170
502 227 503 168
267 233 311 292
329 233 374 254
353 233 389 248
360 233 402 241
366 233 408 237
397 233 430 218
422 233 449 206
508 233 507 175
440 240 459 199
304 246 351 285
310 246 357 282
428 246 454 214
347 252 397 263
434 252 466 220
254 258 317 315
366 258 421 246
360 264 409 272
254 271 324 325
347 271 408 279
260 277 333 329
285 277 349 314
335 283 399 295
260 289 336 337
260 295 338 343
