448 131 415 123
459 131 420 122
285 136 273 181
301 136 290 176
374 136 348 154
453 136 416 131
459 136 423 128
485 136 459 111
285 141 276 188
290 141 281 186
296 141 287 184
301 141 291 183
311 141 300 180
374 141 338 167
490 141 467 113
501 141 474 110
280 147 274 195
290 147 284 191
296 147 289 190
301 147 293 188
311 147 302 185
506 147 483 113
280 152 277 199
290 152 287 198
353 152 329 182
490 152 472 124
353 157 331 187
364 157 344 182
374 157 349 180
380 157 356 178
490 157 475 131
501 157 486 126
348 162 327 195
364 162 346 189
495 162 484 135
285 168 289 209
501 168 492 138
311 173 308 197
353 173 335 201
359 173 343 199
490 173 483 150
495 173 489 147
311 178 309 202
348 178 333 210
359 178 344 205
369 178 352 202
296 183 300 214
348 183 335 215
359 183 342 212
364 183 347 211
369 183 354 209
285 189 294 222
280 194 291 229
290 194 308 239
369 194 356 211
280 199 299 249
427 199 398 175
317 204 321 235
422 204 413 192
495 204 493 159
501 204 499 157
317 210 323 241
290 215 311 261
290 220 313 266
296 220 319 264
411 220 392 213
443 220 427 207
280 225 308 273
296 225 321 269
359 225 347 247
422 225 407 217
443 225 429 212
459 225 441 208
464 225 448 204
280 231 310 280
285 231 314 275
380 231 374 242
422 231 408 224
459 231 442 214
464 231 450 211
280 236 313 287
285 236 317 281
296 236 324 278
369 236 365 253
380 236 376 248
417 236 406 232
422 236 411 230
285 241 319 287
422 241 416 235
280 246 314 294
327 246 351 273
364 246 388 258
422 246 420 241
511 246 521 191
311 252 340 284
438 252 447 243
490 252 505 206
495 252 510 204
290 257 324 293
296 257 328 291
322 257 348 282
327 257 353 280
459 257 472 233
290 262 324 298
296 262 329 297
301 262 335 295
322 262 349 287
327 262 356 285
332 262 361 283
459 262 473 238
469 262 480 235
495 262 512 224
290 268 326 304
301 268 335 300
332 268 364 288
501 268 518 222
506 268 523 212
285 273 321 305
495 273 514 230
443 278 455 263
453 278 468 257
480 278 499 244
485 278 505 241
