401 131 362 141
406 131 368 138
438 131 406 119
448 131 413 116
480 131 446 100
485 131 452 97
490 131 458 94
285 136 276 190
290 136 281 188
296 136 287 185
301 136 295 184
306 136 301 181
317 136 309 176
322 136 315 173
369 136 328 169
374 136 334 166
406 136 373 146
438 136 412 127
464 136 430 118
480 136 450 105
485 136 456 102
490 136 462 99
495 136 467 96
506 136 473 92
290 141 287 196
296 141 294 193
301 141 298 191
311 141 307 187
317 141 313 183
322 141 318 181
327 141 325 177
374 141 338 171
401 141 364 158
406 141 376 153
438 141 400 140
443 141 407 136
459 141 427 126
469 141 438 121
474 141 445 117
480 141 452 111
485 141 458 107
380 147 347 174
385 147 353 171
401 147 373 162
490 147 465 107
495 147 472 104
506 147 477 99
285 152 291 206
290 152 296 204
490 152 468 111
511 152 485 101
290 157 299 208
306 157 312 203
317 157 319 199
380 157 350 183
385 157 356 179
495 157 475 110
501 157 481 106
317 162 322 206
359 162 341 194
374 162 347 192
380 162 353 189
385 162 359 185
390 162 365 182
490 162 472 117
501 162 485 111
301 168 313 217
364 168 344 200
374 168 350 198
380 168 357 194
385 168 363 191
469 173 442 158
317 194 329 201
290 199 323 251
401 199 376 201
280 204 317 257
296 204 330 251
396 204 372 210
296 210 328 260
301 210 335 255
290 215 329 265
301 215 337 260
390 215 371 225
285 220 326 272
306 220 339 267
311 220 342 259
396 220 389 226
422 220 413 206
464 220 447 195
401 225 393 231
459 225 444 203
464 225 450 200
301 231 344 273
390 231 365 254
396 231 372 250
285 236 333 286
385 236 359 259
511 236 521 166
385 241 362 265
511 241 524 171
285 246 335 295
385 246 363 271
390 246 370 269
469 246 468 208
390 252 373 274
469 252 477 211
495 252 517 193
374 257 422 256
411 257 430 252
469 257 482 217
490 257 514 202
495 257 518 199
501 257 522 188
296 262 346 298
301 262 352 295
290 268 341 307
296 268 347 303
301 268 353 301
359 268 399 276
364 268 405 273
374 268 419 266
422 268 443 252
427 268 449 249
432 268 462 242
443 268 474 236
453 268 482 232
490 268 516 208
495 268 521 204
506 268 531 200
285 273 340 316
290 273 345 312
311 273 366 301
317 273 371 298
322 273 376 296
432 273 464 249
485 273 513 218
490 273 519 214
501 273 527 209
306 278 362 307
490 278 517 223
495 278 524 218
501 278 529 214
296 283 356 316
