490 126 478 119
495 126 483 119
438 131 422 132
469 131 456 126
474 131 461 125
485 131 469 124
306 136 296 156
311 136 301 155
317 136 306 154
322 136 311 154
327 136 318 153
332 136 322 153
353 136 334 151
364 136 346 149
369 136 352 148
406 136 390 143
438 136 423 139
469 136 456 131
480 136 464 130
485 136 470 129
490 136 476 129
495 136 481 128
501 136 486 126
506 136 491 125
290 141 282 163
296 141 288 162
301 141 293 162
317 141 307 160
322 141 312 159
353 141 334 156
359 141 341 156
364 141 345 155
369 141 352 154
374 141 357 153
422 141 408 142
464 141 447 138
469 141 452 137
474 141 459 136
480 141 464 136
485 141 471 135
490 141 477 134
495 141 482 133
501 141 487 132
506 141 493 131
285 147 278 168
290 147 283 169
296 147 289 168
390 147 375 153
396 147 381 153
401 147 386 151
406 147 392 150
422 147 408 147
432 147 420 146
443 147 431 144
453 147 436 143
459 147 441 143
464 147 447 142
485 147 472 139
490 147 477 137
495 147 483 138
501 147 488 138
506 147 493 137
511 147 498 136
280 152 275 173
285 152 279 176
296 152 290 173
364 152 346 163
390 152 375 158
396 152 381 158
401 152 387 156
406 152 393 156
438 152 425 150
443 152 431 149
453 152 438 148
459 152 443 147
464 152 449 147
469 152 454 146
495 152 484 144
501 152 489 143
506 152 495 143
511 152 499 141
296 157 291 180
406 157 394 162
459 157 444 153
464 157 450 151
469 157 455 151
495 157 485 149
285 162 281 183
290 162 286 182
301 162 297 180
311 162 309 177
317 162 314 177
490 162 479 149
285 168 283 188
290 168 288 188
296 168 292 188
306 168 304 184
338 168 326 177
343 168 332 176
411 168 400 166
417 168 406 165
422 168 422 163
464 168 451 159
469 168 456 159
285 173 283 193
290 173 289 199
338 173 328 186
396 173 377 175
401 173 383 173
422 173 416 169
469 173 456 164
490 173 483 167
280 178 280 199
317 178 311 194
327 178 317 190
343 178 333 189
374 178 358 194
396 178 378 180
401 178 384 178
417 178 406 177
453 178 446 170
280 183 281 205
296 183 294 197
369 183 358 200
401 183 384 184
406 183 396 182
422 183 417 175
438 183 437 178
495 183 490 176
280 189 281 211
290 189 292 209
296 189 297 208
311 189 308 202
390 189 375 192
401 189 391 188
406 189 397 187
427 189 425 180
459 189 454 193
495 189 491 181
280 194 282 217
285 194 288 217
290 194 293 216
296 194 298 214
301 194 303 213
311 194 308 207
327 194 319 206
338 194 329 205
411 194 397 194
417 194 404 193
453 194 443 187
459 194 449 186
464 194 456 198
501 194 498 186
511 194 507 186
280 199 282 223
285 199 287 224
290 199 292 222
296 199 297 221
311 199 308 212
317 199 314 213
359 199 340 208
501 199 499 191
511 199 507 191
280 204 282 228
285 204 287 229
290 204 292 228
296 204 297 227
306 204 304 220
317 204 314 217
453 204 448 192
511 204 508 197
280 210 283 234
285 210 287 234
296 210 298 232
306 210 306 230
317 210 315 222
401 210 394 207
448 210 443 199
453 210 449 198
506 210 504 203
511 210 509 202
280 215 284 238
290 215 293 238
296 215 299 237
317 215 316 228
443 215 439 207
448 215 445 205
459 215 450 204
469 215 461 198
495 215 495 226
280 220 285 244
285 220 291 243
290 220 295 243
296 220 300 242
317 220 317 233
453 220 445 211
280 225 286 250
285 225 291 248
290 225 296 248
311 225 311 241
417 225 408 222
422 225 412 223
443 225 424 220
448 225 429 219
453 225 442 217
459 225 447 216
464 225 453 215
280 231 286 256
296 231 302 249
317 231 317 241
327 231 330 243
332 231 335 243
422 231 413 227
453 231 441 223
459 231 448 222
280 236 288 263
285 236 291 256
290 236 296 256
296 236 302 255
311 236 313 247
317 236 318 246
322 236 324 246
385 236 374 239
417 236 409 228
285 241 292 262
290 241 297 261
296 241 302 260
311 241 314 252
317 241 319 251
322 241 325 251
385 241 374 245
417 241 409 234
469 241 466 232
506 241 505 225
511 241 511 225
280 246 288 267
285 246 293 266
290 246 297 265
296 246 302 265
301 246 307 259
311 246 315 257
317 246 320 257
327 246 331 254
332 246 337 254
359 246 358 253
411 246 403 241
417 246 410 240
427 246 427 236
459 246 442 234
469 246 467 238
511 246 513 230
280 252 288 272
285 252 293 271
290 252 299 271
296 252 303 271
311 252 316 263
322 252 322 263
327 252 332 261
332 252 337 260
353 252 354 258
359 252 359 259
385 252 377 256
411 252 404 245
417 252 415 244
422 252 421 243
427 252 426 242
469 252 468 247
506 252 507 235
511 252 513 242
285 257 294 277
290 257 299 276
296 257 304 276
301 257 309 270
311 257 317 269
317 257 323 267
327 257 333 267
353 257 355 265
359 257 361 264
364 257 366 264
385 257 377 261
422 257 422 250
443 257 428 252
448 257 435 251
511 257 514 248
301 262 309 277
311 262 317 275
317 262 322 273
322 262 327 274
332 262 339 272
348 262 349 270
353 262 355 270
359 262 361 270
364 262 366 270
422 262 423 259
432 262 434 258
453 262 463 255
469 262 467 253
495 262 498 248
285 268 295 284
290 268 301 284
311 268 318 282
317 268 323 281
322 268 328 281
327 268 335 280
348 268 351 277
353 268 358 276
359 268 363 275
369 268 370 275
401 268 404 270
406 268 409 267
411 268 414 267
417 268 420 267
422 268 424 266
427 268 430 265
432 268 435 264
438 268 441 264
464 268 463 260
469 268 468 259
490 268 493 256
495 268 498 255
501 268 505 255
506 268 511 252
285 273 295 290
290 273 301 289
296 273 306 289
301 273 311 288
327 273 337 285
353 273 358 282
359 273 363 282
369 273 370 281
406 273 409 274
427 273 431 271
432 273 436 271
438 273 443 270
453 273 460 267
485 273 489 262
490 273 494 261
495 273 499 260
501 273 505 259
290 278 301 294
296 278 306 294
301 278 312 293
306 278 317 293
311 278 325 292
317 278 331 291
327 278 341 290
332 278 348 289
348 278 352 289
353 278 359 287
364 278 370 286
385 278 393 282
401 278 408 280
417 278 421 278
422 278 432 276
432 278 438 275
438 278 444 275
485 278 489 268
490 278 494 266
495 278 499 265
501 278 505 264
290 283 302 298
296 283 308 298
301 283 315 298
364 283 371 289
