380 147 357 89
362 153 332 105
386 153 345 99
391 153 351 98
362 159 333 112
368 165 339 114
487 165 478 99
362 171 335 120
368 171 340 119
457 171 409 105
475 171 423 101
481 171 471 107
487 171 478 106
493 171 483 106
499 171 503 107
511 171 511 105
517 171 516 105
463 177 416 108
475 177 422 106
505 177 505 114
511 177 511 113
481 183 472 118
487 183 478 116
493 183 483 115
505 183 504 120
511 183 511 120
487 189 478 121
493 189 484 121
499 189 492 119
505 189 498 119
511 189 513 126
362 195 334 141
380 195 362 146
493 195 485 126
499 195 493 125
362 201 335 147
368 201 342 148
374 201 357 152
487 201 459 145
499 201 497 132
505 201 504 133
511 201 512 133
356 207 329 155
362 207 337 153
487 207 459 151
493 207 465 151
505 207 505 139
511 207 514 140
356 213 329 161
368 213 338 161
374 213 343 161
386 213 349 161
397 213 358 158
499 213 500 146
505 213 506 145
511 213 514 145
380 219 337 169
386 219 346 167
427 219 406 175
439 219 414 175
505 219 507 161
374 225 329 175
380 225 338 175
386 225 344 173
427 225 407 181
439 225 415 181
380 231 332 181
386 231 344 180
427 231 407 189
439 231 417 189
505 231 501 215
374 237 331 190
380 237 337 189
391 237 345 188
505 237 502 222
374 243 331 196
386 243 340 195
391 243 346 195
403 243 353 188
487 243 463 192
368 249 327 208
374 249 332 204
391 249 346 201
403 249 352 194
415 249 359 187
421 249 365 186
427 249 395 211
487 249 463 198
356 255 322 219
374 255 333 211
386 255 339 208
391 255 346 207
469 255 443 207
481 255 457 205
356 261 324 226
374 261 333 218
386 261 340 214
457 261 424 208
463 261 438 215
469 261 444 213
475 261 450 211
499 261 495 239
356 267 324 233
362 267 328 231
374 267 333 224
457 267 425 214
469 267 444 221
356 273 324 238
403 273 427 195
469 273 446 228
475 273 452 221
344 279 316 245
356 279 324 245
380 279 365 244
397 279 356 234
463 279 430 221
481 279 460 226
380 284 365 249
397 284 358 241
445 284 411 236
481 284 461 231
397 290 359 247
451 290 418 236
475 290 454 241
481 290 461 239
338 296 311 268
475 296 454 247
481 296 462 246
487 302 477 259
451 308 421 257
457 308 428 257
481 308 462 267
433 314 394 260
475 314 457 267
481 314 462 275
332 320 306 288
338 320 312 287
433 320 394 266
451 320 416 265
463 320 428 265
475 320 456 273
487 320 471 279
338 326 312 294
415 326 369 296
439 326 402 279
463 326 430 270
469 326 436 271
326 332 302 303
332 332 306 302
344 332 320 301
368 332 340 285
409 332 381 261
463 332 430 276
463 338 431 290
475 338 457 287
481 338 466 289
487 338 471 294
386 344 350 306
427 344 397 306
451 344 424 292
463 344 431 297
481 344 466 295
487 344 477 294
320 350 296 322
374 350 334 306
386 350 350 311
397 350 375 282
403 350 381 280
451 350 425 299
463 350 432 306
475 350 458 300
487 350 479 301
368 356 330 312
374 356 336 312
409 356 371 315
415 356 378 316
451 356 426 306
463 356 433 312
481 356 467 309
493 356 514 317
356 362 318 326
374 362 336 319
403 362 365 321
409 362 372 321
445 362 419 312
451 362 427 311
463 362 434 319
475 362 460 316
481 362 468 315
350 368 316 334
362 368 325 333
368 368 330 328
374 368 337 332
380 368 344 331
409 368 373 329
439 368 412 321
463 368 434 325
481 368 468 321
362 374 325 339
374 374 339 340
380 374 345 339
386 374 352 339
403 374 367 337
415 374 380 336
421 374 386 335
445 374 419 327
469 374 453 335
487 374 483 335
362 380 326 347
368 380 333 346
374 380 341 346
380 380 347 345
386 380 353 345
391 380 359 344
397 380 366 344
481 380 476 341
380 386 347 351
403 386 373 351
368 392 341 361
374 392 347 361
386 392 362 360
391 392 368 359
397 392 374 358
415 392 388 356
386 398 355 366
391 398 361 366
397 398 375 365
397 404 383 376
403 404 391 377
415 404 397 375
421 404 409 377
439 404 445 379
445 404 451 379
