0.5945895910263062 0.7775428891181946 -0.2046709209680557 0.04697389528155327 
-0.794579803943634 0.5293324589729309 -0.2974053025245667 0.1215037107467651 
-0.122906468808651 0.3394615054130554 0.9325555562973022 -0.2596758008003235 
0 0 0 1 

0.674111008644104 0.7164427638053894 -0.1796769797801971 0.03347685560584068 
-0.7207937836647034 0.5849380493164062 -0.371891975402832 0.1369726061820984 
-0.1613395214080811 0.3802065253257751 0.9107208847999573 -0.2490910589694977 
0 0 0 1 

0.7384551763534546 0.6546436548233032 -0.1616344004869461 0.02457976341247559 
-0.6462513208389282 0.6186823844909668 -0.4467561841011047 0.1518932580947876 
-0.1924658268690109 0.434365838766098 0.8799335956573486 -0.2349566221237183 
0 0 0 1 

0.7670335173606873 0.6241158843040466 -0.1487906277179718 0.01849950104951859 
-0.5938348770141602 0.6027612090110779 -0.5329526662826538 0.1714001893997192 
-0.2429392337799072 0.497149646282196 0.8329601287841797 -0.2141427546739578 
0 0 0 1 

0.7939974069595337 0.589638888835907 -0.1479662507772446 0.01534251589328051 
-0.53425133228302 0.5606546998023987 -0.6326465010643005 0.1970149278640747 
-0.2900751233100891 0.5813708305358887 0.7601738572120667 -0.1867958307266235 
0 0 0 1 

0.8173274993896484 0.5585388541221619 -0.1414567679166794 0.01158050820231438 
-0.4771131277084351 0.5184532403945923 -0.7096260786056519 0.21712327003479 
-0.3230150640010834 0.6474877595901489 0.6902323365211487 -0.162103533744812 
0 0 0 1 

0.8479894399642944 0.5130464434623718 -0.1330308467149734 0.006114394869655371 
-0.4086843729019165 0.4731219410896301 -0.7804693579673767 0.2352214753627777 
-0.3374772965908051 0.7161974310874939 0.6108765602111816 -0.1397266238927841 
0 0 0 1 

0.8793994188308716 0.4664521515369415 -0.09528365731239319 -0.006658340804278851 
-0.3228181004524231 0.4371258914470673 -0.8394696116447449 0.2493884861469269 
-0.3499215543270111 0.7689883708953857 0.5349875092506409 -0.1198913604021072 
0 0 0 1 

0.8983948230743408 0.4340755641460419 -0.06682254374027252 -0.01431763079017401 
-0.2352029383182526 0.3470323085784912 -0.9078810214996338 0.2627902925014496 
-0.3708994686603546 0.8313524127006531 0.4138679206371307 -0.08705767244100571 
0 0 0 1 

0.8996790647506714 0.4316213130950928 -0.06542456895112991 -0.01494074147194624 
-0.2264007776975632 0.3331773281097412 -0.9152787327766418 0.2636437714099884 
-0.3732560575008392 0.8382695317268372 0.3974723517894745 -0.08286676555871964 
0 0 0 1 

