412 159 398 152
421 159 409 152
431 159 419 151
426 164 414 156
431 164 418 156
403 173 378 179
407 173 385 174
421 173 404 174
426 173 408 174
431 173 414 174
440 173 424 162
445 173 434 167
388 178 364 184
393 178 369 184
398 178 372 184
403 178 378 184
407 178 384 183
421 178 403 179
426 178 408 178
436 178 420 173
440 178 426 174
450 178 440 172
384 183 358 190
398 183 375 189
403 183 378 188
412 183 390 185
417 183 395 185
421 183 403 184
426 183 409 184
431 183 415 182
436 183 422 179
440 183 426 180
445 183 432 179
454 183 446 176
379 188 353 196
398 188 375 194
403 188 379 193
407 188 384 191
412 188 390 189
417 188 395 189
421 188 401 189
426 188 406 189
431 188 410 189
436 188 421 185
440 188 425 185
445 188 431 184
450 188 436 184
454 188 442 183
459 188 447 182
388 192 364 196
412 192 390 194
417 192 399 194
426 192 407 195
431 192 411 195
436 192 417 193
440 192 425 190
445 192 430 190
450 192 436 189
454 192 441 188
459 192 446 187
407 197 384 200
421 197 401 201
426 197 407 200
431 197 412 199
436 197 418 198
440 197 423 197
445 197 429 195
450 197 435 194
454 197 441 194
459 197 446 193
370 202 348 203
412 202 390 206
417 202 394 206
421 202 401 207
426 202 405 205
431 202 411 204
436 202 417 203
440 202 423 203
445 202 428 202
450 202 433 202
454 202 441 199
459 202 446 198
379 207 357 211
412 207 391 210
421 207 400 211
426 207 405 211
431 207 412 210
436 207 417 208
440 207 422 207
445 207 428 207
459 207 443 204
370 211 348 216
374 211 353 216
379 211 357 216
384 211 363 217
398 211 375 217
403 211 381 216
431 211 410 216
436 211 416 214
440 211 422 213
445 211 427 212
450 211 432 210
454 211 437 211
459 211 442 209
370 216 348 221
374 216 354 221
379 216 358 221
384 216 363 221
393 216 369 222
403 216 381 221
426 216 405 221
431 216 410 221
436 216 416 220
450 216 431 216
454 216 437 215
459 216 442 214
365 221 343 224
370 221 349 227
374 221 354 226
379 221 358 225
393 221 368 227
431 221 410 225
445 221 420 220
450 221 426 221
464 221 442 220
478 221 459 212
336 225 301 241
365 225 343 229
417 225 396 227
445 225 421 226
450 225 425 225
464 225 437 225
469 225 444 225
478 225 464 223
332 230 297 247
336 230 301 245
346 230 312 239
379 230 359 233
384 230 363 233
440 230 417 231
445 230 421 231
450 230 432 237
459 230 432 231
464 230 437 230
469 230 443 230
332 235 297 250
336 235 302 250
379 235 354 243
454 235 437 240
327 240 293 256
346 240 307 249
450 240 433 246
454 240 437 245
469 240 449 239
318 244 288 255
336 244 303 256
421 244 397 247
436 244 422 246
473 244 455 244
478 244 460 250
313 249 282 262
318 249 288 260
322 249 292 260
336 249 303 260
341 249 309 259
417 249 391 252
421 249 396 253
426 249 407 252
459 249 438 251
473 249 455 254
318 254 287 267
332 254 298 261
346 254 314 265
412 254 386 257
417 254 391 257
421 254 397 257
426 254 407 257
431 254 412 258
436 254 419 257
440 254 424 256
469 254 450 256
308 258 278 272
318 258 287 271
322 258 292 272
355 258 324 271
412 258 387 262
417 258 393 261
421 258 401 261
426 258 407 262
431 258 412 264
436 258 419 262
308 263 278 276
318 263 288 276
355 263 325 275
412 263 387 268
421 263 397 264
426 263 407 268
431 263 414 268
327 268 292 277
332 268 303 281
341 268 313 277
360 268 330 280
412 268 387 272
417 268 391 270
421 268 401 273
426 268 408 273
431 268 414 272
313 273 283 284
322 273 288 282
327 273 292 281
346 273 319 281
355 273 324 282
398 273 367 284
421 273 402 278
426 273 408 278
318 277 288 288
351 277 319 291
355 277 324 287
360 277 329 286
398 277 367 288
421 277 398 283
426 277 408 283
318 282 288 292
322 282 293 292
327 282 297 293
365 282 330 297
393 282 361 296
421 282 397 289
322 287 294 297
327 287 297 297
341 287 308 297
351 287 319 297
355 287 324 297
407 287 377 296
327 291 298 302
341 291 309 301
346 291 314 301
351 291 319 301
355 291 324 302
360 291 330 303
365 291 335 303
370 291 340 301
346 296 314 306
351 296 320 306
355 296 326 307
360 296 330 307
365 296 335 307
370 296 339 307
374 296 344 307
403 296 372 305
407 296 377 305
341 301 310 309
355 301 325 312
365 301 335 311
341 306 311 314
346 306 315 314
351 306 320 313
374 306 341 312
346 310 316 318
351 310 320 318
355 310 325 318
360 310 329 318
374 310 341 316
388 310 352 312
403 310 378 322
351 315 321 323
355 315 326 323
360 315 330 323
365 315 335 322
370 315 341 323
379 315 346 317
384 315 350 317
398 315 374 326
403 315 379 326
421 315 393 325
351 320 322 328
360 320 331 329
365 320 336 328
370 320 341 328
374 320 346 328
384 320 353 327
393 320 369 331
398 320 374 331
412 320 385 327
417 320 389 327
355 325 327 332
360 325 332 333
365 325 336 333
370 325 341 333
374 325 346 333
379 325 357 338
393 325 368 337
398 325 373 337
412 325 383 331
421 325 394 332
426 325 399 332
365 329 337 337
370 329 342 338
374 329 351 342
379 329 357 343
388 329 363 342
393 329 368 341
398 329 373 342
403 329 378 342
421 329 394 337
374 334 353 347
388 334 363 346
393 334 368 346
398 334 373 346
403 334 378 347
384 339 359 349
374 343 351 353
384 343 358 354
388 343 363 352
393 343 367 353
407 343 383 353
384 348 358 357
388 348 363 357
393 348 368 357
398 348 372 357
384 353 360 362
388 353 363 362
393 353 368 362
