450 177 483 153
454 177 488 155
461 177 499 158
476 177 515 163
376 181 413 135
380 181 419 136
383 181 425 138
420 181 456 151
435 181 481 158
476 181 514 168
480 181 519 168
372 184 407 138
380 184 414 140
387 184 418 142
480 184 518 173
380 188 412 144
383 188 417 145
483 192 521 181
380 196 414 151
476 196 514 181
372 199 402 152
376 199 407 154
380 199 413 156
476 199 514 185
372 203 401 158
376 203 406 159
380 203 411 160
383 203 417 163
476 203 512 188
480 203 517 191
372 207 401 163
376 207 405 164
380 207 411 166
383 207 415 167
391 207 427 170
398 207 443 175
465 207 494 191
468 207 499 192
472 207 505 193
383 210 414 173
387 210 420 174
398 210 440 180
461 210 487 200
465 210 493 196
468 210 498 196
476 210 511 197
480 210 515 197
461 214 465 216
472 214 503 200
476 214 509 201
480 214 514 202
383 218 413 179
431 218 442 194
435 218 437 214
472 218 501 205
476 218 507 206
480 218 512 207
487 218 522 199
383 221 412 184
483 221 517 210
387 229 408 196
383 233 400 199
465 233 497 203
387 236 404 211
409 236 409 217
413 240 413 220
417 240 419 221
420 240 424 222
424 240 430 223
428 240 434 224
435 240 439 226
457 240 459 232
413 244 412 225
417 244 418 227
420 244 423 227
424 244 429 228
428 244 432 229
431 244 437 230
457 244 458 237
461 244 464 238
465 244 469 240
483 244 507 229
417 247 417 231
420 247 422 232
428 247 431 234
457 247 457 241
461 247 461 243
465 247 467 245
468 247 475 242
409 251 408 233
420 251 423 238
465 251 466 251
480 251 491 246
409 255 407 238
413 255 412 237
417 255 417 238
461 255 458 254
413 258 410 242
417 258 416 242
409 262 406 245
413 262 410 247
417 262 415 247
420 262 422 244
424 262 427 245
420 266 421 249
424 266 426 251
431 266 385 239
417 270 414 253
420 270 421 254
417 273 413 258
424 273 424 258
457 273 450 268
468 273 467 269
383 277 375 254
431 277 429 264
435 277 434 267
461 277 453 272
465 277 459 273
468 277 465 273
476 277 471 275
383 281 374 258
424 281 416 266
431 281 427 269
435 281 432 271
461 281 454 277
465 281 459 278
468 281 464 278
476 281 468 281
372 284 334 271
428 284 414 272
431 284 425 274
435 284 431 276
439 284 441 279
454 284 446 279
461 284 453 282
465 284 458 282
476 284 466 285
431 288 424 280
454 288 444 284
461 288 451 287
428 292 412 283
450 292 434 287
454 292 443 289
391 296 372 275
420 296 405 284
465 296 429 298
420 299 404 290
465 299 428 305
402 303 382 290
413 303 397 295
465 303 427 310
468 303 432 311
394 307 370 293
398 307 376 294
406 307 388 298
446 307 379 301
391 310 343 285
398 310 374 299
454 310 421 307
402 314 381 307
406 314 388 308
442 314 402 312
446 314 408 313
461 314 431 315
406 318 386 314
439 318 392 315
442 318 400 316
446 318 406 318
454 318 418 318
398 321 340 312
402 321 350 316
454 321 416 323
402 325 349 320
406 325 354 322
409 325 366 320
