483 70 341 211
489 70 346 190
387 76 336 243
407 76 345 242
489 76 361 177
422 91 356 232
458 96 427 238
366 101 348 253
371 101 349 248
453 101 431 244
458 101 431 240
371 106 355 250
412 106 361 235
422 106 363 229
427 111 369 226
504 116 404 151
412 121 386 210
438 121 397 178
376 127 380 212
489 127 491 185
514 132 487 196
438 137 483 245
376 157 373 232
381 157 374 227
371 162 377 234
545 167 485 171
432 172 444 171
392 178 470 247
397 178 471 242
438 178 436 230
499 178 509 237
366 188 481 268
412 188 430 263
427 193 440 238
478 193 486 214
545 193 503 184
422 198 444 243
468 203 493 231
483 203 500 207
514 213 507 186
545 213 504 163
519 218 484 156
356 223 494 291
376 223 449 310
478 223 481 217
376 229 454 312
448 234 478 256
504 239 513 204
499 244 517 211
504 244 518 206
443 259 513 240
448 259 515 234
478 259 521 253
483 259 523 247
499 259 525 220
473 264 526 237
478 264 527 233
483 264 528 228
499 264 527 198
483 269 528 250
473 274 529 245
