381 175 349 194
390 175 360 195
381 180 349 200
404 180 376 201
377 184 343 207
390 184 359 201
431 184 416 185
431 189 415 190
413 193 382 212
422 193 398 202
422 198 392 217
422 202 391 222
427 202 403 212
445 202 427 207
368 207 338 222
372 207 342 222
427 207 397 224
431 207 404 222
454 207 443 208
427 211 396 230
431 211 402 229
436 211 410 223
440 211 416 223
445 211 421 223
427 216 396 235
436 216 404 235
440 216 408 234
445 216 420 229
372 220 343 234
440 220 408 239
476 220 461 226
323 229 271 270
445 234 419 257
445 238 419 261
314 247 270 282
404 247 357 272
305 252 263 281
314 252 270 287
318 252 275 287
418 252 386 262
463 252 431 269
467 252 436 270
305 261 263 292
427 261 403 273
431 261 407 274
427 266 401 279
336 275 286 304
341 275 291 304
368 275 313 305
427 275 398 290
363 284 314 315
368 284 318 316
363 288 313 320
368 288 318 321
359 293 308 322
368 293 318 326
336 297 297 326
363 297 313 326
390 297 341 334
395 302 345 339
404 302 352 339
345 306 307 338
418 306 361 345
409 315 358 351
350 320 307 344
381 320 336 349
386 320 341 349
404 320 351 350
363 324 318 349
386 324 341 355
409 324 356 356
399 329 352 354
404 329 362 356
399 333 352 360
404 333 362 360
372 338 325 360
377 338 329 360
386 338 335 360
381 342 334 365
390 342 340 365
395 342 345 365
399 342 352 368
381 347 329 365
395 347 346 370
399 347 352 372
386 351 339 372
