379 131 380 133
382 131 383 133
385 131 386 133
388 131 390 133
373 134 377 136
379 134 380 136
391 134 395 139
391 138 396 142
354 141 367 145
363 141 374 146
366 141 377 146
369 141 380 146
348 144 364 149
357 144 367 149
360 144 371 149
363 144 374 149
366 144 377 150
326 147 339 149
329 147 342 149
351 147 364 152
360 147 371 152
363 147 374 153
369 147 380 152
376 147 389 152
385 147 395 152
326 150 339 152
329 150 342 153
332 150 346 152
339 150 354 155
357 150 367 155
369 150 379 155
373 150 383 155
385 150 396 155
326 153 339 155
329 153 342 155
332 153 346 155
339 153 354 158
345 153 363 158
373 153 383 158
326 156 339 158
345 156 363 161
348 156 367 161
376 156 389 161
332 159 345 158
345 159 363 165
348 159 367 165
348 162 367 168
373 162 386 168
376 162 389 167
351 165 367 174
379 165 393 171
373 168 386 174
376 168 390 174
416 168 411 168
339 171 355 167
342 171 358 167
345 171 361 167
376 171 390 177
379 171 393 178
382 171 396 178
403 171 402 174
416 171 411 172
332 175 345 174
336 175 349 174
366 175 380 179
376 175 389 181
403 175 402 178
406 175 405 178
416 175 411 177
332 178 345 177
369 178 383 183
382 178 395 180
416 178 412 180
419 178 415 180
326 181 339 182
329 181 342 183
373 181 386 187
382 181 396 184
388 181 399 183
409 181 408 184
413 181 411 184
422 181 421 184
326 184 339 186
332 184 345 189
376 184 389 190
379 184 392 186
382 184 395 187
385 184 398 186
388 184 402 187
422 184 428 183
425 184 431 183
434 184 437 184
332 187 345 193
345 187 361 189
354 187 367 190
379 187 392 189
382 187 395 189
385 187 398 189
388 187 402 190
419 187 424 186
422 187 428 187
428 187 434 187
431 187 436 187
339 190 351 186
342 190 355 193
354 190 367 193
382 190 395 192
385 190 398 192
391 190 401 194
394 190 405 195
419 190 425 193
339 193 351 189
342 193 355 197
345 193 361 196
354 193 367 196
382 193 395 196
385 193 398 196
388 193 402 199
397 193 407 199
428 193 421 196
437 193 440 193
446 193 443 196
342 196 358 200
345 196 361 200
348 196 364 200
354 196 368 199
357 196 370 199
360 196 373 200
363 196 377 200
385 196 399 202
388 196 403 203
425 196 430 192
428 196 421 199
431 196 437 195
437 196 440 196
342 199 358 203
345 199 361 203
348 199 364 203
354 199 368 203
357 199 371 203
360 199 373 203
363 199 377 202
385 199 398 205
388 199 403 206
434 199 439 199
443 199 443 199
342 202 358 206
345 202 361 206
348 202 364 206
354 202 368 205
357 202 371 205
360 202 373 206
363 202 380 206
369 202 387 206
388 202 402 209
413 202 412 203
416 202 413 203
422 202 419 202
428 202 424 203
351 205 364 208
357 205 371 208
373 205 390 209
376 205 393 209
422 205 418 205
434 205 440 205
348 208 363 211
351 208 367 211
373 208 370 177
379 208 396 208
416 208 405 171
419 208 407 171
422 208 418 209
434 208 440 208
342 211 357 225
329 215 342 205
360 215 373 215
425 215 421 215
428 215 424 216
431 215 427 216
329 218 341 208
332 218 345 208
351 218 366 218
388 218 386 228
425 218 421 219
428 218 425 219
431 218 427 219
332 221 344 211
351 221 367 221
354 221 369 221
409 221 412 221
428 221 425 222
431 221 427 221
437 221 443 221
440 221 446 221
456 221 452 222
332 224 345 214
345 224 360 234
351 224 367 224
354 224 370 224
357 224 373 224
363 224 379 228
394 224 405 224
397 224 408 224
437 224 443 225
440 224 446 225
332 227 344 218
342 227 357 237
354 227 371 227
357 227 374 228
363 227 379 231
391 227 402 229
394 227 405 228
397 227 408 228
400 227 411 227
434 227 440 229
437 227 443 229
440 227 446 229
443 227 449 228
339 230 354 240
342 230 357 241
354 230 371 231
357 230 374 231
363 230 379 234
366 230 382 234
388 230 398 234
391 230 401 233
394 230 405 232
397 230 408 232
434 230 440 232
437 230 443 232
440 230 446 232
443 230 452 228
354 233 371 234
357 233 373 234
360 233 376 234
369 233 386 234
388 233 398 237
391 233 402 236
394 233 405 236
397 233 408 236
400 233 411 236
428 233 433 237
434 233 439 235
437 233 443 235
336 236 351 243
339 236 354 243
351 236 367 237
354 236 370 238
357 236 373 237
360 236 377 238
388 236 399 240
391 236 402 240
394 236 405 239
397 236 408 239
400 236 412 239
431 236 437 238
434 236 442 238
437 236 445 237
336 239 351 246
339 239 354 246
351 239 365 231
354 239 370 241
357 239 373 240
360 239 377 240
363 239 379 240
391 239 403 243
394 239 406 242
397 239 409 243
400 239 412 243
403 239 417 243
425 239 434 243
428 239 436 243
336 242 348 237
339 242 351 234
357 242 373 244
360 242 376 243
394 242 406 246
397 242 409 246
400 242 412 246
339 245 351 240
357 245 373 247
360 245 377 247
391 245 402 249
394 245 405 249
397 245 408 250
354 248 370 253
357 248 373 253
360 248 377 250
391 248 402 253
394 248 405 253
339 252 354 255
345 252 358 255
360 252 377 254
379 252 383 257
382 252 393 255
339 255 354 259
348 255 361 257
351 255 363 256
357 255 374 256
360 255 377 256
373 255 376 262
376 255 379 261
385 255 395 260
388 255 402 259
345 258 361 262
351 258 364 261
354 258 367 261
357 258 370 261
