361 129 360 129
366 129 366 129
377 129 377 129
356 134 355 133
361 134 360 134
366 134 366 134
372 134 371 134
377 134 376 134
383 134 382 134
350 140 349 139
356 140 354 139
361 140 360 139
372 140 371 139
377 140 376 139
383 140 382 139
345 145 344 143
350 145 349 144
356 145 353 144
361 145 360 143
366 145 366 143
372 145 371 144
377 145 376 145
383 145 381 145
388 145 387 145
264 150 270 145
286 150 287 146
291 150 292 146
296 150 298 146
340 150 339 148
350 150 347 148
356 150 352 149
361 150 360 149
372 150 370 150
377 150 376 150
383 150 381 150
388 150 388 151
253 156 261 149
280 156 283 150
286 156 288 151
280 161 283 157
313 161 309 157
334 161 331 158
340 161 338 158
248 166 250 160
340 166 336 165
345 166 341 165
340 172 336 171
345 172 341 171
221 177 223 170
227 177 229 171
253 177 254 171
216 183 217 175
221 183 223 176
227 183 228 176
345 183 340 189
221 188 223 181
329 188 320 183
323 193 313 189
329 193 319 189
329 199 318 194
329 204 317 198
393 204 394 209
404 204 404 205
189 209 190 199
334 209 324 203
345 209 334 209
393 209 394 214
399 209 400 209
409 209 410 213
323 215 313 204
388 215 389 219
404 215 404 215
409 215 410 219
189 220 189 210
194 220 195 208
323 220 313 208
329 220 319 208
350 220 346 219
388 220 388 225
393 220 393 224
404 220 405 224
194 226 195 215
323 226 308 218
329 226 313 219
334 226 319 219
345 226 335 221
356 226 352 224
388 226 388 230
393 226 393 230
399 226 399 229
409 226 409 229
184 231 182 218
194 231 195 220
318 231 302 224
329 231 308 231
340 231 328 226
345 231 335 226
350 231 341 226
383 231 383 233
388 231 388 234
393 231 393 234
184 236 181 224
189 236 187 225
194 236 195 225
307 236 292 226
334 236 323 230
340 236 328 231
345 236 333 231
388 236 388 239
399 236 400 238
404 236 405 239
178 242 175 230
184 242 180 229
189 242 186 230
200 242 198 230
205 242 203 231
210 242 208 231
318 242 298 234
329 242 319 234
334 242 323 235
340 242 329 236
345 242 333 237
361 242 355 241
178 247 174 235
184 247 179 235
189 247 185 236
194 247 192 236
200 247 198 236
205 247 203 236
307 247 291 236
313 247 293 239
318 247 302 239
323 247 308 240
329 247 314 240
334 247 323 240
340 247 328 241
356 247 349 244
366 247 361 247
388 247 387 250
205 252 202 241
291 252 275 240
302 252 286 241
313 252 294 245
318 252 301 245
323 252 308 245
329 252 314 246
334 252 324 246
345 252 328 250
356 252 345 249
361 252 354 251
366 252 360 252
377 252 376 257
393 252 392 256
189 258 185 251
205 258 201 246
318 258 301 251
323 258 308 251
329 258 313 252
345 258 328 255
350 258 335 255
356 258 345 255
361 258 350 255
366 258 360 256
377 258 373 261
383 258 382 261
307 263 292 255
313 263 297 255
318 263 302 255
323 263 307 257
329 263 312 258
334 263 317 258
345 263 328 260
350 263 334 261
356 263 340 261
361 263 350 262
366 263 356 262
372 263 362 261
377 263 372 267
388 263 385 265
393 263 392 266
259 269 250 253
286 269 270 256
291 269 281 251
307 269 291 260
313 269 298 261
318 269 302 260
323 269 308 261
329 269 313 263
334 269 318 263
340 269 325 263
350 269 335 266
356 269 339 268
361 269 344 268
366 269 356 267
377 269 372 273
383 269 378 273
388 269 386 272
221 274 211 260
248 274 239 258
253 274 245 258
259 274 249 258
302 274 286 266
307 274 291 266
313 274 298 267
318 274 303 266
323 274 308 267
329 274 314 268
334 274 319 269
345 274 330 272
350 274 335 271
356 274 339 272
366 274 350 272
377 274 372 277
383 274 379 278
237 279 232 262
253 279 243 263
259 279 250 263
264 279 255 262
286 279 269 267
302 279 287 271
307 279 291 271
313 279 297 272
318 279 304 272
323 279 309 272
329 279 314 274
334 279 320 274
340 279 325 276
345 279 330 276
350 279 335 277
356 279 340 277
361 279 346 277
366 279 357 277
372 279 362 278
383 279 378 283
388 279 384 283
393 279 388 279
399 279 394 279
232 285 229 267
237 285 233 267
253 285 243 268
259 285 250 267
286 285 270 273
291 285 271 278
307 285 291 276
313 285 297 277
318 285 304 277
323 285 310 278
329 285 315 279
334 285 319 279
345 285 330 281
350 285 334 282
356 285 340 282
361 285 350 282
366 285 356 283
372 285 361 283
377 285 367 283
393 285 388 288
227 290 223 273
232 290 229 273
237 290 233 272
253 290 243 274
264 290 248 278
291 290 272 282
296 290 280 281
302 290 285 282
307 290 291 282
313 290 298 283
318 290 304 283
323 290 308 284
329 290 314 284
334 290 319 285
340 290 325 287
345 290 330 287
350 290 336 287
356 290 342 287
361 290 349 288
372 290 362 289
377 290 367 289
383 290 371 289
393 290 386 293
399 290 392 293
232 296 223 278
237 296 229 278
243 296 234 278
248 296 239 278
296 296 280 288
302 296 285 288
307 296 292 289
313 296 298 290
318 296 304 290
323 296 308 290
329 296 314 290
334 296 319 292
340 296 325 292
345 296 330 292
350 296 336 293
356 296 341 293
361 296 350 294
372 296 362 294
377 296 367 294
383 296 371 294
388 296 378 295
393 296 387 298
399 296 392 299
232 301 218 288
237 301 223 288
264 301 245 289
291 301 276 294
296 301 281 294
302 301 287 294
307 301 292 293
313 301 297 295
318 301 302 295
323 301 309 294
329 301 314 294
334 301 319 298
340 301 324 297
345 301 330 297
350 301 335 298
356 301 341 298
361 301 350 299
366 301 356 300
372 301 362 300
377 301 367 300
383 301 373 301
388 301 379 301
232 306 219 293
237 306 224 293
264 306 245 294
270 306 250 294
275 306 259 295
280 306 265 298
286 306 271 298
291 306 277 298
296 306 281 300
302 306 287 299
307 306 293 299
313 306 298 299
318 306 303 300
323 306 309 300
329 306 314 300
340 306 325 302
345 306 330 302
350 306 335 303
356 306 340 304
361 306 350 305
366 306 356 305
372 306 361 306
377 306 366 306
383 306 372 306
388 306 379 306
393 306 384 306
399 306 393 306
243 312 228 298
248 312 234 300
275 312 259 303
280 312 265 303
286 312 270 303
291 312 276 304
296 312 282 304
302 312 287 304
313 312 298 304
318 312 303 305
323 312 308 305
329 312 313 305
334 312 320 308
340 312 324 308
345 312 330 309
350 312 336 309
356 312 342 310
361 312 350 311
366 312 355 311
372 312 361 311
377 312 366 311
383 312 372 311
388 312 378 312
393 312 384 313
248 317 234 305
280 317 265 309
286 317 270 309
291 317 275 309
296 317 281 309
302 317 286 310
313 317 298 310
318 317 303 310
323 317 308 310
329 317 313 311
334 317 319 314
340 317 325 314
345 317 330 314
350 317 336 315
356 317 344 315
361 317 350 316
366 317 355 317
372 317 361 316
377 317 366 315
383 317 372 316
393 317 384 318
275 322 261 314
280 322 266 314
286 322 270 314
291 322 275 314
296 322 281 315
302 322 287 316
307 322 292 315
313 322 297 315
318 322 303 316
323 322 308 316
329 322 314 319
334 322 319 319
340 322 325 320
345 322 331 320
350 322 337 319
356 322 344 321
361 322 349 322
366 322 355 322
372 322 361 321
377 322 366 322
383 322 372 321
388 322 379 322
275 328 260 319
280 328 265 319
291 328 276 320
296 328 281 320
302 328 286 321
307 328 291 322
313 328 296 322
318 328 302 322
334 328 319 324
340 328 324 324
345 328 331 325
350 328 338 325
361 328 346 326
366 328 354 326
372 328 360 326
377 328 366 326
383 328 373 326
270 333 256 325
275 333 261 325
280 333 266 325
286 333 270 325
291 333 276 325
296 333 282 326
302 333 287 327
307 333 292 326
313 333 297 327
318 333 302 327
340 333 324 330
345 333 329 330
350 333 334 332
356 333 341 331
361 333 346 332
366 333 355 331
372 333 361 331
377 333 367 332
383 333 373 332
388 333 379 334
270 339 259 331
280 339 267 331
286 339 271 331
291 339 277 332
296 339 283 332
302 339 286 331
307 339 292 332
313 339 298 332
318 339 303 332
323 339 307 332
334 339 320 335
340 339 324 335
345 339 329 336
350 339 334 337
356 339 340 337
361 339 346 337
366 339 355 336
372 339 360 337
377 339 366 338
280 344 266 337
286 344 271 337
291 344 278 337
296 344 282 337
302 344 287 338
307 344 293 338
313 344 299 338
318 344 304 337
323 344 312 340
329 344 318 340
334 344 324 341
350 344 335 342
356 344 341 342
361 344 346 342
366 344 355 343
372 344 361 343
377 344 367 343
275 349 261 342
286 349 272 342
291 349 276 342
296 349 281 342
302 349 287 343
307 349 293 344
318 349 303 343
323 349 312 346
334 349 323 346
340 349 328 346
350 349 334 348
356 349 345 348
361 349 349 348
366 349 355 348
377 349 368 348
270 355 260 348
291 355 276 347
302 355 286 348
307 355 293 349
313 355 299 350
318 355 303 351
323 355 309 350
329 355 313 351
334 355 317 352
345 355 330 353
350 355 336 353
356 355 341 353
361 355 349 353
366 355 355 354
291 360 277 353
302 360 287 354
318 360 303 356
323 360 308 357
329 360 314 357
334 360 319 357
340 360 325 358
345 360 331 358
350 360 336 358
356 360 341 358
361 360 351 359
286 365 275 361
291 365 280 361
296 365 285 361
307 365 292 360
313 365 298 361
318 365 302 361
323 365 307 362
329 365 318 362
340 365 328 364
345 365 333 364
350 365 339 364
356 365 345 364
296 371 285 367
307 371 293 366
313 371 298 366
318 371 302 366
323 371 309 367
329 371 318 368
340 371 328 369
345 371 333 369
