385 11 457 80
447 11 517 99
413 18 480 94
440 18 509 103
447 18 516 106
461 18 495 92
468 18 504 93
454 25 486 97
461 25 494 99
482 25 529 108
447 32 478 103
454 32 484 103
461 32 492 105
468 32 500 107
454 39 478 108
392 46 432 110
434 46 461 114
454 46 476 114
461 46 484 114
468 46 491 115
378 53 416 113
427 53 453 119
434 53 459 120
461 53 481 119
468 53 489 122
475 53 496 123
364 60 409 120
392 60 420 120
399 60 428 123
406 60 434 125
447 60 466 123
454 60 471 124
461 60 479 127
468 60 488 129
475 60 494 130
482 60 507 131
378 67 412 127
385 67 420 130
399 67 425 130
406 67 432 133
434 67 450 125
440 67 458 127
447 67 464 128
454 67 469 130
461 67 478 133
468 67 486 135
475 67 493 136
482 67 504 139
378 74 410 133
440 74 455 133
447 74 461 135
454 74 467 137
461 74 476 139
468 74 484 140
475 74 490 142
378 81 404 134
406 81 425 139
413 81 432 141
434 81 445 139
440 81 451 140
447 81 458 141
454 81 467 144
461 81 474 146
468 81 482 146
510 81 541 170
517 81 548 174
364 88 394 138
378 88 402 139
385 88 408 141
406 88 423 144
413 88 430 146
427 88 438 144
434 88 443 146
440 88 449 147
447 88 457 147
454 88 465 151
461 88 472 151
475 88 486 151
482 88 502 154
496 88 509 155
503 88 524 153
510 88 530 155
371 95 394 144
378 95 401 146
385 95 407 147
392 95 412 148
406 95 421 150
413 95 428 152
427 95 436 150
434 95 442 152
440 95 448 154
447 95 455 155
468 95 477 156
475 95 484 157
489 95 500 159
496 95 507 160
371 102 392 150
385 102 405 153
406 102 425 162
427 102 435 156
434 102 440 158
440 102 448 159
447 102 452 160
468 102 476 162
489 102 498 166
503 102 513 165
510 102 525 168
392 109 411 156
447 109 452 169
461 109 462 165
468 109 469 165
475 109 476 167
482 109 484 168
496 109 501 170
503 109 510 171
510 109 524 175
371 116 390 159
378 116 395 160
392 116 410 162
399 116 418 164
413 116 423 165
468 116 468 171
475 116 475 173
489 116 488 173
496 116 498 176
503 116 510 179
510 116 522 181
364 123 381 163
378 123 392 165
440 123 443 172
447 123 449 182
468 123 464 177
475 123 473 179
482 123 480 179
489 123 487 179
496 123 497 183
503 123 508 186
510 123 519 189
371 130 385 170
378 130 391 171
392 130 409 171
440 130 441 179
482 130 478 184
489 130 485 186
496 130 496 189
364 137 377 175
392 137 406 176
440 137 434 185
447 137 447 188
489 137 483 193
364 144 373 181
378 144 389 181
385 144 395 182
440 144 431 190
447 144 444 194
496 144 488 199
503 144 494 201
510 144 509 202
357 151 363 188
489 151 478 205
510 151 507 209
357 158 361 192
371 158 379 191
392 158 386 192
454 158 442 202
475 158 462 207
510 158 506 214
371 165 370 196
434 165 413 203
440 165 419 204
496 165 477 214
503 165 491 217
510 165 504 221
350 172 346 204
427 172 405 208
434 172 410 208
447 172 425 212
454 172 432 213
475 172 456 214
496 172 476 220
503 172 487 223
427 178 403 215
434 178 408 215
440 178 414 216
461 178 441 216
468 178 446 220
475 178 453 221
496 178 472 226
392 185 372 217
434 185 405 222
461 185 437 222
468 185 443 224
475 185 449 227
482 185 455 229
440 192 404 231
454 192 419 228
461 192 426 229
468 192 434 230
482 192 453 234
510 192 484 237
517 192 512 267
406 199 376 228
454 199 416 234
503 199 469 240
378 206 360 230
461 206 423 242
475 206 437 246
496 206 459 245
503 206 466 246
517 206 486 251
343 213 338 233
357 213 351 234
454 213 416 247
461 213 422 248
489 213 451 250
503 213 494 276
510 213 500 279
524 213 512 275
343 220 336 237
350 220 341 239
357 220 348 242
378 220 358 238
392 220 369 241
447 220 405 253
461 220 420 255
503 220 492 283
329 227 325 243
343 227 334 243
350 227 339 245
357 227 345 247
378 227 357 243
468 227 433 259
475 227 441 262
503 227 467 262
510 227 475 265
406 234 376 251
434 234 398 258
357 241 343 255
378 241 354 253
385 241 360 255
392 241 367 257
399 241 374 258
413 241 388 260
427 241 395 263
434 241 401 265
454 241 417 262
461 241 425 266
468 241 432 268
482 241 458 274
489 241 466 275
385 248 360 261
392 248 366 263
399 248 373 264
406 248 380 265
413 248 386 267
427 248 394 269
461 248 422 273
475 248 442 278
371 255 351 267
378 255 356 267
392 255 365 268
399 255 371 269
406 255 378 271
413 255 384 273
434 255 398 274
440 255 403 276
454 255 419 279
468 255 428 281
482 255 445 287
343 262 332 268
357 262 341 271
364 262 346 272
385 262 360 274
399 262 370 276
406 262 376 278
413 262 382 279
434 262 398 280
440 262 403 282
454 262 412 284
461 262 418 286
475 262 436 291
482 262 443 292
503 262 478 302
510 262 486 305
517 262 494 306
531 262 505 317
406 269 394 291
434 269 397 286
440 269 403 288
447 269 411 290
454 269 416 291
461 269 423 293
468 269 427 295
475 269 434 297
496 269 467 314
517 269 490 320
447 276 409 296
454 276 415 296
461 276 421 298
517 276 487 326
524 276 495 328
475 283 440 307
503 283 474 324
517 283 485 334
524 283 492 336
475 290 438 314
482 290 453 318
503 290 472 329
517 290 483 340
357 297 354 303
378 297 367 306
475 297 437 321
343 304 344 307
364 304 358 309
385 311 370 317
392 311 377 319
399 311 386 322
489 311 452 348
385 318 368 322
392 318 375 324
399 318 384 327
406 325 394 338
420 325 409 342
427 325 414 343
447 325 421 347
