405 202 415 89
405 206 366 206
401 210 419 208
472 210 476 123
475 210 483 126
483 210 491 126
433 217 410 214
429 233 396 242
409 237 421 102
417 237 381 238
479 241 458 142
518 245 491 195
483 249 462 160
507 249 396 341
511 249 395 346
483 252 459 165
518 252 493 189
366 268 298 316
440 268 327 309
444 268 334 312
452 268 382 330
460 268 397 334
366 276 336 243
370 276 342 243
433 276 304 312
436 276 312 313
452 276 383 337
456 276 388 339
366 280 334 249
436 280 310 319
448 280 374 342
452 280 381 344
456 280 386 346
436 284 308 325
452 284 379 350
436 288 305 333
425 295 331 355
409 311 326 347
409 315 324 354
409 319 323 361
