484 123 458 105
465 129 440 117
471 129 446 116
477 129 454 114
484 129 459 112
453 135 436 124
459 135 442 121
465 135 449 119
477 135 455 119
484 135 461 117
435 141 418 137
441 141 425 135
447 141 430 133
453 141 437 130
459 141 443 128
477 141 457 124
484 141 463 123
435 147 423 140
447 147 433 138
465 147 449 130
405 153 399 149
411 153 406 148
459 153 446 137
471 153 450 135
477 153 457 133
399 159 394 159
405 159 401 158
411 159 407 156
429 159 422 152
435 159 427 150
441 159 436 153
380 166 384 166
387 166 389 166
393 166 395 165
405 166 405 162
411 166 410 161
417 166 415 160
423 166 419 163
429 166 424 158
435 166 431 160
441 166 437 158
362 172 366 179
368 172 373 178
393 172 393 172
405 172 405 169
429 172 426 164
441 172 439 166
393 178 394 179
399 178 400 177
405 178 406 176
411 178 412 175
435 178 434 170
447 178 445 166
332 184 338 203
338 184 344 200
356 184 362 194
362 184 367 193
374 184 381 190
393 184 396 186
399 184 400 186
405 184 408 184
411 184 414 181
447 184 445 172
453 184 451 171
465 184 461 169
314 190 311 221
332 190 341 209
338 190 347 207
344 190 353 206
356 190 364 201
374 190 383 195
380 190 388 194
393 190 398 194
399 190 402 192
405 190 409 189
411 190 417 187
417 190 423 185
429 190 429 184
435 190 435 183
441 190 441 179
447 190 447 178
459 190 456 176
465 190 461 175
471 190 468 173
296 196 319 213
302 196 302 229
308 196 307 229
314 196 314 228
326 196 334 217
332 196 342 215
338 196 348 214
344 196 353 212
350 196 359 210
356 196 372 204
362 196 379 202
387 196 394 200
393 196 399 199
399 196 405 197
405 196 411 195
411 196 418 193
417 196 424 191
423 196 431 189
435 196 438 189
441 196 443 185
447 196 449 183
459 196 456 181
465 196 463 180
290 202 295 238
296 202 301 236
314 202 321 227
320 202 328 225
326 202 335 223
332 202 343 220
338 202 349 219
344 202 355 218
350 202 361 217
356 202 368 214
368 202 380 211
380 202 389 209
387 202 394 208
393 202 400 205
399 202 406 204
405 202 413 201
411 202 418 200
417 202 425 197
435 202 440 194
441 202 445 191
459 202 457 188
465 202 464 186
514 202 508 174
271 208 278 248
302 208 311 237
308 208 318 234
314 208 323 233
320 208 330 232
326 208 336 230
332 208 344 226
338 208 350 225
344 208 356 224
350 208 361 223
356 208 369 221
362 208 376 218
368 208 380 217
380 208 390 214
387 208 396 212
393 208 403 210
399 208 408 209
405 208 414 207
411 208 420 205
417 208 426 204
435 208 441 199
459 208 460 194
465 208 467 192
484 208 479 182
496 208 492 181
514 208 506 183
259 214 268 257
265 214 273 256
277 214 285 252
290 214 305 243
302 214 313 241
308 214 319 239
314 214 325 238
320 214 331 237
326 214 337 235
332 214 344 234
338 214 352 230
344 214 358 229
350 214 363 229
356 214 370 227
362 214 376 225
368 214 383 223
380 214 392 219
387 214 398 218
393 214 404 216
399 214 410 214
405 214 415 213
411 214 422 212
417 214 428 210
429 214 437 208
441 214 448 201
484 214 481 189
490 214 488 189
496 214 494 186
502 214 501 187
247 220 262 263
253 220 268 262
259 220 273 262
271 220 281 259
277 220 287 257
284 220 294 254
290 220 306 250
296 220 312 248
314 220 357 279
320 220 333 243
326 220 339 242
332 220 346 240
338 220 354 237
344 220 360 235
350 220 367 235
356 220 371 233
362 220 377 231
368 220 384 229
374 220 389 227
387 220 400 224
393 220 406 223
399 220 412 221
411 220 424 218
435 220 444 207
441 220 449 205
447 220 454 203
465 220 471 202
471 220 476 200
484 220 489 196
490 220 496 193
241 226 256 272
247 226 265 268
253 226 271 267
259 226 277 265
265 226 284 263
277 226 288 263
284 226 296 260
290 226 302 258
308 226 325 248
326 226 342 248
332 226 348 246
338 226 355 243
344 226 363 242
350 226 368 241
356 226 373 240
362 226 379 238
368 226 385 236
374 226 392 233
387 226 402 230
393 226 408 228
405 226 414 229
411 226 421 228
417 226 426 226
441 226 451 211
447 226 456 210
453 226 462 210
465 226 473 208
471 226 478 207
477 226 484 204
484 226 491 202
241 232 257 277
259 232 279 271
265 232 285 269
277 232 292 268
284 232 298 265
290 232 304 263
314 232 329 257
320 232 335 256
332 232 350 252
338 232 356 249
344 232 363 248
350 232 369 247
356 232 374 246
362 232 380 244
387 232 403 237
399 232 408 239
405 232 415 236
417 232 416 242
423 232 421 239
447 232 459 218
453 232 465 217
296 238 313 266
302 238 319 263
308 238 325 265
314 238 330 266
326 238 339 265
338 238 359 256
344 238 365 254
356 238 378 251
368 238 388 248
374 238 394 244
423 238 430 240
429 238 436 237
447 238 462 224
453 238 467 223
247 244 263 285
253 244 274 281
259 244 280 280
265 244 287 279
271 244 293 277
277 244 298 275
290 244 312 270
302 244 320 275
308 244 326 275
314 244 331 273
326 244 341 271
332 244 352 266
338 244 360 264
350 244 372 256
362 244 386 252
374 244 398 249
380 244 406 246
423 244 432 245
441 244 455 233
253 250 276 288
259 250 282 286
265 250 289 285
271 250 294 284
284 250 307 278
302 250 322 281
308 250 328 280
314 250 334 278
320 250 341 276
338 250 360 271
344 250 366 265
350 250 374 262
356 250 380 261
362 250 387 260
368 250 399 253
374 250 407 252
429 250 445 241
253 256 276 294
259 256 285 293
265 256 291 292
302 256 330 285
344 256 367 271
350 256 374 268
356 256 381 267
362 256 390 265
368 256 400 260
393 256 419 255
405 256 427 253
417 256 434 252
259 262 287 300
265 262 294 299
284 262 312 294
296 262 327 289
338 262 362 279
344 262 368 277
350 262 375 274
356 262 382 272
362 262 390 273
374 262 407 260
259 269 287 306
265 269 294 305
271 269 302 303
277 269 307 302
284 269 313 299
290 269 320 296
296 269 328 293
302 269 333 292
326 269 346 290
344 269 371 284
350 269 377 280
356 269 384 278
362 269 391 277
368 269 397 276
374 269 409 268
380 269 406 274
387 269 411 272
259 275 289 312
265 275 296 311
271 275 304 310
277 275 309 308
284 275 314 305
290 275 322 302
320 275 342 298
326 275 347 297
332 275 354 295
338 275 361 293
344 275 373 289
350 275 380 287
356 275 387 285
362 275 392 283
368 275 398 282
265 281 297 317
271 281 305 315
277 281 309 313
284 281 315 311
296 281 329 303
338 281 363 301
350 281 383 293
356 281 388 291
362 281 393 289
265 287 298 323
271 287 306 321
277 287 311 319
284 287 317 317
290 287 323 311
296 287 330 309
326 287 352 313
344 287 370 305
350 287 377 303
271 293 308 328
277 293 314 325
284 293 319 324
290 293 325 316
296 293 331 313
302 293 337 311
271 299 308 334
277 299 315 331
284 299 321 330
271 305 309 340
277 305 317 337
284 305 323 336
290 305 335 327
296 305 342 326
284 311 332 339
