274 152 266 123
279 152 271 123
249 157 252 130
254 157 257 129
284 157 276 125
289 157 280 125
309 157 315 124
314 157 320 124
254 162 257 134
269 162 272 130
294 162 311 133
309 162 315 128
314 162 319 128
324 162 324 128
328 162 328 127
254 167 258 138
269 167 271 134
328 167 329 132
348 167 343 132
353 167 347 132
358 167 352 132
309 172 315 138
314 172 318 137
333 172 332 136
353 172 347 137
274 177 272 144
319 177 309 138
348 177 344 141
353 177 348 141
378 177 372 145
269 182 273 149
299 182 296 142
368 182 366 151
269 186 272 154
274 186 277 153
309 186 304 146
324 186 324 152
343 186 339 151
348 186 343 147
363 186 362 155
373 186 370 155
378 186 376 155
393 186 397 151
398 186 401 151
403 186 405 150
407 186 409 150
249 191 253 162
269 191 272 157
348 191 342 156
373 191 372 159
383 191 380 158
388 191 391 155
393 191 396 155
403 191 401 155
407 191 409 155
412 191 414 155
244 196 248 168
249 196 253 167
269 196 272 162
274 196 278 162
328 196 329 160
353 196 348 156
358 196 358 162
363 196 362 161
368 196 367 165
373 196 372 164
393 196 391 161
398 196 397 160
403 196 402 161
407 196 409 160
254 201 253 173
264 201 268 168
274 201 278 167
279 201 282 167
324 201 325 166
328 201 329 165
353 201 349 161
358 201 358 166
368 201 367 168
373 201 372 168
383 201 381 166
388 201 388 166
393 201 395 165
249 206 253 177
264 206 268 173
269 206 273 173
314 206 315 171
324 206 325 170
328 206 329 170
338 206 334 172
348 206 342 171
353 206 349 166
358 206 358 171
363 206 364 173
368 206 368 173
373 206 372 173
378 206 376 171
383 206 382 171
240 211 244 182
244 211 248 182
254 211 253 181
264 211 268 178
269 211 273 177
284 211 287 176
314 211 316 176
328 211 329 175
343 211 338 175
358 211 358 175
363 211 363 179
368 211 368 178
373 211 373 178
378 211 377 178
417 211 415 169
422 211 420 168
240 216 244 186
244 216 248 186
254 216 253 186
264 216 268 182
269 216 273 182
353 216 355 180
363 216 363 184
368 216 368 183
244 221 248 190
254 221 264 187
264 221 268 187
269 221 272 186
304 221 306 183
309 221 311 184
319 221 321 184
333 221 334 184
353 221 355 185
363 221 363 189
368 221 368 188
373 221 373 188
235 226 239 197
254 226 263 191
314 226 316 189
319 226 321 189
363 226 363 194
368 226 369 193
235 231 239 202
328 231 330 193
358 231 358 199
368 231 370 198
235 236 239 206
240 236 243 205
328 236 330 199
333 236 335 198
343 236 344 205
348 236 350 199
240 241 243 210
259 241 263 206
304 241 307 203
319 241 321 203
328 241 330 203
333 241 335 203
348 241 350 204
353 241 354 204
259 246 264 210
299 246 296 195
324 246 326 208
328 246 330 208
333 246 335 208
343 246 345 208
348 246 350 208
353 246 354 208
235 251 239 219
244 251 249 216
299 251 296 200
333 251 335 213
343 251 345 213
348 251 349 213
230 256 235 225
235 256 239 224
244 256 249 220
328 256 331 217
333 256 335 217
338 256 340 217
343 256 345 218
348 256 349 217
412 256 412 216
417 256 419 206
230 261 235 228
235 261 239 228
240 261 244 226
244 261 249 225
254 261 255 224
259 261 259 224
333 261 335 222
343 261 345 222
240 266 244 230
244 266 249 230
254 266 254 229
259 266 260 229
338 266 341 226
235 270 239 235
240 270 244 235
244 270 248 234
254 270 254 234
304 270 306 219
328 270 331 230
333 270 336 231
338 270 341 231
343 270 344 237
348 270 349 237
353 270 355 237
363 270 365 237
235 275 240 240
240 275 244 239
244 275 249 239
259 275 264 239
279 275 286 234
328 275 331 236
333 275 336 236
338 275 341 236
343 275 344 241
348 275 349 241
358 275 360 242
363 275 365 242
403 275 407 227
407 275 411 227
412 275 415 227
240 280 240 244
259 280 264 243
328 280 331 240
333 280 336 240
338 280 341 241
353 280 355 247
358 280 360 247
363 280 364 247
244 285 240 247
324 285 326 246
328 285 332 245
333 285 337 245
338 285 342 245
343 285 347 246
348 285 350 247
358 285 360 251
363 285 365 251
398 285 403 237
407 285 409 241
422 285 423 239
279 290 279 254
284 290 283 254
319 290 321 252
324 290 327 251
328 290 331 251
333 290 337 251
338 290 342 251
343 290 346 250
353 290 355 256
398 290 403 241
220 295 225 262
225 295 230 260
235 295 237 259
264 295 255 258
284 295 284 259
289 295 289 258
294 295 293 256
319 295 322 256
324 295 327 256
328 295 332 257
333 295 337 257
338 295 342 257
343 295 346 256
353 295 356 261
398 295 401 249
403 295 406 249
215 300 218 267
225 300 230 264
230 300 235 264
249 300 240 257
259 300 249 263
264 300 254 263
279 300 278 267
284 300 284 263
324 300 327 260
328 300 332 262
333 300 337 262
338 300 341 262
343 300 345 261
348 300 350 256
398 300 401 255
403 300 406 255
407 300 412 254
225 305 230 269
230 305 235 268
240 305 240 268
249 305 240 262
259 305 249 267
264 305 253 268
274 305 269 263
279 305 289 262
284 305 293 262
319 305 322 262
324 305 327 264
328 305 331 267
333 305 337 266
338 305 341 266
343 305 345 266
348 305 351 270
353 305 356 269
358 305 360 266
363 305 366 266
393 305 397 260
398 305 401 260
403 305 406 260
244 310 245 272
264 310 254 273
309 310 313 267
314 310 319 267
319 310 323 267
333 310 336 271
338 310 342 271
343 310 345 271
348 310 351 274
358 310 361 272
363 310 366 271
368 310 370 271
393 310 396 266
398 310 401 265
403 310 407 268
225 315 228 278
230 315 233 277
235 315 237 277
244 315 246 277
304 315 308 275
314 315 318 271
338 315 342 276
343 315 345 276
353 315 356 276
358 315 360 277
363 315 366 276
368 315 370 276
393 315 397 271
398 315 403 270
279 320 279 282
319 320 324 279
324 320 328 279
328 320 333 280
333 320 337 281
338 320 341 281
343 320 345 281
348 320 351 281
353 320 356 281
358 320 360 281
363 320 365 282
368 320 370 281
373 320 374 281
220 325 222 296
240 325 241 286
254 325 250 286
304 325 308 282
309 325 313 282
314 325 317 285
319 325 323 284
324 325 328 284
328 325 333 285
333 325 337 285
338 325 342 285
343 325 347 286
348 325 351 286
353 325 356 286
358 325 360 286
363 325 365 285
368 325 370 285
373 325 374 285
225 330 227 300
235 330 237 297
259 330 260 291
324 330 328 289
328 330 332 289
333 330 337 289
338 330 342 290
343 330 348 290
348 330 352 291
353 330 356 290
358 330 361 290
269 335 274 295
274 335 280 291
279 335 285 291
294 335 299 295
299 335 304 295
304 335 308 295
328 335 332 294
333 335 336 295
343 335 347 298
348 335 352 295
274 340 279 300
279 340 284 300
284 340 289 300
289 340 294 300
294 340 299 300
299 340 303 299
319 340 327 298
328 340 332 304
333 340 337 299
338 340 341 303
343 340 347 303
274 345 280 306
279 345 284 306
284 345 290 306
289 345 294 305
294 345 299 305
269 349 275 314
314 349 323 313
