254 152 234 135
294 157 263 127
309 157 293 119
244 162 226 150
249 162 235 142
254 162 241 140
289 162 282 128
254 167 236 149
324 167 301 124
240 172 225 157
269 172 256 142
274 172 261 140
279 172 267 138
284 172 272 137
294 172 285 136
314 172 297 131
338 172 320 129
368 172 339 124
259 177 239 159
304 177 292 139
309 177 296 137
348 177 335 134
368 177 341 130
244 182 234 161
274 182 263 147
279 182 268 146
284 182 274 145
319 182 305 137
244 186 236 167
274 186 265 153
279 186 270 151
284 186 275 150
309 186 298 143
319 186 306 141
383 186 367 132
388 186 373 129
393 186 379 128
407 186 391 124
240 191 231 174
244 191 237 171
274 191 267 157
363 191 346 149
373 191 355 140
383 191 367 135
398 191 379 132
403 191 385 130
249 196 244 171
254 196 249 170
259 196 255 167
284 196 277 156
368 196 352 146
407 196 391 133
240 201 234 181
244 201 240 179
249 201 245 177
254 201 250 175
274 201 269 165
279 201 274 163
309 201 302 156
319 201 310 154
378 201 362 147
388 201 370 144
393 201 375 143
407 201 388 138
412 201 394 136
417 201 399 134
240 206 235 186
244 206 240 184
249 206 246 182
264 206 262 172
274 206 269 169
279 206 275 167
284 206 280 166
304 206 299 162
309 206 303 161
358 206 347 156
368 206 354 154
373 206 358 153
240 211 236 191
254 211 252 182
358 211 347 160
368 211 355 159
240 216 238 197
244 216 244 191
249 216 248 189
284 216 283 175
294 216 294 172
309 216 305 168
319 216 313 166
422 216 402 140
244 221 245 196
249 221 249 194
289 221 289 178
304 221 303 174
309 221 307 173
319 221 315 171
363 221 352 169
368 221 356 168
240 226 240 203
244 226 246 201
259 226 255 194
294 226 296 181
309 226 309 177
348 226 338 164
353 226 347 182
363 226 352 174
368 226 357 174
249 231 251 201
348 231 338 170
235 236 239 210
289 236 294 189
294 236 298 188
240 241 246 210
328 241 329 186
235 246 242 216
240 246 247 215
328 246 330 191
230 251 239 224
235 251 244 222
240 251 248 220
249 251 257 219
254 251 262 217
324 251 329 200
343 251 345 194
363 251 358 192
230 256 240 229
235 256 245 227
249 256 258 223
314 256 325 210
319 256 329 209
338 256 342 200
343 256 346 199
230 261 241 234
240 261 251 227
264 261 273 214
353 261 352 198
235 266 247 234
240 266 252 232
249 266 259 231
338 266 344 209
407 266 406 184
412 266 410 177
264 270 277 225
338 270 345 213
407 270 408 190
412 270 412 182
220 275 233 244
225 275 238 243
230 275 243 242
264 275 266 236
269 275 285 229
289 275 303 226
314 275 326 219
338 275 346 217
343 275 350 219
353 275 357 219
403 275 405 198
220 280 234 250
225 280 238 248
230 280 245 246
240 280 251 244
328 280 340 221
348 280 354 224
358 280 360 223
403 280 406 203
407 280 411 201
417 280 421 194
220 285 235 256
225 285 240 254
254 285 270 247
274 285 293 235
299 285 312 235
309 285 329 232
328 285 341 225
333 285 345 224
412 285 417 201
417 285 423 200
220 290 237 261
225 290 242 259
294 290 313 242
304 290 318 239
314 290 332 237
407 290 415 207
412 290 419 207
417 290 424 206
215 295 232 270
240 295 247 253
244 295 251 252
254 295 259 255
269 295 277 256
294 295 304 252
304 295 319 246
314 295 327 243
328 295 344 233
333 295 348 233
363 295 371 239
393 295 403 216
398 295 407 214
407 295 415 212
412 295 421 211
215 300 234 275
240 300 247 259
249 300 255 259
279 300 292 259
309 300 324 251
328 300 345 239
333 300 350 237
343 300 357 236
388 300 399 223
393 300 404 221
215 305 235 281
225 305 247 273
244 305 251 264
249 305 256 263
254 305 261 263
328 305 347 244
333 305 352 243
343 305 359 242
388 305 401 228
398 305 410 223
220 310 243 280
244 310 255 269
264 310 274 266
304 310 327 250
314 310 336 248
319 310 341 247
338 310 355 249
343 310 360 248
358 310 373 245
363 310 378 243
368 310 383 242
378 310 390 240
383 310 396 237
393 310 407 230
398 310 411 229
215 315 232 295
235 315 245 278
269 315 283 270
314 315 336 252
319 315 342 252
324 315 346 251
343 315 361 253
353 315 369 252
358 315 375 251
363 315 380 249
373 315 386 246
378 315 392 245
388 315 404 236
393 315 408 234
398 315 413 234
215 320 235 301
249 320 278 275
304 320 330 257
319 320 343 257
328 320 350 257
333 320 354 256
353 320 371 257
358 320 377 255
363 320 381 253
388 320 405 241
274 325 296 272
304 325 332 263
314 325 339 261
328 325 351 262
333 325 355 260
343 325 363 260
373 325 388 255
378 325 394 252
383 325 405 250
230 330 245 298
240 330 257 294
284 330 310 274
289 330 316 273
294 330 321 271
299 330 326 269
314 330 340 266
319 330 345 265
328 330 352 268
338 330 360 266
343 330 365 265
348 330 370 264
353 330 375 262
363 330 383 260
368 330 388 259
230 335 242 306
235 335 247 305
244 335 271 297
269 335 299 283
299 335 329 275
304 335 335 274
314 335 340 273
319 335 346 271
338 335 361 272
343 335 366 270
348 335 372 269
353 335 378 267
358 335 383 265
244 340 267 306
254 340 282 295
269 340 301 291
274 340 306 289
299 340 330 281
314 340 343 278
319 340 347 276
348 340 374 274
353 340 380 272
264 345 296 298
269 345 302 296
274 345 307 295
284 345 317 293
289 345 322 290
294 345 325 289
304 345 340 289
333 345 369 284
353 345 381 280
279 349 311 300
289 349 323 297
294 349 328 295
314 349 345 291
319 349 351 290
328 349 366 291
338 349 372 289
