0.2702580094337463 0.9552790522575378 -0.1200100108981133 0.03966588154435158 
-0.9597299695014954 0.2772252857685089 0.04543634876608849 0.01692535728216171 
0.0766741931438446 0.1028976738452911 0.9917324185371399 -0.3035981953144073 
0 0 0 1 

0.1946922391653061 0.9697844982147217 -0.1470133066177368 0.04970190674066544 
-0.9721651077270508 0.2107032239437103 0.102464959025383 -0.003872976172715425 
0.1303451061248779 0.1229720860719681 0.9838129878044128 -0.3020079731941223 
0 0 0 1 

0.1162187829613686 0.9815564155578613 -0.1517901867628098 0.05282888188958168 
-0.9705667495727539 0.1446897983551025 0.192523181438446 -0.03492299467325211 
0.2109348475933075 0.1249477043747902 0.9694815874099731 -0.2989573180675507 
0 0 0 1 

0.1874218285083771 0.9724768996238708 -0.1384256184101105 0.04776874184608459 
-0.954521119594574 0.2135728150606155 0.2080286592245102 -0.03896638751029968 
0.2318670153617859 0.09314107894897461 0.9682780504226685 -0.2966426610946655 
0 0 0 1 

0.2730758190155029 0.9513602256774902 -0.1426298767328262 0.04671711474657059 
-0.9375673532485962 0.2963988780975342 0.1819755136966705 -0.02885366044938564 
0.2153996080160141 0.08403202891349792 0.9729037284851074 -0.2955092787742615 
0 0 0 1 

0.3253822326660156 0.9347135424613953 -0.1429578065872192 0.04499501734972 
-0.9340211749076843 0.3412788510322571 0.1055142134428024 -0.002215292770415545 
0.1474140286445618 0.09919317811727524 0.9840883016586304 -0.2953372299671173 
0 0 0 1 

0.8965883255004883 0.4426712989807129 -0.01309416815638542 -0.02527402900159359 
-0.4250150918960571 0.8683844804763794 0.2554808557033539 -0.05379275232553482 
0.1244648322463036 -0.2234959304332733 0.9667254090309143 -0.2631871700286865 
0 0 0 1 

0.5840717554092407 0.8112908005714417 -0.02582920528948307 -0.02857369929552078 
-0.7383753657341003 0.5442563891410828 0.3982293009757996 -0.08634892851114273 
0.3371375501155853 -0.213522806763649 0.9169221520423889 -0.3080113232135773 
0 0 0 1 

0.5354489088058472 0.8419954180717468 -0.06586361676454544 -0.01128034293651581 
-0.7824437022209167 0.5239084362983704 0.3366031050682068 -0.06174977123737335 
0.3179247975349426 -0.1286991685628891 0.939340353012085 -0.3144849538803101 
0 0 0 1 

0.4997589588165283 0.8573827147483826 -0.1230277866125107 0.0114237479865551 
-0.8193109631538391 0.5140149593353271 0.2540042400360107 -0.03127016499638557 
0.2810169756412506 -0.02614287845790386 0.9593466520309448 -0.3193862736225128 
0 0 0 1 

