381 239 440 329
381 242 438 326
378 245 441 320
381 245 437 322
348 248 453 292
375 248 441 315
378 248 439 316
390 248 406 324
345 251 455 287
378 251 438 312
366 254 434 292
378 263 418 276
381 263 415 277
330 266 456 265
339 266 429 231
372 266 419 240
375 266 421 270
378 266 417 272
381 266 414 273
369 269 421 234
372 269 417 236
387 269 396 240
390 269 391 242
402 269 388 243
405 269 385 245
369 272 420 231
372 272 416 232
375 272 419 266
378 272 415 267
381 272 412 268
384 272 399 235
387 272 394 236
390 272 390 237
432 272 354 246
363 275 427 260
375 275 418 262
378 275 415 263
429 275 368 282
435 275 349 244
339 278 444 249
390 278 408 225
393 278 404 227
429 278 367 278
432 278 352 243
372 281 421 256
393 281 403 222
414 281 367 232
420 281 363 233
429 281 365 274
432 281 351 239
435 281 348 239
408 284 377 260
432 284 350 235
387 287 393 253
402 287 377 256
318 290 455 207
333 293 441 209
432 293 348 232
318 296 453 191
333 296 440 205
351 302 420 195
354 302 415 197
360 305 426 205
369 305 409 203
372 305 405 204
378 308 370 205
