320 146 276 203
326 146 281 201
345 146 298 196
339 152 295 202
345 152 300 200
352 152 306 198
358 152 313 196
320 159 281 211
332 159 286 209
339 159 293 207
352 159 309 203
364 159 318 200
371 159 323 198
313 165 277 219
320 165 282 217
332 165 288 214
339 165 294 212
371 165 327 203
377 165 332 201
384 165 337 199
320 171 283 222
332 171 291 220
377 171 335 207
384 171 341 205
403 171 357 197
416 171 369 193
384 178 344 210
390 178 348 208
396 178 353 206
403 178 361 203
409 178 365 201
416 178 371 199
371 184 339 220
384 184 347 216
390 184 351 214
396 184 356 212
403 184 363 209
531 184 486 167
326 191 296 239
403 191 366 215
339 197 304 236
345 197 308 233
352 197 315 230
377 197 342 227
384 197 348 224
390 197 354 222
396 197 360 220
428 197 387 213
339 203 305 242
358 203 323 233
377 203 344 231
384 203 350 229
390 203 355 226
396 203 362 224
339 210 309 246
396 210 366 229
428 210 391 225
460 210 421 213
467 210 427 211
499 210 451 195
358 216 329 246
384 216 353 236
492 216 454 208
524 216 487 186
550 216 510 184
390 223 362 240
396 223 369 238
492 223 457 214
499 223 463 211
403 229 377 241
422 229 386 245
505 229 472 214
544 229 508 199
390 235 369 255
403 235 379 245
371 242 358 275
403 242 381 253
384 248 372 277
