1.000000000000000000e+00 0.000000000000000000e+00 0.000000000000000000e+00 -1.792658120393753052e-02
0.000000000000000000e+00 1.000000000000000000e+00 0.000000000000000000e+00 2.243540808558464050e-02
0.000000000000000000e+00 0.000000000000000000e+00 1.000000000000000000e+00 -3.816788792610168457e-01
0.000000000000000000e+00 0.000000000000000000e+00 0.000000000000000000e+00 1.000000000000000000e+00
9.954755306243896484e-01 5.902133882045745850e-02 -7.446123659610748291e-02 1.345383655279874802e-02
-6.015493348240852356e-02 9.981034398078918457e-01 -1.307201664894819260e-02 2.460494264960289001e-02
7.354846596717834473e-02 1.749215833842754364e-02 9.971382021903991699e-01 -3.788543939590454102e-01
0.000000000000000000e+00 0.000000000000000000e+00 0.000000000000000000e+00 1.000000000000000000e+00
9.733652472496032715e-01 7.488272339105606079e-02 -2.166856974363327026e-01 7.133325934410095215e-02
-8.022587746381759644e-02 9.966491460800170898e-01 -1.595518179237842560e-02 2.650460414588451385e-02
2.147647738456726074e-01 3.291407600045204163e-02 9.761108756065368652e-01 -3.694921433925628662e-01
0.000000000000000000e+00 0.000000000000000000e+00 0.000000000000000000e+00 1.000000000000000000e+00
9.386752247810363770e-01 7.379491627216339111e-02 -3.368133902549743652e-01 1.203950643539428711e-01
-7.164837419986724854e-02 9.972524046897888184e-01 1.881632208824157715e-02 1.422869227826595306e-02
3.372765481472015381e-01 6.469733081758022308e-03 9.413834214210510254e-01 -3.562719225883483887e-01
0.000000000000000000e+00 0.000000000000000000e+00 0.000000000000000000e+00 1.000000000000000000e+00
9.121308922767639160e-01 9.081393480300903320e-02 -3.997124135494232178e-01 1.472624242305755615e-01
-7.664733380079269409e-02 9.957364201545715332e-01 5.132273584604263306e-02 5.319607444107532501e-03
4.026690423488616943e-01 -1.617612130939960480e-02 9.152025580406188965e-01 -3.448941409587860107e-01
0.000000000000000000e+00 0.000000000000000000e+00 0.000000000000000000e+00 1.000000000000000000e+00
2.017306685447692871e-01 1.362288445234298706e-01 -9.699207544326782227e-01 3.930181860923767090e-01
-8.250884711742401123e-02 9.891236424446105957e-01 1.217652037739753723e-01 -1.769794896245002747e-02
9.759594202041625977e-01 5.546329170465469360e-02 2.107766121625900269e-01 -7.882524281740188599e-02
0.000000000000000000e+00 0.000000000000000000e+00 0.000000000000000000e+00 1.000000000000000000e+00
1.910867840051651001e-01 1.485031694173812866e-01 -9.702744483947753906e-01 3.911962807178497314e-01
-7.104540616273880005e-02 9.879891276359558105e-01 1.372226774692535400e-01 -1.950978115200996399e-02
9.789985418319702148e-01 4.271212220191955566e-02 1.993421167135238647e-01 -6.721016019582748413e-02
0.000000000000000000e+00 0.000000000000000000e+00 0.000000000000000000e+00 1.000000000000000000e+00
1.591198891401290894e-01 1.460099220275878906e-01 -9.764025211334228516e-01 3.909689486026763916e-01
-7.105907052755355835e-02 9.881318807601928711e-01 1.361837387084960938e-01 -1.507529802620410919e-02
9.846986532211303711e-01 4.771272093057632446e-02 1.676067709922790527e-01 -4.663373157382011414e-02
0.000000000000000000e+00 0.000000000000000000e+00 0.000000000000000000e+00 1.000000000000000000e+00
1.714973747730255127e-01 1.386086493730545044e-01 -9.753851294517517090e-01 3.869918584823608398e-01
-7.620526105165481567e-02 9.889533519744873047e-01 1.271379590034484863e-01 -9.922925382852554321e-03
9.822328090667724609e-01 5.252565443515777588e-02 1.801656037569046021e-01 -4.169845953583717346e-02
0.000000000000000000e+00 0.000000000000000000e+00 0.000000000000000000e+00 1.000000000000000000e+00
1.857912838459014893e-01 1.478556841611862183e-01 -9.714011549949645996e-01 3.839355111122131348e-01
-1.001466810703277588e-01 9.863148927688598633e-01 1.309715211391448975e-01 -9.893046692013740540e-03
9.774723052978515625e-01 7.294926047325134277e-02 1.980559825897216797e-01 -3.870330378413200378e-02
0.000000000000000000e+00 0.000000000000000000e+00 0.000000000000000000e+00 1.000000000000000000e+00
2.021310180425643921e-01 1.383612751960754395e-01 -9.695355892181396484e-01 3.811946809291839600e-01
-1.233410313725471497e-01 9.856841564178466797e-01 1.149513795971870422e-01 -1.826137420721352100e-03
9.715606570243835449e-01 9.634827822446823120e-02 2.163029462099075317e-01 -3.567384183406829834e-02
0.000000000000000000e+00 0.000000000000000000e+00 0.000000000000000000e+00 1.000000000000000000e+00
1.970810890197753906e-01 1.340289562940597534e-01 -9.711823463439941406e-01 3.806408345699310303e-01
-1.510578840970993042e-01 9.829329848289489746e-01 1.049965992569923401e-01 5.122217349708080292e-03
9.686797261238098145e-01 1.260119378566741943e-01 2.139636278152465820e-01 -2.576445974409580231e-02
0.000000000000000000e+00 0.000000000000000000e+00 0.000000000000000000e+00 1.000000000000000000e+00
2.088859528303146362e-01 1.468108743429183960e-01 -9.668573141098022461e-01 3.807245492935180664e-01
-1.542100757360458374e-01 9.812429547309875488e-01 1.156787276268005371e-01 4.749258048832416534e-03
9.657047986984252930e-01 1.249355003237724304e-01 2.276075631380081177e-01 -2.527224458754062653e-02
0.000000000000000000e+00 0.000000000000000000e+00 0.000000000000000000e+00 1.000000000000000000e+00
2.147565484046936035e-01 1.613413691520690918e-01 -9.632490277290344238e-01 3.821244537830352783e-01
-1.811231672763824463e-01 9.757319688796997070e-01 1.230507940053939819e-01 4.994607530534267426e-03
9.597260355949401855e-01 1.480407267808914185e-01 2.387675046920776367e-01 -2.315915934741497040e-02
0.000000000000000000e+00 0.000000000000000000e+00 0.000000000000000000e+00 1.000000000000000000e+00
2.265160828828811646e-01 1.658674925565719604e-01 -9.597804546356201172e-01 3.835351467132568359e-01
-1.963331252336502075e-01 9.729422330856323242e-01 1.218058392405509949e-01 8.006226271390914917e-03
9.540145993232727051e-01 1.608456969261169434e-01 2.529523968696594238e-01 -2.255682460963726044e-02
0.000000000000000000e+00 0.000000000000000000e+00 0.000000000000000000e+00 1.000000000000000000e+00
2.324749529361724854e-01 1.776795238256454468e-01 -9.562350511550903320e-01 3.855578601360321045e-01
-2.227893024682998657e-01 9.667584300041198730e-01 1.254714876413345337e-01 8.197324350476264954e-03
9.467419981956481934e-01 1.838699281215667725e-01 2.643322050571441650e-01 -1.839125715196132660e-02
0.000000000000000000e+00 0.000000000000000000e+00 0.000000000000000000e+00 1.000000000000000000e+00
2.542546987533569336e-01 1.851536184549331665e-01 -9.492483735084533691e-01 3.874273896217346191e-01
-2.375489324331283569e-01 9.633917808532714844e-01 1.242852136492729187e-01 1.089875772595405579e-02
9.375099539756774902e-01 1.938928961753845215e-01 2.889299690723419189e-01 -1.927914656698703766e-02
0.000000000000000000e+00 0.000000000000000000e+00 0.000000000000000000e+00 1.000000000000000000e+00
2.882917225360870361e-01 1.903596073389053345e-01 -9.384301304817199707e-01 3.881117403507232666e-01
-2.640257477760314941e-01 9.578511118888854980e-01 1.131887659430503845e-01 1.561602484434843063e-02
9.204229116439819336e-01 2.151383161544799805e-01 3.264003992080688477e-01 -2.504566311836242676e-02
0.000000000000000000e+00 0.000000000000000000e+00 0.000000000000000000e+00 1.000000000000000000e+00
3.537844419479370117e-01 2.159337848424911499e-01 -9.100598096847534180e-01 3.915908336639404297e-01
-2.841463387012481689e-01 9.518132805824279785e-01 1.153793036937713623e-01 1.358179375529289246e-02
8.911213874816894531e-01 2.177707850933074951e-01 3.980935811996459961e-01 -3.750156238675117493e-02
0.000000000000000000e+00 0.000000000000000000e+00 0.000000000000000000e+00 1.000000000000000000e+00
4.086499214172363281e-01 2.653492689132690430e-01 -8.732666969299316406e-01 4.055612683296203613e-01
-2.886430919170379639e-01 9.452691674232482910e-01 1.521557271480560303e-01 -8.976592798717319965e-04
8.658465147018432617e-01 1.898840367794036865e-01 4.628753960132598877e-01 -4.757831245660781860e-02
0.000000000000000000e+00 0.000000000000000000e+00 0.000000000000000000e+00 1.000000000000000000e+00
4.186025261878967285e-01 2.914214432239532471e-01 -8.601425290107727051e-01 4.115787744522094727e-01
-3.216687142848968506e-01 9.332941174507141113e-01 1.596602648496627808e-01 -2.838086104020476341e-03
8.492943644523620605e-01 2.098468244075775146e-01 4.844204485416412354e-01 -5.631049349904060364e-02
0.000000000000000000e+00 0.000000000000000000e+00 0.000000000000000000e+00 1.000000000000000000e+00
4.090245366096496582e-01 2.971065342426300049e-01 -8.628014922142028809e-01 4.016234576702117920e-01
-2.527036964893341064e-01 9.454128146171569824e-01 2.057556658983230591e-01 -2.206378988921642303e-02
8.768349289894104004e-01 1.338740736246109009e-01 4.617769420146942139e-01 -5.550874397158622742e-02
0.000000000000000000e+00 0.000000000000000000e+00 0.000000000000000000e+00 1.000000000000000000e+00
4.118788242340087891e-01 2.935338020324707031e-01 -8.626666069030761719e-01 3.955587744712829590e-01
-2.175576239824295044e-01 9.509959816932678223e-01 2.197164893150329590e-01 -2.835694141685962677e-02
8.848866820335388184e-01 9.718315303325653076e-02 4.555556178092956543e-01 -5.662738159298896790e-02
0.000000000000000000e+00 0.000000000000000000e+00 0.000000000000000000e+00 1.000000000000000000e+00
3.960232436656951904e-01 3.048034310340881348e-01 -8.661756515502929688e-01 3.723054826259613037e-01
-1.178319454193115234e-01 9.523696303367614746e-01 2.812608480453491211e-01 -5.804855749011039734e-02
9.106487035751342773e-01 -9.322633966803550720e-03 4.130761027336120605e-01 -4.992224276065826416e-02
0.000000000000000000e+00 0.000000000000000000e+00 0.000000000000000000e+00 1.000000000000000000e+00
3.971069455146789551e-01 3.369673490524291992e-01 -8.536737561225891113e-01 3.496839702129364014e-01
-7.851796597242355347e-02 9.392219781875610352e-01 3.342109024524688721e-01 -8.604434877634048462e-02
9.144073724746704102e-01 -6.568869203329086304e-02 3.994295597076416016e-01 -4.847421497106552124e-02
0.000000000000000000e+00 0.000000000000000000e+00 0.000000000000000000e+00 1.000000000000000000e+00
4.219886660575866699e-01 3.806006014347076416e-01 -8.228417038917541504e-01 3.291328251361846924e-01
-2.388267591595649719e-02 9.119636416435241699e-01 4.095752835273742676e-01 -1.139793992042541504e-01
9.062862992286682129e-01 -1.531844139099121094e-01 3.939281105995178223e-01 -4.873526468873023987e-02
0.000000000000000000e+00 0.000000000000000000e+00 0.000000000000000000e+00 1.000000000000000000e+00
4.956116974353790283e-01 3.806530535221099854e-01 -7.806869149208068848e-01 3.093220293521881104e-01
1.648137718439102173e-02 8.945619463920593262e-01 4.466399848461151123e-01 -1.283510625362396240e-01
8.683876991271972656e-01 -2.342267334461212158e-01 4.370816648006439209e-01 -6.908518075942993164e-02
0.000000000000000000e+00 0.000000000000000000e+00 0.000000000000000000e+00 1.000000000000000000e+00
