442 79 459 81
448 79 465 82
448 85 465 88
460 85 472 89
478 85 490 90
454 91 465 95
460 91 471 95
466 91 478 96
472 91 484 96
478 91 494 98
495 91 507 97
501 91 512 98
478 97 495 104
495 97 507 104
495 103 506 109
507 103 524 115
519 103 532 112
406 108 419 108
478 108 487 114
483 108 493 113
495 108 507 116
501 108 519 123
412 114 425 115
448 114 456 118
460 114 474 124
466 114 480 127
472 114 487 127
489 114 505 128
525 114 536 124
412 120 426 124
418 120 431 124
424 120 436 123
454 120 466 130
460 120 474 132
466 120 481 132
472 120 485 133
478 120 491 133
489 120 504 133
501 120 516 129
507 120 517 135
513 120 530 130
537 120 542 124
401 126 412 127
406 126 419 128
424 126 435 129
430 126 441 131
454 126 466 137
460 126 473 139
466 126 479 139
472 126 485 138
501 126 512 140
507 126 517 141
513 126 522 141
525 126 536 137
401 132 411 132
406 132 418 134
412 132 422 135
418 132 428 136
424 132 435 135
448 132 460 142
454 132 467 143
466 132 479 144
472 132 484 144
483 132 493 141
489 132 499 141
495 132 506 142
507 132 517 148
513 132 523 147
519 132 529 147
389 138 398 138
395 138 407 140
401 138 412 140
406 138 417 140
412 138 423 141
418 138 428 142
430 138 438 141
436 138 448 148
448 138 459 148
454 138 467 150
460 138 472 150
466 138 479 150
478 138 487 149
483 138 491 148
489 138 499 148
495 138 504 147
501 138 509 147
507 138 517 153
513 138 523 153
519 138 530 153
401 144 410 147
406 144 416 147
412 144 422 148
418 144 428 148
430 144 437 148
436 144 448 153
442 144 453 153
448 144 458 153
454 144 465 155
460 144 473 156
483 144 490 153
489 144 498 158
495 144 503 154
507 144 517 160
513 144 523 159
525 144 533 156
549 144 555 145
377 150 387 149
395 150 404 152
401 150 409 153
406 150 414 154
412 150 421 155
418 150 427 154
430 150 436 154
436 150 446 159
442 150 452 159
460 150 472 162
472 150 477 158
478 150 484 159
483 150 489 159
489 150 497 163
507 150 517 165
513 150 523 165
519 150 528 161
525 150 532 161
549 150 554 149
389 156 398 157
395 156 403 157
401 156 408 157
406 156 414 160
412 156 421 160
418 156 428 160
442 156 451 166
448 156 457 166
460 156 471 168
466 156 478 169
472 156 478 163
478 156 484 164
483 156 489 165
501 156 510 171
507 156 516 170
519 156 526 167
383 162 392 162
389 162 398 163
395 162 402 163
401 162 408 164
406 162 415 165
412 162 421 165
430 162 434 169
436 162 441 166
442 162 448 172
448 162 457 173
466 162 471 175
472 162 478 175
478 162 485 176
483 162 491 175
489 162 495 174
501 162 510 176
507 162 515 176
513 162 521 174
519 162 528 178
537 162 546 176
543 162 551 176
383 168 391 169
389 168 396 169
395 168 401 170
401 168 408 171
424 168 427 175
430 168 433 175
436 168 441 173
448 168 454 178
454 168 462 179
460 168 465 176
478 168 484 181
483 168 491 181
495 168 504 183
501 168 509 183
507 168 514 183
513 168 520 180
537 168 545 181
543 168 551 181
383 174 390 176
389 174 396 177
395 174 401 176
430 174 433 180
448 174 453 185
466 174 470 187
472 174 475 187
478 174 484 186
489 174 496 190
495 174 503 189
519 174 525 185
525 174 531 186
531 174 537 186
537 174 544 187
543 174 552 189
383 179 388 182
430 179 433 186
436 179 440 186
442 179 445 187
454 179 460 191
460 179 465 192
466 179 470 193
472 179 475 192
478 179 483 193
483 179 489 194
489 179 495 195
501 179 507 192
507 179 512 192
513 179 517 191
519 179 524 192
525 179 530 193
531 179 538 198
377 185 380 187
442 185 445 197
460 185 465 198
466 185 470 198
472 185 475 198
478 185 481 199
483 185 488 200
489 185 493 200
495 185 500 198
501 185 506 198
507 185 512 198
513 185 517 197
519 185 524 199
525 185 530 199
537 185 543 201
347 191 351 191
353 191 358 191
383 191 387 194
436 191 439 202
442 191 444 202
448 191 451 201
454 191 456 205
460 191 462 205
466 191 469 204
472 191 474 206
478 191 480 205
489 191 494 206
495 191 499 206
501 191 505 207
507 191 511 208
513 191 517 207
519 191 523 205
525 191 531 206
531 191 537 207
537 191 543 207
341 197 344 196
365 197 369 199
377 197 381 200
454 197 450 210
460 197 461 210
466 197 468 211
472 197 474 211
478 197 479 211
483 197 487 209
495 197 499 213
501 197 507 213
507 197 511 214
513 197 517 215
519 197 523 212
525 197 530 212
531 197 537 212
335 203 339 201
341 203 345 202
347 203 351 204
353 203 356 205
359 203 362 205
365 203 368 206
371 203 375 207
377 203 380 207
418 203 419 213
442 203 442 212
460 203 461 216
466 203 467 216
472 203 474 217
478 203 479 217
489 203 493 216
495 203 498 219
507 203 511 220
525 203 529 221
531 203 536 223
335 209 339 208
389 209 388 214
395 209 395 214
401 209 401 214
442 209 443 218
460 209 461 223
466 209 467 223
472 209 474 223
478 209 480 224
483 209 487 225
489 209 491 225
495 209 497 226
501 209 503 222
513 209 516 223
519 209 522 226
525 209 529 228
330 215 333 213
335 215 339 214
389 215 388 220
395 215 394 220
401 215 401 219
406 215 411 223
436 215 437 224
442 215 442 223
448 215 448 222
460 215 462 230
466 215 469 230
472 215 473 230
478 215 479 231
483 215 486 231
489 215 491 231
495 215 497 233
501 215 502 228
507 215 511 233
513 215 516 229
525 215 529 233
335 221 338 220
359 221 360 222
377 221 379 225
389 221 388 226
395 221 393 226
401 221 400 227
406 221 410 228
412 221 416 228
424 221 425 229
436 221 438 230
442 221 442 230
460 221 462 236
466 221 468 236
478 221 478 238
483 221 486 238
489 221 492 238
495 221 498 240
501 221 505 239
513 221 515 235
519 221 522 236
324 227 326 223
335 227 338 227
359 227 361 229
377 227 379 231
383 227 384 231
389 227 390 232
395 227 397 232
418 227 418 235
424 227 424 235
430 227 430 234
436 227 437 237
442 227 442 236
448 227 447 237
460 227 461 241
466 227 466 242
472 227 472 243
478 227 479 244
483 227 485 244
489 227 491 245
495 227 497 244
501 227 503 243
507 227 509 240
513 227 514 241
318 233 322 229
347 233 348 233
353 233 354 235
359 233 360 236
365 233 366 236
371 233 373 236
377 233 379 237
383 233 384 238
406 233 405 239
412 233 410 240
418 233 417 239
424 233 423 239
430 233 430 239
436 233 441 243
442 233 447 243
448 233 453 244
460 233 459 247
483 233 484 250
489 233 491 251
507 233 508 247
318 239 322 235
330 239 332 236
335 239 338 236
341 239 343 237
353 239 354 241
359 239 360 242
365 239 366 242
371 239 373 242
377 239 379 243
383 239 385 243
389 239 393 245
395 239 398 245
401 239 404 246
430 239 430 246
436 239 442 248
454 239 454 253
466 239 464 250
483 239 483 257
489 239 490 257
501 239 502 257
507 239 508 258
513 239 515 258
330 245 331 241
335 245 338 242
341 245 343 242
347 245 348 243
353 245 354 246
359 245 360 247
365 245 366 247
371 245 372 247
377 245 378 248
383 245 385 250
389 245 392 252
395 245 398 251
401 245 404 251
424 245 422 253
430 245 428 254
460 245 459 256
466 245 465 262
472 245 470 262
483 245 477 262
489 245 490 263
495 245 495 262
501 245 502 264
507 245 507 265
341 251 342 249
347 251 347 250
383 251 385 257
389 251 391 257
395 251 397 258
406 251 409 256
412 251 415 257
424 251 422 258
430 251 427 259
442 251 440 261
454 251 452 261
460 251 459 261
478 251 471 267
489 251 482 268
495 251 495 268
501 251 502 270
341 256 341 255
347 256 347 256
371 256 371 259
377 256 376 262
383 256 384 263
389 256 390 263
395 256 396 264
401 256 400 264
418 256 415 263
430 256 427 264
442 256 440 267
454 256 452 266
466 256 464 267
495 256 490 274
501 256 501 276
341 262 341 261
347 262 345 261
359 262 354 262
377 262 377 268
389 262 389 269
401 262 397 269
406 262 404 270
412 262 409 270
418 262 416 270
442 262 440 272
448 262 445 272
454 262 452 272
460 262 458 273
466 262 465 275
472 262 469 276
489 262 483 277
501 262 495 281
513 262 508 278
347 268 346 266
365 268 364 269
389 268 389 274
401 268 397 275
406 268 403 276
412 268 409 276
418 268 415 277
424 268 420 277
436 268 433 278
454 268 451 279
478 268 470 282
483 268 476 282
489 268 483 283
495 268 489 284
335 274 335 270
353 274 351 273
359 274 358 275
371 274 366 276
377 274 371 276
389 274 388 281
401 274 396 281
406 274 402 282
412 274 408 282
418 274 415 282
424 274 420 283
430 274 426 284
483 274 477 288
489 274 483 288
495 274 489 289
501 274 495 291
507 274 500 291
353 280 353 280
359 280 358 281
371 280 365 281
377 280 372 282
383 280 377 282
401 280 395 287
406 280 401 288
412 280 408 288
418 280 414 289
466 280 464 286
472 280 470 287
489 280 483 294
495 280 489 295
501 280 495 296
507 280 501 296
377 286 372 288
418 286 414 295
424 286 419 295
430 286 426 296
442 286 438 298
466 286 463 292
489 286 482 300
495 286 489 300
501 286 494 301
507 286 500 302
389 292 382 294
395 292 388 295
424 292 419 300
442 292 438 304
489 292 481 306
495 292 488 306
501 292 494 306
507 292 499 307
395 298 388 300
401 298 394 301
436 298 436 309
483 298 474 310
495 298 487 312
507 298 498 313
406 304 398 307
412 304 404 309
430 304 418 309
412 310 404 313
424 310 411 314
430 310 418 315
436 310 424 314
483 310 474 319
489 310 479 319
507 310 500 320
442 316 430 321
460 316 449 316
430 322 422 327
436 322 428 328
454 322 448 329
466 322 454 329
478 322 466 324
489 322 479 325
495 322 487 325
460 327 448 335
466 327 454 335
478 327 466 330
483 327 472 331
489 327 479 332
454 333 442 340
460 333 448 340
466 333 455 341
472 333 461 337
478 333 466 335
442 345 433 347
460 345 453 347
