0.5030112266540527 0.808922290802002 -0.3043423891067505 0.07455334067344666 
-0.8439048528671265 0.3836847245693207 -0.3749805688858032 0.1295679211616516 
-0.1865586638450623 0.4454554915428162 0.8756512999534607 -0.1891147345304489 
0 0 0 1 

0.4898124039173126 0.8077505230903625 -0.3280592560768127 0.0804017186164856 
-0.8247970938682556 0.3074115812778473 -0.4745604991912842 0.1549778878688812 
-0.2824773788452148 0.5030279159545898 0.8168044090270996 -0.1702775955200195 
0 0 0 1 

0.4748386144638062 0.8088634014129639 -0.3467969000339508 0.08849204331636429 
-0.8059003353118896 0.2412990033626556 -0.5406469702720642 0.1715970933437347 
-0.3536279499530792 0.5362038016319275 0.7664415836334229 -0.1536850780248642 
0 0 0 1 

-0.06205732747912407 0.9788256883621216 -0.1950620859861374 0.08768805861473083 
-0.7913841009140015 -0.1673450022935867 -0.5879685282707214 0.1507628709077835 
-0.6081613302230835 0.1178812906146049 0.7850120067596436 -0.1365419626235962 
0 0 0 1 

0.5466741919517517 0.7609806060791016 -0.3493645787239075 0.07737042009830475 
-0.7671929597854614 0.288022369146347 -0.573112428188324 0.1735101342201233 
-0.3355027437210083 0.5813358426094055 0.7412735223770142 -0.1572744697332382 
0 0 0 1 

0.6001377105712891 0.722801685333252 -0.342625766992569 0.07389775663614273 
-0.7685798406600952 0.4023835957050323 -0.4973653852939606 0.156647115945816 
-0.2216295897960663 0.5618230104446411 0.797016441822052 -0.1861728876829147 
0 0 0 1 

0.6071397662162781 0.7337470054626465 -0.3049532771110535 0.06361594796180725 
-0.7683596611022949 0.4443312585353851 -0.4606441855430603 0.1483810693025589 
-0.2024960964918137 0.5139892101287842 0.8335528969764709 -0.2018136829137802 
0 0 0 1 

0.7713056802749634 0.500063955783844 -0.3937301337718964 0.09156984090805054 
-0.6175745129585266 0.7376182079315186 -0.2729850113391876 0.103706419467926 
0.1539124399423599 0.453712671995163 0.8777560591697693 -0.2131379544734955 
0 0 0 1 

0.8168242573738098 0.417987585067749 -0.3975982069969177 0.08566806465387344 
-0.5634112954139709 0.7261069416999817 -0.39412721991539 0.1345912218093872 
0.1239584013819695 0.5459440350532532 0.8286007642745972 -0.1981821060180664 
0 0 0 1 

0.8663294911384583 0.3292819857597351 -0.3755615651607513 0.07761411368846893 
-0.4848299026489258 0.7351241111755371 -0.4738483130931854 0.1492139846086502 
0.1200545132160187 0.5925922989845276 0.7965055704116821 -0.1851176023483276 
0 0 0 1 

