426 60 328 129
433 66 338 128
382 98 328 166
388 98 334 159
445 105 361 133
375 111 349 165
382 111 353 163
369 117 349 172
375 117 352 169
382 117 356 166
465 117 382 132
362 124 347 177
356 130 347 184
362 130 351 180
369 130 354 177
375 130 358 173
382 130 360 170
471 130 388 132
350 136 346 190
356 136 351 187
369 136 357 181
433 136 392 151
445 136 396 148
343 143 348 195
350 143 352 191
356 143 356 188
369 143 361 184
471 143 392 136
350 149 356 194
356 149 360 191
433 149 397 156
477 149 409 141
496 149 396 132
331 156 349 202
343 156 355 199
356 156 363 194
407 156 360 163
426 156 397 161
433 156 399 159
445 156 404 153
305 162 323 206
331 162 353 205
337 162 357 203
394 162 383 177
458 162 408 151
465 162 411 148
401 168 390 177
407 168 393 174
426 168 401 166
433 168 403 163
445 168 408 159
452 168 410 156
490 168 421 144
299 175 332 227
305 175 336 224
382 175 385 187
407 175 396 176
420 175 400 173
426 175 403 168
439 175 407 164
445 175 409 162
394 181 389 183
401 181 393 179
292 187 346 241
382 187 390 193
414 187 402 180
420 187 404 177
426 187 407 174
439 187 411 169
452 187 414 165
286 194 343 245
324 194 371 230
382 194 393 195
394 194 397 191
401 194 400 188
414 194 405 183
420 194 407 181
433 194 411 175
439 194 413 172
337 200 368 226
382 200 396 198
394 200 400 195
407 200 404 189
292 207 349 245
356 207 385 216
369 207 392 208
375 207 396 204
382 207 398 201
273 213 338 257
280 213 346 256
286 213 349 252
292 213 353 248
311 213 376 234
318 213 378 232
394 213 404 199
407 213 408 194
414 213 410 192
273 219 341 260
375 219 401 210
388 219 404 205
394 219 406 202
420 219 385 209
541 219 432 147
280 226 350 260
286 226 354 257
292 226 360 255
305 226 367 248
369 226 401 216
375 226 403 213
407 226 411 199
528 226 431 155
280 232 354 263
286 232 358 260
292 232 375 255
318 232 383 242
369 232 403 219
388 232 408 209
433 232 393 201
522 232 432 161
286 239 361 262
305 239 383 249
318 239 386 245
299 245 383 256
305 245 386 251
318 245 389 248
375 245 407 216
503 245 431 169
286 251 367 270
292 251 382 262
305 251 389 255
350 251 404 234
356 251 406 231
414 251 390 213
280 258 371 274
292 258 385 266
318 258 392 252
337 258 404 241
369 258 410 227
394 258 414 208
414 258 393 215
299 264 391 263
305 264 394 260
311 264 397 256
331 264 404 248
337 264 407 244
299 270 394 265
305 270 397 263
356 270 415 238
401 270 389 227
331 277 408 252
337 277 412 249
350 277 415 244
362 277 418 240
458 277 430 176
311 283 403 263
331 283 411 255
337 283 414 252
299 290 386 281
305 290 401 275
305 296 403 278
414 321 425 248
401 328 418 248
414 328 432 249
