424 149 447 140
430 149 454 140
395 155 407 151
401 155 414 152
424 155 440 150
430 155 447 152
435 155 452 153
395 160 405 158
430 160 443 159
435 160 450 160
441 160 457 161
390 166 398 163
401 166 413 160
407 166 418 162
435 166 445 166
407 172 416 168
412 172 421 173
447 172 458 171
367 177 369 174
378 177 382 175
407 177 417 173
401 183 401 185
407 183 407 185
412 183 414 188
424 183 429 182
458 183 472 183
367 189 376 180
378 189 388 181
407 189 405 192
412 189 414 192
418 189 423 187
424 189 429 188
430 189 433 189
435 189 438 189
458 189 473 188
361 194 360 191
372 194 374 187
378 194 387 187
395 194 398 191
401 194 399 196
418 194 420 194
424 194 427 194
435 194 435 196
441 194 443 196
452 194 457 199
361 200 369 190
395 200 392 201
407 200 407 199
412 200 412 200
418 200 418 200
424 200 424 201
430 200 431 202
435 200 436 202
441 200 442 202
327 206 326 198
333 206 332 199
338 206 336 200
350 206 354 197
355 206 359 197
361 206 364 199
372 206 373 201
390 206 383 208
401 206 399 204
407 206 405 205
412 206 410 206
418 206 416 206
424 206 422 207
430 206 429 208
435 206 436 209
333 212 330 205
338 212 336 206
350 212 352 204
355 212 356 205
361 212 363 206
378 212 377 208
395 212 391 210
401 212 397 211
407 212 403 211
412 212 408 211
418 212 414 211
424 212 421 213
430 212 427 214
350 217 350 210
361 217 362 212
384 217 378 214
390 217 383 216
395 217 389 215
401 217 396 217
407 217 401 217
418 217 411 218
378 223 370 218
384 223 376 220
390 223 382 221
395 223 388 221
401 223 394 222
412 223 404 224
418 223 409 224
344 229 337 221
372 229 362 222
378 229 369 224
384 229 375 226
390 229 381 226
395 229 386 227
401 229 392 227
412 229 401 230
350 234 342 227
378 234 368 230
384 234 373 232
390 234 380 232
395 234 386 233
401 234 391 234
327 240 323 224
367 240 354 232
390 240 377 239
395 240 385 239
401 240 391 240
412 240 398 242
304 246 317 222
367 246 354 238
372 246 359 239
378 246 365 240
304 252 314 229
310 252 321 230
372 252 358 245
378 252 363 246
395 252 383 248
298 257 306 236
384 257 368 252
407 257 394 262
281 263 286 239
298 263 305 241
384 263 368 259
390 263 374 260
253 269 247 245
270 269 264 248
293 269 298 245
264 274 258 253
270 274 263 253
293 274 289 253
390 274 367 266
395 274 373 267
418 274 399 271
395 280 373 274
412 280 386 279
287 286 277 262
401 286 377 280
372 291 359 275
293 297 280 272
298 297 287 272
304 297 293 272
327 297 321 276
298 308 279 283
293 314 278 288
