382 103 378 109
388 103 384 109
394 103 388 108
371 109 367 114
377 109 374 114
382 109 378 114
388 109 384 114
394 109 389 115
399 109 394 115
366 114 362 119
371 114 367 120
377 114 373 119
382 114 378 119
388 114 384 120
394 114 389 120
399 114 395 120
366 120 362 124
371 120 368 125
377 120 373 125
382 120 379 126
388 120 384 125
394 120 389 125
399 120 395 125
366 125 363 129
371 125 368 129
377 125 373 130
382 125 378 130
394 125 389 129
399 125 395 130
371 131 368 135
382 131 378 135
394 131 389 135
371 136 366 140
382 136 378 139
399 136 394 146
377 142 373 145
394 142 389 152
377 148 371 151
382 148 378 157
388 148 383 158
355 153 355 163
366 153 361 164
371 153 365 164
377 153 371 164
382 153 378 164
388 153 384 164
394 153 388 164
371 159 366 169
382 159 378 169
388 159 383 170
394 159 389 170
338 164 335 175
344 164 344 174
360 164 356 175
394 164 389 175
399 164 395 175
327 170 323 180
338 170 334 180
344 170 340 180
349 170 345 180
355 170 351 181
360 170 357 180
399 170 395 180
405 170 400 179
305 175 297 188
310 175 301 188
332 175 329 185
338 175 334 185
344 175 341 185
394 175 389 185
399 175 394 185
416 175 404 183
316 181 301 196
338 181 335 189
366 181 363 190
371 181 368 189
405 181 395 190
416 181 405 190
299 187 295 196
310 187 308 195
416 187 405 195
421 187 411 195
293 192 291 201
299 192 296 201
316 192 301 207
327 192 312 206
316 198 301 213
321 198 308 213
438 198 427 206
427 203 422 213
438 203 432 217
444 203 433 211
282 209 274 227
288 209 280 228
388 209 384 208
282 214 280 222
288 214 285 222
305 214 300 218
310 214 306 217
366 214 366 213
399 214 394 213
277 220 268 244
282 220 273 244
360 220 358 218
366 220 365 218
371 220 371 218
271 225 264 250
277 225 269 250
282 225 274 251
355 225 351 224
360 225 357 224
366 225 363 223
371 225 369 223
266 231 262 238
277 231 269 256
288 231 279 250
349 231 347 228
355 231 351 228
360 231 357 229
366 231 363 228
371 231 371 228
321 237 319 235
327 237 325 235
332 237 329 234
338 237 335 233
344 237 341 234
349 237 346 233
355 237 352 234
366 237 364 235
371 237 369 234
316 242 312 244
321 242 319 243
327 242 325 240
332 242 330 239
338 242 335 239
344 242 341 238
349 242 346 239
355 242 352 239
360 242 358 239
366 242 364 239
371 242 369 240
388 242 399 245
455 242 449 255
321 248 319 249
327 248 325 245
332 248 330 245
338 248 335 244
344 248 341 245
349 248 347 245
355 248 352 245
360 248 358 246
405 248 403 245
260 253 257 265
321 253 319 254
327 253 325 250
332 253 330 250
338 253 335 250
344 253 340 251
349 253 347 251
355 253 352 250
366 253 366 251
449 253 445 260
260 259 257 271
305 259 302 260
310 259 307 260
316 259 314 260
321 259 319 259
327 259 325 256
332 259 330 255
338 259 335 256
344 259 341 256
349 259 347 256
355 259 352 255
360 259 360 256
260 264 257 277
327 264 324 262
332 264 331 260
338 264 336 261
344 264 342 262
349 264 347 262
355 264 355 261
360 264 360 261
455 264 450 271
266 270 262 283
277 270 270 277
349 270 346 267
355 270 355 266
332 275 333 271
338 275 338 271
266 281 263 295
271 281 267 294
332 281 333 277
338 281 338 277
266 287 264 300
271 287 267 299
327 287 328 293
338 287 339 283
277 292 273 305
316 292 314 282
321 292 322 287
332 292 334 295
316 298 316 293
321 298 322 293
332 298 334 304
338 298 339 294
310 303 311 304
321 303 323 304
338 303 341 304
377 303 390 300
282 309 279 320
316 309 317 310
371 320 372 317
421 320 416 331
355 326 344 333
421 326 417 337
388 342 384 353
