422 113 367 111
410 131 363 151
434 136 388 153
452 136 396 109
458 154 414 128
494 154 457 111
428 160 400 162
452 160 419 151
458 160 424 149
387 166 376 199
452 166 422 156
464 166 430 144
410 172 388 193
422 172 397 178
434 172 411 173
464 172 432 150
393 178 380 204
416 178 396 194
422 178 404 183
434 178 414 179
440 178 420 175
446 178 423 171
458 178 432 159
464 178 435 156
405 184 390 198
416 184 403 191
422 184 408 189
428 184 414 186
393 190 385 211
399 190 389 207
405 190 394 204
410 190 400 201
416 190 406 198
422 190 411 195
428 190 417 192
434 190 422 188
369 196 370 227
399 196 393 213
405 196 397 209
422 196 415 202
428 196 420 197
434 196 426 194
440 196 432 190
470 196 455 175
476 196 462 172
363 202 366 237
369 202 373 233
375 202 378 230
381 202 384 226
399 202 396 219
405 202 402 216
416 202 413 213
422 202 420 209
428 202 423 204
434 202 430 199
470 202 459 180
369 208 378 245
381 208 384 240
393 208 394 228
399 208 399 225
405 208 405 223
410 208 410 220
470 208 463 185
363 214 372 257
369 214 376 255
375 214 381 249
381 214 386 246
393 214 397 233
399 214 403 231
405 214 408 228
410 214 413 226
416 214 419 222
422 214 424 219
351 220 362 269
369 220 379 260
375 220 384 255
393 220 400 240
399 220 406 237
405 220 412 234
410 220 417 231
416 220 422 228
339 226 355 280
357 226 372 270
363 226 377 268
369 226 382 264
387 226 397 251
393 226 403 248
399 226 409 244
405 226 414 241
410 226 420 237
357 231 376 275
375 231 390 263
381 231 396 260
387 231 401 256
393 231 407 253
399 231 412 250
405 231 417 246
410 231 422 243
422 231 431 238
333 237 358 289
339 237 363 287
363 237 383 275
369 237 388 270
375 237 395 268
387 237 405 261
393 237 410 258
399 237 416 255
405 237 420 251
416 237 428 247
428 237 443 263
434 237 448 258
440 237 452 249
327 243 355 297
333 243 361 294
339 243 365 291
375 243 397 273
381 243 403 270
387 243 409 267
393 243 414 263
399 243 420 259
405 243 424 256
416 243 431 252
428 243 445 268
440 243 454 263
321 249 354 304
327 249 358 302
375 249 401 280
381 249 406 276
387 249 411 273
393 249 417 270
399 249 423 265
410 249 429 261
416 249 434 258
440 249 456 268
375 255 402 285
381 255 408 282
387 255 415 279
393 255 420 275
399 255 426 270
405 255 431 267
375 261 405 289
381 261 411 286
387 261 417 284
393 261 422 280
410 261 438 264
399 267 430 279
405 267 435 275
416 267 442 270
434 267 459 275
405 273 437 280
333 279 377 323
357 279 394 296
416 279 449 282
422 279 455 280
327 285 375 331
416 285 453 287
339 291 382 327
345 291 387 324
416 291 456 291
339 297 386 334
416 297 459 298
286 303 348 365
292 309 355 367
375 309 428 316
345 321 410 351
339 327 407 360
345 327 412 356
351 327 417 353
327 332 400 373
345 332 414 362
363 332 433 352
357 338 431 360
363 350 443 368
375 350 451 365
