181 10 263 89
177 14 260 92
185 14 275 90
249 14 344 83
190 18 278 93
245 18 340 88
249 18 344 87
253 18 348 86
257 18 352 85
261 18 356 84
245 22 341 92
249 22 345 90
253 22 349 90
257 22 352 89
261 22 356 89
257 27 354 93
173 31 259 97
245 35 351 107
282 35 367 97
211 39 336 110
236 39 341 109
240 39 345 109
304 39 389 92
190 43 341 118
198 43 353 116
211 43 337 114
185 48 337 123
190 48 342 122
194 48 346 122
198 48 353 120
207 48 360 123
211 48 363 123
215 48 367 123
194 52 348 126
207 52 360 127
211 52 364 126
215 52 367 126
194 56 348 130
198 56 352 129
185 60 337 136
198 60 353 133
202 60 356 134
198 65 353 138
211 65 362 136
215 65 365 136
202 69 353 142
207 69 358 142
211 69 363 141
215 69 365 141
219 69 369 140
232 69 379 138
207 73 360 146
211 73 363 145
215 73 366 145
219 73 370 144
228 73 376 143
232 73 379 142
240 73 382 141
202 77 356 151
207 77 360 151
211 77 364 150
215 77 367 149
223 77 373 148
228 77 376 147
232 77 379 146
207 81 361 154
211 81 365 153
215 81 368 153
219 81 371 152
228 81 377 151
169 86 261 157
185 86 347 177
190 86 350 177
211 86 365 157
215 86 369 157
223 86 373 155
190 90 351 180
194 90 355 180
219 90 368 161
223 90 373 159
228 90 377 159
219 94 369 165
223 94 373 164
232 94 378 163
177 98 285 175
219 98 370 168
223 98 374 168
232 98 379 167
177 103 286 178
219 103 371 172
223 103 376 171
240 103 383 167
219 107 372 176
232 107 381 173
240 107 384 171
228 111 377 177
232 111 380 176
240 111 385 175
169 115 278 183
173 115 283 183
219 115 373 184
228 115 378 181
232 115 380 181
160 119 260 195
164 119 275 188
169 119 279 188
173 119 283 188
202 119 364 190
228 119 378 185
236 119 382 185
169 124 280 191
173 124 284 191
181 124 299 198
202 124 366 194
207 124 370 193
261 124 318 169
291 124 267 172
160 128 260 205
202 128 367 198
211 128 375 197
266 128 323 173
291 128 268 177
156 132 258 209
160 132 261 209
211 132 372 200
266 132 323 176
156 136 259 213
160 136 262 213
169 136 279 208
202 136 369 205
219 136 381 202
160 140 262 217
207 140 373 209
211 140 377 207
219 140 382 207
223 140 386 205
274 140 317 159
156 145 259 217
164 145 275 220
169 145 280 218
177 145 289 216
232 145 296 212
236 145 300 211
240 145 304 210
156 149 260 221
181 149 356 217
236 149 301 215
240 149 305 214
160 153 264 229
169 153 277 227
177 153 290 224
236 153 301 219
240 153 306 218
169 157 278 230
236 157 303 222
240 157 307 222
245 157 365 217
245 162 366 221
177 166 349 236
185 166 289 239
257 166 375 223
261 170 363 226
266 170 368 226
270 170 371 224
261 174 363 230
266 174 367 229
270 174 372 229
274 174 376 227
215 178 300 240
270 178 372 232
198 183 289 247
202 183 293 246
207 183 298 246
211 183 302 245
219 183 307 244
202 187 293 250
215 187 302 248
219 187 307 248
223 187 312 247
261 187 361 239
215 191 303 252
219 191 307 252
223 191 312 251
261 191 361 243
266 191 365 242
270 191 369 242
261 195 362 248
