299 148 306 307
324 148 332 270
299 158 314 310
329 163 335 279
334 163 337 275
295 168 313 316
324 168 331 287
398 168 379 208
403 168 383 201
453 168 413 161
462 168 423 142
369 172 353 249
403 172 389 203
408 172 392 197
453 172 421 164
458 172 424 157
462 172 426 151
393 177 383 215
398 177 385 208
453 177 427 167
462 177 433 154
280 182 343 351
369 182 379 245
374 182 382 239
388 182 387 225
280 187 349 354
329 187 363 268
374 187 387 242
383 187 391 235
393 187 396 223
403 187 408 213
354 192 381 261
359 192 384 256
388 192 398 232
364 197 395 259
369 197 398 253
388 197 406 234
393 197 409 228
418 197 427 205
290 202 360 343
295 202 362 338
369 202 445 288
398 202 412 221
364 207 403 263
388 207 414 235
398 207 419 224
285 212 375 363
349 212 405 271
364 212 411 258
369 212 415 252
413 212 437 217
285 217 387 368
324 217 400 291
364 217 417 261
369 217 420 255
374 217 423 250
383 217 428 243
275 222 386 377
339 222 409 286
364 222 438 270
369 222 425 256
374 222 427 251
290 227 388 354
299 227 391 343
334 227 417 301
349 227 431 288
299 232 397 345
354 232 441 280
364 232 445 274
379 232 440 250
280 237 396 373
285 237 404 369
295 237 397 352
359 237 447 281
364 237 450 276
379 237 446 251
280 242 407 378
290 242 400 360
295 242 403 355
295 247 411 358
299 247 412 352
309 247 419 347
344 247 449 297
364 247 457 279
374 247 468 267
309 252 425 349
314 252 428 343
319 252 433 336
324 252 436 330
339 252 453 300
354 252 460 287
299 256 421 370
324 256 441 332
