396 261 410 256
449 267 466 244
388 270 398 253
390 270 401 253
449 270 466 247
382 273 398 255
390 273 401 255
432 273 444 260
435 273 447 260
332 276 358 211
376 276 392 258
379 276 395 258
382 276 398 258
390 276 401 258
382 282 396 227
388 282 411 265
402 282 436 228
408 282 426 225
332 284 359 217
388 284 411 269
408 284 427 228
388 287 413 271
390 287 416 271
376 293 406 275
379 293 409 275
346 296 363 283
376 296 407 278
379 296 410 278
393 296 416 277
411 299 436 237
408 302 432 240
411 302 436 241
373 305 376 302
373 308 376 305
376 308 381 305
399 308 403 305
426 308 444 253
432 308 438 281
364 311 366 310
396 311 400 308
399 311 403 309
402 311 407 309
396 314 399 312
435 314 422 306
435 317 422 309
