299 132 297 145
305 132 302 145
310 132 307 145
299 137 294 150
315 137 306 150
401 137 406 151
412 137 411 151
418 137 396 150
439 137 438 151
514 143 506 160
520 143 511 160
299 148 290 161
520 148 507 164
530 148 516 160
299 153 284 204
530 153 518 171
299 159 284 209
525 159 512 176
530 159 517 175
353 169 397 191
444 169 443 202
401 175 427 212
444 175 443 208
342 186 407 232
439 186 434 222
536 191 518 207
509 212 500 254
380 218 390 248
428 218 439 229
434 218 438 260
428 223 437 234
412 250 434 244
418 250 439 244
331 255 369 244
353 255 355 287
418 255 439 248
423 255 444 249
310 272 298 281
315 272 302 281
525 272 506 291
305 277 291 281
315 277 301 286
434 277 434 287
471 277 475 291
525 277 506 296
434 282 434 292
439 282 439 292
466 282 470 296
471 282 476 295
477 282 481 295
315 288 312 290
337 288 334 292
342 288 318 291
348 288 323 291
509 288 494 300
514 288 500 301
