408 86 469 117
414 93 465 125
428 93 471 129
414 113 454 144
508 126 506 182
434 133 465 166
468 133 467 177
475 133 474 181
495 133 498 188
468 140 464 185
502 140 494 191
508 140 503 191
374 146 377 167
508 146 504 200
374 153 352 185
381 153 358 189
495 153 486 204
481 160 472 196
502 160 490 210
475 166 470 205
495 166 483 211
495 173 477 219
361 180 422 140
488 180 467 222
374 187 424 151
428 187 456 180
381 193 424 161
414 193 342 240
421 193 348 245
428 193 453 185
401 200 434 174
434 207 456 196
394 220 417 188
434 220 450 207
368 227 393 184
388 227 411 186
455 227 461 218
334 234 365 175
341 234 371 178
428 234 445 215
455 234 457 224
461 234 463 226
374 240 401 188
388 240 407 194
394 240 412 196
401 240 420 200
421 240 433 209
461 240 459 232
374 247 396 195
381 247 401 198
394 247 412 203
401 247 417 205
408 247 423 209
421 247 430 215
428 247 435 218
441 247 445 225
455 247 451 235
354 254 383 186
381 254 397 204
388 254 404 207
401 254 415 211
428 254 431 223
434 254 438 227
334 260 369 184
381 260 395 210
388 260 401 213
421 260 424 220
374 267 389 208
401 267 405 224
314 274 340 189
327 274 355 193
334 274 359 197
347 274 366 202
354 274 372 205
368 274 378 210
314 280 336 193
321 280 344 196
327 280 349 200
347 280 363 207
368 280 375 216
374 280 381 220
381 280 388 224
314 287 334 198
321 287 340 202
334 287 346 206
347 287 359 214
361 287 367 219
368 287 373 223
374 287 378 227
381 287 383 231
388 287 388 234
421 287 415 250
428 287 422 252
307 294 326 202
314 294 331 204
321 294 336 207
334 294 344 212
341 294 348 216
354 294 355 220
381 294 380 237
388 294 385 240
314 300 326 210
321 300 333 214
334 300 342 218
361 300 364 235
374 300 371 239
381 300 377 243
300 307 310 211
307 307 315 214
354 307 351 229
361 307 356 231
368 307 360 240
294 314 300 213
300 314 306 217
307 314 312 220
347 314 345 234
368 314 358 246
381 314 369 254
314 321 320 224
388 321 372 264
354 327 345 250
361 327 349 254
354 334 342 256
361 334 348 260
388 334 359 273
368 341 341 272
381 341 349 276
388 341 355 279
394 341 369 281
280 347 254 247
287 347 260 249
294 347 265 252
368 347 328 282
374 347 333 284
280 354 249 253
347 354 307 285
381 354 311 253
388 354 332 299
287 361 252 263
307 361 274 272
341 361 296 289
347 361 305 292
307 368 261 276
334 368 288 291
341 368 293 294
368 368 290 258
381 368 303 267
341 374 291 300
347 374 296 304
361 374 305 303
374 381 311 323
