524 3 489 1
530 3 495 1
580 3 565 3
518 9 483 5
536 9 489 12
543 9 495 13
586 9 572 10
543 15 526 17
536 28 502 29
543 28 509 23
593 28 571 24
530 34 495 31
543 34 508 30
530 40 495 61
586 40 565 34
599 40 577 26
580 46 558 41
586 46 565 40
593 46 573 40
549 53 510 54
555 53 515 56
568 53 540 61
586 53 554 60
593 53 559 60
599 53 567 60
618 53 597 41
549 59 509 62
555 59 515 62
561 59 522 60
580 59 548 67
586 59 555 66
555 65 515 68
561 65 529 75
568 65 535 76
574 65 541 76
580 65 548 74
586 65 555 71
605 65 584 54
561 71 528 81
574 71 541 81
580 71 548 79
586 71 555 77
624 71 610 78
530 78 490 119
561 78 523 91
568 78 530 88
580 78 547 87
586 78 555 85
530 84 491 124
536 84 499 126
568 84 529 94
574 84 536 98
593 84 553 93
599 84 560 92
568 90 529 104
574 90 535 105
580 90 543 104
630 96 618 104
580 109 562 149
586 109 569 149
624 109 612 122
630 109 603 110
586 115 569 155
618 115 605 129
624 115 611 129
630 115 617 127
611 121 597 128
630 121 617 133
611 128 597 134
605 134 591 141
611 134 599 141
624 146 600 160
430 153 405 158
449 153 424 159
580 153 524 167
386 159 373 158
568 159 519 180
593 165 552 182
605 172 567 187
461 178 444 183
580 178 542 192
474 197 468 203
480 197 475 202
480 203 474 208
505 203 468 214
405 222 388 208
467 228 463 228
