0.6816075444221497 -0.4256868958473206 -0.595148503780365 0.1261394023895264 
-0.7134648561477661 -0.5671799182891846 -0.4114298224449158 0.1557416915893555 
-0.1624161303043365 0.7050512433052063 -0.6903067231178284 0.2534945607185364 
0 0 0 1 

0.750603973865509 -0.2589509189128876 -0.6078959703445435 0.1312378942966461 
-0.5773216485977173 -0.7045164108276367 -0.4127428531646729 0.1474360376596451 
-0.3213925659656525 0.6607578992843628 -0.6783106327056885 0.2604202032089233 
0 0 0 1 

0.8112918734550476 -0.1849998235702515 -0.5545994639396667 0.1335340142250061 
-0.5321403741836548 -0.6265535354614258 -0.5694360136985779 0.1855393648147583 
-0.2421406507492065 0.7571036219596863 -0.6067636609077454 0.2442119121551514 
0 0 0 1 

0.8484528064727783 -0.1109989210963249 -0.5175007581710815 0.1204103827476501 
-0.4809984564781189 -0.5696744322776794 -0.6664168238639832 0.2173574417829514 
-0.2208354026079178 0.8143402934074402 -0.5367321372032166 0.2202536463737488 
0 0 0 1 

0.8817282319068909 -0.05193835496902466 -0.4688898622989655 0.1033986732363701 
-0.4289337694644928 -0.502036988735199 -0.7509824633598328 0.2455039620399475 
-0.1963953077793121 0.8632851243019104 -0.4649382829666138 0.1954250633716583 
0 0 0 1 

0.9059188961982727 0.0483744740486145 -0.4206790030002594 0.08745889365673065 
-0.3669526278972626 -0.4060951769351959 -0.8369181752204895 0.2740223705768585 
-0.2113212645053864 0.9125493168830872 -0.3501381278038025 0.1578541994094849 
0 0 0 1 

0.9477198719978333 -0.2752269506454468 -0.1614841371774673 -0.002603915520012379 
-0.243117555975914 -0.2949818074703217 -0.9240560531616211 0.2963185608386993 
0.20669025182724 0.9150059223175049 -0.3464726209640503 0.1309113800525665 
0 0 0 1 

0.8012576699256897 0.5895072817802429 0.1023100987076759 -0.05103538185358047 
0.1898149698972702 -0.08828989416360855 -0.9778420925140381 0.2529543042182922 
-0.5674120187759399 0.8029234409332275 -0.1826403141021729 0.1306730657815933 
0 0 0 1 

0.7732027173042297 0.6072219014167786 0.1828634887933731 -0.07675499469041824 
0.3630343675613403 -0.1873993575572968 -0.912736177444458 0.2212082892656326 
-0.5199649333953857 0.7721158266067505 -0.3653401434421539 0.1869132369756699 
0 0 0 1 

0.7290359139442444 0.6449193954467773 0.2293166518211365 -0.08909802883863449 
0.4899810254573822 -0.257786363363266 -0.8327453136444092 0.1881643682718277 
-0.4779388606548309 0.7194618582725525 -0.5039337277412415 0.2251150757074356 
0 0 0 1 

