436 124 440 121
440 124 444 121
444 124 448 121
448 124 453 122
452 124 456 122
457 124 460 122
461 124 464 121
469 124 471 122
432 128 435 126
436 128 439 126
440 128 444 125
444 128 448 126
448 128 453 126
452 128 457 126
457 128 461 126
461 128 465 126
465 128 469 126
473 128 475 125
478 128 479 126
482 128 483 126
427 132 431 130
432 132 436 130
436 132 440 129
440 132 444 129
444 132 449 130
448 132 453 130
452 132 458 130
457 132 462 130
461 132 465 134
465 132 470 134
473 132 474 130
478 132 479 130
482 132 483 131
486 132 487 130
490 132 490 130
423 136 430 133
432 136 436 134
436 136 440 135
440 136 445 134
452 136 457 134
473 136 474 134
478 136 478 134
482 136 483 134
486 136 488 134
490 136 491 134
419 140 414 143
432 140 435 142
436 140 440 139
444 140 423 138
448 140 428 138
478 140 475 142
482 140 483 139
486 140 488 139
490 140 492 138
494 140 497 138
498 140 501 138
415 144 410 148
432 144 435 147
436 144 440 147
448 144 428 142
482 144 483 144
486 144 487 143
490 144 491 143
494 144 496 143
498 144 500 143
423 149 405 157
448 149 453 151
482 149 483 148
486 149 487 148
490 149 491 148
494 149 496 147
498 149 503 152
503 149 508 148
507 149 511 148
394 153 406 143
398 153 410 144
436 153 439 156
469 153 457 182
473 153 474 152
486 153 487 152
490 153 491 152
503 153 508 152
507 153 512 153
390 157 402 149
394 157 407 148
457 157 444 169
478 157 454 156
482 157 458 155
511 157 517 160
373 161 375 157
390 161 397 152
457 161 444 173
478 161 453 161
494 161 504 164
498 161 509 165
507 161 513 190
511 161 520 169
519 161 522 159
436 165 453 186
498 165 509 169
507 165 514 173
511 165 520 174
369 170 371 166
436 170 453 191
469 170 461 211
503 170 512 178
507 170 516 178
511 170 520 178
365 174 366 169
369 174 371 169
423 174 430 199
469 174 461 215
507 174 516 181
519 174 525 178
365 178 366 173
377 178 385 156
390 178 407 177
394 178 410 178
469 178 461 220
478 178 479 187
503 178 509 182
528 178 531 179
361 182 363 177
377 182 384 159
423 182 448 161
473 182 474 191
524 182 525 181
528 182 530 182
361 186 363 181
365 186 368 178
398 186 402 207
473 186 474 195
478 186 491 186
494 186 477 165
498 186 483 164
503 186 490 166
515 186 517 190
524 186 524 186
528 186 530 186
361 190 363 187
369 190 371 182
394 190 396 211
398 190 402 212
432 190 453 168
490 190 475 207
494 190 477 169
498 190 483 169
515 190 517 195
524 190 524 190
528 190 530 190
361 195 362 191
365 195 367 186
369 195 370 186
394 195 397 215
398 195 401 215
490 195 479 178
511 195 513 211
515 195 517 199
524 195 525 194
528 195 529 194
365 199 370 195
390 199 422 152
394 199 397 220
419 199 405 216
432 199 434 233
503 199 504 220
524 199 525 198
528 199 529 198
402 203 426 220
494 203 491 220
515 203 517 202
519 203 521 202
524 203 525 203
528 203 529 202
361 207 363 203
369 207 371 220
373 207 374 220
490 207 487 224
494 207 491 224
519 207 521 194
436 211 414 191
457 211 445 228
490 211 487 229
494 211 491 228
524 211 525 208
528 211 530 209
524 216 526 212
528 216 530 212
365 220 371 229
486 220 439 212
519 220 521 221
528 220 530 217
361 224 363 220
377 224 388 228
486 224 440 217
515 224 516 225
519 224 521 225
524 224 524 225
427 228 410 203
515 228 516 229
461 232 471 204
511 232 505 242
524 232 525 229
369 236 367 224
386 236 388 234
390 236 392 233
465 236 469 232
511 236 513 232
515 236 509 245
519 236 522 233
386 241 388 237
390 241 392 236
440 241 431 225
465 241 471 238
511 241 513 237
515 241 517 238
519 241 521 237
373 245 376 241
381 245 384 241
386 245 388 241
390 245 398 245
394 245 403 246
411 245 404 234
490 245 486 233
515 245 516 243
373 249 376 245
377 249 379 245
381 249 384 245
386 249 393 250
390 249 398 250
394 249 402 250
407 249 401 238
411 249 405 237
415 249 411 237
423 249 470 242
432 249 430 237
494 249 494 238
498 249 499 238
507 249 511 242
381 253 384 249
411 253 406 241
444 253 445 216
452 253 466 242
473 253 445 254
486 253 482 246
498 253 500 245
507 253 511 247
402 257 407 253
415 257 417 255
419 257 423 254
444 257 449 250
452 257 466 247
469 257 487 242
473 257 491 242
478 257 497 241
390 261 393 258
398 261 401 255
402 261 406 258
436 261 436 254
452 261 461 255
457 261 470 251
473 261 491 246
482 261 482 256
503 261 504 259
394 266 397 263
398 266 402 262
402 266 406 262
407 266 409 262
415 266 418 259
423 266 426 259
427 266 430 259
436 266 439 260
440 266 445 259
444 266 449 260
457 266 465 263
461 266 474 256
478 266 479 263
482 266 483 262
486 266 487 262
490 266 492 262
494 266 495 262
498 266 499 263
398 270 401 267
402 270 406 267
407 270 410 267
415 270 417 264
423 270 427 262
432 270 432 264
436 270 440 264
440 270 445 264
444 270 449 264
452 270 461 262
478 270 479 267
482 270 482 267
486 270 486 267
490 270 491 266
494 270 495 266
498 270 499 267
407 274 410 271
415 274 418 271
440 274 446 268
444 274 449 268
448 274 453 267
452 274 457 268
465 274 471 268
482 274 482 272
486 274 486 272
490 274 491 271
494 274 495 271
419 278 424 275
423 278 428 275
440 278 444 273
444 278 447 273
448 278 452 273
465 278 462 275
486 278 486 276
490 278 490 276
419 282 424 279
436 282 435 277
440 282 444 277
478 282 483 276
423 287 431 283
436 287 439 283
444 287 445 284
448 287 449 283
473 287 475 281
448 291 448 288
452 291 453 287
461 291 462 288
465 291 467 288
469 291 470 288
473 291 475 285
452 295 453 292
457 295 457 292
461 295 462 292
465 295 467 292
452 299 453 296
457 299 457 297
461 299 462 297
465 299 466 297
452 303 448 306
457 303 454 306
461 303 461 305
469 303 466 306
444 307 440 309
448 307 445 310
452 307 449 310
457 307 453 310
461 307 458 310
