303 82 335 108
311 82 367 108
257 85 305 110
311 85 390 112
365 85 400 112
368 85 404 112
372 85 408 112
376 85 411 112
380 85 420 112
253 89 301 114
257 89 305 114
280 89 337 113
311 89 393 116
372 89 408 116
388 89 428 115
253 93 301 117
257 93 305 117
276 93 332 116
295 93 374 120
384 93 419 119
388 93 428 120
261 97 309 118
292 97 370 124
376 97 416 118
384 97 424 127
388 97 427 128
253 101 301 123
257 101 305 122
261 101 309 122
380 101 423 123
384 101 424 131
253 105 301 126
257 105 305 125
361 105 385 127
384 105 424 134
257 108 305 129
280 108 340 125
272 112 332 129
330 112 402 138
334 112 405 138
261 116 313 133
272 116 329 132
276 116 336 132
280 116 340 132
288 116 348 128
322 116 396 142
326 116 400 142
349 116 393 136
380 116 421 134
384 116 424 142
257 120 303 144
284 120 363 143
288 120 348 137
295 120 372 144
299 120 374 143
311 120 390 146
322 120 397 146
326 120 400 146
334 120 405 145
349 120 393 139
380 120 421 138
384 120 424 146
265 124 318 141
272 124 321 137
280 124 359 147
284 124 363 147
288 124 366 147
295 124 372 148
299 124 375 148
322 124 397 150
330 124 402 149
334 124 405 149
338 124 408 149
365 124 405 141
368 124 409 138
372 124 413 138
376 124 417 139
384 124 424 149
253 128 301 149
257 128 306 148
265 128 318 145
269 128 321 143
276 128 356 151
280 128 359 151
284 128 363 151
288 128 366 151
292 128 369 150
299 128 375 150
303 128 378 150
322 128 397 153
326 128 401 153
334 128 405 153
338 128 409 153
368 128 408 143
372 128 412 142
261 131 328 152
272 131 338 148
284 131 363 155
288 131 367 155
292 131 370 155
299 131 376 154
311 131 386 154
330 131 402 157
334 131 405 156
338 131 409 156
380 131 419 153
384 131 424 154
261 135 328 155
269 135 334 154
276 135 341 151
284 135 363 159
292 135 371 158
299 135 376 159
303 135 380 159
376 135 416 157
380 135 420 158
261 139 325 159
265 139 332 159
272 139 337 156
276 139 340 155
280 139 344 152
284 139 363 163
299 139 376 162
380 139 420 162
261 143 329 163
265 143 332 163
276 143 340 159
284 143 348 155
288 143 364 165
292 143 368 165
295 143 372 166
299 143 376 166
303 143 379 166
261 147 329 167
265 147 333 167
269 147 341 167
272 147 348 171
276 147 352 170
288 147 364 169
292 147 368 169
295 147 372 169
299 147 376 169
349 147 412 172
380 147 420 169
261 151 329 170
284 151 360 173
288 151 364 173
292 151 368 172
295 151 372 173
299 151 375 173
349 151 413 175
272 154 340 170
276 154 344 169
280 154 356 176
284 154 361 177
288 154 365 176
292 154 368 177
295 154 371 176
338 154 405 180
342 154 409 179
357 154 417 177
261 158 322 178
272 158 340 173
288 158 364 181
292 158 368 180
295 158 371 180
299 158 376 180
303 158 379 180
334 158 401 183
338 158 405 183
349 158 413 181
353 158 416 181
284 162 360 184
288 162 364 184
292 162 368 184
295 162 372 184
299 162 376 184
311 162 379 173
345 162 410 185
349 162 413 184
353 162 417 184
280 166 355 188
284 166 360 188
288 166 364 189
292 166 369 188
295 166 372 187
299 166 376 188
303 166 379 189
311 166 379 176
322 166 394 188
330 166 398 187
334 166 402 188
338 166 405 188
345 166 410 188
349 166 413 188
357 166 417 188
288 170 364 196
292 170 368 192
295 170 372 192
299 170 376 192
303 170 379 192
315 170 391 200
330 170 398 191
334 170 401 191
338 170 406 192
345 170 410 192
349 170 413 191
357 170 417 191
288 174 365 201
292 174 369 199
295 174 318 201
299 174 376 196
303 174 379 196
315 174 391 204
318 174 395 204
334 174 402 195
338 174 406 196
345 174 410 195
349 174 413 195
357 174 417 195
276 178 356 196
295 178 319 205
303 178 379 201
307 178 384 208
311 178 388 207
315 178 391 206
334 178 402 199
338 178 406 199
345 178 411 199
349 178 413 199
261 181 326 200
276 181 356 200
307 181 384 212
311 181 388 211
315 181 391 211
318 181 395 211
338 181 406 203
342 181 409 203
349 181 414 202
276 185 357 204
338 185 407 207
342 185 410 207
357 185 418 204
326 189 356 208
338 189 406 210
342 189 409 210
353 189 415 209
357 189 417 209
326 193 357 212
338 193 406 214
342 193 409 214
349 193 413 213
357 193 417 213
269 197 343 220
272 197 346 219
288 197 368 216
295 197 372 215
342 197 409 218
349 197 414 217
357 197 418 217
261 201 319 228
269 201 343 224
272 201 346 223
288 201 368 220
295 201 373 220
330 201 403 221
349 201 414 221
353 201 417 221
269 204 343 227
272 204 346 227
276 204 349 227
295 204 373 223
303 204 383 221
311 204 388 222
315 204 392 223
334 204 406 223
349 204 415 226
353 204 417 225
269 208 343 231
272 208 345 231
276 208 349 231
284 208 362 227
288 208 365 227
292 208 372 227
299 208 381 226
303 208 384 225
311 208 388 226
334 208 407 226
338 208 410 226
253 212 297 236
269 212 339 235
272 212 346 235
276 212 350 235
280 212 354 235
288 212 369 230
292 212 372 230
295 212 377 231
299 212 380 230
303 212 384 230
311 212 389 232
315 212 392 231
318 212 395 231
326 212 400 231
330 212 404 231
334 212 408 229
338 212 411 230
345 212 415 230
253 216 297 240
261 216 332 239
280 216 354 239
284 216 365 235
288 216 369 234
292 216 372 234
295 216 376 235
299 216 380 234
303 216 384 234
315 216 392 234
318 216 395 235
326 216 403 234
334 216 408 233
338 216 412 232
284 220 365 239
288 220 369 238
292 220 373 239
295 220 377 238
299 220 380 238
303 220 384 238
315 220 392 238
318 220 395 238
326 220 400 238
330 220 404 237
334 220 408 236
338 220 412 236
261 224 331 246
284 224 365 242
288 224 369 242
292 224 373 242
299 224 381 242
311 224 389 242
315 224 392 242
318 224 395 242
326 224 400 242
330 224 404 241
334 224 407 241
276 227 354 246
280 227 358 246
284 227 362 246
292 227 373 249
295 227 377 249
315 227 392 246
318 227 395 245
322 227 399 245
330 227 404 245
334 227 408 245
376 227 419 243
269 231 347 249
276 231 353 250
292 231 373 253
295 231 377 253
299 231 380 253
311 231 389 250
315 231 393 249
318 231 395 249
322 231 399 249
330 231 403 248
376 231 419 247
269 235 331 258
315 235 392 253
318 235 396 252
322 235 400 252
265 239 328 262
280 239 355 258
318 239 395 256
284 243 359 262
342 243 351 261
345 243 355 261
284 247 347 265
288 250 353 269
342 250 366 268
345 250 382 267
349 250 374 267
