0.9000436067581177 0.435588538646698 -0.0135630089789629 -0.02491715550422668 
-0.4000614881515503 0.8381773233413696 0.3706876039505005 -0.09192823618650436 
0.1728356182575226 -0.3282089233398438 0.9286585450172424 -0.2533457279205322 
0 0 0 1 

0.9054498672485352 0.4243401288986206 -0.009789277799427509 -0.02715842984616756 
-0.3733165264129639 0.8071277141571045 0.4573613405227661 -0.1205829158425331 
0.2019780874252319 -0.4104632139205933 0.8892269730567932 -0.2436395585536957 
0 0 0 1 

0.9156908988952637 0.4018237292766571 -0.006915001664310694 -0.03084992617368698 
-0.3326663076877594 0.7675221562385559 0.5479440689086914 -0.1507995128631592 
0.2254844456911087 -0.4994469881057739 0.836486279964447 -0.2308288365602493 
0 0 0 1 

0.9088387489318848 0.4168892800807953 0.01467400137335062 -0.0383259505033493 
-0.3330630362033844 0.7040155529975891 0.6272405982017517 -0.1748637855052948 
0.2511593103408813 -0.5749478936195374 0.7786871194839478 -0.2169382572174072 
0 0 0 1 

0.9157594442367554 0.4004227817058563 0.03234490379691124 -0.04563681036233902 
-0.2974683940410614 0.6217819452285767 0.7244995832443237 -0.2054606974124908 
0.269994705915451 -0.6730889081954956 0.688515841960907 -0.1921547204256058 
0 0 0 1 

0.9240745902061462 0.3780738413333893 0.0560915470123291 -0.05422867834568024 
-0.2709444463253021 0.5444603562355042 0.7938210964202881 -0.2281903177499771 
0.2695834040641785 -0.7487475872039795 0.6055590510368347 -0.1669832020998001 
0 0 0 1 

0.9311839938163757 0.3606685996055603 0.05305201932787895 -0.05516260489821434 
-0.2320974320173264 0.474323034286499 0.8492045402526855 -0.2472019642591476 
0.2811176776885986 -0.8030788898468018 0.5253922343254089 -0.1444659680128098 
0 0 0 1 

0.9409207105636597 0.3346115350723267 0.0519934743642807 -0.05778710916638374 
-0.1939133852720261 0.40655118227005 0.892812192440033 -0.2618895769119263 
0.277607262134552 -0.8501476645469666 0.4474180936813354 -0.1227736249566078 
0 0 0 1 

0.9525120258331299 0.2995460629463196 0.05470825731754303 -0.06105301901698112 
-0.1637091934680939 0.3522769510746002 0.9214662909507751 -0.2724806666374207 
0.256749153137207 -0.8866639733314514 0.3845864832401276 -0.1034323945641518 
0 0 0 1 

0.9602762460708618 0.2685694992542267 0.07576282322406769 -0.0694684162735939 
-0.1506592780351639 0.2704464197158813 0.9508734941482544 -0.2865951061248779 
0.2348858565092087 -0.9245156049728394 0.3001657128334045 -0.0742795541882515 
0 0 0 1 

