479 83 481 138
467 89 466 137
473 89 472 140
479 89 478 142
485 89 484 146
456 100 445 144
485 100 481 154
462 106 458 150
467 106 462 155
473 106 470 158
450 112 441 150
456 112 448 153
462 112 455 157
467 112 460 161
473 112 466 163
444 118 431 153
450 118 438 156
456 118 445 160
462 118 452 164
467 118 457 166
497 118 480 185
432 124 418 152
438 124 423 155
444 124 428 159
450 124 435 163
467 124 454 172
473 124 460 175
479 124 467 177
450 130 432 170
456 130 438 172
462 130 443 176
473 130 449 179
432 136 415 161
438 136 419 163
450 136 427 167
456 136 434 177
533 136 507 208
426 142 404 163
432 142 411 166
450 142 424 173
456 142 430 176
467 142 441 182
473 142 447 185
479 142 452 187
527 142 499 211
420 148 395 166
426 148 401 168
432 148 407 171
438 148 416 171
456 148 427 181
467 148 439 188
473 148 446 190
479 148 449 192
509 148 477 208
527 148 505 213
544 148 444 244
426 154 398 174
438 154 411 176
450 154 420 181
462 154 430 189
467 154 435 192
473 154 441 194
491 154 463 201
509 154 474 214
515 154 480 218
426 160 389 181
432 160 402 180
438 160 402 185
444 160 407 188
450 160 416 186
456 160 423 189
479 160 445 202
485 160 454 205
491 160 459 212
497 160 464 216
509 160 472 221
515 160 477 225
527 160 501 219
402 166 376 171
426 166 386 186
450 166 414 191
456 166 420 194
462 166 426 198
467 166 432 201
414 171 379 182
426 171 390 189
432 171 395 192
444 171 406 195
450 171 412 197
456 171 419 200
491 171 449 218
497 171 459 224
509 171 468 228
521 171 474 231
385 177 360 173
390 177 363 175
420 177 381 191
426 177 385 195
432 177 393 198
438 177 399 199
450 177 410 203
456 177 415 206
473 177 431 215
479 177 437 219
385 183 357 177
408 183 375 189
491 183 443 229
373 189 341 178
390 189 354 186
396 189 359 189
402 189 365 191
420 189 379 200
426 189 386 201
432 189 392 204
438 189 397 207
450 189 405 212
456 189 411 214
462 189 416 217
473 189 422 221
479 189 429 225
361 195 326 180
367 195 331 181
385 195 345 188
390 195 351 191
396 195 357 194
402 195 362 197
414 195 370 202
420 195 376 204
426 195 383 207
450 195 402 215
456 195 408 219
462 195 413 222
473 195 420 227
479 195 427 230
485 195 433 232
491 195 436 236
367 201 328 186
385 201 342 194
390 201 349 196
402 201 359 205
414 201 366 207
420 201 371 210
438 201 393 214
456 201 403 224
462 201 410 227
473 201 418 233
479 201 421 236
485 201 427 239
491 201 435 241
361 207 321 188
396 207 352 203
426 207 377 216
432 207 385 218
438 207 391 220
444 207 396 223
467 207 409 236
473 207 415 238
479 207 419 241
485 207 425 243
491 207 432 247
349 213 311 189
355 213 315 191
367 213 324 196
373 213 329 199
379 213 335 202
390 213 342 206
396 213 348 208
402 213 354 210
414 213 363 217
420 213 368 219
426 213 373 222
432 213 379 225
438 213 386 227
450 213 393 231
456 213 400 234
473 213 413 244
373 219 327 205
385 219 334 207
390 219 340 210
396 219 346 212
408 219 354 219
414 219 361 222
420 219 366 224
426 219 371 228
432 219 377 231
456 219 396 239
462 219 403 242
367 225 324 212
385 225 332 213
390 225 337 215
414 225 358 227
420 225 364 232
426 225 369 235
432 225 375 237
438 225 381 238
444 225 392 236
456 225 393 244
462 225 400 248
467 225 405 251
396 231 343 221
402 231 349 224
420 231 360 236
426 231 367 240
432 231 373 242
438 231 379 245
444 231 389 243
325 237 275 200
331 237 299 197
390 237 334 226
396 237 338 228
408 237 348 232
420 237 357 243
450 237 390 249
319 243 265 204
390 243 330 231
396 243 336 233
408 243 345 237
414 243 352 240
426 243 363 247
432 243 370 251
444 243 385 249
385 248 319 234
390 248 328 236
396 248 333 239
408 248 342 243
414 248 348 246
420 248 355 249
426 248 360 251
432 248 367 256
379 254 310 237
385 254 316 240
390 254 325 242
402 254 338 247
414 254 345 252
420 254 351 254
426 254 358 257
432 254 362 261
438 254 371 258
444 254 379 260
302 260 245 211
314 260 252 216
319 260 258 218
373 260 302 240
379 260 308 242
385 260 314 245
414 260 343 259
420 260 347 261
426 260 353 264
373 266 298 246
379 266 305 248
402 266 334 258
420 266 346 267
290 272 236 214
296 272 241 217
308 272 248 223
314 272 254 225
408 272 337 268
432 272 352 274
296 278 239 223
314 278 250 230
355 278 283 247
420 278 340 274
426 278 345 277
314 284 248 236
349 284 274 250
361 284 290 251
367 284 295 254
420 284 331 280
426 284 338 283
355 290 280 255
361 290 287 257
367 290 294 260
373 290 301 263
379 290 308 265
390 290 293 228
414 290 322 283
420 290 329 286
343 296 264 255
349 296 271 258
355 296 278 260
361 296 285 264
379 296 304 272
385 296 309 275
396 296 295 238
414 296 319 289
331 302 255 254
349 302 269 262
355 302 274 264
373 302 294 274
379 302 300 276
390 302 313 287
414 302 317 294
325 308 251 263
337 308 259 265
402 308 310 291
325 314 249 268
331 314 254 271
355 314 273 272
361 314 283 278
373 314 291 282
379 314 296 284
385 314 302 286
343 319 259 276
355 319 273 280
367 319 282 285
373 319 287 287
337 325 252 279
343 325 257 282
361 325 272 288
367 325 278 291
379 325 284 295
385 325 290 297
343 331 254 288
355 331 263 291
361 331 268 295
373 331 275 297
379 331 279 300
355 337 260 296
361 337 265 299
379 337 273 303
