420 81 411 138
420 87 409 145
407 94 423 92
420 94 408 151
427 94 417 155
433 94 423 155
492 94 506 102
512 94 525 106
433 100 422 161
440 100 428 162
492 100 506 109
499 100 512 110
505 100 519 110
401 107 415 103
492 107 505 115
499 107 511 116
505 107 518 117
492 113 504 123
499 113 511 123
505 113 516 125
401 120 409 124
420 120 418 120
446 120 453 129
492 120 503 129
499 120 510 130
505 120 516 131
394 126 402 130
401 126 410 130
407 126 417 131
420 126 431 134
427 126 438 135
433 126 445 135
446 126 454 135
486 126 496 134
492 126 502 135
499 126 508 138
401 133 403 145
407 133 415 140
427 133 438 141
446 133 453 142
486 133 494 141
492 133 501 143
499 133 507 146
388 139 394 142
401 139 401 154
407 139 415 146
427 139 458 97
446 139 452 149
486 139 492 149
499 139 506 151
505 139 512 154
512 139 518 155
388 146 394 148
401 146 401 160
407 146 427 100
414 146 434 100
459 146 463 158
486 146 490 161
499 146 506 157
505 146 512 160
512 146 519 161
394 152 396 157
492 152 496 168
505 152 510 166
512 152 517 166
381 159 387 157
401 159 434 168
414 159 414 172
427 159 427 170
466 159 478 120
472 159 495 112
492 159 495 174
499 159 502 173
505 159 509 173
381 165 388 163
414 165 417 175
472 165 494 119
486 165 487 178
499 165 501 179
505 165 508 179
512 165 516 173
401 172 407 174
414 172 418 180
440 172 441 176
466 172 479 135
486 172 486 184
492 172 494 185
375 178 378 178
381 178 384 179
414 178 417 187
420 178 423 184
433 178 435 183
446 178 447 185
459 178 465 182
479 178 482 181
486 178 487 190
492 178 494 191
381 185 382 186
394 185 397 186
401 185 404 186
420 185 420 194
427 185 426 194
433 185 431 195
446 185 446 193
453 185 454 193
459 185 460 195
466 185 468 186
472 185 476 187
479 185 483 187
486 185 487 196
492 185 493 196
375 191 377 191
388 191 388 192
394 191 396 192
401 191 402 193
420 191 419 201
427 191 425 201
433 191 431 202
446 191 446 201
453 191 453 201
459 191 459 202
466 191 464 202
479 191 463 229
486 191 485 203
381 198 382 198
388 198 388 198
394 198 395 199
401 198 402 201
407 198 411 203
414 198 412 207
427 198 425 208
440 198 438 207
446 198 444 208
453 198 451 208
459 198 457 208
466 198 463 209
479 198 477 210
368 204 368 205
375 204 374 205
381 204 381 206
388 204 388 205
394 204 394 206
407 204 401 213
414 204 413 213
427 204 423 214
433 204 430 214
440 204 437 214
446 204 443 219
453 204 449 219
459 204 456 215
368 211 367 209
375 211 373 212
381 211 379 212
388 211 386 213
394 211 393 214
433 211 429 220
440 211 437 220
446 211 442 226
453 211 448 225
459 211 455 223
362 218 358 218
368 218 364 217
375 218 371 219
381 218 378 219
388 218 386 219
394 218 393 221
407 218 401 221
414 218 409 223
427 218 420 226
433 218 427 227
446 218 441 232
453 218 447 232
459 218 453 232
362 224 357 223
368 224 363 225
375 224 370 227
381 224 377 227
388 224 385 228
394 224 391 229
414 224 407 231
420 224 412 231
427 224 419 232
459 224 453 239
472 224 462 243
368 231 362 231
375 231 370 232
381 231 376 234
388 231 383 235
394 231 389 236
401 231 396 237
407 231 404 237
420 231 412 238
427 231 418 239
446 231 440 241
453 231 446 241
362 237 354 238
368 237 362 236
375 237 370 237
381 237 376 238
394 237 385 240
401 237 391 242
407 237 399 243
414 237 405 244
420 237 410 244
427 237 417 245
440 237 431 247
446 237 439 247
453 237 446 246
459 237 452 248
466 237 457 250
472 237 465 251
362 244 353 244
368 244 361 242
375 244 369 242
388 244 377 245
394 244 384 245
407 244 398 250
414 244 405 251
420 244 410 250
427 244 417 252
433 244 423 253
440 244 431 254
446 244 438 254
466 244 456 257
407 250 396 257
414 250 402 257
427 250 416 256
433 250 423 258
446 250 435 260
453 250 443 262
466 250 453 263
381 257 368 251
388 257 381 254
407 257 395 262
459 257 445 268
466 257 452 269
349 263 348 242
394 263 387 262
427 263 414 266
433 263 421 267
440 263 427 268
459 263 444 275
349 270 347 248
381 270 365 265
394 270 386 267
407 270 399 269
414 270 406 270
427 270 414 271
433 270 421 273
440 270 428 275
446 270 434 276
459 270 442 288
342 276 341 254
349 276 346 255
355 276 352 257
401 276 393 269
440 276 428 280
446 276 433 281
342 283 339 261
349 283 345 262
355 283 351 264
394 283 385 275
420 283 414 286
427 283 421 286
459 283 438 302
368 289 408 314
394 289 385 281
401 289 393 282
446 289 434 289
459 289 437 309
336 296 322 290
368 296 408 320
427 296 420 294
446 296 433 294
453 296 439 295
336 302 322 296
342 302 329 297
349 302 335 298
401 302 384 310
427 302 419 301
329 309 315 301
336 309 321 304
342 309 327 305
349 309 335 304
388 309 369 311
427 309 417 307
329 315 314 308
336 315 321 309
342 315 328 311
349 315 335 311
381 315 362 316
388 315 369 317
440 315 421 323
336 322 319 314
342 322 326 316
349 322 334 317
368 322 351 320
381 322 362 322
388 322 368 323
401 322 387 324
329 328 313 315
362 328 345 324
368 328 351 325
375 328 359 326
381 328 365 328
388 328 370 330
394 328 377 331
401 328 385 331
407 328 393 331
420 328 407 334
433 328 413 335
440 328 418 336
342 335 326 322
355 335 339 326
375 335 358 333
381 335 364 334
388 335 370 335
394 335 377 337
427 335 406 341
433 335 412 341
440 335 417 341
362 341 345 332
368 341 351 334
394 341 377 342
401 341 385 345
414 341 392 346
427 341 405 346
440 341 415 347
381 348 363 344
401 354 383 354
414 354 390 354
420 354 398 355
427 354 404 356
433 354 410 357
