433 74 487 140
427 87 475 144
407 94 453 132
420 94 460 137
427 94 471 149
420 100 453 142
414 107 444 143
420 107 450 146
427 107 459 149
479 107 486 185
499 113 504 207
420 120 439 156
407 126 424 151
427 126 441 163
440 126 445 174
414 133 425 162
420 133 429 168
401 139 414 152
407 139 414 162
414 139 417 168
433 139 429 179
440 139 435 183
446 139 441 189
401 146 399 161
407 146 406 167
414 146 412 172
420 146 422 173
427 146 418 180
433 146 423 184
453 146 440 196
459 146 446 201
486 146 462 217
401 152 395 166
407 152 400 171
414 152 406 176
440 152 427 190
446 152 432 195
453 152 436 200
459 152 440 205
466 152 445 210
492 152 460 226
401 159 390 171
407 159 394 176
420 159 411 180
433 159 417 189
440 159 422 194
446 159 426 199
453 159 431 203
459 159 437 210
466 159 440 215
414 165 401 180
427 165 407 189
433 165 413 194
440 165 417 198
453 165 427 209
459 165 432 213
466 165 437 218
479 165 442 227
420 172 398 188
427 172 403 193
433 172 407 198
440 172 412 203
446 172 416 208
453 172 421 214
459 172 425 218
486 172 441 235
414 178 388 188
420 178 392 192
427 178 397 198
433 178 402 203
440 178 406 208
446 178 410 213
453 178 416 218
420 185 387 197
427 185 391 202
394 191 370 180
401 191 376 185
420 191 382 202
427 191 386 207
440 191 399 214
446 191 404 220
453 191 411 224
388 198 364 176
394 198 365 185
440 198 395 219
446 198 389 225
459 198 417 228
388 204 355 185
394 204 358 190
433 204 384 219
446 204 385 230
453 204 390 235
388 211 349 190
394 211 353 194
407 211 360 203
427 211 375 217
446 211 379 234
453 211 384 238
388 218 344 194
401 218 350 201
407 218 356 206
414 218 361 212
420 218 365 216
427 218 370 221
407 224 350 211
414 224 355 216
427 224 365 226
446 231 374 240
407 237 342 218
414 237 345 222
420 237 350 227
427 237 355 232
440 237 365 240
446 237 369 243
466 237 379 255
394 244 333 217
407 244 337 222
420 244 345 232
440 244 358 244
446 244 364 249
394 250 329 221
466 250 368 265
336 296 262 203
368 302 275 233
329 315 239 212
336 315 242 218
375 315 269 246
336 322 238 224
349 322 243 230
375 322 258 245
394 322 269 267
381 341 252 261
388 341 257 267
414 354 266 297
