471 140 416 84
471 145 409 92
476 145 422 90
491 150 462 107
496 150 469 107
471 155 408 98
496 155 471 114
466 160 403 101
461 165 396 109
466 165 404 108
471 165 411 108
471 170 407 123
466 175 407 114
471 175 414 113
491 180 442 109
501 180 450 114
506 180 454 114
541 180 492 118
437 185 386 139
471 185 403 151
486 185 437 118
491 185 444 115
526 185 479 119
526 190 481 125
471 195 368 222
506 195 466 128
516 195 474 128
551 195 509 129
476 200 376 228
526 200 482 132
536 200 490 132
461 205 358 245
541 205 496 139
456 210 413 172
451 215 407 178
456 215 413 177
541 215 494 154
491 220 390 256
536 220 475 191
546 220 482 192
551 220 487 191
392 225 333 234
486 225 383 264
491 225 389 263
397 230 340 227
481 230 457 168
397 235 341 235
446 235 408 189
461 235 426 267
481 235 457 175
392 240 334 241
397 240 342 241
456 240 422 188
392 245 336 248
397 245 344 248
446 245 408 196
451 245 416 194
397 250 344 255
446 250 409 202
451 250 418 201
402 254 368 214
407 254 373 207
442 254 411 210
451 254 419 207
456 254 424 207
451 264 419 214
456 264 426 214
466 264 442 220
496 264 417 312
427 269 407 233
442 269 420 223
456 269 426 222
466 269 443 226
427 274 408 239
437 274 390 220
456 274 428 229
476 274 453 232
481 274 459 231
362 279 319 288
372 279 326 286
377 279 332 279
471 279 444 241
476 279 452 239
481 279 457 238
342 284 299 305
347 284 305 304
362 284 321 294
367 284 327 293
422 284 415 247
471 284 445 248
367 289 328 300
397 289 363 290
387 294 352 304
397 294 366 303
382 299 350 313
392 299 360 310
397 299 366 309
422 299 401 307
377 304 337 321
382 304 352 320
392 304 360 317
397 304 367 317
402 304 374 316
407 304 380 316
412 304 388 315
417 304 396 314
397 309 367 324
402 309 373 323
407 309 380 322
412 309 388 322
437 309 379 353
451 309 387 358
417 314 397 327
437 324 334 350
437 329 375 377
407 334 362 378
412 334 368 377
407 339 363 386
417 339 346 379
