1 0 0 -0.01792658120393753 
0 1 0 0.02243540808558464 
0 0 1 -0.3816788792610168 
0 0 0 1 

0.998843252658844 0.04750168323516846 0.007456542458385229 -0.0179612785577774 
-0.04753376170992851 0.998860776424408 0.004185608122497797 0.0185087826102972 
-0.007249207701534033 -0.004535195417702198 0.9999634027481079 -0.3678491115570068 
0 0 0 1 

0.7885100841522217 0.5771366953849792 0.2125198692083359 -0.112239308655262 
-0.5925216674804688 0.8054792881011963 0.01099974475800991 0.005937561392784119 
-0.1648319512605667 -0.13459612429142 0.977094829082489 -0.2718850374221802 
0 0 0 1 

0.8233350515365601 0.5150556564331055 0.2384046763181686 -0.1247340068221092 
-0.5488001108169556 0.8295774459838867 0.1030509471893311 -0.02602373994886875 
-0.1446981281042099 -0.2156820595264435 0.9656829833984375 -0.2714319229125977 
0 0 0 1 

0.8402299284934998 0.4939484894275665 0.2236703038215637 -0.1247800961136818 
-0.5358626842498779 0.8194558620452881 0.2033298313617706 -0.06000880897045135 
-0.08285339921712875 -0.2907004356384277 0.9532200694084167 -0.2717617154121399 
0 0 0 1 

0.8498991131782532 0.4920359551906586 0.1886049062013626 -0.1174666807055473 
-0.5268094539642334 0.8015128374099731 0.2829285562038422 -0.08856038749217987 
-0.01195805612951517 -0.339819610118866 0.9404145479202271 -0.2720473408699036 
0 0 0 1 

0.8606140613555908 0.4894737303256989 0.1405662149190903 -0.1059732511639595 
-0.5045807361602783 0.782261073589325 0.3653295934200287 -0.1180338561534882 
0.06885980814695358 -0.3853348195552826 0.9202039837837219 -0.270796000957489 
0 0 0 1 

0.8780613541603088 0.4692852199077606 0.09369942545890808 -0.09496338665485382 
-0.4579559564590454 0.7671952247619629 0.4490964412689209 -0.1501003950834274 
0.1388687044382095 -0.4372443854808807 0.8885564804077148 -0.2669424414634705 
0 0 0 1 

0.8947116732597351 0.4445880353450775 0.04280664026737213 -0.08184824883937836 
-0.3939815163612366 0.7404376268386841 0.5445461273193359 -0.1863887161016464 
0.210403174161911 -0.5040767788887024 0.837637722492218 -0.2620503306388855 
0 0 0 1 

0.9025200009346008 0.4293229579925537 0.03373969718813896 -0.07925166934728622 
-0.3725154995918274 0.7389828562736511 0.5613699555397034 -0.1924876868724823 
0.2160762995481491 -0.5192162990570068 0.826876699924469 -0.2623834908008575 
0 0 0 1 

