413 136 386 158
388 142 353 164
397 145 365 166
375 148 345 172
397 148 367 170
363 152 336 181
357 155 345 173
363 155 336 185
369 155 340 184
372 155 343 183
363 158 337 190
369 158 341 188
372 158 345 187
375 161 348 183
378 161 352 182
419 161 383 180
366 164 341 192
375 164 349 187
378 164 353 186
422 164 388 179
366 167 342 197
369 167 346 196
378 167 354 190
385 167 361 188
425 167 391 179
366 170 343 201
369 170 348 201
378 170 355 194
428 170 400 182
378 173 356 199
428 173 397 185
375 177 352 204
378 177 356 203
394 177 363 192
431 177 402 188
385 180 360 193
397 180 368 193
394 183 364 197
397 183 369 197
397 186 369 201
400 186 373 200
407 186 378 199
397 189 369 205
400 189 374 205
407 189 382 203
363 192 362 237
400 192 374 208
403 192 380 207
369 195 369 239
378 195 378 247
403 195 380 211
366 198 368 244
388 198 375 231
391 198 379 231
394 198 383 230
388 201 376 235
397 201 381 223
400 201 387 222
441 201 406 208
369 205 375 253
391 205 381 238
403 205 392 226
441 205 407 214
397 208 384 233
400 208 389 232
403 208 393 231
397 211 386 237
400 211 390 236
403 211 393 234
400 214 390 240
403 214 394 240
400 217 391 244
422 223 406 233
444 223 419 233
410 233 395 244
435 233 417 244
410 236 395 249
413 236 400 247
407 239 387 250
410 239 391 249
416 239 406 251
397 248 385 259
403 248 389 258
391 251 382 264
394 251 386 264
400 251 390 263
394 255 386 268
