300 161 288 202
306 161 294 201
313 161 300 200
319 161 306 197
326 161 313 195
332 161 319 194
345 161 330 191
351 161 336 189
358 161 342 187
364 161 349 185
371 161 355 180
377 161 363 183
390 161 374 172
396 161 380 171
429 161 402 163
435 161 423 161
441 161 415 160
448 161 422 158
454 161 428 157
287 168 279 211
300 168 288 210
306 168 294 210
313 168 301 208
326 168 309 206
332 168 316 205
338 168 322 203
345 168 329 201
351 168 336 198
358 168 343 195
364 168 348 194
371 168 355 193
377 168 362 191
383 168 369 189
396 168 380 186
403 168 387 185
409 168 392 183
416 168 400 182
422 168 410 174
429 168 413 178
435 168 421 176
441 168 427 170
448 168 434 168
454 168 441 166
461 168 447 164
467 168 454 162
293 174 282 219
319 174 303 219
358 174 338 207
371 174 353 203
377 174 359 202
383 174 366 200
390 174 372 199
396 174 379 198
403 174 385 196
409 174 391 194
416 174 398 193
422 174 406 190
429 174 415 187
435 174 421 185
441 174 427 184
448 174 433 181
454 174 440 180
467 174 451 177
474 174 461 175
480 174 469 173
493 174 478 170
499 174 489 162
506 174 495 162
512 174 502 159
519 174 510 156
557 174 550 139
293 181 283 226
300 181 290 225
306 181 293 228
313 181 299 229
326 181 307 228
332 181 314 226
338 181 321 223
345 181 327 222
351 181 332 221
358 181 340 218
364 181 346 217
377 181 356 214
383 181 364 211
390 181 371 210
396 181 377 206
403 181 383 207
409 181 394 204
429 181 410 198
435 181 417 196
441 181 423 195
448 181 429 193
454 181 436 191
461 181 443 189
467 181 450 187
474 181 458 184
480 181 464 184
487 181 472 181
493 181 479 179
499 181 484 179
506 181 491 177
512 181 499 174
519 181 505 172
525 181 512 171
532 181 520 168
538 181 527 166
551 181 534 165
557 181 541 164
564 181 558 146
293 187 284 234
313 187 299 234
429 187 411 205
435 187 417 204
441 187 424 201
448 187 431 200
461 187 440 197
467 187 448 196
474 187 456 194
480 187 465 191
487 187 472 189
493 187 478 187
499 187 487 186
506 187 494 185
512 187 500 183
519 187 506 181
532 187 521 176
538 187 527 174
544 187 533 173
551 187 540 171
557 187 547 170
564 187 555 167
570 187 561 165
577 187 569 159
306 194 294 242
338 194 322 233
345 194 328 231
351 194 335 230
358 194 341 228
364 194 349 226
371 194 356 224
377 194 363 222
390 194 378 219
396 194 393 215
409 194 398 214
461 194 442 203
467 194 447 201
474 194 459 199
480 194 467 196
487 194 475 195
493 194 481 194
499 194 489 192
506 194 495 190
512 194 502 188
519 194 509 186
544 194 536 179
551 194 542 177
557 194 548 175
564 194 555 174
577 194 570 168
300 200 297 250
358 200 344 235
364 200 350 233
371 200 358 231
377 200 372 228
383 200 380 226
390 200 388 224
396 200 395 222
403 200 402 220
461 200 443 210
467 200 449 208
480 200 468 203
487 200 475 202
493 200 482 200
499 200 490 198
506 200 497 196
512 200 504 194
544 200 539 185
551 200 546 183
577 200 574 176
319 206 307 254
377 206 374 235
383 206 381 233
487 206 473 211
577 206 575 183
377 213 375 241
422 213 411 233
506 219 502 211
577 219 578 195
358 226 350 253
512 226 510 215
519 226 518 212
538 226 556 198
551 226 490 228
577 226 579 201
306 232 303 272
313 232 316 270
332 232 325 267
358 232 353 261
364 232 358 262
396 232 392 243
422 232 412 246
435 232 371 250
441 232 375 248
448 232 384 246
467 232 457 243
512 232 512 223
519 232 518 221
544 232 478 240
577 232 581 207
326 239 323 274
345 239 340 269
351 239 348 269
358 239 354 268
390 239 387 259
409 239 402 255
416 239 409 254
422 239 415 254
429 239 422 253
435 239 429 252
441 239 436 250
519 239 519 230
557 239 563 217
570 239 576 214
416 245 411 261
435 245 431 259
441 245 438 258
448 245 444 256
454 245 451 251
519 245 492 242
525 245 500 240
396 251 396 266
416 251 411 268
429 251 424 266
435 251 431 266
448 251 444 260
454 251 451 256
461 251 460 254
429 258 428 271
448 258 446 269
454 258 452 264
461 258 461 262
480 258 476 267
493 258 484 265
506 258 498 271
512 258 509 274
454 264 451 272
480 264 479 276
506 264 504 283
512 264 515 281
