420 58 295 218
467 58 288 155
438 93 291 255
438 99 296 260
444 99 299 254
356 105 308 202
438 105 299 265
356 111 313 205
473 123 413 179
420 134 349 194
456 134 335 233
420 140 353 197
503 140 421 177
508 140 425 171
514 146 383 171
368 152 296 270
338 158 293 302
350 158 294 293
350 164 302 291
356 164 302 283
420 164 356 243
350 170 303 300
356 170 307 287
456 170 357 192
503 170 393 221
356 176 308 297
462 176 430 228
467 176 434 223
356 181 314 300
362 181 316 295
368 181 320 291
426 181 357 216
462 181 349 237
514 181 380 218
544 181 434 153
362 187 321 299
368 187 324 294
385 187 392 264
491 187 446 233
503 187 411 220
368 193 331 298
426 193 405 258
385 199 425 275
426 205 390 278
444 205 410 253
555 205 456 155
467 211 340 203
549 211 457 164
397 217 390 284
520 217 475 183
549 217 490 167
555 217 484 163
403 222 396 283
409 222 398 279
462 222 419 200
479 222 385 189
403 228 401 287
409 228 403 283
438 228 423 248
473 228 386 199
555 228 499 173
391 234 372 300
549 234 497 183
567 234 509 163
573 234 511 150
403 240 368 293
555 240 490 175
415 246 409 286
555 246 494 178
567 246 511 160
573 246 516 152
415 252 464 280
555 252 514 187
567 252 516 163
420 258 473 278
567 258 522 167
549 275 526 204
485 287 494 264
