432 88 352 130
438 88 355 125
432 94 358 132
507 94 396 54
480 99 385 86
496 104 394 70
491 110 397 78
518 110 481 33
443 120 360 167
448 120 363 162
454 120 367 156
422 131 389 209
518 131 454 43
523 131 457 35
464 136 381 116
480 136 448 196
523 136 461 37
491 142 446 76
523 142 467 40
512 147 456 58
518 147 460 53
534 147 415 51
480 152 449 101
486 152 453 95
512 152 461 62
432 158 426 103
411 163 384 197
411 168 388 202
443 168 438 103
470 168 424 151
512 168 486 67
502 174 483 82
529 174 500 53
518 184 500 68
496 195 497 98
555 217 439 63
571 217 446 52
582 222 450 46
593 222 537 60
464 233 443 203
470 243 428 170
593 243 546 80
470 249 434 174
555 249 508 185
577 249 530 95
561 254 526 117
464 259 493 199
470 265 424 181
561 270 517 143
571 270 526 131
438 275 464 220
464 275 434 205
432 281 468 226
464 281 440 209
545 281 541 156
555 281 447 115
577 281 575 128
454 286 508 215
545 286 547 159
496 291 519 192
464 297 522 177
555 297 572 150
561 297 576 138
464 302 528 181
470 302 531 174
512 302 538 187
550 302 572 158
470 307 519 208
534 307 563 146
480 318 542 213
496 318 552 195
502 318 556 189
507 318 560 183
