0.9155629277229309 0.4021247029304504 -0.006340516731142998 -0.03086844459176064 
-0.332898736000061 0.7666060328483582 0.5490841865539551 -0.1511759907007217 
0.2256610989570618 -0.5006103515625 0.8357428908348083 -0.2304373234510422 
0 0 0 1 

0.9086474776268005 0.4173071384429932 0.01464149914681911 -0.03825678676366806 
-0.3332068920135498 0.7035024762153625 0.6277396678924561 -0.1747617274522781 
0.2516601085662842 -0.5752726793289185 0.7782854437828064 -0.2167684584856033 
0 0 0 1 

0.9168996810913086 0.3976646065711975 0.03402616456151009 -0.04598931968212128 
-0.2965915203094482 0.6218358278274536 0.7248127460479736 -0.2057746797800064 
0.2670737504959106 -0.6746724843978882 0.688105046749115 -0.1917372494935989 
0 0 0 1 

0.9249687790870667 0.3768456280231476 0.04919422790408134 -0.05224991962313652 
-0.2647040188312531 0.5459485054016113 0.7949037551879883 -0.2289371192455292 
0.2726985216140747 -0.7482830286026001 0.6047378778457642 -0.1667941212654114 
0 0 0 1 

0.9341505169868469 0.3543978333473206 0.04201144352555275 -0.05227977782487869 
-0.2193285673856735 0.4772488474845886 0.8509572744369507 -0.2484628558158875 
0.281527578830719 -0.8041365146636963 0.523551881313324 -0.1437590718269348 
0 0 0 1 

0.9424836039543152 0.3304501473903656 0.05027225986123085 -0.05733296647667885 
-0.1906863152980804 0.4080314934253693 0.8928319215774536 -0.2623355984687805 
0.2745238244533539 -0.8510656356811523 0.4475753605365753 -0.1225098893046379 
0 0 0 1 

0.9565377831459045 0.2873251736164093 0.04979647323489189 -0.06021908670663834 
-0.1510268300771713 0.3420454859733582 0.9274673461914062 -0.275510162115097 
0.249452069401741 -0.8946781158447266 0.3705732822418213 -0.09861955791711807 
0 0 0 1 

0.9819880127906799 0.04347226768732071 -0.1838740110397339 0.00612196046859026 
0.1594176590442657 0.3317308127880096 0.9298067092895508 -0.3184042870998383 
0.1014174744486809 -0.9423718452453613 0.3188254535198212 -0.07938150316476822 
0 0 0 1 

0.9841941595077515 0.1318105161190033 -0.1182703152298927 -0.01837071217596531 
0.06200934574007988 0.3690652549266815 0.9273325204849243 -0.3121139109134674 
0.1658816486597061 -0.9200091361999512 0.3550583720207214 -0.09912264347076416 
0 0 0 1 

0.9757744669914246 0.215214416384697 -0.03934581577777863 -0.04569199681282043 
-0.03224833309650421 0.3193601965904236 0.9470849633216858 -0.3127618432044983 
0.2163915932178497 -0.922872006893158 0.3185634613037109 -0.09183672815561295 
0 0 0 1 

