378 54 267 153
435 79 335 129
410 86 354 138
467 92 373 122
397 111 349 161
416 111 260 179
479 117 370 125
365 123 350 173
403 123 260 187
365 130 353 178
378 130 358 174
397 130 315 185
422 130 372 186
353 136 348 186
359 136 352 183
372 136 361 177
397 136 318 188
422 136 374 194
454 136 382 135
498 136 378 124
359 142 356 185
365 142 359 181
403 142 379 165
422 142 377 197
346 149 356 192
353 149 360 189
441 149 384 143
498 149 382 128
346 155 360 195
353 155 363 191
410 155 389 167
441 155 386 145
454 155 389 141
410 168 393 171
422 168 342 249
454 168 406 154
460 168 409 151
403 174 393 177
410 174 396 173
448 174 387 185
403 180 322 249
441 180 407 162
454 180 411 158
460 180 413 155
296 187 352 236
391 187 395 186
403 187 397 181
410 187 400 177
429 187 388 160
448 187 411 165
454 187 413 159
460 187 385 138
397 193 399 187
283 199 349 247
403 199 402 184
416 199 405 180
429 199 393 164
435 199 411 173
397 206 403 191
403 206 405 188
416 206 408 182
283 212 347 251
290 212 356 246
296 212 360 242
397 212 405 194
277 218 349 255
410 218 411 191
416 218 413 188
429 218 325 227
290 225 364 252
309 225 385 235
321 225 388 232
391 225 409 202
403 225 411 197
410 225 413 193
296 231 383 248
309 231 388 240
321 231 392 235
340 231 396 233
435 231 392 195
441 231 396 192
536 231 430 142
290 237 385 251
302 237 390 246
309 237 392 243
321 237 396 237
372 237 408 216
384 237 411 211
435 237 396 199
523 237 428 160
283 244 376 263
346 244 406 227
302 250 393 250
309 250 397 246
315 250 399 243
429 250 415 175
296 256 393 257
353 256 413 227
365 256 416 222
309 263 398 253
315 263 404 246
340 263 411 238
346 263 414 233
353 263 416 230
422 263 400 209
309 269 401 256
315 269 403 252
315 275 408 249
328 275 412 245
340 275 415 241
309 281 395 266
328 281 415 247
340 281 418 243
302 288 396 272
454 288 429 207
328 294 419 251
309 300 381 274
346 307 387 225
429 313 428 232
397 326 420 240
416 332 433 243
