382 72 496 156
382 78 489 156
395 78 497 161
401 78 496 167
421 78 498 201
427 78 499 207
433 78 500 214
440 78 501 221
446 78 503 228
472 78 505 241
395 85 489 163
401 85 490 168
414 85 488 196
421 85 490 202
427 85 491 208
433 85 492 215
440 85 494 222
459 85 497 233
478 85 499 246
414 91 483 197
421 91 483 203
446 91 488 223
453 91 490 228
459 91 492 234
466 91 493 240
478 91 494 247
408 98 482 192
421 98 479 204
427 98 480 210
446 98 482 225
453 98 484 230
459 98 484 236
466 98 486 242
472 98 487 248
485 98 489 256
401 104 473 180
408 104 475 192
414 104 471 200
421 104 472 206
446 104 477 226
453 104 477 232
459 104 477 237
401 110 458 182
408 110 467 189
414 110 465 201
421 110 467 206
459 110 471 238
376 117 436 162
389 117 436 167
414 117 460 203
376 123 430 163
453 123 465 234
389 130 428 167
395 130 429 174
401 130 441 187
446 130 463 221
453 130 463 230
459 130 460 241
485 130 430 261
376 136 421 164
389 136 422 169
395 136 423 175
459 136 452 239
485 136 456 258
376 142 357 172
421 142 420 205
427 142 420 210
376 149 351 173
478 155 469 253
408 187 370 203
414 187 372 209
382 200 364 176
421 200 366 215
421 207 360 217
427 207 362 222
478 207 364 270
414 213 352 214
421 213 354 218
427 213 353 225
433 213 355 232
478 213 358 272
389 219 384 172
401 219 344 206
414 219 344 215
421 219 345 220
427 219 346 228
433 219 348 233
440 219 349 239
466 219 393 251
472 219 395 256
401 226 338 207
421 226 339 222
427 226 340 228
433 226 341 234
440 226 342 239
446 226 345 246
466 226 341 255
472 226 343 262
401 232 331 209
408 232 332 215
421 232 334 224
427 232 336 229
433 232 335 235
440 232 336 241
453 232 340 248
389 239 322 198
395 239 323 204
401 239 325 212
414 239 327 223
427 239 330 231
433 239 331 237
440 239 331 242
453 239 332 248
459 239 334 255
472 239 336 264
382 245 316 192
389 245 316 198
395 245 317 205
401 245 319 212
408 245 321 218
414 245 322 224
433 245 325 239
440 245 325 245
453 245 326 251
459 245 327 256
369 252 310 179
389 252 311 200
395 252 312 206
408 252 315 220
414 252 316 225
440 252 319 246
453 252 321 253
459 252 321 260
369 258 304 179
376 258 305 187
421 258 310 227
427 258 311 234
453 258 314 254
459 258 314 260
478 258 319 278
369 264 299 181
376 264 300 189
414 264 302 222
427 264 305 234
453 264 306 256
466 264 309 268
478 264 313 279
369 271 293 184
453 271 302 262
466 271 304 269
369 277 285 185
427 277 296 230
472 277 298 273
472 284 293 274
363 290 277 180
369 290 280 186
472 290 286 275
478 290 285 281
408 297 278 214
478 297 279 282
363 303 271 182
363 316 265 184
369 316 266 192
440 316 274 256
363 322 257 185
369 322 261 193
376 322 255 200
363 329 252 186
369 329 248 194
376 329 249 202
414 329 261 231
363 335 244 187
453 335 261 265
459 335 262 272
478 335 265 285
363 341 233 191
369 341 235 197
382 341 242 208
401 341 246 222
421 341 243 241
427 341 245 249
446 341 253 261
453 341 255 266
459 341 255 272
466 341 258 279
478 341 261 285
369 348 229 198
421 348 238 242
446 348 247 262
453 348 249 267
459 348 250 273
466 348 252 280
408 354 233 231
414 354 234 237
421 354 232 245
427 354 233 251
453 354 244 268
459 354 239 277
408 361 228 232
414 361 229 238
472 361 238 284
