407 184 411 181
410 184 415 181
414 184 418 181
428 184 434 182
431 184 438 181
435 184 441 182
439 184 444 182
442 184 448 182
446 184 452 182
449 184 455 182
485 184 482 182
496 184 500 182
499 184 504 182
410 187 415 185
414 187 419 185
417 187 423 185
421 187 426 185
424 187 430 185
431 187 438 185
435 187 441 185
439 187 444 186
442 187 448 186
446 187 452 186
453 187 457 185
456 187 461 186
481 187 487 186
485 187 490 186
488 187 493 186
492 187 497 186
496 187 500 186
499 187 505 186
503 187 508 186
506 187 513 186
399 191 405 188
403 191 409 188
414 191 419 188
417 191 423 188
421 191 426 189
428 191 434 189
439 191 442 189
442 191 448 189
446 191 452 189
449 191 456 189
456 191 463 189
467 191 475 189
474 191 482 189
481 191 487 190
488 191 494 190
492 191 497 190
496 191 501 189
499 191 505 189
503 191 509 189
506 191 513 189
410 194 416 191
421 194 426 192
435 194 441 192
439 194 445 192
442 194 448 192
463 194 470 192
467 194 475 192
474 194 482 193
481 194 487 193
485 194 491 193
488 194 495 193
492 194 498 193
496 194 502 193
499 194 506 193
503 194 509 193
506 194 513 193
403 198 408 196
407 198 411 196
414 198 419 196
435 198 442 196
439 198 445 196
446 198 452 196
449 198 456 196
453 198 459 196
456 198 463 196
463 198 470 197
467 198 475 196
471 198 479 196
478 198 484 197
481 198 487 197
485 198 491 196
488 198 494 197
492 198 498 196
496 198 502 196
499 198 505 196
503 198 509 197
506 198 513 197
446 201 452 199
449 201 456 200
453 201 459 200
463 201 471 201
467 201 475 201
471 201 479 200
474 201 482 201
478 201 486 201
485 201 490 200
488 201 494 201
492 201 498 200
503 201 509 201
506 201 514 201
403 205 408 202
407 205 415 202
414 205 418 202
417 205 422 202
431 205 438 202
435 205 441 202
439 205 445 202
449 205 456 204
453 205 459 204
456 205 463 204
467 205 475 205
471 205 482 205
485 205 489 205
488 205 494 205
492 205 498 204
496 205 501 204
499 205 505 204
503 205 509 205
506 205 514 205
510 205 517 205
403 209 408 206
407 209 412 206
410 209 415 206
417 209 422 205
424 209 430 206
428 209 433 206
431 209 437 206
435 209 440 206
439 209 444 206
442 209 448 206
467 209 475 209
474 209 483 209
488 209 491 208
492 209 498 208
499 209 505 208
503 209 510 208
506 209 513 208
399 212 404 210
403 212 408 210
407 212 411 210
417 212 422 209
421 212 426 209
428 212 434 210
439 212 445 210
442 212 448 210
446 212 452 210
449 212 456 210
453 212 460 210
463 212 471 212
471 212 479 212
474 212 483 213
485 212 490 212
488 212 494 212
492 212 498 212
499 212 505 212
503 212 509 212
510 212 516 211
392 216 398 214
442 216 449 213
446 216 452 213
485 216 491 215
488 216 494 215
496 216 497 216
503 216 509 215
513 216 519 215
392 219 397 217
399 219 405 217
407 219 411 217
424 219 430 216
428 219 434 216
456 219 456 219
471 219 467 219
492 219 498 219
499 219 505 219
506 219 512 216
510 219 516 216
399 223 404 220
407 223 411 221
417 223 423 223
421 223 426 223
431 223 435 220
435 223 441 220
474 223 475 224
478 223 479 224
481 223 483 224
485 223 486 224
488 223 494 223
492 223 498 223
496 223 501 223
499 223 505 224
503 223 510 222
506 223 513 220
513 223 520 227
396 226 400 220
399 226 404 223
403 226 407 224
424 226 429 223
431 226 434 223
471 226 471 224
478 226 479 227
481 226 483 228
492 226 498 226
496 226 501 227
499 226 505 227
503 226 510 226
506 226 513 224
510 226 517 224
392 230 397 228
396 230 401 227
399 230 404 227
403 230 408 227
421 230 426 232
431 230 435 226
471 230 471 228
474 230 475 227
478 230 479 230
481 230 483 230
492 230 498 230
496 230 502 231
499 230 506 231
503 230 509 230
506 230 514 230
510 230 517 228
513 230 520 230
392 234 397 232
399 234 405 232
474 234 475 231
478 234 480 234
481 234 483 234
496 234 502 234
499 234 506 234
503 234 510 234
510 234 517 234
396 237 401 235
399 237 405 235
428 237 431 234
431 237 435 235
471 237 472 239
474 237 476 238
478 237 479 237
481 237 484 238
485 237 490 237
503 237 510 237
510 237 516 238
399 241 405 239
403 241 408 239
414 241 418 238
421 241 423 238
424 241 427 238
428 241 431 238
435 241 438 239
471 241 472 243
474 241 476 242
503 241 510 241
506 241 513 240
396 244 402 243
399 244 405 243
403 244 408 243
417 244 420 242
421 244 423 242
424 244 427 242
428 244 430 243
431 244 435 242
435 244 438 242
467 244 469 247
471 244 472 246
478 244 482 242
510 244 516 245
389 248 393 246
392 248 397 247
396 248 401 246
403 248 407 246
407 248 411 247
410 248 415 246
417 248 420 246
421 248 423 246
424 248 427 246
428 248 431 246
431 248 435 246
435 248 438 245
463 248 465 251
467 248 469 250
471 248 472 250
503 248 510 246
506 248 514 246
389 251 392 250
392 251 397 250
410 251 415 249
417 251 420 249
421 251 423 249
428 251 432 249
431 251 435 249
435 251 439 249
439 251 442 249
449 251 450 247
467 251 468 254
389 255 392 254
392 255 397 254
421 255 424 253
424 255 428 253
428 255 432 253
431 255 435 253
439 255 442 253
428 258 432 257
431 258 435 257
439 258 442 257
382 262 385 259
385 262 389 258
389 262 393 257
392 262 397 256
424 262 428 261
428 262 431 261
431 262 435 261
435 262 438 261
439 262 442 261
382 266 385 262
385 266 389 262
389 266 393 261
392 266 398 260
424 266 428 265
428 266 431 264
431 266 435 265
435 266 439 264
439 266 442 264
442 266 445 265
460 266 464 264
385 269 389 265
389 269 393 264
392 269 398 264
428 269 431 268
431 269 435 268
435 269 439 268
439 269 442 268
389 273 394 268
424 273 428 272
428 273 431 272
431 273 435 272
435 273 439 271
439 273 442 271
453 273 456 269
456 273 460 269
467 273 472 272
382 276 385 273
385 276 389 273
424 276 427 276
428 276 431 276
431 276 435 275
435 276 439 275
439 276 442 275
442 276 445 275
453 276 456 273
424 280 428 279
428 280 431 279
431 280 435 279
435 280 438 279
439 280 442 278
442 280 445 279
446 280 449 276
463 280 467 280
371 283 373 279
421 283 423 283
424 283 427 283
428 283 431 282
431 283 435 282
435 283 438 283
439 283 442 283
442 283 445 283
463 283 467 283
467 283 471 283
481 283 484 281
385 287 388 285
392 287 396 284
396 287 399 284
424 287 427 286
428 287 431 286
431 287 435 286
435 287 439 286
439 287 442 286
442 287 446 286
371 290 373 289
421 290 424 290
424 290 427 290
428 290 431 290
435 290 439 290
439 290 442 290
446 290 450 290
382 294 384 292
392 294 396 292
421 294 423 294
424 294 427 294
431 294 434 294
435 294 438 294
439 294 441 294
449 294 453 294
463 294 464 295
478 294 481 294
364 298 365 296
371 298 373 296
374 298 376 296
382 298 384 296
385 298 388 296
389 298 392 296
392 298 395 296
399 298 402 296
428 298 430 296
431 298 433 297
435 298 437 297
442 298 444 298
446 298 448 298
449 298 453 298
453 298 457 297
463 298 464 298
478 298 481 298
364 301 366 300
367 301 369 300
371 301 373 300
378 301 380 299
385 301 387 299
392 301 394 299
396 301 398 299
399 301 401 299
403 301 405 300
414 301 416 299
421 301 423 300
424 301 426 300
428 301 429 300
439 301 438 302
467 301 471 300
471 301 475 299
371 305 372 303
385 305 386 302
389 305 390 303
392 305 394 303
403 305 406 303
407 305 408 303
410 305 412 302
414 305 416 303
417 305 419 304
421 305 422 303
424 305 426 303
428 305 430 303
431 305 433 303
442 305 442 302
446 305 447 302
453 305 456 303
456 305 461 303
460 305 463 303
389 308 390 306
396 308 397 307
399 308 401 306
403 308 405 306
407 308 408 306
410 308 412 306
414 308 415 307
417 308 419 307
421 308 423 307
424 308 427 306
428 308 430 306
431 308 434 306
439 308 439 306
442 308 443 306
446 308 447 306
456 308 456 308
374 312 375 310
382 312 382 310
385 312 385 310
389 312 389 310
392 312 393 310
396 312 397 310
399 312 400 310
403 312 404 310
407 312 408 309
410 312 411 310
414 312 415 310
417 312 419 310
421 312 422 310
424 312 426 310
428 312 430 309
431 312 435 310
439 312 439 310
442 312 443 310
460 312 461 311
382 315 381 313
392 315 394 313
396 315 398 313
399 315 401 314
403 315 404 314
407 315 408 314
410 315 410 314
414 315 415 314
417 315 419 314
421 315 422 313
424 315 426 313
428 315 431 313
442 315 443 314
446 315 448 313
449 315 453 313
453 315 455 313
456 315 459 313
374 319 377 314
382 319 381 317
385 319 385 317
389 319 389 317
392 319 394 316
396 319 397 316
403 319 404 317
407 319 408 317
410 319 410 317
417 319 419 317
421 319 423 317
424 319 426 316
428 319 431 316
435 319 434 317
453 319 454 318
456 319 460 316
399 323 400 320
410 323 409 320
414 323 414 321
417 323 419 320
421 323 423 320
