481 172 496 140
371 192 421 202
416 192 536 202
391 196 491 191
387 200 486 196
395 200 503 196
408 200 518 194
412 200 523 188
408 204 517 199
412 204 524 193
400 212 508 212
404 212 514 213
432 212 446 261
416 217 472 214
432 217 445 267
436 217 494 214
485 217 572 206
416 221 470 220
444 221 509 218
469 221 528 219
477 221 559 212
481 221 565 212
485 221 571 213
473 225 545 222
481 225 565 217
453 229 493 230
473 229 545 227
440 233 506 231
465 233 429 304
391 241 356 327
387 245 454 244
355 253 328 292
448 253 484 259
453 253 491 260
367 257 365 317
367 261 370 322
371 261 364 258
428 265 478 259
404 270 375 330
408 270 395 312
436 270 484 266
440 274 497 260
342 282 315 303
371 282 393 281
371 286 393 287
375 286 398 288
383 286 405 283
424 286 444 281
371 290 393 293
375 290 398 294
379 290 404 295
387 290 480 240
416 290 437 285
375 294 399 301
379 294 404 302
383 294 410 303
424 294 435 304
428 294 441 300
338 298 312 323
351 302 325 331
355 306 330 338
391 310 361 340
391 314 361 345
355 319 328 349
359 319 356 352
367 319 341 352
