0.9087161421775818 0.4171067774295807 0.01602528244256973 -0.03857609629631042 
-0.3337124288082123 0.7028984427452087 0.6281475424766541 -0.1750071197748184 
0.250740647315979 -0.5761556029319763 0.7779290080070496 -0.2165743112564087 
0 0 0 1 

0.9159516096115112 0.40004962682724 0.03151025995612144 -0.04543437063694 
-0.2965000867843628 0.6217671036720276 0.7249091267585754 -0.2055883407592773 
0.270407646894455 -0.6733245253562927 0.688123345375061 -0.1919448226690292 
0 0 0 1 

0.9235449433326721 0.3796641528606415 0.05403601005673409 -0.05356773734092712 
-0.2699572741985321 0.5435628890991211 0.7947719097137451 -0.2285382449626923 
0.2723744213581085 -0.7485949993133545 0.6044978499412537 -0.166856661438942 
0 0 0 1 

0.9318494200706482 0.3601306676864624 0.04430080577731133 -0.05287528410553932 
-0.2233957797288895 0.4732179939746857 0.8521496057510376 -0.2485753893852234 
0.2859213054180145 -0.8039717674255371 0.5214195847511292 -0.1434391587972641 
0 0 0 1 

0.9412934184074402 0.3338944613933563 0.04981163144111633 -0.0572039969265461 
-0.191863626241684 0.4077090919017792 0.8927269577980042 -0.262096107006073 
0.2777679860591888 -0.8498750329017639 0.4478361010551453 -0.1228289157152176 
0 0 0 1 

0.9527562260627747 0.2991836369037628 0.0523902103304863 -0.06077999621629715 
-0.1618317365646362 0.3540594577789307 0.9211146831512451 -0.2726471722126007 
0.2570331990718842 -0.8860760927200317 0.3857497572898865 -0.1037428006529808 
0 0 0 1 

0.960054337978363 0.2716278731822968 0.06718596816062927 -0.06747213006019592 
-0.1434926092624664 0.27179354429245 0.9515976309776306 -0.2867270708084106 
0.2402197420597076 -0.9232261776924133 0.2999131381511688 -0.07400502264499664 
0 0 0 1 

0.997882604598999 0.04139512032270432 -0.05016768723726273 -0.03785080090165138 
0.03604362532496452 0.2901035845279694 0.9563161730766296 -0.307552844285965 
0.05414064973592758 -0.9560994505882263 0.287997305393219 -0.06435967981815338 
0 0 0 1 

0.9892171025276184 -0.04167087748646736 -0.1404030919075012 -0.003874985966831446 
0.1464512199163437 0.2733461558818817 0.9507017731666565 -0.3182237148284912 
-0.00123794109094888 -0.961012601852417 0.2765014469623566 -0.05789462104439735 
0 0 0 1 

0.9748708605766296 -0.04446712136268616 -0.2182875126600266 0.02039915323257446 
0.2221659570932388 0.2662135660648346 0.9379618167877197 -0.3211365640163422 
0.0164024792611599 -0.9628875851631165 0.269402801990509 -0.05563429370522499 
0 0 0 1 

