394 233 426 292
394 236 425 288
385 250 417 269
391 250 410 268
382 256 425 266
385 256 422 267
449 256 369 276
400 268 409 218
348 271 455 240
408 271 401 219
446 271 364 237
449 271 361 238
354 273 455 202
357 273 451 203
359 273 447 204
377 273 433 209
382 273 416 236
388 273 416 213
403 273 408 213
406 273 404 214
408 273 400 216
446 273 363 233
377 276 432 205
411 276 396 214
431 276 376 222
374 279 447 294
377 279 444 295
382 279 440 295
385 279 418 206
388 279 413 207
391 279 410 207
431 279 375 220
434 279 368 221
377 282 442 291
382 282 439 292
385 282 435 293
406 282 398 207
431 282 371 217
434 282 367 218
334 288 468 188
351 288 457 230
348 291 461 222
371 291 437 234
374 291 424 236
377 291 419 235
348 294 465 216
391 294 397 233
348 297 462 196
357 297 438 189
362 297 435 191
365 297 431 192
368 297 428 193
371 297 423 195
374 297 419 196
446 297 359 220
365 299 431 189
397 299 400 227
443 299 362 216
446 299 358 217
420 302 377 198
443 302 360 212
446 302 357 212
