121 12 260 82
113 16 248 86
113 20 251 89
126 20 263 89
143 20 304 86
147 20 308 86
143 25 304 90
143 29 303 94
241 33 377 85
245 42 369 93
249 42 381 101
245 46 370 97
249 46 380 117
245 59 376 117
215 63 262 131
219 67 266 134
207 80 255 138
215 93 264 150
219 93 268 149
232 93 367 154
219 97 269 159
202 106 253 164
211 114 293 155
232 123 369 191
215 127 302 167
232 127 370 195
109 140 326 210
236 144 374 191
198 148 279 231
96 152 245 229
134 152 285 217
126 157 278 218
130 157 280 219
219 161 253 212
219 165 307 229
258 165 371 223
138 169 275 235
219 178 312 236
202 182 308 237
215 191 352 241
219 191 349 246
168 199 292 249
