-0.2565185725688934 0.4139416813850403 0.8734130859375 -0.2662377953529358 
-0.9635115265846252 -0.03804513439536095 -0.2649492621421814 0.1328721195459366 
-0.07644439488649368 -0.9095079898834229 0.4085969626903534 -0.1104860603809357 
0 0 0 1 

-0.3375021815299988 0.3054175972938538 0.8903998732566833 -0.2613230049610138 
-0.9411353468894958 -0.1284467726945877 -0.3126746118068695 0.1475253850221634 
0.01887271553277969 -0.9435153603553772 0.3307905793190002 -0.09025149047374725 
0 0 0 1 

-0.3803922832012177 0.1100592464208603 0.9182530045509338 -0.2532975077629089 
-0.9165481328964233 -0.1774046123027802 -0.3584228754043579 0.15458844602108 
0.1234546452760696 -0.977964460849762 0.168358102440834 -0.05839386209845543 
0 0 0 1 

-0.3970747590065002 -0.05181596428155899 0.9163221716880798 -0.2519106268882751 
-0.9145575165748596 -0.06133114919066429 -0.3997783362865448 0.1665646880865097 
0.07691417634487152 -0.9967714548110962 -0.02303544245660305 0.002119999378919601 
0 0 0 1 

-0.3923045694828033 -0.2894975244998932 0.8730910420417786 -0.2403994500637054 
-0.9179727435112 0.0628470852971077 -0.3916327059268951 0.1654739230871201 
0.05850553140044212 -0.9551132321357727 -0.2904058992862701 0.0828632190823555 
0 0 0 1 

-0.4196918606758118 -0.3870402276515961 0.8210107684135437 -0.2248823791742325 
-0.9071114659309387 0.1472203433513641 -0.3943031132221222 0.1674209535121918 
0.03174169734120369 -0.9102340340614319 -0.4128757417201996 0.118640199303627 
0 0 0 1 

-0.4632789194583893 -0.4525865018367767 0.7619307041168213 -0.2050600498914719 
-0.8862102627754211 0.2345797419548035 -0.3995044827461243 0.1655025631189346 
0.002076736884191632 -0.8603127002716064 -0.5097627639770508 0.1499569863080978 
0 0 0 1 

-0.4872665107250214 -0.5164711475372314 0.7041511535644531 -0.1886753588914871 
-0.873150110244751 0.3005461692810059 -0.3837718963623047 0.161046952009201 
-0.01342285238206387 -0.801828920841217 -0.5974029302597046 0.179603710770607 
0 0 0 1 

-0.4571053087711334 -0.5799577236175537 0.6743168830871582 -0.1841761320829391 
-0.8866939544677734 0.3563835024833679 -0.2945579588413239 0.1342408359050751 
-0.06948420405387878 -0.732556939125061 -0.6771498322486877 0.2086293995380402 
0 0 0 1 

-0.464917927980423 -0.6151931285858154 0.6367011666297913 -0.1739469617605209 
-0.883392870426178 0.3701703548431396 -0.2873861789703369 0.1316473186016083 
-0.05888981372117996 -0.6960684061050415 -0.7155560255050659 0.2200484424829483 
0 0 0 1 

