260 121 259 119
264 121 263 119
269 121 268 119
278 121 278 118
306 121 305 118
311 121 309 118
315 121 314 118
320 121 320 119
325 121 324 119
329 121 329 119
250 126 250 124
255 126 255 124
260 126 259 123
264 126 263 124
269 126 268 123
274 126 273 123
278 126 277 123
283 126 282 123
301 126 300 123
306 126 305 123
311 126 310 123
315 126 314 123
320 126 319 123
325 126 324 123
329 126 328 123
334 126 333 123
339 126 338 123
343 126 343 124
250 130 250 128
255 130 254 128
260 130 259 128
264 130 264 129
269 130 268 128
278 130 277 128
283 130 282 128
297 130 295 128
301 130 300 127
306 130 305 128
311 130 310 128
315 130 314 128
325 130 324 127
329 130 328 129
334 130 333 129
339 130 337 128
348 130 348 128
352 130 351 127
250 135 250 133
255 135 254 133
260 135 258 134
292 135 291 133
297 135 296 133
301 135 300 133
306 135 305 132
311 135 310 132
315 135 314 133
320 135 319 133
325 135 324 133
329 135 328 133
352 135 351 132
357 135 356 132
362 135 361 132
250 139 250 138
255 139 254 138
260 139 259 138
264 139 263 138
278 139 277 138
301 139 301 137
306 139 305 137
311 139 310 137
315 139 314 137
320 139 319 137
325 139 323 138
329 139 328 138
334 139 333 138
348 139 348 138
352 139 352 137
357 139 356 137
366 139 366 138
250 144 250 142
255 144 254 143
260 144 259 142
264 144 263 143
292 144 292 142
297 144 296 142
301 144 301 142
311 144 310 142
315 144 314 142
320 144 319 141
329 144 328 142
334 144 333 142
339 144 339 142
343 144 343 142
348 144 348 142
352 144 353 142
357 144 357 142
366 144 366 142
371 144 370 142
376 144 374 142
250 149 250 146
255 149 255 147
260 149 259 147
264 149 264 147
292 149 291 147
297 149 296 146
301 149 301 146
306 149 305 146
311 149 310 147
315 149 315 147
320 149 319 145
329 149 328 147
334 149 333 146
339 149 339 147
343 149 344 146
352 149 354 147
357 149 357 146
362 149 361 146
366 149 365 146
371 149 370 146
376 149 375 146
380 149 379 146
385 149 384 145
390 149 390 145
394 149 394 145
399 149 398 145
408 149 407 145
413 149 412 145
250 153 250 151
255 153 255 151
260 153 259 152
297 153 295 151
301 153 301 151
306 153 305 151
311 153 310 150
315 153 315 151
320 153 319 150
325 153 324 151
343 153 344 151
348 153 349 151
352 153 354 151
357 153 357 151
362 153 361 151
366 153 365 150
371 153 370 150
376 153 374 150
380 153 378 150
390 153 386 150
394 153 394 150
399 153 398 150
404 153 402 150
408 153 407 150
413 153 411 149
417 153 416 150
250 158 250 156
255 158 255 157
260 158 259 157
292 158 291 155
297 158 296 155
301 158 300 155
306 158 306 156
311 158 310 156
315 158 315 155
320 158 319 154
334 158 334 161
352 158 353 156
357 158 357 156
362 158 361 155
366 158 366 155
371 158 370 155
380 158 379 155
385 158 384 155
394 158 393 155
399 158 398 155
404 158 403 155
408 158 408 155
413 158 412 155
417 158 417 154
250 163 250 161
255 163 255 160
260 163 259 161
292 163 291 160
297 163 296 160
301 163 300 159
306 163 305 159
311 163 310 160
315 163 315 159
320 163 319 159
329 163 333 166
343 163 345 161
352 163 353 160
357 163 356 160
362 163 361 160
366 163 365 160
371 163 370 160
376 163 374 160
380 163 379 160
385 163 386 159
246 167 245 166
250 167 250 165
255 167 255 165
260 167 259 165
297 167 297 165
301 167 301 165
306 167 306 165
315 167 315 164
320 167 319 164
325 167 324 164
339 167 339 165
343 167 345 166
348 167 349 166
352 167 353 164
357 167 357 164
362 167 361 165
366 167 366 165
371 167 370 164
376 167 375 165
380 167 380 164
250 172 249 170
264 172 264 170
288 172 287 169
297 172 296 169
301 172 301 170
306 172 306 170
311 172 310 170
315 172 315 169
348 172 349 169
352 172 353 169
357 172 357 169
362 172 361 169
366 172 366 169
371 172 371 169
376 172 375 169
241 177 241 175
246 177 245 174
250 177 249 175
255 177 254 175
260 177 259 175
264 177 264 174
283 177 282 175
297 177 296 174
301 177 301 174
306 177 306 174
311 177 310 174
315 177 315 174
320 177 320 174
325 177 325 173
339 177 339 171
348 177 349 174
357 177 357 173
362 177 361 173
366 177 365 174
371 177 370 173
380 177 380 171
241 181 241 180
246 181 246 179
250 181 250 179
255 181 254 180
269 181 269 179
283 181 283 179
297 181 296 178
301 181 301 179
306 181 306 179
311 181 310 179
315 181 315 178
320 181 320 179
325 181 324 179
334 181 333 176
343 181 345 178
362 181 361 178
366 181 365 178
371 181 370 178
376 181 375 179
236 186 236 185
241 186 241 185
246 186 246 184
250 186 250 183
255 186 255 183
260 186 259 184
264 186 264 183
269 186 269 183
297 186 296 184
301 186 301 185
306 186 305 183
315 186 315 183
320 186 319 183
325 186 325 183
329 186 329 182
334 186 333 180
339 186 338 180
352 186 353 181
362 186 361 183
366 186 365 183
371 186 370 183
417 186 417 183
236 191 236 190
241 191 241 189
246 191 245 188
250 191 250 188
255 191 255 188
260 191 259 188
264 191 264 188
269 191 269 188
274 191 274 188
297 191 296 189
301 191 301 189
306 191 305 188
311 191 310 188
315 191 316 188
320 191 319 188
325 191 324 188
329 191 329 187
334 191 333 186
339 191 338 185
348 191 349 184
352 191 352 184
357 191 357 184
362 191 361 189
366 191 365 187
417 191 417 188
236 195 236 194
241 195 241 194
246 195 245 193
250 195 250 192
269 195 269 192
274 195 273 192
297 195 296 193
315 195 315 192
320 195 320 192
325 195 325 192
329 195 329 192
334 195 334 192
339 195 338 190
348 195 348 189
366 195 366 192
413 195 413 188
241 200 241 198
246 200 245 198
255 200 255 197
260 200 259 196
264 200 264 197
269 200 268 197
274 200 273 196
329 200 329 197
334 200 334 197
339 200 338 197
343 200 342 197
348 200 347 197
352 200 352 193
357 200 358 193
362 200 362 197
366 200 366 196
413 200 413 193
417 200 417 193
236 204 236 201
241 204 241 203
246 204 245 203
250 204 250 202
255 204 254 201
260 204 259 201
269 204 269 202
274 204 274 201
278 204 278 201
297 204 297 198
320 204 320 198
325 204 325 198
329 204 329 201
334 204 334 201
339 204 338 201
357 204 357 204
362 204 361 202
366 204 366 201
417 204 417 198
236 209 236 207
241 209 241 207
246 209 245 207
250 209 250 206
255 209 254 206
260 209 259 206
269 209 269 206
274 209 274 206
283 209 283 206
288 209 288 206
325 209 325 203
334 209 334 205
339 209 338 206
343 209 343 203
357 209 357 208
362 209 361 209
366 209 366 207
232 214 231 211
236 214 236 211
241 214 241 211
246 214 246 211
250 214 250 211
255 214 254 210
260 214 259 211
264 214 264 211
269 214 269 211
274 214 274 210
278 214 279 210
283 214 283 211
288 214 288 211
306 214 306 208
329 214 329 209
334 214 333 210
339 214 338 210
343 214 343 209
352 214 352 212
357 214 357 212
362 214 361 212
366 214 366 212
232 218 232 215
236 218 237 216
241 218 241 216
246 218 246 216
260 218 260 215
264 218 264 215
269 218 269 215
283 218 283 215
288 218 288 215
292 218 293 215
297 218 297 214
315 218 316 212
320 218 320 207
325 218 324 212
329 218 328 213
334 218 333 215
339 218 338 215
343 218 343 215
348 218 347 215
352 218 352 216
357 218 357 216
362 218 361 216
366 218 366 216
417 218 417 215
232 223 232 220
236 223 237 220
241 223 241 220
246 223 246 220
250 223 251 220
255 223 255 220
260 223 260 219
264 223 264 219
269 223 269 219
274 223 274 219
283 223 283 219
288 223 288 219
292 223 293 219
297 223 297 218
301 223 301 218
315 223 316 217
325 223 324 217
329 223 329 217
339 223 338 220
348 223 347 220
352 223 352 221
357 223 357 221
362 223 361 221
366 223 366 221
232 228 232 225
236 228 237 225
241 228 241 225
246 228 246 224
250 228 251 224
255 228 256 224
260 228 260 224
269 228 269 224
274 228 273 224
278 228 278 224
283 228 283 224
288 228 287 224
297 228 297 223
301 228 301 222
306 228 306 222
311 228 311 222
315 228 315 222
320 228 321 223
325 228 324 221
329 228 329 221
334 228 335 222
343 228 343 223
348 228 348 226
352 228 353 226
357 228 357 225
362 228 361 225
366 228 366 225
404 228 404 221
413 228 413 223
417 228 417 223
232 232 232 230
236 232 237 229
241 232 241 230
246 232 245 229
250 232 251 229
255 232 255 230
260 232 260 229
264 232 264 229
269 232 269 229
274 232 274 229
278 232 279 229
283 232 283 229
288 232 287 229
292 232 292 227
297 232 296 227
301 232 301 227
306 232 306 226
311 232 311 227
315 232 315 227
329 232 328 226
334 232 334 227
339 232 339 227
343 232 343 230
348 232 348 230
352 232 353 230
357 232 358 230
362 232 361 229
408 232 408 227
413 232 412 227
417 232 416 227
422 232 422 226
236 237 236 234
241 237 241 234
246 237 245 234
250 237 250 234
255 237 255 234
260 237 260 234
264 237 264 234
269 237 269 234
274 237 274 233
278 237 278 233
292 237 292 231
297 237 297 231
301 237 301 231
306 237 306 231
311 237 310 232
315 237 315 232
320 237 320 232
325 237 324 231
329 237 329 231
334 237 334 232
339 237 339 231
343 237 343 234
348 237 348 235
352 237 354 234
357 237 358 234
362 237 362 234
366 237 366 234
399 237 398 235
404 237 404 231
408 237 409 231
413 237 413 232
417 237 416 232
422 237 422 232
232 242 232 239
246 242 246 238
250 242 251 239
255 242 255 239
260 242 260 238
264 242 264 239
269 242 269 238
274 242 273 238
283 242 283 236
288 242 288 236
292 242 292 236
297 242 297 236
301 242 301 236
306 242 306 237
311 242 310 236
315 242 315 237
320 242 320 237
325 242 325 236
329 242 329 236
334 242 334 236
339 242 339 237
343 242 344 239
348 242 348 238
352 242 353 238
357 242 358 238
362 242 362 238
404 242 404 236
408 242 409 236
413 242 413 236
417 242 417 237
232 246 232 243
236 246 237 243
241 246 241 243
246 246 246 243
250 246 250 243
255 246 255 243
269 246 268 243
274 246 274 243
278 246 278 243
283 246 283 243
288 246 288 243
292 246 292 243
297 246 297 243
301 246 301 242
306 246 306 242
311 246 311 243
315 246 315 243
320 246 320 243
325 246 325 241
329 246 329 241
334 246 334 243
339 246 338 243
343 246 344 243
348 246 348 243
352 246 352 242
357 246 358 242
362 246 361 243
366 246 367 243
399 246 400 240
404 246 404 241
408 246 409 240
413 246 413 240
232 251 232 248
269 251 269 248
274 251 274 248
278 251 278 247
283 251 283 247
288 251 288 248
292 251 292 247
297 251 297 247
301 251 301 247
306 251 305 246
311 251 310 247
315 251 315 247
320 251 320 247
325 251 324 246
329 251 329 247
334 251 333 247
339 251 338 248
343 251 343 248
348 251 348 247
352 251 352 247
357 251 357 247
362 251 362 247
366 251 366 247
371 251 371 248
390 251 389 248
394 251 395 246
399 251 399 245
404 251 404 246
408 251 408 245
223 255 223 253
227 255 228 253
232 255 232 253
236 255 236 253
241 255 241 253
246 255 246 253
250 255 250 252
255 255 255 253
269 255 269 252
274 255 274 252
278 255 278 252
283 255 283 252
288 255 287 252
292 255 292 252
297 255 296 252
301 255 301 252
306 255 305 251
325 255 324 252
329 255 329 252
334 255 334 252
339 255 338 253
343 255 343 253
348 255 348 252
352 255 352 252
357 255 357 252
362 255 362 252
366 255 366 252
371 255 370 252
394 255 394 250
399 255 399 250
404 255 404 250
408 255 408 250
218 260 218 258
223 260 223 257
227 260 228 257
232 260 232 257
236 260 236 257
241 260 241 258
246 260 245 258
250 260 250 257
264 260 264 257
278 260 278 257
283 260 283 257
288 260 287 257
292 260 292 257
301 260 301 257
306 260 306 257
311 260 311 256
315 260 316 255
320 260 320 256
325 260 325 256
329 260 330 256
334 260 334 256
339 260 338 257
343 260 343 258
348 260 348 257
352 260 353 257
357 260 358 257
362 260 362 257
366 260 366 257
371 260 371 257
380 260 380 256
385 260 385 255
394 260 394 255
399 260 399 255
404 260 403 255
408 260 408 254
218 265 218 262
223 265 223 262
227 265 228 262
232 265 232 262
236 265 237 262
250 265 250 262
255 265 255 262
260 265 260 261
264 265 264 261
269 265 268 261
274 265 274 262
278 265 278 262
283 265 283 262
288 265 287 262
292 265 292 262
297 265 297 261
301 265 301 261
311 265 311 261
315 265 316 261
320 265 321 261
325 265 325 261
329 265 329 261
334 265 334 261
339 265 338 261
343 265 343 262
348 265 348 262
352 265 353 262
357 265 358 262
362 265 362 261
366 265 366 261
371 265 371 261
376 265 375 261
380 265 380 261
385 265 385 260
394 265 395 259
399 265 399 260
404 265 403 260
218 269 218 267
223 269 223 267
227 269 228 266
232 269 232 266
241 269 241 266
246 269 246 266
250 269 251 266
264 269 264 266
269 269 269 266
278 269 278 266
283 269 283 266
288 269 287 266
292 269 292 266
301 269 301 266
306 269 306 266
311 269 311 266
315 269 316 266
320 269 321 266
325 269 325 266
329 269 329 266
334 269 334 266
339 269 339 266
343 269 344 266
348 269 348 266
357 269 357 266
362 269 362 266
366 269 367 266
380 269 380 266
385 269 385 265
390 269 389 265
394 269 394 265
399 269 399 264
218 274 218 271
227 274 228 271
232 274 232 271
236 274 237 271
260 274 260 270
264 274 264 271
269 274 268 271
274 274 274 271
278 274 278 271
283 274 283 271
292 274 292 271
301 274 301 271
306 274 306 270
311 274 311 271
315 274 316 271
320 274 320 270
325 274 325 271
329 274 329 271
334 274 334 271
339 274 339 271
343 274 343 270
352 274 353 270
357 274 357 270
366 274 366 270
385 274 385 269
390 274 389 269
394 274 394 269
399 274 399 269
246 279 246 275
250 279 250 275
264 279 264 275
269 279 269 276
274 279 273 276
278 279 278 276
283 279 282 276
288 279 287 276
292 279 292 276
297 279 297 276
311 279 311 275
315 279 315 275
320 279 320 275
325 279 325 275
329 279 329 275
334 279 333 276
339 279 338 276
348 279 348 274
362 279 362 274
371 279 371 273
376 279 376 273
380 279 380 274
236 283 237 280
241 283 242 280
246 283 246 280
250 283 250 280
255 283 255 281
260 283 259 281
264 283 264 281
269 283 268 280
274 283 273 281
278 283 279 282
283 283 283 282
288 283 288 281
292 283 292 281
315 283 316 280
320 283 321 280
334 283 334 280
339 283 338 281
343 283 343 278
348 283 348 278
352 283 352 279
357 283 357 278
362 283 362 279
366 283 367 279
371 283 372 278
380 283 380 278
385 283 386 278
390 283 390 278
223 288 223 285
227 288 227 285
232 288 232 285
236 288 236 285
274 288 274 285
278 288 279 286
283 288 284 286
288 288 288 286
292 288 293 286
297 288 297 282
301 288 302 282
325 288 325 283
329 288 330 283
334 288 334 284
339 288 339 285
343 288 343 285
348 288 347 284
352 288 352 284
357 288 358 283
362 288 362 283
366 288 366 283
371 288 371 283
376 288 374 284
385 288 385 283
232 293 231 289
269 293 269 289
274 293 274 289
278 293 279 290
283 293 284 291
288 293 288 291
292 293 293 290
301 293 302 287
306 293 311 288
311 293 315 287
348 293 348 289
352 293 353 290
357 293 357 287
362 293 361 288
366 293 366 289
241 297 241 294
250 297 254 296
260 297 260 295
264 297 265 294
269 297 269 294
283 297 284 295
288 297 288 295
292 297 292 295
325 297 325 291
329 297 329 290
334 297 334 290
339 297 339 291
343 297 344 292
352 297 353 294
362 297 362 294
366 297 367 294
264 302 264 299
269 302 269 299
274 302 274 299
278 302 279 299
283 302 284 299
288 302 288 299
292 302 292 299
297 302 296 300
329 302 329 295
334 302 334 295
339 302 340 295
343 302 344 296
348 302 348 299
357 302 357 298
362 302 362 298
246 307 246 304
250 307 251 304
255 307 255 303
260 307 260 304
315 307 315 303
320 307 320 303
334 307 334 301
348 307 344 304
352 307 352 304
357 307 357 304
362 307 362 303
288 311 288 308
292 311 296 308
297 311 301 308
311 311 311 308
325 311 324 306
329 311 328 308
334 311 333 308
339 311 338 308
343 311 343 309
348 311 348 309
352 311 352 309
357 311 357 308
264 316 264 314
269 316 268 314
292 316 292 313
297 316 297 313
320 316 320 312
334 316 334 312
339 316 339 312
343 316 344 313
306 320 307 318
334 320 334 317
339 320 339 317
343 320 343 317
