384 174 392 328
398 182 466 239
395 189 467 233
424 200 384 314
402 207 402 306
438 211 378 311
413 214 417 310
464 214 397 307
413 218 416 307
373 225 447 274
424 225 383 310
438 239 417 273
442 243 412 269
380 247 474 267
366 250 491 257
369 250 488 258
377 250 477 261
380 250 474 263
391 250 421 266
362 254 505 250
366 254 501 251
380 276 451 288
388 283 444 284
391 283 441 285
362 287 485 270
384 287 448 278
388 287 443 280
402 297 430 244
398 301 445 269
402 301 440 271
406 301 424 241
359 308 487 234
402 308 443 260
369 312 432 213
406 312 418 217
369 316 431 209
