476 140 424 103
466 150 411 109
466 155 413 116
461 165 413 123
456 170 409 129
461 170 415 128
481 170 429 134
451 175 404 136
456 175 410 135
461 175 416 134
481 175 431 140
526 175 481 132
531 175 486 132
536 175 499 135
471 180 419 160
521 180 479 138
526 180 486 138
541 180 506 139
456 185 396 176
466 185 400 191
471 185 420 167
476 185 427 166
486 185 433 165
521 185 481 144
526 185 487 143
531 185 493 143
541 185 508 146
551 185 514 144
442 190 393 164
471 190 422 172
526 190 489 148
531 190 494 147
536 190 501 148
551 190 515 151
536 195 497 154
541 195 508 153
526 200 491 162
442 205 388 199
446 205 394 198
451 205 400 196
466 205 425 191
461 210 421 194
506 210 481 170
511 210 486 169
541 210 507 173
451 215 413 200
456 215 419 200
466 215 426 199
476 215 438 204
486 215 386 275
506 215 481 177
511 215 486 174
551 215 519 171
417 220 375 205
437 220 394 209
442 220 401 208
456 220 419 205
466 220 427 205
481 220 441 209
486 220 448 209
516 220 488 182
551 220 519 177
397 225 352 224
407 225 360 222
427 225 383 213
432 225 390 212
446 225 409 209
451 225 414 209
481 225 441 217
486 225 448 215
516 225 489 188
526 225 491 195
536 225 506 185
541 225 512 179
546 225 513 185
407 230 359 229
427 230 385 218
432 230 392 216
437 230 397 216
442 230 404 216
446 230 410 216
451 230 416 214
456 230 420 214
461 230 426 213
471 230 436 217
506 230 474 205
511 230 479 204
526 230 491 201
536 230 497 206
541 230 502 204
397 235 353 237
407 235 367 228
412 235 372 228
417 235 378 227
432 235 392 223
437 235 400 223
442 235 405 222
446 235 411 221
451 235 416 220
456 235 422 218
461 235 427 218
476 235 443 221
496 235 466 212
506 235 474 211
511 235 479 209
526 235 493 208
407 240 369 234
412 240 373 234
417 240 379 233
422 240 385 232
437 240 400 229
442 240 406 228
446 240 412 227
451 240 417 226
456 240 423 225
461 240 428 224
471 240 439 229
476 240 444 228
481 240 451 226
491 240 463 219
496 240 468 217
397 245 356 244
402 245 363 242
407 245 369 240
412 245 374 239
422 245 386 238
427 245 392 237
437 245 401 235
442 245 407 233
446 245 413 233
451 245 418 232
456 245 424 230
476 245 445 232
481 245 451 232
491 245 464 225
392 250 355 249
397 250 362 248
407 250 370 246
417 250 381 239
427 250 393 241
432 250 400 241
442 250 408 240
446 250 414 238
451 250 419 237
456 250 424 236
461 250 431 236
466 250 438 237
476 250 447 239
481 250 452 238
486 250 457 234
491 250 464 232
392 254 359 255
397 254 364 254
407 254 371 254
412 254 376 252
417 254 382 244
422 254 387 245
432 254 402 246
446 254 415 245
451 254 421 243
456 254 426 242
461 254 434 242
466 254 440 243
486 254 458 239
491 254 465 236
437 259 407 249
456 259 427 249
461 259 436 249
471 259 446 248
481 259 454 247
486 259 459 245
491 259 465 243
496 259 472 238
402 264 371 258
427 264 397 261
432 264 403 259
437 264 408 254
442 264 414 253
451 264 423 252
461 264 437 255
466 264 442 254
481 264 455 252
486 264 460 250
496 264 473 244
437 269 409 259
442 269 415 259
451 269 424 258
466 269 443 260
471 269 448 258
476 269 453 257
486 269 462 256
491 269 467 256
357 274 320 300
392 274 379 303
442 274 417 265
446 274 423 263
471 274 448 264
481 274 458 262
486 274 463 261
357 279 322 304
362 279 326 301
372 279 339 296
377 279 346 296
382 279 351 294
392 279 380 308
397 279 385 307
481 279 457 269
486 279 462 269
362 284 327 306
377 284 346 302
382 284 352 300
397 284 386 314
461 284 445 272
471 284 451 273
342 289 305 327
347 289 316 314
362 289 330 313
367 289 335 312
387 289 360 307
397 289 380 315
422 289 407 286
337 294 301 334
342 294 307 332
347 294 312 328
352 294 318 326
357 294 324 323
367 294 335 318
372 294 341 317
387 294 361 313
451 294 435 293
347 299 312 334
377 299 350 322
382 299 356 321
387 299 361 320
392 299 367 319
422 299 417 296
427 299 423 296
337 304 301 341
347 304 314 340
372 304 345 329
377 304 351 329
382 304 357 327
387 304 362 326
392 304 367 325
402 304 376 323
407 304 382 322
412 304 388 322
422 304 418 302
427 304 394 321
377 309 352 334
382 309 359 333
392 309 369 331
402 309 376 329
412 309 390 328
417 309 396 326
367 314 342 349
372 314 348 347
387 314 365 338
402 314 383 334
417 314 397 332
427 314 403 330
367 319 343 355
372 319 349 354
412 319 392 339
427 319 403 337
407 324 386 348
442 324 415 330
