502 129 501 133
482 134 484 137
487 134 491 137
497 134 495 137
502 134 501 137
507 134 507 137
502 139 500 142
507 139 506 143
419 144 435 145
476 144 477 142
502 144 500 148
507 144 506 149
461 149 462 146
466 149 467 146
471 149 462 150
476 149 467 151
487 149 484 150
492 149 490 149
461 154 451 155
466 154 455 155
471 154 460 155
482 154 478 154
487 154 483 156
492 154 489 155
497 154 495 155
502 154 501 155
507 154 506 155
513 154 510 155
378 160 376 162
435 160 434 155
440 160 440 155
445 160 445 155
461 160 449 161
466 160 455 160
471 160 461 160
492 160 490 160
497 160 495 159
502 160 500 160
507 160 505 159
513 160 510 160
425 165 423 160
430 165 429 161
435 165 434 160
440 165 439 160
445 165 444 160
471 165 461 166
476 165 470 166
482 165 477 167
487 165 484 167
502 165 500 164
507 165 505 165
513 165 509 165
368 170 369 167
373 170 375 166
399 170 402 164
404 170 407 164
419 170 418 165
425 170 423 166
430 170 429 166
435 170 434 166
440 170 439 166
445 170 444 166
471 170 460 172
476 170 471 173
482 170 476 173
487 170 483 174
497 170 494 169
502 170 499 169
507 170 504 169
513 170 509 170
518 170 515 171
368 175 365 172
388 175 391 169
393 175 397 169
399 175 406 168
425 175 423 171
430 175 428 171
445 175 440 173
450 175 450 172
476 175 472 180
507 175 504 174
378 180 374 176
383 180 386 174
388 180 391 174
393 180 396 174
399 180 407 173
409 180 414 173
419 180 417 175
425 180 422 176
445 180 438 178
471 180 466 190
502 180 498 176
513 180 508 178
518 180 514 180
368 186 365 181
378 186 375 181
383 186 386 180
388 186 390 179
393 186 395 180
399 186 401 180
409 186 411 180
445 186 438 183
507 186 503 182
513 186 509 185
518 186 514 187
368 191 365 188
373 191 369 187
378 191 372 187
388 191 389 185
393 191 395 185
399 191 402 185
425 191 417 187
440 191 438 187
445 191 443 193
450 191 443 187
456 191 458 200
471 191 470 200
476 191 475 200
513 191 508 191
518 191 514 192
523 191 519 193
373 196 369 193
378 196 374 192
383 196 379 193
399 196 402 190
425 196 415 192
440 196 438 193
445 196 443 203
471 196 470 205
476 196 475 205
518 196 513 197
373 201 369 198
393 201 399 196
466 201 462 216
482 201 479 206
523 201 519 203
378 206 373 201
388 206 388 204
393 206 395 205
399 206 399 206
476 206 473 222
482 206 478 211
523 206 517 207
378 211 373 205
383 211 378 205
393 211 393 210
399 211 399 211
425 211 421 207
430 211 426 208
507 211 502 208
513 211 507 210
523 211 517 212
378 217 373 210
383 217 378 210
388 217 383 211
393 217 393 216
425 217 425 212
430 217 437 209
435 217 442 208
378 222 373 215
383 222 378 215
388 222 383 216
393 222 388 217
419 222 414 218
435 222 441 214
456 222 447 221
461 222 453 221
528 222 530 253
383 227 377 220
388 227 382 220
393 227 388 221
399 227 394 222
404 227 399 223
419 227 421 224
440 227 442 221
383 232 377 226
388 232 382 226
393 232 387 227
399 232 393 227
419 232 420 229
425 232 425 229
430 232 425 225
435 232 430 224
440 232 436 224
476 232 462 226
383 237 377 231
388 237 383 231
393 237 387 233
414 237 412 235
419 237 418 235
425 237 423 233
430 237 429 233
435 237 431 229
440 237 436 230
445 237 442 231
476 237 462 232
487 237 478 231
492 237 483 233
513 237 505 224
518 237 511 228
523 237 516 226
388 242 382 236
393 242 388 238
404 242 402 239
409 242 407 239
414 242 413 240
419 242 417 240
425 242 423 239
430 242 429 239
440 242 434 239
445 242 440 237
476 242 461 238
482 242 471 237
487 242 477 236
492 242 482 237
502 242 494 233
523 242 515 231
388 248 382 243
409 248 407 244
414 248 413 244
419 248 417 245
425 248 423 245
430 248 429 245
445 248 439 241
450 248 452 242
456 248 457 240
461 248 462 241
466 248 466 241
482 248 470 243
487 248 477 243
492 248 483 243
497 248 487 239
502 248 493 238
409 253 407 249
414 253 413 250
419 253 417 250
425 253 422 251
430 253 428 250
435 253 433 251
445 253 439 247
450 253 444 246
461 253 462 246
466 253 466 247
487 253 476 249
492 253 482 249
497 253 487 245
523 253 514 241
528 253 520 241
409 258 407 255
414 258 412 255
419 258 418 255
430 258 428 256
435 258 433 256
445 258 440 253
466 258 466 252
482 258 476 254
487 258 481 254
492 258 486 254
523 258 514 246
528 258 520 246
409 263 407 260
414 263 413 261
445 263 438 258
528 263 520 252
538 263 535 270
419 268 422 268
450 268 443 261
523 268 513 256
533 268 526 262
538 268 535 275
544 268 535 264
404 274 398 275
409 274 405 275
414 274 412 276
430 274 433 277
440 274 438 277
445 274 443 274
528 274 522 274
538 274 534 279
544 274 538 280
404 279 398 281
440 279 438 283
492 279 491 288
497 279 497 288
533 279 528 280
538 279 534 283
544 279 538 284
440 284 436 289
445 284 443 284
482 284 478 293
487 284 485 294
492 284 490 294
528 284 523 290
533 284 527 286
549 284 543 290
440 289 437 294
471 289 468 298
476 289 474 297
482 289 479 298
487 289 482 298
492 289 489 299
497 289 494 299
507 289 501 298
528 289 522 296
533 289 528 295
544 289 537 292
414 294 408 298
430 294 430 294
461 294 455 301
466 294 461 301
471 294 468 302
476 294 473 302
482 294 478 303
487 294 482 303
492 294 488 303
497 294 493 304
507 294 501 303
523 294 515 301
533 294 527 299
538 294 533 297
544 294 536 297
404 299 397 302
409 299 402 302
414 299 408 303
425 299 419 299
430 299 430 303
435 299 436 304
445 299 442 306
450 299 447 306
456 299 451 306
461 299 455 307
466 299 461 307
471 299 467 307
476 299 473 308
482 299 476 308
497 299 490 309
502 299 496 308
518 299 509 304
528 299 522 306
533 299 527 305
538 299 532 302
544 299 536 302
549 299 542 306
554 299 547 306
409 305 402 308
414 305 407 308
419 305 412 308
430 305 429 308
435 305 436 309
445 305 441 312
450 305 446 312
456 305 451 312
461 305 456 312
466 305 462 312
471 305 468 312
476 305 472 313
487 305 479 313
492 305 484 313
507 305 500 310
513 305 504 310
518 305 510 309
523 305 516 310
528 305 521 311
533 305 527 311
538 305 532 307
544 305 537 308
549 305 541 311
554 305 548 312
409 310 402 313
414 310 407 314
419 310 412 314
425 310 418 315
435 310 435 314
450 310 445 317
456 310 450 316
461 310 456 317
466 310 462 317
471 310 467 318
476 310 471 318
487 310 479 318
492 310 484 318
502 310 495 316
507 310 500 316
513 310 505 315
518 310 509 315
523 310 514 315
528 310 520 316
533 310 527 316
538 310 533 316
549 310 542 317
414 315 407 318
419 315 412 319
425 315 418 321
445 315 439 322
450 315 444 322
456 315 450 322
461 315 455 322
466 315 460 323
476 315 471 323
482 315 476 323
492 315 487 320
497 315 492 321
507 315 500 321
513 315 504 320
518 315 508 319
523 315 515 320
533 315 526 322
538 315 532 322
544 315 538 322
549 315 543 322
554 315 548 323
414 320 406 323
419 320 412 324
425 320 418 326
430 320 423 326
435 320 427 326
440 320 433 326
445 320 439 326
450 320 445 326
456 320 449 327
461 320 454 326
466 320 460 327
476 320 470 328
492 320 488 325
497 320 494 325
507 320 498 326
513 320 503 325
518 320 508 324
523 320 514 325
533 320 526 327
538 320 532 327
544 320 537 327
549 320 543 328
554 320 548 328
414 325 406 330
419 325 412 329
425 325 418 330
430 325 423 330
435 325 428 330
440 325 433 331
445 325 440 331
450 325 443 331
456 325 448 331
461 325 454 332
487 325 481 330
492 325 486 331
497 325 491 331
513 325 504 330
518 325 509 330
523 325 514 331
533 325 524 332
538 325 530 333
544 325 537 332
549 325 542 333
419 331 412 335
425 331 418 335
430 331 422 335
435 331 427 337
440 331 433 336
456 331 448 336
471 331 464 335
476 331 469 335
482 331 475 335
487 331 481 335
492 331 485 336
507 331 498 336
513 331 504 336
533 331 524 337
538 331 530 338
544 331 535 338
419 336 411 340
425 336 417 340
430 336 422 340
435 336 426 341
445 336 444 339
461 336 455 340
466 336 459 340
471 336 464 340
476 336 469 339
482 336 475 339
487 336 481 339
492 336 486 340
497 336 492 339
507 336 497 341
513 336 504 341
518 336 509 341
523 336 514 342
528 336 520 342
533 336 524 343
538 336 529 344
419 341 411 345
425 341 417 346
430 341 422 345
435 341 426 345
445 341 444 344
456 341 449 344
461 341 454 344
466 341 459 344
471 341 463 344
476 341 469 344
482 341 475 344
487 341 480 344
492 341 485 345
497 341 492 344
502 341 496 344
513 341 503 346
518 341 509 347
523 341 513 347
528 341 518 348
533 341 523 349
430 346 422 350
440 346 432 349
445 346 438 349
450 346 444 349
456 346 449 350
461 346 453 349
466 346 458 349
471 346 464 349
476 346 469 349
482 346 475 350
487 346 479 349
492 346 484 350
502 346 492 351
507 346 497 352
513 346 502 352
528 346 518 353
435 351 426 354
445 351 438 354
450 351 443 355
456 351 449 355
461 351 453 355
466 351 459 355
471 351 464 355
476 351 469 355
482 351 474 354
487 351 480 354
497 351 487 357
502 351 492 357
507 351 496 357
513 351 501 358
440 356 427 358
445 356 437 360
450 356 443 360
456 356 449 360
461 356 454 360
466 356 459 360
471 356 463 360
476 356 469 360
482 356 474 359
487 356 479 361
492 356 483 361
