502 134 523 168
507 134 529 190
440 144 464 86
507 144 515 187
497 149 510 173
507 149 517 194
383 160 457 73
497 160 501 175
373 165 446 61
388 175 436 81
425 180 460 104
430 180 463 110
378 186 433 64
430 248 416 131
450 248 410 159
466 248 425 203
440 258 409 177
445 258 410 184
440 263 404 184
456 263 406 216
538 268 427 256
435 274 342 174
409 279 321 157
425 279 331 162
430 279 334 167
435 279 336 175
399 284 317 144
425 284 325 166
430 284 328 170
445 289 311 193
544 289 381 289
544 294 374 291
549 294 377 297
456 299 310 218
461 299 313 226
538 299 363 283
544 299 367 292
549 299 370 299
554 299 371 305
414 305 308 164
419 305 305 173
440 305 296 197
445 305 297 204
450 305 300 211
456 305 304 220
466 305 316 231
471 305 319 239
544 305 360 295
549 305 364 301
554 305 366 308
419 310 299 180
425 310 302 188
466 310 311 234
471 310 313 239
544 310 352 297
549 310 357 303
554 310 359 312
414 315 293 169
419 315 291 182
425 315 295 190
538 315 343 291
544 315 346 299
549 315 349 306
554 315 352 315
414 320 287 171
425 320 287 193
482 320 285 233
538 320 337 293
544 320 340 300
549 320 341 307
554 320 345 317
538 325 326 288
544 325 329 298
549 325 335 310
419 331 275 184
425 331 279 194
538 331 321 292
544 331 322 300
419 336 268 186
425 336 270 194
523 336 315 279
538 336 315 295
487 341 301 252
502 341 315 273
518 341 306 274
523 341 310 282
528 341 311 289
482 346 287 241
487 346 290 247
523 346 301 283
435 351 260 204
456 351 269 216
461 351 272 224
471 351 275 231
476 351 278 238
482 351 282 243
502 351 289 265
518 351 294 279
466 356 267 227
471 356 269 233
476 356 272 240
482 356 276 244
487 356 279 251
497 356 280 259
