415 75 553 171
421 75 556 177
382 82 528 134
473 95 554 219
428 101 528 200
434 134 497 205
428 147 482 207
454 147 491 227
460 147 495 233
467 147 491 235
402 153 464 184
408 153 468 191
415 153 470 198
421 153 473 202
428 153 476 219
473 153 484 241
408 160 462 195
460 160 475 235
408 166 456 198
454 166 464 232
402 173 450 192
376 186 418 186
408 186 442 204
428 186 448 215
408 199 429 210
421 212 419 222
454 212 450 263
402 218 412 211
408 218 414 218
421 218 412 226
428 218 419 240
402 224 405 215
382 237 394 203
369 244 382 195
376 244 384 200
382 244 387 207
389 244 389 214
408 244 398 233
415 244 403 239
369 250 373 198
376 250 375 204
382 250 378 211
376 257 370 208
382 257 372 215
408 257 383 236
415 257 386 243
428 270 379 253
369 276 349 210
441 276 384 264
460 276 389 278
434 283 376 262
428 289 365 262
454 289 375 278
369 302 329 223
460 309 359 296
363 328 312 224
369 335 309 232
434 335 336 282
363 341 306 226
369 341 303 236
363 348 300 229
363 354 295 233
369 354 297 240
376 354 299 246
382 354 301 252
389 361 300 259
408 361 308 274
421 361 310 280
428 361 313 286
