382 75 489 147
402 75 497 173
408 82 491 183
415 82 493 190
428 82 491 196
473 82 500 231
408 88 485 184
415 88 487 191
376 95 469 146
408 95 480 186
415 95 481 192
428 95 483 199
434 95 484 205
447 95 487 213
454 95 488 219
473 95 488 236
376 101 463 148
389 101 476 150
408 101 472 181
421 101 475 194
428 101 477 202
408 108 465 181
415 108 467 188
402 127 444 178
415 127 452 193
415 134 431 192
447 134 437 242
415 147 413 198
402 153 401 187
408 153 408 192
415 153 406 199
421 153 408 205
434 153 409 214
441 153 411 221
447 153 413 226
428 160 401 211
441 160 404 222
454 160 407 229
408 166 394 197
415 166 396 203
421 166 394 212
434 166 395 219
441 166 397 226
447 166 398 231
402 173 387 191
408 173 389 198
415 173 390 205
428 173 390 219
447 173 393 233
408 179 381 200
415 179 383 206
415 186 377 207
428 186 381 215
441 186 383 229
428 192 374 217
434 192 376 223
441 192 377 229
408 199 363 205
434 199 370 225
441 199 371 231
389 205 334 177
408 205 357 206
421 205 359 215
441 205 365 233
408 212 350 207
421 212 353 217
428 212 354 223
434 212 357 230
473 212 363 255
395 218 329 187
402 218 348 202
421 218 346 220
428 218 348 227
434 218 349 232
441 218 352 239
447 218 360 243
473 218 357 258
402 224 342 203
408 224 343 210
415 224 338 218
428 224 342 229
434 224 342 234
441 224 345 240
447 224 346 248
473 224 352 259
402 231 335 207
408 231 336 215
428 231 337 233
473 231 344 263
389 237 324 196
402 237 328 209
415 237 331 223
473 237 339 265
480 237 341 277
369 244 314 179
376 244 315 184
382 244 316 191
389 244 316 198
395 244 319 205
402 244 321 211
408 244 323 219
428 244 326 231
434 244 327 236
441 244 329 243
454 244 332 251
382 250 309 192
395 250 313 206
402 250 314 212
408 250 317 220
428 250 320 232
434 250 321 238
447 250 324 247
467 250 322 261
415 257 311 227
434 257 314 240
447 257 316 248
473 257 319 269
421 263 306 229
376 276 289 197
376 283 282 200
408 283 290 228
441 283 290 256
447 283 292 262
402 289 282 224
441 289 285 258
447 296 285 264
434 322 270 255
447 348 252 273
389 354 232 222
441 354 246 269
447 354 248 274
402 361 227 237
421 361 231 250
