417 155 390 177
424 155 396 179
437 155 410 181
377 168 375 178
404 168 319 190
404 181 319 198
424 181 340 201
523 181 470 185
549 188 546 207
509 194 426 195
549 194 545 215
556 194 553 215
457 201 456 179
463 201 462 181
470 201 469 183
509 201 425 202
450 207 448 183
457 207 454 185
463 207 461 187
516 207 518 219
450 214 448 189
457 214 454 191
463 214 460 193
516 214 519 226
523 214 526 227
529 214 531 229
536 214 538 232
542 214 544 233
371 221 350 241
437 221 435 190
443 221 414 195
509 221 512 231
516 221 519 232
523 221 524 234
529 221 528 236
391 234 360 188
496 234 497 234
503 234 504 238
377 240 374 189
384 240 381 190
496 240 502 243
358 247 355 187
371 247 366 190
377 247 373 195
384 247 381 197
470 247 481 249
358 254 354 194
364 254 360 194
371 254 366 197
457 254 399 258
463 254 473 254
391 260 346 199
358 273 356 234
364 273 405 214
397 273 413 207
358 280 356 242
364 280 363 243
371 287 409 229
377 287 418 230
358 300 383 250
364 300 389 252
331 306 329 245
338 306 368 251
344 306 374 252
