472 85 482 98
431 90 451 96
436 90 456 97
451 90 455 100
492 90 497 102
420 95 423 106
425 95 444 99
431 95 440 103
436 95 444 103
477 95 482 106
487 95 492 106
492 95 497 106
497 95 502 107
425 100 434 108
431 100 439 108
441 100 459 111
482 100 486 110
492 100 496 110
497 100 500 110
508 100 511 113
518 100 522 118
431 105 437 113
441 105 444 116
446 105 464 117
492 105 491 114
503 105 505 115
508 105 510 117
513 105 515 117
400 110 406 117
497 110 504 128
513 110 514 122
472 115 468 122
477 115 474 123
503 115 501 123
508 115 509 127
513 115 516 128
518 115 521 130
461 121 453 126
467 121 458 127
472 121 467 128
503 121 508 140
508 121 509 131
467 126 457 132
472 126 466 133
503 126 508 144
513 126 514 140
523 126 524 140
472 131 467 139
487 131 487 143
492 131 497 146
497 131 502 147
503 131 508 148
518 131 519 146
523 131 524 145
528 131 529 145
482 136 480 147
487 136 486 148
518 136 519 150
533 136 532 150
518 141 518 155
523 141 524 152
528 141 529 153
523 146 523 157
528 146 528 157
533 146 532 157
533 157 532 166
374 167 393 141
379 167 398 141
410 167 430 141
492 167 484 178
508 167 511 171
513 167 515 172
338 172 355 149
343 172 377 145
359 172 382 147
400 172 417 149
405 172 424 146
410 172 431 146
415 172 435 146
420 172 439 146
508 172 511 176
513 172 515 177
364 177 382 150
390 177 407 154
405 177 423 151
425 177 445 152
508 177 511 180
513 177 515 181
338 182 365 159
359 182 380 161
369 182 387 156
379 182 396 153
400 182 418 155
405 182 423 155
431 182 454 159
364 187 374 165
374 187 391 162
379 187 397 163
384 187 401 163
420 187 439 160
497 187 504 184
328 192 342 172
379 192 396 168
384 192 401 169
390 192 406 170
441 192 462 170
312 198 321 181
318 198 331 183
323 198 337 183
379 198 394 173
384 198 400 174
390 198 404 179
410 198 427 166
415 198 432 167
420 198 437 168
436 198 458 176
451 198 473 183
318 203 331 188
328 203 340 188
374 203 389 167
379 203 394 180
384 203 398 183
390 203 404 184
395 203 410 184
415 203 432 172
420 203 437 173
451 203 473 188
354 208 362 186
369 208 384 183
374 208 389 184
379 208 393 185
384 208 398 189
390 208 404 190
395 208 409 190
400 208 416 177
405 208 421 177
410 208 426 177
415 208 436 178
431 208 452 185
446 208 463 186
451 208 467 187
354 213 362 191
369 213 379 176
374 213 388 189
379 213 393 190
384 213 397 194
395 213 409 196
405 213 419 182
456 213 471 193
374 218 388 194
379 218 392 199
400 218 417 207
405 218 422 208
461 218 476 198
369 223 380 208
400 223 417 213
405 223 422 214
446 223 460 196
451 223 466 195
318 228 325 207
328 228 326 223
333 228 332 224
379 228 390 210
384 228 397 209
441 228 455 201
446 228 459 202
461 228 475 208
472 228 484 214
328 234 326 229
333 234 331 230
374 234 384 220
379 234 390 215
384 234 396 215
400 234 415 217
405 234 420 218
410 234 426 219
420 234 436 219
451 234 464 208
472 234 483 219
369 239 375 212
379 239 389 221
384 239 395 221
400 239 415 222
405 239 420 223
369 244 374 217
374 244 384 226
379 244 389 227
384 244 394 227
390 244 400 228
395 244 405 227
400 244 411 227
405 244 416 228
410 244 421 228
441 244 451 227
472 244 484 225
374 249 383 234
379 249 388 232
384 249 394 233
390 249 399 233
395 249 404 233
400 249 410 233
405 249 416 234
410 249 419 234
374 254 383 239
379 254 388 237
384 254 393 237
390 254 398 238
395 254 403 238
400 254 409 239
461 254 476 230
395 259 402 243
451 259 471 239
461 259 476 236
467 259 481 237
461 264 475 244
384 270 392 258
390 270 396 258
467 270 481 251
456 275 464 264
461 275 470 264
374 280 389 267
431 280 430 273
436 280 441 272
441 280 452 269
446 280 456 269
456 280 464 270
461 280 469 269
395 285 404 269
400 285 411 269
431 285 430 278
436 285 435 277
441 285 446 277
451 285 458 275
456 285 463 275
461 285 468 275
379 290 389 279
384 290 394 279
425 290 419 286
431 290 424 287
436 290 435 282
441 290 444 283
415 295 398 284
420 295 412 291
425 295 418 291
441 295 444 289
369 300 366 291
395 300 393 293
436 300 424 298
384 306 381 298
415 306 405 300
431 306 421 302
