357 198 353 201
353 202 349 205
357 202 353 205
361 202 357 206
423 202 422 203
353 206 349 209
357 206 353 209
361 206 357 210
365 206 361 210
349 210 344 214
353 210 348 214
357 210 353 214
361 210 357 214
365 210 361 214
428 210 426 212
344 215 339 218
353 215 348 218
361 215 357 218
365 215 360 218
428 215 426 216
440 215 439 215
344 219 340 222
349 219 344 221
419 219 416 222
340 223 336 225
344 223 341 225
349 223 344 226
361 223 357 227
365 223 361 227
340 227 336 230
353 227 346 231
357 227 350 231
361 227 357 231
365 227 363 232
374 227 370 232
344 231 341 232
365 231 362 235
374 231 370 235
382 231 377 235
386 231 382 234
390 231 386 235
394 231 391 235
399 231 395 234
473 231 473 231
336 235 332 239
344 235 341 236
361 235 358 240
365 235 362 240
369 235 366 240
374 235 388 251
382 235 378 239
390 235 384 239
394 235 388 238
399 235 394 239
415 235 412 238
419 235 417 236
461 235 460 234
465 235 463 237
473 235 472 236
357 240 354 243
361 240 357 244
382 240 379 242
386 240 382 242
394 240 388 243
399 240 393 243
403 240 397 243
419 240 417 240
423 240 421 239
328 244 323 247
344 244 335 245
349 244 340 244
357 244 354 247
361 244 358 247
403 244 397 247
407 244 402 247
423 244 422 244
324 248 319 251
349 248 341 248
382 248 371 265
394 248 391 252
399 248 395 251
407 248 401 251
411 248 406 251
328 252 323 255
349 252 341 252
390 252 380 264
394 252 392 257
399 252 396 257
403 252 401 257
411 252 406 255
415 252 409 255
319 256 315 258
324 256 318 258
344 256 336 257
349 256 341 257
353 256 349 261
386 256 376 268
390 256 379 268
394 256 383 266
399 256 387 266
319 260 315 262
324 260 318 262
328 260 323 262
332 260 327 262
340 260 331 261
344 260 335 261
353 260 350 265
411 260 414 269
419 260 421 269
428 260 430 270
465 260 461 264
319 264 315 266
324 264 318 266
332 264 325 266
336 264 328 265
353 264 349 269
357 264 354 268
428 264 430 273
440 264 434 268
444 264 438 268
465 264 460 268
319 269 315 270
324 269 320 271
328 269 324 270
340 269 332 269
344 269 336 269
353 269 350 273
365 269 366 274
369 269 370 274
444 269 443 274
465 269 460 272
324 273 320 275
328 273 325 275
332 273 329 274
357 273 358 279
365 273 365 278
374 273 372 278
390 273 383 277
394 273 388 277
440 273 434 277
448 273 443 277
453 273 448 277
469 273 463 277
332 277 329 279
353 277 352 283
357 277 357 283
361 277 361 282
374 277 371 281
382 277 380 282
394 277 388 280
440 277 439 282
448 277 443 281
453 277 446 280
457 277 451 281
344 281 340 282
369 281 367 286
374 281 371 286
378 281 375 286
386 281 380 285
390 281 385 285
394 281 388 285
399 281 393 282
440 281 439 286
448 281 444 286
457 281 451 285
340 285 336 287
344 285 340 287
349 285 345 291
353 285 350 290
357 285 353 290
361 285 358 290
378 285 374 289
399 285 393 287
448 285 447 290
457 285 451 289
465 285 460 288
469 285 464 288
473 285 469 286
349 289 346 295
353 289 349 294
386 289 383 294
390 289 384 291
399 289 393 290
403 289 397 290
436 289 439 294
448 289 448 293
461 289 456 293
357 294 353 296
361 294 357 295
365 294 361 296
369 294 366 296
382 294 375 296
386 294 380 296
407 294 402 295
411 294 404 295
469 294 462 298
357 298 353 301
361 298 357 300
365 298 361 300
378 298 372 300
382 298 376 300
399 298 393 300
411 298 405 299
461 298 455 301
465 298 459 301
361 302 357 305
365 302 361 305
378 302 371 303
436 302 437 307
465 302 459 306
378 306 372 308
382 306 375 308
390 306 384 310
403 306 396 308
436 306 438 311
440 306 442 311
453 306 447 308
457 306 452 308
461 306 457 307
374 310 367 312
378 310 371 312
382 310 375 313
386 310 380 315
390 310 384 315
394 310 392 316
453 310 447 312
457 310 452 312
378 314 372 316
382 314 376 317
390 314 385 319
394 314 393 319
415 314 413 320
453 314 447 317
382 319 376 320
386 319 381 321
403 319 396 320
407 319 400 321
411 319 404 320
390 323 384 325
394 323 388 325
399 323 393 325
403 323 397 325
407 323 400 325
411 323 404 325
415 323 409 325
419 323 413 325
394 327 388 328
399 327 394 329
403 327 397 329
407 327 400 329
411 327 404 329
415 327 408 329
419 327 413 329
432 327 418 325
436 327 427 328
440 327 433 328
444 327 438 328
403 331 397 333
407 331 401 333
411 331 405 333
415 331 408 333
419 331 412 333
423 331 417 333
428 331 421 333
436 331 428 333
440 331 432 333
407 335 401 338
419 335 412 337
423 335 417 337
428 335 421 337
432 335 426 338
419 339 412 341
423 344 417 345
428 344 421 346
