464 127 464 138
470 127 469 139
476 127 483 136
445 133 450 142
464 133 463 146
476 133 483 142
433 139 430 152
439 139 436 151
445 139 443 151
451 139 449 152
458 139 456 152
414 145 404 159
421 145 411 159
427 145 422 156
439 145 436 156
445 145 442 157
451 145 447 158
458 145 455 159
414 151 403 165
421 151 413 164
427 151 421 165
445 151 442 162
451 151 448 163
458 151 454 164
402 157 388 169
408 157 399 171
414 157 406 171
421 157 414 172
427 157 420 173
433 157 428 172
445 157 441 167
451 157 446 168
402 164 388 177
408 164 398 177
414 164 405 178
421 164 413 178
427 164 419 178
445 164 438 174
451 164 445 175
396 170 380 182
402 170 388 184
408 170 395 184
414 170 402 184
421 170 410 185
427 170 419 185
433 170 426 180
439 170 431 182
445 170 438 182
451 170 444 182
458 170 452 181
334 176 327 183
390 176 373 190
396 176 379 190
402 176 388 190
408 176 395 190
414 176 402 190
421 176 409 190
427 176 413 190
433 176 425 187
439 176 430 189
445 176 437 189
451 176 444 189
458 176 450 189
464 176 458 189
328 182 320 187
334 182 326 189
340 182 333 189
346 182 339 190
353 182 346 190
390 182 373 195
396 182 380 196
408 182 394 196
414 182 403 195
427 182 412 197
439 182 429 196
445 182 436 196
451 182 443 196
464 182 457 198
482 182 484 188
309 188 309 190
322 188 313 194
328 188 319 194
334 188 325 194
340 188 331 195
346 188 339 196
359 188 345 198
377 188 368 198
390 188 373 201
396 188 380 201
402 188 391 201
408 188 397 200
414 188 403 201
427 188 412 203
433 188 420 203
439 188 430 202
445 188 435 202
451 188 441 202
458 188 449 202
482 188 484 194
489 188 489 195
297 195 286 198
346 195 333 202
359 195 344 203
365 195 352 203
371 195 361 203
377 195 366 205
390 195 372 207
408 195 396 207
414 195 402 208
427 195 410 210
433 195 418 210
439 195 430 207
445 195 436 207
451 195 440 208
495 195 495 206
501 195 502 207
513 195 510 208
278 201 266 203
285 201 273 203
291 201 279 203
322 201 315 200
328 201 320 201
340 201 328 204
346 201 334 208
353 201 339 209
359 201 343 210
365 201 351 210
371 201 358 210
377 201 364 211
384 201 369 212
390 201 376 212
439 201 423 213
445 201 435 213
458 201 444 214
470 201 456 210
476 201 462 211
482 201 475 211
501 201 495 214
507 201 507 213
513 201 513 214
278 207 266 208
297 207 294 204
322 207 318 207
340 207 328 210
353 207 340 215
359 207 343 215
365 207 351 216
371 207 358 216
377 207 363 217
384 207 370 217
421 207 408 217
427 207 409 223
433 207 415 223
445 207 436 221
458 207 443 221
464 207 447 215
470 207 455 216
476 207 462 217
482 207 475 218
489 207 481 219
501 207 494 221
254 213 246 211
278 213 275 210
285 213 279 210
291 213 285 210
297 213 293 210
303 213 300 211
334 213 325 215
346 213 332 217
359 213 345 221
365 213 351 221
371 213 357 223
377 213 362 223
384 213 368 224
390 213 375 223
439 213 421 226
445 213 435 227
458 213 442 228
464 213 446 222
470 213 454 223
476 213 466 224
482 213 473 226
489 213 478 227
495 213 480 229
254 219 247 217
260 219 253 215
266 219 259 216
272 219 267 216
278 219 273 216
285 219 278 217
291 219 284 216
346 219 332 223
353 219 339 225
371 219 356 229
377 219 362 230
384 219 368 230
390 219 375 229
396 219 380 231
439 219 426 239
445 219 433 240
464 219 448 236
470 219 454 234
476 219 460 234
241 225 236 218
260 225 253 221
266 225 259 222
278 225 273 222
285 225 279 223
316 225 303 226
322 225 310 227
328 225 316 227
334 225 324 228
340 225 331 230
353 225 338 231
359 225 344 232
365 225 350 232
384 225 368 237
390 225 374 237
433 225 420 244
458 225 439 240
464 225 446 241
470 225 453 240
476 225 459 239
241 232 236 223
248 232 239 227
254 232 244 227
260 232 252 227
266 232 258 227
272 232 265 227
278 232 272 229
285 232 278 228
291 232 284 223
309 232 295 232
316 232 303 234
322 232 310 233
328 232 316 234
334 232 322 235
340 232 330 235
353 232 337 237
359 232 343 237
365 232 350 238
371 232 355 239
377 232 362 240
384 232 368 244
390 232 373 245
451 232 430 245
458 232 436 245
464 232 444 246
254 238 242 233
260 238 250 232
266 238 257 232
272 238 265 234
316 238 301 239
322 238 308 239
328 238 314 239
334 238 322 240
340 238 329 240
353 238 336 242
359 238 342 244
365 238 349 244
384 238 367 253
445 238 425 251
254 244 242 238
260 244 249 238
266 244 255 239
322 244 307 245
328 244 315 246
334 244 322 246
359 244 341 248
377 244 360 258
384 244 366 260
439 244 416 257
254 250 244 245
260 250 249 245
266 250 255 246
303 250 283 250
309 250 295 251
316 250 301 251
334 250 321 252
340 250 328 253
346 250 334 249
359 250 340 253
365 250 345 255
371 250 352 257
260 256 250 252
266 256 255 252
322 256 307 259
365 256 345 261
377 256 353 265
384 256 359 265
390 256 364 266
260 262 251 258
272 262 261 258
285 262 282 254
316 262 301 263
340 262 334 260
353 262 339 263
365 262 344 267
377 262 353 270
384 262 360 270
390 262 365 272
396 262 371 272
254 269 247 264
266 269 256 265
272 269 260 264
285 269 281 261
297 269 288 263
340 269 325 267
346 269 325 272
353 269 338 269
365 269 344 274
371 269 349 275
384 269 357 275
390 269 365 275
260 275 252 272
272 275 259 271
278 275 265 268
285 275 272 268
291 275 278 268
297 275 285 268
303 275 291 269
365 275 343 279
371 275 349 280
254 281 249 277
285 281 271 274
291 281 279 273
322 281 305 278
334 281 311 283
346 281 326 282
353 281 330 282
359 281 335 283
278 287 261 279
285 287 267 279
291 287 273 279
303 287 285 280
309 287 292 281
316 287 298 283
340 287 318 286
346 287 325 287
353 287 330 288
266 293 251 277
272 293 259 285
285 293 266 286
291 293 273 285
340 293 317 293
266 300 252 284
272 300 258 290
285 300 266 292
291 300 271 293
297 300 278 293
309 300 283 296
322 300 296 296
291 306 270 299
297 306 276 299
309 306 283 301
272 312 257 298
285 312 265 300
278 318 262 304
285 318 270 305
