378 81 493 157
455 81 504 230
461 81 505 236
468 88 495 239
429 94 487 212
468 94 486 240
410 107 471 203
455 107 478 236
461 107 480 243
403 114 463 198
410 114 466 204
455 114 472 238
461 114 474 245
410 120 460 204
429 120 466 217
397 133 446 188
442 133 463 225
391 139 431 178
448 152 420 242
474 152 423 259
403 159 409 203
410 159 410 210
416 159 413 216
423 159 414 223
410 165 405 212
416 165 406 218
416 171 399 220
391 236 340 193
416 236 340 227
429 236 344 240
397 242 327 203
416 242 333 228
429 242 338 240
436 242 340 245
442 242 340 252
365 249 318 183
423 249 328 236
436 249 333 249
358 255 310 177
365 255 311 185
384 255 314 199
391 255 316 206
423 255 322 237
436 255 323 244
442 255 325 252
448 255 328 264
358 262 304 179
365 262 304 187
391 262 309 207
403 262 312 218
416 262 314 232
461 262 322 265
403 268 305 221
423 268 309 235
391 275 305 209
365 287 283 193
461 287 298 271
461 294 292 272
384 300 276 215
358 307 264 190
429 307 285 252
429 313 279 254
352 332 250 185
352 345 237 188
429 345 253 260
448 345 256 274
397 352 240 231
461 352 253 282
358 358 225 199
397 358 233 233
403 358 234 237
410 358 235 244
442 358 242 270
448 358 244 276
378 365 224 220
384 365 225 226
397 365 228 233
403 365 229 239
416 365 231 253
