457 180 413 161
463 180 419 159
475 180 426 145
451 186 403 176
457 186 409 174
463 186 415 170
469 186 422 167
445 192 400 190
451 192 406 185
457 192 412 182
463 192 418 181
317 198 255 211
396 198 359 206
408 198 367 206
414 198 374 205
432 198 392 199
445 198 401 198
451 198 409 196
457 198 415 195
311 204 250 218
451 204 411 206
457 204 418 204
493 204 449 185
384 210 342 225
390 210 357 235
396 210 364 227
408 210 370 227
414 210 377 225
420 210 383 224
469 210 432 215
384 217 344 232
390 217 357 243
396 217 366 242
402 217 373 239
420 217 384 230
469 217 433 223
475 217 439 222
487 217 452 217
445 223 415 239
390 229 361 262
396 229 368 254
402 229 373 254
408 235 376 259
