488 132 536 183
493 132 539 188
498 132 541 204
442 168 482 173
370 173 435 93
370 179 429 98
386 179 439 111
386 184 432 114
365 199 394 114
370 199 397 120
468 291 355 244
473 291 358 250
473 301 344 254
478 301 347 259
483 301 351 265
504 301 366 284
452 307 336 241
463 307 338 246
483 307 341 265
488 307 344 271
493 307 351 276
498 307 355 281
504 307 361 289
509 307 363 294
447 312 326 240
452 312 330 244
463 312 332 249
468 312 336 256
488 312 340 273
493 312 345 281
498 312 350 287
504 312 353 293
509 312 358 299
534 312 370 320
447 317 319 243
458 317 320 249
463 317 325 255
483 317 335 270
493 317 340 286
498 317 345 293
504 317 347 299
509 317 351 305
524 317 359 317
545 317 369 330
452 322 312 248
463 322 320 259
493 322 334 290
504 322 341 304
509 322 346 308
539 322 358 328
483 327 332 278
524 327 353 322
447 332 306 253
452 332 310 259
463 332 311 265
488 337 324 295
493 337 328 301
504 337 333 310
524 337 346 328
478 342 311 286
504 342 327 313
514 342 331 319
519 342 335 324
524 342 340 329
