371 78 506 158
483 90 502 273
406 101 460 215
465 101 491 247
383 107 406 201
406 107 454 216
412 107 456 220
424 113 412 224
524 125 498 301
389 131 394 208
513 131 505 241
342 148 413 159
342 154 409 159
342 160 404 160
465 166 499 213
471 166 498 224
406 172 487 198
412 172 488 202
471 172 493 224
477 172 494 229
347 178 396 169
471 178 488 224
342 184 392 164
347 184 392 170
353 184 392 175
336 190 392 159
342 190 398 164
336 196 386 160
442 196 415 284
383 208 394 197
495 219 418 262
330 225 344 162
442 231 375 258
336 237 342 172
442 243 436 281
483 243 350 297
471 249 419 245
424 255 438 201
336 261 317 175
430 261 290 214
483 261 428 303
330 266 312 169
371 266 308 203
377 266 307 207
330 272 375 165
371 272 303 203
377 272 302 208
442 272 426 282
448 284 416 290
436 290 311 279
465 290 355 297
471 290 356 303
454 314 289 291
406 320 283 274
460 320 288 301
365 331 283 171
448 331 279 291
