0.5353443622589111 0.8171653151512146 -0.2136517018079758 0.05389134585857391 
-0.8404980301856995 0.4903970658779144 -0.2303770929574966 0.1049195304512978 
-0.08348206430673599 0.3029049336910248 0.9493573307991028 -0.2683737576007843 
0 0 0 1 

0.5960343480110168 0.7762051224708557 -0.2055442929267883 0.04712612181901932 
-0.7938312888145447 0.5311379432678223 -0.2961826622486115 0.1211072877049446 
-0.1207262277603149 0.3397025167942047 0.9327525496482849 -0.2597371935844421 
0 0 0 1 

0.6741499304771423 0.7164573669433594 -0.1794729828834534 0.0335053913295269 
-0.7209742069244385 0.5855836272239685 -0.3705237209796906 0.1363343298435211 
-0.1603680849075317 0.3791839182376862 0.9113186001777649 -0.2493830621242523 
0 0 0 1 

0.7382888197898865 0.6547132730484009 -0.1621108055114746 0.02481409534811974 
-0.6463371515274048 0.6180320978164673 -0.4475314915180206 0.1519860178232193 
-0.1928152740001678 0.4351857006549835 0.8794518709182739 -0.2348187118768692 
0 0 0 1 

0.7677333354949951 0.6238454580307007 -0.1462946534156799 0.01779668964445591 
-0.5925208330154419 0.6042585372924805 -0.5327198505401611 0.1712200194597244 
-0.243935227394104 0.4956693947315216 0.8335510492324829 -0.2140597105026245 
0 0 0 1 

0.7944705486297607 0.5886685252189636 -0.1492841839790344 0.01572187803685665 
-0.5345900654792786 0.5612573027610779 -0.6318254470825195 0.196439117193222 
-0.2881490886211395 0.5817725658416748 0.76059889793396 -0.1870352327823639 
0 0 0 1 

0.8176615238189697 0.5581246018409729 -0.1411610543727875 0.01150652393698692 
-0.4768248200416565 0.5191587209701538 -0.7093039751052856 0.2165921330451965 
-0.322595089673996 0.6472796201705933 0.6906238794326782 -0.1623522639274597 
0 0 0 1 

0.8499665260314941 0.507784903049469 -0.1403971016407013 0.008041427470743656 
-0.4105449914932251 0.4713879525661469 -0.7805421352386475 0.2349670976400375 
-0.3301661014556885 0.7210739850997925 0.6091325879096985 -0.1395605504512787 
0 0 0 1 

0.8803445100784302 0.4643011093139648 -0.09704643487930298 -0.006276774220168591 
-0.3231619596481323 0.4373220801353455 -0.8392351269721985 0.248900517821312 
-0.347217321395874 0.7701777815818787 0.5350385308265686 -0.1200588643550873 
0 0 0 1 

0.8837793469429016 0.4606561064720154 -0.08203659951686859 -0.009831668809056282 
-0.2948777675628662 0.4122105240821838 -0.8620496392250061 0.2542020380496979 
-0.3632920980453491 0.786052405834198 0.5001404285430908 -0.1098674982786179 
0 0 0 1 

