-0.2014149278402328 0.6772559285163879 0.7076413631439209 -0.2160874605178833 
-0.9295743107795715 0.09555444866418839 -0.356034904718399 0.1587052494287491 
-0.3087450265884399 -0.7295160293579102 0.6103137135505676 -0.1884866803884506 
0 0 0 1 

-0.1381272673606873 0.6556310057640076 0.7423400282859802 -0.2302268445491791 
-0.958677351474762 0.09971429407596588 -0.2664482891559601 0.1283744871616364 
-0.2487136274576187 -0.7484683990478516 0.6147654056549072 -0.1875349134206772 
0 0 0 1 

-0.1770219206809998 0.5526930689811707 0.8143667578697205 -0.2548438310623169 
-0.9624525904655457 0.07579533755779266 -0.2606526613235474 0.1291072219610214 
-0.2057861238718033 -0.8299307823181152 0.5185236930847168 -0.1510468274354935 
0 0 0 1 

-0.2297956943511963 0.5042935013771057 0.8323951959609985 -0.2595970928668976 
-0.9681709408760071 -0.03128241747617722 -0.2483267784118652 0.1269147396087646 
-0.09919019788503647 -0.8629654049873352 0.4954310059547424 -0.141615092754364 
0 0 0 1 

-0.272722452878952 0.3468309640884399 0.8974019289016724 -0.2726304531097412 
-0.9601796865463257 -0.03933003172278404 -0.2766004204750061 0.1365090757608414 
-0.06063863262534142 -0.9371024966239929 0.3437464833259583 -0.09024343639612198 
0 0 0 1 

-0.3498247861862183 0.2313897609710693 0.9077892303466797 -0.2655476629734039 
-0.9356777667999268 -0.1340340673923492 -0.3264074623584747 0.1523924767971039 
0.0461474135518074 -0.9635836482048035 0.2633947730064392 -0.0701032429933548 
0 0 0 1 

-0.3678980469703674 0.2668304145336151 0.8907594680786133 -0.253380298614502 
-0.9226649403572083 -0.2237407118082047 -0.3140532076358795 0.1455574929714203 
0.1155002415180206 -0.9374120831489563 0.3285089135169983 -0.09873358905315399 
0 0 0 1 

-0.3792337477207184 0.3917661309242249 0.8382724523544312 -0.2319603562355042 
-0.9194375872612 -0.2613718509674072 -0.2938008606433868 0.1369653791189194 
0.1039997190237045 -0.8821585178375244 0.4593257904052734 -0.1463488042354584 
0 0 0 1 

-0.381750077009201 0.02433194033801556 0.9239450693130493 -0.2557317614555359 
-0.9099326133728027 -0.1852584928274155 -0.3710818588733673 0.1583147346973419 
0.1621396541595459 -0.9823883771896362 0.0928630530834198 -0.03731532394886017 
0 0 0 1 

-0.2105861753225327 -0.03852372244000435 0.9768157601356506 -0.2920908033847809 
-0.9088066816329956 -0.3604324460029602 -0.2101393938064575 0.1200395002961159 
0.3601716160774231 -0.931989312171936 0.04089165106415749 -0.04119613394141197 
0 0 0 1 

