358 160 336 204
365 160 342 200
397 160 369 179
404 160 374 177
417 160 382 173
436 160 386 169
442 160 394 166
449 160 401 161
455 160 409 157
293 167 282 241
300 167 289 237
319 167 304 230
326 167 311 227
345 167 327 219
352 167 333 216
365 167 341 210
378 167 354 203
397 167 370 196
404 167 376 192
410 167 382 189
417 167 389 185
423 167 394 182
442 167 399 174
449 167 406 170
455 167 421 163
462 167 429 159
468 167 436 154
345 173 330 226
358 173 338 222
365 173 343 219
378 173 351 215
391 173 364 209
397 173 370 205
410 173 379 203
417 173 385 199
423 173 392 196
430 173 399 192
442 173 407 186
449 173 414 183
455 173 421 180
462 173 427 176
468 173 435 172
475 173 441 168
494 173 466 149
501 173 474 146
507 173 479 144
559 173 519 96
365 180 337 237
391 180 361 221
397 180 368 218
404 180 374 215
410 180 381 212
423 180 391 206
430 180 396 203
436 180 403 199
442 180 410 195
449 180 417 191
455 180 424 188
475 180 440 179
488 180 457 171
494 180 464 167
326 186 310 255
332 186 316 252
365 186 340 244
371 186 345 241
378 186 351 235
384 186 357 232
391 186 363 229
417 186 387 218
423 186 393 214
430 186 399 211
436 186 406 208
449 186 414 203
455 186 419 201
462 186 427 197
468 186 435 191
475 186 442 188
481 186 448 185
488 186 454 182
501 186 470 174
507 186 477 171
533 186 505 155
546 186 510 152
300 193 292 272
313 193 298 269
319 193 305 266
326 193 312 262
339 193 320 258
345 193 325 256
352 193 331 253
378 193 354 241
384 193 360 238
397 193 368 233
423 193 395 220
430 193 402 217
442 193 411 213
449 193 415 210
455 193 423 206
468 193 432 202
475 193 444 196
481 193 451 192
507 193 474 181
533 193 500 167
546 193 513 159
553 193 520 156
559 193 527 153
566 193 535 148
572 193 547 136
579 193 553 133
293 199 291 286
300 199 294 279
313 199 302 275
319 199 309 272
326 199 314 268
339 199 322 265
345 199 328 262
352 199 334 259
358 199 341 255
365 199 348 251
371 199 357 248
404 199 376 237
417 199 392 229
423 199 399 226
430 199 407 222
436 199 415 218
455 199 426 212
468 199 432 208
475 199 439 205
559 199 531 158
579 199 551 143
300 206 297 286
313 206 305 280
319 206 309 278
332 206 320 273
339 206 325 270
345 206 331 268
358 206 340 263
365 206 352 257
404 206 379 243
417 206 394 235
423 206 401 232
430 206 416 226
442 206 424 221
540 206 522 171
546 206 526 169
559 206 535 164
579 206 554 151
358 212 343 269
365 212 355 263
566 212 545 165
572 212 550 162
293 219 299 292
313 219 310 288
319 219 322 282
326 219 328 278
371 219 372 257
410 219 392 247
417 219 399 244
423 219 405 241
430 219 413 238
462 219 441 222
475 219 455 215
553 219 541 175
566 219 547 171
572 219 553 168
579 219 566 160
293 225 303 297
306 225 310 296
326 225 333 285
417 225 402 251
423 225 409 247
430 225 416 244
436 225 425 240
566 225 550 177
572 225 557 173
579 225 569 166
300 232 315 302
319 232 322 298
352 232 347 292
417 232 405 257
423 232 412 253
430 232 420 249
436 232 426 245
442 232 434 243
462 232 445 230
475 232 459 223
546 232 528 187
579 232 573 173
345 238 340 300
352 238 353 293
410 238 398 277
417 238 408 262
423 238 415 259
430 238 423 256
436 238 430 253
442 238 437 250
449 238 440 241
462 238 447 236
520 238 512 205
559 238 552 184
572 238 570 182
430 245 426 263
436 245 434 260
442 245 440 257
488 245 475 221
514 245 507 216
520 245 515 212
527 245 536 200
540 245 543 198
436 251 436 268
501 258 472 252
514 258 482 249
404 264 365 328
410 264 446 281
501 264 470 262
507 264 478 259
475 271 464 265
507 271 482 266
