545 127 529 137
532 133 519 144
538 133 526 145
545 133 532 144
558 133 539 143
481 140 463 144
487 140 470 144
506 140 496 147
513 140 504 151
526 140 518 151
538 140 528 152
545 140 533 150
551 140 539 150
558 140 549 155
564 140 555 156
461 146 445 150
468 146 454 151
474 146 461 152
487 146 475 154
493 146 484 155
506 146 496 154
513 146 506 157
519 146 513 158
526 146 520 163
538 146 528 157
545 146 543 163
551 146 547 163
564 146 555 161
435 153 419 157
442 153 424 153
455 153 443 159
461 153 455 165
468 153 456 159
474 153 463 159
481 153 470 163
487 153 479 163
493 153 486 163
500 153 492 166
513 153 507 165
545 153 542 169
558 153 550 168
564 153 555 168
416 159 385 166
429 159 415 164
435 159 421 163
442 159 435 168
448 159 444 172
455 159 451 171
461 159 457 171
468 159 462 171
474 159 471 172
481 159 477 171
487 159 485 175
493 159 494 175
500 159 501 176
506 159 508 175
519 159 521 177
538 159 537 175
545 159 542 174
558 159 550 174
423 165 414 175
429 165 422 176
435 165 430 176
442 165 437 175
448 165 446 180
455 165 452 178
461 165 459 178
468 165 467 178
474 165 474 179
487 165 489 183
493 165 495 183
500 165 503 183
506 165 509 182
513 165 515 182
416 172 411 184
423 172 418 185
429 172 425 185
442 172 444 187
448 172 450 187
461 172 460 186
468 172 474 190
474 172 482 191
481 172 487 191
487 172 494 190
397 178 388 188
403 178 397 193
429 178 433 195
435 178 439 196
442 178 446 194
448 178 452 194
455 178 459 194
461 178 470 198
468 178 476 199
474 178 484 199
481 178 489 198
487 178 495 197
377 185 374 202
397 185 396 201
403 185 404 204
410 185 413 203
416 185 423 204
429 185 435 204
435 185 442 204
442 185 453 205
448 185 461 205
455 185 467 206
461 185 472 206
474 185 484 205
481 185 490 204
487 185 496 203
365 191 363 211
371 191 370 210
377 191 377 209
390 191 396 212
397 191 403 212
403 191 411 212
410 191 418 213
416 191 425 212
423 191 432 215
429 191 440 215
435 191 448 214
442 191 456 212
448 191 462 213
455 191 468 213
468 191 478 211
474 191 484 210
358 198 357 219
365 198 364 217
371 198 378 223
377 198 384 221
384 198 392 220
390 198 400 220
397 198 407 220
403 198 414 221
410 198 422 223
416 198 430 222
423 198 436 222
429 198 444 222
435 198 451 222
442 198 456 221
448 198 463 220
358 204 359 224
365 204 373 230
371 204 380 230
377 204 387 229
384 204 395 228
390 204 402 228
397 204 409 228
403 204 420 230
410 204 428 230
423 204 437 230
429 204 445 228
332 210 331 235
339 210 339 233
371 210 383 236
377 210 390 235
397 210 416 238
403 210 422 238
545 210 519 214
313 217 312 245
320 217 319 244
326 217 326 243
352 217 366 245
365 217 380 244
371 217 391 249
377 217 397 248
384 217 404 247
390 217 410 246
307 223 305 253
313 223 317 256
320 223 325 256
326 223 332 256
332 223 349 262
345 223 368 259
352 223 374 258
358 223 381 258
365 223 387 256
377 223 398 255
384 223 403 254
300 230 298 261
307 230 305 260
313 230 319 264
326 230 343 270
332 230 354 268
339 230 362 268
345 230 369 267
352 230 375 265
403 230 437 245
287 236 299 282
294 236 293 269
300 236 299 268
313 236 328 273
320 236 340 276
326 236 348 276
332 236 355 276
339 236 364 274
345 236 370 272
352 236 375 271
294 243 309 288
300 243 317 288
307 243 328 286
313 243 335 286
326 243 350 284
332 243 357 282
294 249 311 296
300 249 323 294
307 249 331 294
313 249 339 293
320 249 345 290
326 249 352 289
332 249 356 288
307 256 332 300
307 262 332 307
313 262 337 306
332 262 359 295
300 268 324 315
307 268 333 312
313 268 338 311
326 268 354 303
332 268 359 302
294 275 312 321
300 275 325 321
300 281 320 328
