1.000000000000000000e+00 0.000000000000000000e+00 0.000000000000000000e+00 -3.619798645377159119e-02
0.000000000000000000e+00 1.000000000000000000e+00 0.000000000000000000e+00 -1.327119767665863037e-03
0.000000000000000000e+00 0.000000000000000000e+00 1.000000000000000000e+00 -2.960163652896881104e-01
0.000000000000000000e+00 0.000000000000000000e+00 0.000000000000000000e+00 1.000000000000000000e+00
9.903891086578369141e-01 1.375910639762878418e-01 1.408029068261384964e-02 -4.362760856747627258e-02
-1.366512775421142578e-01 9.891481399536132812e-01 -5.396826565265655518e-02 2.771881036460399628e-02
-2.135307528078556061e-02 5.152548477053642273e-02 9.984431862831115723e-01 -2.967351675033569336e-01
0.000000000000000000e+00 0.000000000000000000e+00 0.000000000000000000e+00 1.000000000000000000e+00
9.715058207511901855e-01 2.350170314311981201e-01 3.071347810328006744e-02 -4.891479387879371643e-02
-2.311089485883712769e-01 9.680572748184204102e-01 -9.722812473773956299e-02 5.166557431221008301e-02
-5.258275195956230164e-02 8.735949546098709106e-02 9.947881698608398438e-01 -2.949398159980773926e-01
0.000000000000000000e+00 0.000000000000000000e+00 0.000000000000000000e+00 1.000000000000000000e+00
9.418962597846984863e-01 3.348265290260314941e-01 2.687834203243255615e-02 -4.685397073626518250e-02
-3.279563486576080322e-01 9.339655041694641113e-01 -1.419618874788284302e-01 7.448706030845642090e-02
-7.263615727424621582e-02 1.248984485864639282e-01 9.895071387290954590e-01 -2.920692861080169678e-01
0.000000000000000000e+00 0.000000000000000000e+00 0.000000000000000000e+00 1.000000000000000000e+00
8.947794437408447266e-01 4.464972615242004395e-01 3.087884047999978065e-03 -3.389308229088783264e-02
-4.399719536304473877e-01 8.828396201133728027e-01 -1.643724441528320312e-01 8.806838840246200562e-02
-7.611797749996185303e-02 1.457185447216033936e-01 9.863936305046081543e-01 -2.909257709980010986e-01
0.000000000000000000e+00 0.000000000000000000e+00 0.000000000000000000e+00 1.000000000000000000e+00
8.322750926017761230e-01 5.540810823440551758e-01 -1.766629144549369812e-02 -2.181209065020084381e-02
-5.476236939430236816e-01 8.167867064476013184e-01 -1.815686821937561035e-01 9.972234070301055908e-02
-8.617424219846725464e-02 1.607894897460937500e-01 9.832195639610290527e-01 -2.902288436889648438e-01
0.000000000000000000e+00 0.000000000000000000e+00 0.000000000000000000e+00 1.000000000000000000e+00
7.552679777145385742e-01 6.526960730552673340e-01 -5.964872613549232483e-02 -1.954773208126425743e-03
-6.521204113960266113e-01 7.392365336418151855e-01 -1.681322604417800903e-01 9.943009167909622192e-02
-6.564484536647796631e-02 1.658830642700195312e-01 9.839579463005065918e-01 -2.929216325283050537e-01
0.000000000000000000e+00 0.000000000000000000e+00 0.000000000000000000e+00 1.000000000000000000e+00
6.908049583435058594e-01 7.186121344566345215e-01 -7.990652322769165039e-02 8.651692420244216919e-03
-7.225420475006103516e-01 6.819953918457031250e-01 -1.132025793194770813e-01 8.159445226192474365e-02
-2.685292623937129974e-02 1.359367370605468750e-01 9.903535842895507812e-01 -2.994597554206848145e-01
0.000000000000000000e+00 0.000000000000000000e+00 0.000000000000000000e+00 1.000000000000000000e+00
5.857823491096496582e-01 8.091906905174255371e-01 -4.547814279794692993e-02 1.199669786728918552e-03
-8.099118471145629883e-01 5.823799967765808105e-01 -6.983017921447753906e-02 6.794606149196624756e-02
-3.002038970589637756e-02 7.773856818675994873e-02 9.965217709541320801e-01 -3.070522546768188477e-01
0.000000000000000000e+00 0.000000000000000000e+00 0.000000000000000000e+00 1.000000000000000000e+00
4.963141679763793945e-01 8.664969205856323242e-01 -5.343193560838699341e-02 8.922829292714595795e-03
-8.679163455963134766e-01 4.938385784626007080e-01 -5.333344265818595886e-02 6.311762332916259766e-02
-1.982652582228183746e-02 7.284462451934814453e-02 9.971463680267333984e-01 -3.108141422271728516e-01
0.000000000000000000e+00 0.000000000000000000e+00 0.000000000000000000e+00 1.000000000000000000e+00
4.025350511074066162e-01 9.131849408149719238e-01 -6.370536983013153076e-02 1.694235019385814667e-02
-9.150813221931457520e-01 4.032668173313140869e-01 -1.494733965955674648e-03 4.435049369931221008e-02
2.432527579367160797e-02 5.889729410409927368e-02 9.979675412178039551e-01 -3.151482641696929932e-01
0.000000000000000000e+00 0.000000000000000000e+00 0.000000000000000000e+00 1.000000000000000000e+00
2.932155430316925049e-01 9.531114697456359863e-01 -7.485131174325942993e-02 2.541987039148807526e-02
-9.545058012008666992e-01 2.962870895862579346e-01 3.365180268883705139e-02 3.147567436099052429e-02
5.425140261650085449e-02 6.157879903912544250e-02 9.966261386871337891e-01 -3.172130584716796875e-01
0.000000000000000000e+00 0.000000000000000000e+00 0.000000000000000000e+00 1.000000000000000000e+00
1.794959306716918945e-01 9.793359637260437012e-01 -9.317665547132492065e-02 3.635429963469505310e-02
-9.811621904373168945e-01 1.850941777229309082e-01 5.532321706414222717e-02 2.322573773562908173e-02
7.142647355794906616e-02 8.149115741252899170e-02 9.941113591194152832e-01 -3.173942565917968750e-01
0.000000000000000000e+00 0.000000000000000000e+00 0.000000000000000000e+00 1.000000000000000000e+00
9.765325486660003662e-02 9.908477067947387695e-01 -9.319394081830978394e-02 4.005274921655654907e-02
-9.902466535568237305e-01 1.060885414481163025e-01 9.031425416469573975e-02 1.039141789078712463e-02
9.937442839145660400e-02 8.346546441316604614e-02 9.915434122085571289e-01 -3.170843124389648438e-01
0.000000000000000000e+00 0.000000000000000000e+00 0.000000000000000000e+00 1.000000000000000000e+00
1.454646978527307510e-02 9.941422343254089355e-01 -1.070962548255920410e-01 4.918286204338073730e-02
-9.971733093261718750e-01 2.231971733272075653e-02 7.174447178840637207e-02 1.811693795025348663e-02
7.371455430984497070e-02 1.057499200105667114e-01 9.916568398475646973e-01 -3.106314539909362793e-01
0.000000000000000000e+00 0.000000000000000000e+00 0.000000000000000000e+00 1.000000000000000000e+00
-9.190171211957931519e-02 8.737455010414123535e-01 -4.776219725608825684e-01 1.767596453428268433e-01
-9.905198216438293457e-01 -3.103426098823547363e-02 1.338181644678115845e-01 -1.744284178130328655e-03
1.021003872156143188e-01 4.853921532630920410e-01 8.683145046234130859e-01 -2.639639079570770264e-01
0.000000000000000000e+00 0.000000000000000000e+00 0.000000000000000000e+00 1.000000000000000000e+00
-1.664672940969467163e-01 8.479636311531066895e-01 -5.032354593276977539e-01 1.868619620800018311e-01
-9.774337410926818848e-01 -7.459706068038940430e-02 1.976314038038253784e-01 -2.429029345512390137e-02
1.300443112850189209e-01 5.247786045074462891e-01 8.412466049194335938e-01 -2.560064494609832764e-01
0.000000000000000000e+00 0.000000000000000000e+00 0.000000000000000000e+00 1.000000000000000000e+00
-1.301790177822113037e-01 7.889233827590942383e-01 -6.005442738533020020e-01 2.111469805240631104e-01
-9.913843870162963867e-01 -1.124369278550148010e-01 6.719462573528289795e-02 1.759854145348072052e-02
-1.451191399246454239e-02 6.041174530982971191e-01 7.967630028724670410e-01 -2.351350039243698120e-01
0.000000000000000000e+00 0.000000000000000000e+00 0.000000000000000000e+00 1.000000000000000000e+00
-8.700619637966156006e-02 7.070661783218383789e-01 -7.017744779586791992e-01 2.334592342376708984e-01
-9.948300719261169434e-01 -2.463275566697120667e-02 9.852083772420883179e-02 1.085063815116882324e-02
5.237410590052604675e-02 7.067182064056396484e-01 7.055538296699523926e-01 -2.162460386753082275e-01
0.000000000000000000e+00 0.000000000000000000e+00 0.000000000000000000e+00 1.000000000000000000e+00
-6.486161798238754272e-02 5.299077033996582031e-01 -8.455713391304016113e-01 2.752257287502288818e-01
-9.851638078689575195e-01 1.009149178862571716e-01 1.388113200664520264e-01 -1.741744461469352245e-03
1.588879823684692383e-01 8.420298099517822266e-01 5.155003666877746582e-01 -1.571186482906341553e-01
0.000000000000000000e+00 0.000000000000000000e+00 0.000000000000000000e+00 1.000000000000000000e+00
-1.244770064949989319e-01 3.906221389770507812e-01 -9.120962023735046387e-01 2.942762672901153564e-01
-9.853630661964416504e-01 5.923667177557945251e-02 1.598453223705291748e-01 -1.221624203026294708e-02
1.164685860276222229e-01 9.186430573463439941e-01 3.775311708450317383e-01 -1.091157793998718262e-01
0.000000000000000000e+00 0.000000000000000000e+00 0.000000000000000000e+00 1.000000000000000000e+00
-1.920704096555709839e-01 2.908044457435607910e-01 -9.373053908348083496e-01 3.034560084342956543e-01
-9.749260544776916504e-01 5.282259359955787659e-02 2.161681950092315674e-01 -3.037514537572860718e-02
1.123735234141349792e-01 9.553231000900268555e-01 2.733673155307769775e-01 -7.636876404285430908e-02
0.000000000000000000e+00 0.000000000000000000e+00 0.000000000000000000e+00 1.000000000000000000e+00
-2.756252288818359375e-01 1.658668667078018188e-01 -9.468466639518737793e-01 3.099041581153869629e-01
-9.591145515441894531e-01 1.839710026979446411e-02 2.824192047119140625e-01 -5.225030705332756042e-02
6.426319479942321777e-02 9.859764575958251953e-01 1.540147513151168823e-01 -3.565718233585357666e-02
0.000000000000000000e+00 0.000000000000000000e+00 0.000000000000000000e+00 1.000000000000000000e+00
-1.906980723142623901e-01 -8.060304522514343262e-01 -5.603117942810058594e-01 1.821023672819137573e-01
-9.523901939392089844e-01 1.359796989709138870e-02 3.045779764652252197e-01 -5.699458345770835876e-02
-2.378799915313720703e-01 5.917180776596069336e-01 -7.702485322952270508e-01 2.714384794235229492e-01
0.000000000000000000e+00 0.000000000000000000e+00 0.000000000000000000e+00 1.000000000000000000e+00
-1.934846788644790649e-01 -8.079570531845092773e-01 -5.565692186355590820e-01 1.798807382583618164e-01
-9.705865979194641113e-01 7.479036599397659302e-02 2.288414537906646729e-01 -3.327104449272155762e-02
-1.432679444551467896e-01 5.844758749008178711e-01 -7.986628413200378418e-01 2.755714356899261475e-01
0.000000000000000000e+00 0.000000000000000000e+00 0.000000000000000000e+00 1.000000000000000000e+00
-1.022061929106712341e-01 -8.109304904937744141e-01 -5.761467218399047852e-01 1.784777492284774780e-01
-9.909825921058654785e-01 3.255561739206314087e-02 1.299750655889511108e-01 3.202642546966671944e-04
-8.664406836032867432e-02 5.842356681823730469e-01 -8.069449663162231445e-01 2.745306193828582764e-01
0.000000000000000000e+00 0.000000000000000000e+00 0.000000000000000000e+00 1.000000000000000000e+00
1.570487953722476959e-02 -8.293356895446777344e-01 -5.585297346115112305e-01 1.629845350980758667e-01
-9.997085332870483398e-01 -2.326352335512638092e-02 6.433366332203149796e-03 4.222268983721733093e-02
-1.832887344062328339e-02 5.582658648490905762e-01 -8.294591307640075684e-01 2.765462100505828857e-01
0.000000000000000000e+00 0.000000000000000000e+00 0.000000000000000000e+00 1.000000000000000000e+00
5.479324609041213989e-02 -8.369365334510803223e-01 -5.445498824119567871e-01 1.550646424293518066e-01
-9.929476380348205566e-01 1.174975838512182236e-02 -1.179701536893844604e-01 8.213107287883758545e-02
1.051318719983100891e-01 5.471734404563903809e-01 -8.303904533386230469e-01 2.684874236583709717e-01
0.000000000000000000e+00 0.000000000000000000e+00 0.000000000000000000e+00 1.000000000000000000e+00
3.366153687238693237e-02 -8.511879444122314453e-01 -5.237801671028137207e-01 1.522605270147323608e-01
-9.794735312461853027e-01 7.611883431673049927e-02 -1.866471171379089355e-01 9.556613862514495850e-02
1.987414509057998657e-01 5.193119049072265625e-01 -8.311542272567749023e-01 2.650675177574157715e-01
0.000000000000000000e+00 0.000000000000000000e+00 0.000000000000000000e+00 1.000000000000000000e+00
-3.974802047014236450e-02 -8.494492173194885254e-01 -5.261707305908203125e-01 1.613245904445648193e-01
-9.931555986404418945e-01 9.146586805582046509e-02 -7.263693958520889282e-02 5.914827063679695129e-02
1.098280251026153564e-01 5.196824073791503906e-01 -8.472709059715270996e-01 2.851090729236602783e-01
0.000000000000000000e+00 0.000000000000000000e+00 0.000000000000000000e+00 1.000000000000000000e+00
-5.105100199580192566e-02 -8.391699790954589844e-01 -5.414679050445556641e-01 1.653817594051361084e-01
-9.942026734352111816e-01 -8.670157752931118011e-03 1.071736365556716919e-01 2.511143684387207031e-03
-9.463161230087280273e-02 5.437998771667480469e-01 -8.338620662689208984e-01 2.992547452449798584e-01
0.000000000000000000e+00 0.000000000000000000e+00 0.000000000000000000e+00 1.000000000000000000e+00
1.216979101300239563e-01 -8.265367746353149414e-01 -5.495693087577819824e-01 1.544668078422546387e-01
-9.875551462173461914e-01 -1.563999354839324951e-01 1.653520949184894562e-02 3.071692772209644318e-02
-9.961966425180435181e-02 5.407177805900573730e-01 -8.352841138839721680e-01 3.024503290653228760e-01
0.000000000000000000e+00 0.000000000000000000e+00 0.000000000000000000e+00 1.000000000000000000e+00
2.112637609243392944e-01 -7.747333645820617676e-01 -5.959494113922119141e-01 1.557573378086090088e-01
-9.497802257537841797e-01 -3.067091703414916992e-01 6.202472746372222900e-02 1.536367554217576981e-02
-2.308356910943984985e-01 5.529174208641052246e-01 -8.006229400634765625e-01 2.972964942455291748e-01
0.000000000000000000e+00 0.000000000000000000e+00 0.000000000000000000e+00 1.000000000000000000e+00
3.208180367946624756e-01 -7.074927091598510742e-01 -6.297059655189514160e-01 1.511908918619155884e-01
-9.148996472358703613e-01 -4.034776687622070312e-01 -1.279741898179054260e-02 3.789316862821578979e-02
-2.450182437896728516e-01 5.802235603332519531e-01 -7.767279148101806641e-01 2.850988805294036865e-01
0.000000000000000000e+00 0.000000000000000000e+00 0.000000000000000000e+00 1.000000000000000000e+00
3.500290811061859131e-01 -7.066839337348937988e-01 -6.148798465728759766e-01 1.431396007537841797e-01
-9.240329861640930176e-01 -3.682292997837066650e-01 -1.028113290667533875e-01 6.725870072841644287e-02
-1.537617295980453491e-01 6.041563749313354492e-01 -7.818903326988220215e-01 2.779304683208465576e-01
0.000000000000000000e+00 0.000000000000000000e+00 0.000000000000000000e+00 1.000000000000000000e+00
3.662647604942321777e-01 -6.921867728233337402e-01 -6.218740940093994141e-01 1.445983201265335083e-01
-9.272698163986206055e-01 -3.272376656532287598e-01 -1.818961054086685181e-01 9.234385192394256592e-02
-7.759460806846618652e-02 6.432671546936035156e-01 -7.616994976997375488e-01 2.652438580989837646e-01
0.000000000000000000e+00 0.000000000000000000e+00 0.000000000000000000e+00 1.000000000000000000e+00
5.291953682899475098e-01 -5.850635766983032227e-01 -6.145348548889160156e-01 1.369968205690383911e-01
-8.441692590713500977e-01 -4.361135959625244141e-01 -3.117421269416809082e-01 1.276874095201492310e-01
-8.561792224645614624e-02 6.837438941001892090e-01 -7.246819138526916504e-01 2.527402043342590332e-01
0.000000000000000000e+00 0.000000000000000000e+00 0.000000000000000000e+00 1.000000000000000000e+00
6.740724444389343262e-01 -4.005160927772521973e-01 -6.206557750701904297e-01 1.348132640123367310e-01
-7.154791951179504395e-01 -5.628888010978698730e-01 -4.138182699680328369e-01 1.569774597883224487e-01
-1.836193501949310303e-01 7.230096459388732910e-01 -6.659889221191406250e-01 2.487532794475555420e-01
0.000000000000000000e+00 0.000000000000000000e+00 0.000000000000000000e+00 1.000000000000000000e+00
6.935996413230895996e-01 -3.135541379451751709e-01 -6.485394239425659180e-01 1.404162347316741943e-01
-6.538430452346801758e-01 -6.518869996070861816e-01 -3.840991854667663574e-01 1.462774425745010376e-01
-3.023386895656585693e-01 6.904543638229370117e-01 -6.571637988090515137e-01 2.574322819709777832e-01
0.000000000000000000e+00 0.000000000000000000e+00 0.000000000000000000e+00 1.000000000000000000e+00
7.413285970687866211e-01 -2.403479665517807007e-01 -6.266295313835144043e-01 1.376798003911972046e-01
-5.792408585548400879e-01 -7.007197737693786621e-01 -4.164999723434448242e-01 1.488543599843978882e-01
-3.389867842197418213e-01 6.717327237129211426e-01 -6.586825847625732422e-01 2.564982771873474121e-01
0.000000000000000000e+00 0.000000000000000000e+00 0.000000000000000000e+00 1.000000000000000000e+00
7.257388830184936523e-01 -2.241307348012924194e-01 -6.504373550415039062e-01 1.530698388814926147e-01
-5.498726963996887207e-01 -7.571631073951721191e-01 -3.526250123977661133e-01 1.212208196520805359e-01
-4.134527444839477539e-01 6.135711669921875000e-01 -6.727459430694580078e-01 2.654774487018585205e-01
0.000000000000000000e+00 0.000000000000000000e+00 0.000000000000000000e+00 1.000000000000000000e+00
7.133511304855346680e-01 -3.204109966754913330e-01 -6.232711672782897949e-01 1.527428776025772095e-01
-5.943991541862487793e-01 -7.477505207061767578e-01 -2.959031462669372559e-01 9.939432889223098755e-02
-3.712408244609832764e-01 5.815545320510864258e-01 -7.238608598709106445e-01 2.787546515464782715e-01
0.000000000000000000e+00 0.000000000000000000e+00 0.000000000000000000e+00 1.000000000000000000e+00
8.024061918258666992e-01 -1.557247489690780640e-01 -5.761023163795471191e-01 1.415208280086517334e-01
-5.315302014350891113e-01 -6.253937482833862305e-01 -5.712767243385314941e-01 1.863502562046051025e-01
-2.713291049003601074e-01 7.646118998527526855e-01 -5.845926403999328613e-01 2.394008189439773560e-01
0.000000000000000000e+00 0.000000000000000000e+00 0.000000000000000000e+00 1.000000000000000000e+00
8.417271375656127930e-01 -8.320544660091400146e-02 -5.334528088569641113e-01 1.265419274568557739e-01
-4.805580675601959229e-01 -5.658155679702758789e-01 -6.700121760368347168e-01 2.188832312822341919e-01
-2.460873425006866455e-01 8.203226923942565918e-01 -5.162476301193237305e-01 2.157447338104248047e-01
0.000000000000000000e+00 0.000000000000000000e+00 0.000000000000000000e+00 1.000000000000000000e+00
8.748338222503662109e-01 -2.360579185187816620e-02 -4.838474392890930176e-01 1.091767549514770508e-01
-4.301436841487884521e-01 -4.972455203533172607e-01 -7.534738779067993164e-01 2.465745955705642700e-01
-2.228047400712966919e-01 8.672883510589599609e-01 -4.451612532138824463e-01 1.910118162631988525e-01
0.000000000000000000e+00 0.000000000000000000e+00 0.000000000000000000e+00 1.000000000000000000e+00
9.019687771797180176e-01 7.140433788299560547e-02 -4.258565306663513184e-01 8.954238891601562500e-02
-3.646498024463653564e-01 -4.022480547428131104e-01 -8.397780656814575195e-01 2.749923467636108398e-01
-2.312637567520141602e-01 9.127422571182250977e-01 -3.367776274681091309e-01 1.554150581359863281e-01
0.000000000000000000e+00 0.000000000000000000e+00 0.000000000000000000e+00 1.000000000000000000e+00
9.552531838417053223e-01 -2.371261566877365112e-01 -1.768122166395187378e-01 2.625971799716353416e-03
-2.433537393808364868e-01 -2.902522981166839600e-01 -9.254903197288513184e-01 2.971247434616088867e-01
1.681378781795501709e-01 9.271055459976196289e-01 -3.349699079990386963e-01 1.301308125257492065e-01
0.000000000000000000e+00 0.000000000000000000e+00 0.000000000000000000e+00 1.000000000000000000e+00
9.824139475822448730e-01 -4.294104501605033875e-02 -1.817101240158081055e-01 6.040205713361501694e-03
-1.866970658302307129e-01 -2.124267071485519409e-01 -9.591761827468872070e-01 3.053735792636871338e-01
2.587929833680391312e-03 9.762329459190368652e-01 -2.167079895734786987e-01 9.882388263940811157e-02
0.000000000000000000e+00 0.000000000000000000e+00 0.000000000000000000e+00 1.000000000000000000e+00
9.841402769088745117e-01 -1.197234392166137695e-01 -1.308984458446502686e-01 -1.179779879748821259e-02
-1.430377811193466187e-01 -9.913067519664764404e-02 -9.847401976585388184e-01 3.111432790756225586e-01
1.049204319715499878e-01 9.878459572792053223e-01 -1.146834492683410645e-01 5.791899934411048889e-02
0.000000000000000000e+00 0.000000000000000000e+00 0.000000000000000000e+00 1.000000000000000000e+00
9.817644357681274414e-01 -1.411912739276885986e-01 -1.272937506437301636e-01 -1.377251278609037399e-02
-1.341711282730102539e-01 -4.027048498392105103e-02 -9.901393651962280273e-01 3.112583160400390625e-01
1.346728801727294922e-01 9.891628026962280273e-01 -5.847987160086631775e-02 3.690401092171669006e-02
0.000000000000000000e+00 0.000000000000000000e+00 0.000000000000000000e+00 1.000000000000000000e+00
9.792200922966003418e-01 -1.811394095420837402e-01 -9.119672328233718872e-02 -2.554612234234809875e-02
-8.502863347530364990e-02 4.154648259282112122e-02 -9.955117702484130859e-01 3.091483414173126221e-01
1.841152608394622803e-01 9.825792908668518066e-01 2.528106048703193665e-02 2.906445646658539772e-03
0.000000000000000000e+00 0.000000000000000000e+00 0.000000000000000000e+00 1.000000000000000000e+00
9.565708041191101074e-01 -2.776925265789031982e-01 -8.865312486886978149e-02 -2.493690885603427887e-02
-5.293393507599830627e-02 1.335938423871994019e-01 -9.896213412284851074e-01 3.033276200294494629e-01
2.866539955139160156e-01 9.513355493545532227e-01 1.130926534533500671e-01 -3.445085510611534119e-02
0.000000000000000000e+00 0.000000000000000000e+00 0.000000000000000000e+00 1.000000000000000000e+00
9.609418511390686035e-01 -2.019569426774978638e-01 -1.892189979553222656e-01 6.077621947042644024e-04
-1.556215733289718628e-01 1.710590273141860962e-01 -9.728929400444030762e-01 3.058984279632568359e-01
2.288500964641571045e-01 9.643402695655822754e-01 1.329488903284072876e-01 -2.845139801502227783e-02
0.000000000000000000e+00 0.000000000000000000e+00 0.000000000000000000e+00 1.000000000000000000e+00
9.664510488510131836e-01 -3.039868548512458801e-02 -2.550457119941711426e-01 2.184231579303741455e-02
-2.454465329647064209e-01 1.832965463399887085e-01 -9.519234299659729004e-01 3.087034821510314941e-01
7.568621635437011719e-02 9.825875163078308105e-01 1.696858704090118408e-01 -2.769513987004756927e-02
0.000000000000000000e+00 0.000000000000000000e+00 0.000000000000000000e+00 1.000000000000000000e+00
9.055287241935729980e-01 3.349866569042205811e-01 -2.603876888751983643e-01 3.774389997124671936e-02
-3.541111052036285400e-01 2.586376368999481201e-01 -8.987278342247009277e-01 3.078145682811737061e-01
-2.337158173322677612e-01 9.060299396514892578e-01 3.528263270854949951e-01 -6.207349896430969238e-02
0.000000000000000000e+00 0.000000000000000000e+00 0.000000000000000000e+00 1.000000000000000000e+00
9.206829667091369629e-01 2.292948663234710693e-01 -3.158584535121917725e-01 5.077157914638519287e-02
-3.808049261569976807e-01 3.501843810081481934e-01 -8.557792305946350098e-01 3.002333343029022217e-01
-8.561715483665466309e-02 9.081820249557495117e-01 4.097254872322082520e-01 -8.975443989038467407e-02
0.000000000000000000e+00 0.000000000000000000e+00 0.000000000000000000e+00 1.000000000000000000e+00
8.829935789108276367e-01 1.407898664474487305e-01 -4.477731287479400635e-01 9.254676848649978638e-02
-4.624185562133789062e-01 4.246667027473449707e-01 -7.783489227294921875e-01 2.864167690277099609e-01
8.057059347629547119e-02 8.943356275558471680e-01 4.400817453861236572e-01 -1.124709695577621460e-01
0.000000000000000000e+00 0.000000000000000000e+00 0.000000000000000000e+00 1.000000000000000000e+00
8.709021806716918945e-01 1.196657940745353699e-01 -4.766652286052703857e-01 1.023902967572212219e-01
-4.660559892654418945e-01 5.088763236999511719e-01 -7.237656712532043457e-01 2.697576880455017090e-01
1.559536159038543701e-01 8.524816632270812988e-01 4.989522993564605713e-01 -1.383641362190246582e-01
0.000000000000000000e+00 0.000000000000000000e+00 0.000000000000000000e+00 1.000000000000000000e+00
8.535656332969665527e-01 1.041590720415115356e-01 -5.104669928550720215e-01 1.136685311794281006e-01
-4.668518304824829102e-01 5.878216624259948730e-01 -6.606925725936889648e-01 2.524386346340179443e-01
2.312463968992233276e-01 8.022571802139282227e-01 5.503714084625244141e-01 -1.572890430688858032e-01
0.000000000000000000e+00 0.000000000000000000e+00 0.000000000000000000e+00 1.000000000000000000e+00
8.327614068984985352e-01 7.012587785720825195e-02 -5.491727590560913086e-01 1.237586736679077148e-01
-4.401580691337585449e-01 6.855369806289672852e-01 -5.799135565757751465e-01 2.280255556106567383e-01
3.358111977577209473e-01 7.246525883674621582e-01 6.017552614212036133e-01 -1.797723323106765747e-01
0.000000000000000000e+00 0.000000000000000000e+00 0.000000000000000000e+00 1.000000000000000000e+00
8.120591640472412109e-01 8.130507171154022217e-02 -5.778834819793701172e-01 1.349557340145111084e-01
-4.383201003074645996e-01 7.387332916259765625e-01 -5.120046734809875488e-01 2.079750895500183105e-01
3.852731585502624512e-01 6.690759658813476562e-01 6.355326771736145020e-01 -1.948863565921783447e-01
0.000000000000000000e+00 0.000000000000000000e+00 0.000000000000000000e+00 1.000000000000000000e+00
7.829400300979614258e-01 1.219270825386047363e-01 -6.100317239761352539e-01 1.485502570867538452e-01
-4.428696334362030029e-01 7.979040741920471191e-01 -4.089199900627136230e-01 1.774373352527618408e-01
4.368883371353149414e-01 5.903244614601135254e-01 6.787089109420776367e-01 -2.137369513511657715e-01
0.000000000000000000e+00 0.000000000000000000e+00 0.000000000000000000e+00 1.000000000000000000e+00
7.499182820320129395e-01 1.881504803895950317e-01 -6.342095136642456055e-01 1.607380956411361694e-01
-4.545999169349670410e-01 8.430420160293579102e-01 -2.874349653720855713e-01 1.410692483186721802e-01
4.805842339992523193e-01 5.038642883300781250e-01 7.177459001541137695e-01 -2.311672121286392212e-01
0.000000000000000000e+00 0.000000000000000000e+00 0.000000000000000000e+00 1.000000000000000000e+00
7.233091592788696289e-01 2.535565793514251709e-01 -6.422870159149169922e-01 1.674426794052124023e-01
-4.557289481163024902e-01 8.740916848182678223e-01 -1.681509613990783691e-01 1.046477779746055603e-01
5.187818408012390137e-01 4.143339991569519043e-01 7.477915883064270020e-01 -2.455472201108932495e-01
0.000000000000000000e+00 0.000000000000000000e+00 0.000000000000000000e+00 1.000000000000000000e+00
6.971874237060546875e-01 3.394838869571685791e-01 -6.314111351966857910e-01 1.675198972225189209e-01
-4.357473254203796387e-01 9.000647068023681641e-01 2.787346951663494110e-03 5.109445005655288696e-02
5.692571401596069336e-01 2.731924951076507568e-01 7.754430770874023438e-01 -2.599112093448638916e-01
0.000000000000000000e+00 0.000000000000000000e+00 0.000000000000000000e+00 1.000000000000000000e+00
6.839677691459655762e-01 3.875115811824798584e-01 -6.180799007415771484e-01 1.625113934278488159e-01
-3.655007779598236084e-01 9.152711033821105957e-01 1.693752408027648926e-01 -6.628179922699928284e-03
6.313455104827880859e-01 1.100615411996841431e-01 7.676517963409423828e-01 -2.591696381568908691e-01
0.000000000000000000e+00 0.000000000000000000e+00 0.000000000000000000e+00 1.000000000000000000e+00
6.765983700752258301e-01 4.202876091003417969e-01 -6.046261191368103027e-01 1.573012620210647583e-01
-2.985835075378417969e-01 9.071692228317260742e-01 2.964655756950378418e-01 -5.166699737310409546e-02
6.730989813804626465e-01 -2.005664631724357605e-02 7.392802238464355469e-01 -2.526402473449707031e-01
0.000000000000000000e+00 0.000000000000000000e+00 0.000000000000000000e+00 1.000000000000000000e+00
6.695598959922790527e-01 4.528259336948394775e-01 -5.887597799301147461e-01 1.521011292934417725e-01
-2.353151738643646240e-01 8.811584115028381348e-01 4.101056456565856934e-01 -9.115667641162872314e-02
7.044970989227294922e-01 -1.360461264848709106e-01 6.965451836585998535e-01 -2.408149093389511108e-01
0.000000000000000000e+00 0.000000000000000000e+00 0.000000000000000000e+00 1.000000000000000000e+00
6.651057600975036621e-01 4.850203990936279297e-01 -5.677935481071472168e-01 1.455023288726806641e-01
-1.549796015024185181e-01 8.334536552429199219e-01 5.304114222526550293e-01 -1.353248655796051025e-01
7.304899692535400391e-01 -2.647832632064819336e-01 6.295030713081359863e-01 -2.216581106185913086e-01
0.000000000000000000e+00 0.000000000000000000e+00 0.000000000000000000e+00 1.000000000000000000e+00
6.439132690429687500e-01 5.216385722160339355e-01 -5.597041249275207520e-01 1.439868807792663574e-01
-9.289102256298065186e-02 7.794347405433654785e-01 6.195583939552307129e-01 -1.690545827150344849e-01
7.594384551048278809e-01 -3.469503521919250488e-01 5.503439903259277344e-01 -1.983871161937713623e-01
0.000000000000000000e+00 0.000000000000000000e+00 0.000000000000000000e+00 1.000000000000000000e+00
6.583822965621948242e-01 5.335737466812133789e-01 -5.308782458305358887e-01 1.340514123439788818e-01
-3.118485957384109497e-02 7.240455150604248047e-01 6.890468001365661621e-01 -1.967883855104446411e-01
7.520373463630676270e-01 -4.371007978916168213e-01 4.933381974697113037e-01 -1.811671257019042969e-01
0.000000000000000000e+00 0.000000000000000000e+00 0.000000000000000000e+00 1.000000000000000000e+00
6.749287247657775879e-01 5.378505587577819824e-01 -5.051612854003906250e-01 1.250850558280944824e-01
2.466848678886890411e-02 6.677793860435485840e-01 7.439503073692321777e-01 -2.192219346761703491e-01
7.374703884124755859e-01 -5.145749449729919434e-01 4.374355673789978027e-01 -1.648111194372177124e-01
0.000000000000000000e+00 0.000000000000000000e+00 0.000000000000000000e+00 1.000000000000000000e+00
7.154138088226318359e-01 5.262737274169921875e-01 -4.595856368541717529e-01 1.084120273590087891e-01
6.657730042934417725e-02 6.034319996833801270e-01 7.946302294731140137e-01 -2.400088310241699219e-01
6.955217123031616211e-01 -5.990874171257019043e-01 3.966656625270843506e-01 -1.526339054107666016e-01
0.000000000000000000e+00 0.000000000000000000e+00 0.000000000000000000e+00 1.000000000000000000e+00
7.310197353363037109e-01 5.374373793601989746e-01 -4.204417169094085693e-01 9.434971213340759277e-02
1.043542996048927307e-01 5.208602547645568848e-01 8.472394943237304688e-01 -2.639310359954833984e-01
6.743295788764953613e-01 -6.632236242294311523e-01 3.246752321720123291e-01 -1.325380951166152954e-01
0.000000000000000000e+00 0.000000000000000000e+00 0.000000000000000000e+00 1.000000000000000000e+00
