314 146 311 197
332 152 319 200
338 152 326 198
388 152 392 166
357 158 324 230
363 158 331 228
369 158 338 225
376 158 345 223
382 158 352 219
394 158 363 215
338 164 313 246
357 164 327 238
363 164 332 235
369 164 339 232
376 164 345 229
382 164 354 225
388 164 360 223
332 170 309 253
357 170 328 246
376 170 348 237
382 170 356 233
388 170 363 230
394 170 370 227
406 170 380 219
413 170 388 216
431 170 409 208
308 176 283 232
326 176 305 262
332 176 312 260
388 176 367 237
394 176 373 234
400 176 380 231
406 176 383 227
425 176 400 220
456 176 433 206
499 176 437 156
505 176 444 153
406 183 386 233
419 183 396 234
425 183 402 226
450 183 433 214
462 183 441 209
468 183 446 207
481 183 462 200
499 183 479 189
518 183 514 175
388 189 369 245
394 189 376 244
400 189 383 241
468 189 451 215
481 189 465 208
518 189 517 184
555 189 521 172
382 195 358 259
388 195 365 257
394 195 377 251
400 195 383 249
425 195 331 189
456 195 442 233
499 195 485 205
505 195 493 201
573 195 563 166
579 195 571 162
505 201 494 207
511 201 501 204
518 201 515 200
549 201 542 187
579 201 573 170
505 207 503 211
518 207 517 206
536 207 537 198
549 207 544 194
567 207 558 187
573 207 570 182
505 214 505 216
511 214 512 214
518 214 519 211
481 220 445 177
481 226 448 182
419 232 450 255
419 238 452 262
425 238 461 259
542 238 511 229
406 244 287 253
431 244 418 257
437 244 426 255
450 244 447 263
536 244 513 235
425 251 413 277
431 251 419 272
437 251 428 267
444 251 444 279
518 251 514 275
493 257 503 272
518 257 515 281
462 263 474 277
487 263 500 282
493 263 507 280
468 269 483 281
