314 146 303 166
326 146 310 170
326 152 310 177
338 152 323 174
345 152 330 171
320 158 307 186
326 158 311 184
345 158 330 178
357 158 343 177
363 158 349 176
382 158 378 172
388 158 385 171
326 164 312 192
332 164 318 191
338 164 338 189
351 164 352 186
338 170 340 196
345 170 347 195
363 170 352 192
388 170 378 186
406 170 390 184
413 170 398 183
314 176 302 207
338 176 341 201
394 176 379 192
406 176 390 191
413 176 399 190
419 176 406 189
437 176 431 186
444 176 438 185
456 176 444 183
505 176 504 168
363 183 353 201
394 183 381 199
400 183 387 198
413 183 399 197
419 183 407 195
425 183 412 194
431 183 419 193
437 183 431 192
450 183 438 191
456 183 443 190
462 183 452 189
499 183 496 179
505 183 503 177
511 183 510 176
518 183 517 176
308 189 295 213
369 189 360 207
376 189 367 206
388 189 375 205
394 189 382 205
400 189 387 204
406 189 393 204
413 189 399 204
419 189 407 202
425 189 413 201
505 189 499 189
511 189 510 186
518 189 517 185
524 189 524 185
555 189 550 180
561 189 556 179
567 189 562 179
345 195 349 213
388 195 375 214
406 195 394 215
413 195 400 210
419 195 407 208
425 195 413 207
505 195 499 196
518 195 510 193
524 195 518 192
530 195 525 191
536 195 531 190
542 195 538 189
549 195 544 188
555 195 550 186
561 195 556 185
567 195 562 185
573 195 568 184
579 195 575 183
499 201 499 211
505 201 500 205
511 201 507 204
518 201 512 203
549 201 546 195
555 201 551 193
561 201 557 192
567 201 563 191
573 201 569 190
579 201 576 190
499 207 500 220
511 207 508 211
518 207 514 210
561 207 559 199
567 207 565 198
573 207 571 197
579 207 577 196
400 214 388 232
499 214 501 226
511 214 510 223
518 214 515 223
567 214 566 204
573 214 573 202
579 214 578 202
406 220 396 238
518 220 515 230
567 220 567 210
406 226 397 243
431 226 435 218
511 226 509 232
511 238 510 237
487 244 483 245
493 244 489 244
499 244 496 244
505 244 502 243
511 244 508 243
518 244 514 243
487 251 483 251
493 251 490 251
499 251 496 250
505 251 502 251
511 251 508 250
518 251 515 250
493 257 491 257
499 257 497 257
505 257 502 257
