295 111 480 159
400 122 355 195
463 127 364 188
463 132 365 195
468 132 372 194
500 132 492 146
500 137 492 152
505 137 498 151
510 137 504 150
500 143 488 158
510 143 499 156
500 148 487 163
505 148 493 162
510 148 499 162
295 169 279 217
337 169 314 258
342 169 319 257
295 174 280 224
300 174 285 222
342 174 320 263
310 179 302 227
321 179 326 227
321 185 328 234
426 185 379 241
500 185 482 231
279 190 273 213
389 190 336 226
431 190 386 247
442 190 418 271
500 190 482 238
505 190 489 238
421 195 374 249
426 195 381 249
431 195 387 252
452 195 423 229
279 200 276 248
295 200 308 265
452 200 416 226
489 200 466 246
421 206 419 231
468 206 458 224
500 206 485 222
274 211 268 227
279 211 278 258
373 211 342 225
468 211 459 231
500 211 487 231
284 216 285 263
289 216 290 262
489 216 484 254
284 222 286 268
368 222 288 240
284 227 286 272
289 227 292 272
342 227 314 294
347 227 325 292
289 232 299 284
442 232 379 272
479 237 463 270
421 243 434 297
368 258 284 285
484 258 487 273
494 258 508 258
452 264 463 303
468 264 424 304
479 264 484 296
484 264 490 294
489 269 503 297
484 274 497 305
