-0.2753865420818329 0.1623544692993164 -0.9475247263908386 0.3103451728820801 
-0.9592405557632446 0.01859612762928009 0.2819780707359314 -0.05203666165471077 
0.06340066343545914 0.9865571856498718 0.1506159752607346 -0.03460298106074333 
0 0 0 1 

-0.2057413756847382 -0.7629841566085815 -0.6128013134002686 0.1999726742506027 
-0.9505658149719238 0.006985981483012438 0.3104442358016968 -0.05847782269120216 
-0.2325830906629562 0.646379292011261 -0.726703941822052 0.2579769790172577 
0 0 0 1 

-0.201140895485878 -0.766040563583374 -0.610511302947998 0.1979878693819046 
-0.9690926671028137 0.06473717838525772 0.2380513399839401 -0.03621116280555725 
-0.142834261059761 0.6395239233970642 -0.7553855180740356 0.2623761892318726 
0 0 0 1 

-0.1064645498991013 -0.7637328505516052 -0.6366926431655884 0.1984537392854691 
-0.9900726079940796 0.02232744358479977 0.1387724578380585 -0.002565133385360241 
-0.09176936000585556 0.6451461911201477 -0.7585281133651733 0.260285884141922 
0 0 0 1 

0.01694153621792793 -0.7810728549957275 -0.6242098212242126 0.1841068118810654 
-0.9993437528610229 -0.03321419656276703 0.01443841215223074 0.03918999806046486 
-0.03201016783714294 0.6235556602478027 -0.7811230421066284 0.2632456421852112 
0 0 0 1 

0.06587908416986465 -0.7871713638305664 -0.6132053732872009 0.1763710528612137 
-0.9941556453704834 0.0008923076675273478 -0.1079509109258652 0.0779065266251564 
0.08552293479442596 0.6167333722114563 -0.7825120687484741 0.2559108436107635 
0 0 0 1 

0.05254039168357849 -0.8003034591674805 -0.5972889065742493 0.1748856902122498 
-0.9820683598518372 0.06703368574380875 -0.176205575466156 0.09174428135156631 
0.1810564249753952 0.5958364009857178 -0.7824305891990662 0.2518368661403656 
0 0 0 1 

-0.02887151204049587 -0.7987214922904968 -0.6010077595710754 0.1856354624032974 
-0.9945902228355408 0.08297497034072876 -0.06249241903424263 0.05538181960582733 
0.09978259354829788 0.5959522128105164 -0.7967962026596069 0.2704116404056549 
0 0 0 1 

-0.06247513741254807 -0.7871464490890503 -0.6135936379432678 0.1907630562782288 
-0.9929515719413757 -0.01301945745944977 0.1178029850125313 -0.001476424629800022 
-0.1007169410586357 0.6166285872459412 -0.7807847857475281 0.2834464013576508 
0 0 0 1 

0.111209973692894 -0.7843363881111145 -0.6102855801582336 0.1768852323293686 
-0.9872829914093018 -0.1573901623487473 0.02236862294375896 0.02937113307416439 
-0.113597497344017 0.6000370383262634 -0.791865348815918 0.289228230714798 
0 0 0 1 

