485 125 494 158
459 131 475 158
472 131 482 161
478 131 487 162
459 138 465 165
478 138 485 168
446 144 444 172
466 144 472 173
472 144 478 173
421 150 419 170
472 150 477 180
402 157 398 174
408 157 405 175
414 157 411 176
440 157 443 184
446 157 449 185
395 163 389 179
402 163 396 180
408 163 402 181
414 163 409 182
434 163 436 188
395 170 381 186
402 170 395 186
408 170 401 187
440 170 440 197
357 176 335 181
402 176 385 194
414 176 407 192
440 176 438 202
325 182 320 182
350 182 327 185
357 182 333 186
414 182 406 199
453 182 450 208
459 182 457 209
318 189 312 187
363 189 365 194
370 189 373 195
408 189 396 207
421 189 410 207
440 189 429 213
453 189 448 214
459 189 456 215
312 195 305 190
318 195 310 194
338 195 325 196
357 195 365 199
363 195 370 201
370 195 377 202
427 195 414 217
434 195 421 218
440 195 426 220
453 195 447 220
459 195 454 221
338 202 324 203
344 202 332 205
357 202 362 206
363 202 369 208
370 202 376 209
376 202 383 211
382 202 388 213
472 202 464 229
498 202 484 235
504 202 489 238
510 202 497 238
254 208 267 188
261 208 272 189
344 208 330 212
357 208 347 217
363 208 368 215
370 208 374 216
427 208 411 227
453 208 441 224
498 208 484 242
504 208 489 244
510 208 496 245
517 208 503 247
242 214 237 193
344 214 333 215
357 214 346 223
402 214 384 226
408 214 391 228
427 214 409 234
498 214 481 249
504 214 494 250
517 214 501 253
235 221 231 200
248 221 244 200
254 221 249 201
261 221 263 203
312 221 298 220
338 221 324 220
344 221 333 220
350 221 338 222
395 221 377 232
402 221 382 234
427 221 408 241
440 221 420 242
446 221 427 242
453 221 434 244
504 221 494 256
229 227 224 204
248 227 242 206
325 227 309 224
338 227 323 226
350 227 332 228
357 227 343 230
376 227 365 233
382 227 370 234
402 227 382 240
408 227 388 240
427 227 407 247
242 234 237 212
318 234 303 229
338 234 323 232
344 234 328 233
357 234 344 237
376 234 363 240
395 234 374 244
408 234 379 250
427 234 406 254
242 240 234 217
318 240 302 235
338 240 316 238
344 240 322 239
350 240 334 240
357 240 341 242
363 240 348 244
376 240 362 246
402 240 370 256
408 240 377 257
414 240 385 258
427 240 404 259
440 240 417 261
446 240 422 263
235 246 226 222
242 246 231 223
344 246 322 245
350 246 332 247
357 246 339 248
312 253 292 247
389 253 348 264
299 259 278 251
242 266 227 238
254 266 240 242
293 266 269 255
350 266 323 266
357 266 329 268
363 266 334 268
248 272 232 248
254 272 239 249
357 272 328 274
363 272 334 275
248 278 230 254
254 278 237 256
350 278 321 279
254 285 235 262
274 285 263 266
280 285 274 268
274 291 261 272
280 291 267 273
254 298 232 274
261 298 237 275
274 298 259 279
280 298 267 280
280 304 266 285
261 310 235 286
