196 25 214 42
201 25 227 41
205 25 230 41
213 25 235 40
230 25 239 43
238 25 252 43
192 30 210 46
201 30 227 46
205 30 231 45
267 30 298 46
271 30 302 46
188 34 205 51
192 34 209 51
217 34 226 54
234 34 251 51
267 34 298 50
271 34 302 51
188 38 205 55
192 38 209 55
259 38 295 58
267 38 281 54
296 38 289 46
305 38 320 50
188 42 205 58
205 42 236 58
221 42 237 66
263 42 278 59
271 42 264 52
292 42 277 52
188 46 205 62
192 46 209 60
230 46 265 65
271 46 304 63
275 46 286 61
280 46 290 59
192 50 209 66
196 50 214 66
221 50 253 69
226 50 261 70
230 50 265 69
242 50 274 69
251 50 282 68
255 50 270 64
275 50 287 64
280 50 290 63
296 50 311 67
325 50 341 61
188 55 205 68
201 55 232 70
217 55 249 73
221 55 254 73
226 55 259 74
230 55 265 73
238 55 270 73
242 55 274 73
246 55 279 72
251 55 282 72
296 55 312 71
300 55 316 71
188 59 205 71
205 59 236 73
213 59 245 77
217 59 249 77
221 59 254 77
226 59 258 77
234 59 267 77
238 59 271 76
242 59 273 77
246 59 279 76
251 59 282 76
255 59 287 76
280 59 295 72
284 59 313 75
300 59 315 75
305 59 320 75
309 59 326 75
313 59 329 73
188 63 206 75
196 63 224 78
201 63 232 78
205 63 237 78
209 63 241 79
217 63 249 80
221 63 254 80
226 63 259 80
230 63 263 80
234 63 267 80
238 63 271 80
242 63 274 80
246 63 278 81
251 63 283 79
255 63 287 80
271 63 304 80
280 63 309 78
284 63 313 79
300 63 316 79
305 63 320 78
317 63 333 75
205 67 238 82
209 67 241 83
213 67 246 85
217 67 250 84
221 67 254 84
226 67 258 84
230 67 263 84
238 67 271 84
242 67 274 84
246 67 279 84
251 67 283 84
255 67 287 83
259 67 290 84
263 67 296 84
267 67 301 84
271 67 305 84
275 67 309 84
280 67 312 83
305 67 321 82
309 67 329 83
188 71 206 80
192 71 211 80
205 71 237 87
209 71 241 88
213 71 246 89
217 71 250 89
221 71 255 89
226 71 258 88
230 71 262 88
234 71 267 88
238 71 271 88
242 71 274 88
246 71 279 88
251 71 283 87
255 71 287 88
259 71 291 87
263 71 296 88
267 71 300 88
271 71 304 88
275 71 308 87
280 71 313 88
296 71 316 87
309 71 329 86
317 71 339 86
205 75 238 95
209 75 241 94
213 75 246 93
217 75 250 93
221 75 254 93
226 75 259 93
230 75 263 93
234 75 267 93
238 75 271 92
242 75 275 92
246 75 280 93
251 75 284 92
255 75 288 92
259 75 292 92
263 75 296 92
267 75 300 92
271 75 303 91
275 75 308 91
280 75 313 91
284 75 317 92
300 75 322 91
188 80 206 84
209 80 242 98
238 80 271 96
242 80 276 97
246 80 281 97
251 80 285 97
255 80 289 97
259 80 293 97
263 80 296 96
267 80 300 96
271 80 303 95
275 80 308 95
280 80 312 96
284 80 316 96
292 80 323 96
296 80 326 96
188 84 206 88
192 84 211 87
201 84 228 100
209 84 242 102
213 84 245 102
217 84 250 102
221 84 254 102
234 84 267 101
238 84 271 101
242 84 276 101
246 84 281 101
251 84 285 101
255 84 289 101
259 84 293 100
263 84 296 101
267 84 300 100
271 84 303 100
275 84 308 100
284 84 315 100
288 84 319 100
292 84 322 100
296 84 325 99
201 88 230 105
205 88 234 104
209 88 238 104
217 88 250 107
221 88 255 106
226 88 259 106
238 88 272 105
242 88 276 105
246 88 280 105
251 88 285 105
255 88 289 104
259 88 292 104
263 88 296 104
267 88 300 103
271 88 304 104
275 88 309 104
284 88 315 104
288 88 319 103
292 88 321 103
300 88 327 103
305 88 330 103
317 88 334 112
192 92 216 104
196 92 221 104
230 92 259 110
234 92 268 109
238 92 272 109
242 92 275 109
246 92 280 109
251 92 285 109
255 92 289 108
259 92 293 108
263 92 297 108
267 92 301 107
275 92 308 109
284 92 315 108
288 92 318 107
292 92 321 107
300 92 326 107
305 92 330 107
309 92 335 108
317 92 334 116
196 96 216 97
209 96 238 116
234 96 269 114
238 96 272 113
242 96 276 113
246 96 281 113
251 96 284 113
255 96 289 113
263 96 297 113
267 96 301 113
271 96 306 113
275 96 308 112
284 96 314 112
288 96 317 112
296 96 322 111
300 96 326 111
305 96 330 111
192 100 212 105
196 100 216 101
234 100 269 118
238 100 272 118
242 100 276 117
246 100 281 117
251 100 284 117
255 100 292 118
259 100 297 118
271 100 305 117
275 100 309 117
284 100 315 116
288 100 318 115
296 100 322 116
300 100 325 116
305 100 329 116
184 105 204 110
192 105 217 113
213 105 243 121
217 105 248 120
230 105 264 123
234 105 269 122
238 105 272 122
242 105 276 121
246 105 281 122
251 105 285 122
255 105 288 122
259 105 293 122
263 105 297 122
267 105 301 121
271 105 305 121
275 105 309 121
284 105 315 120
288 105 319 120
296 105 323 119
300 105 326 120
305 105 330 120
184 109 204 114
192 109 218 117
196 109 225 125
201 109 230 125
234 109 268 127
238 109 272 126
242 109 277 126
246 109 281 126
251 109 285 126
255 109 289 126
259 109 293 126
263 109 298 126
267 109 300 125
271 109 306 126
275 109 309 125
284 109 315 124
288 109 318 124
296 109 323 123
300 109 326 124
305 109 330 124
192 113 221 129
209 113 244 130
213 113 248 130
238 113 273 130
242 113 277 130
246 113 282 130
251 113 285 130
255 113 289 130
259 113 292 129
263 113 296 129
267 113 301 129
271 113 306 129
275 113 310 129
280 113 313 129
288 113 318 128
300 113 326 128
201 117 232 137
205 117 235 136
209 117 245 134
242 117 278 134
246 117 282 134
251 117 286 134
255 117 290 134
259 117 293 134
263 117 296 133
267 117 301 133
271 117 306 133
275 117 310 134
284 117 315 132
288 117 318 132
296 117 324 131
300 117 326 132
217 121 253 137
234 121 257 136
242 121 278 139
246 121 282 138
251 121 286 138
255 121 290 138
259 121 294 138
263 121 297 137
267 121 302 137
271 121 306 137
275 121 310 138
288 121 319 136
296 121 324 134
300 121 327 136
309 121 332 137
192 125 223 143
201 125 231 142
234 125 256 141
242 125 278 143
246 125 282 142
251 125 285 142
255 125 289 142
259 125 293 142
263 125 298 141
271 125 306 141
284 125 315 139
288 125 319 140
300 125 327 141
309 125 333 141
192 129 224 148
201 129 240 141
213 129 240 145
246 129 282 146
251 129 285 146
255 129 289 146
259 129 293 147
267 129 302 144
271 129 306 145
284 129 315 143
288 129 319 144
296 129 324 143
196 134 231 154
213 134 239 151
242 134 278 149
251 134 286 151
255 134 290 151
259 134 294 151
263 134 298 151
267 134 302 150
271 134 307 151
280 134 311 149
284 134 315 148
296 134 323 147
300 134 327 146
192 138 227 158
209 138 236 158
217 138 243 155
226 138 252 154
230 138 257 153
238 138 274 154
242 138 278 154
246 138 283 153
255 138 291 154
259 138 294 155
263 138 298 155
267 138 303 156
275 138 307 154
280 138 311 154
288 138 316 152
292 138 320 151
296 138 323 150
180 142 206 164
184 142 211 163
188 142 215 164
192 142 228 163
201 142 240 154
205 142 241 166
226 142 252 157
230 142 256 157
234 142 269 157
242 142 278 158
246 142 282 158
255 142 291 158
259 142 294 159
267 142 300 160
271 142 304 159
275 142 308 159
288 142 317 155
292 142 320 154
176 146 203 167
184 146 214 168
192 146 227 168
196 146 233 167
201 146 237 168
221 146 257 171
234 146 269 162
238 146 274 162
259 146 294 163
263 146 299 163
271 146 304 163
275 146 308 163
284 146 313 160
288 146 316 159
292 146 320 158
305 146 328 154
176 150 207 172
180 150 212 172
184 150 215 172
188 150 223 172
192 150 227 171
196 150 233 171
201 150 236 170
205 150 239 171
230 150 267 169
234 150 270 168
238 150 274 168
242 150 278 168
246 150 283 168
251 150 286 168
275 150 309 168
288 150 317 163
292 150 320 162
176 154 208 176
180 154 212 175
184 154 219 176
188 154 223 175
192 154 227 175
196 154 232 174
201 154 236 174
205 154 240 175
209 154 244 175
234 154 270 172
238 154 275 173
242 154 280 171
251 154 288 171
255 154 291 170
259 154 295 169
271 154 307 171
292 154 320 167
300 154 328 167
176 159 208 179
180 159 212 179
184 159 219 179
188 159 223 178
192 159 228 179
196 159 232 179
201 159 236 178
205 159 240 179
209 159 245 179
213 159 249 179
242 159 280 176
246 159 284 175
251 159 288 175
255 159 292 175
259 159 296 174
263 159 299 173
267 159 303 175
271 159 307 175
275 159 311 175
284 159 318 175
292 159 321 172
296 159 325 171
300 159 329 172
176 163 208 183
180 163 213 183
184 163 219 183
188 163 223 183
192 163 228 183
196 163 232 183
201 163 236 183
205 163 241 183
209 163 245 182
213 163 249 182
217 163 255 178
221 163 258 177
230 163 267 178
242 163 280 180
246 163 284 180
251 163 289 180
255 163 293 179
259 163 296 179
263 163 300 179
267 163 303 179
271 163 308 179
280 163 314 180
284 163 318 179
288 163 321 179
296 163 326 177
300 163 330 176
176 167 208 188
180 167 213 187
184 167 219 187
188 167 224 187
192 167 229 187
196 167 232 188
201 167 237 187
205 167 242 187
209 167 246 186
213 167 249 186
221 167 258 182
230 167 266 186
238 167 275 186
242 167 279 186
246 167 284 185
251 167 289 184
255 167 293 184
259 167 296 184
263 167 300 184
267 167 304 183
292 167 325 181
300 167 330 180
184 171 220 191
188 171 224 191
192 171 229 192
196 171 233 192
201 171 237 191
238 171 275 190
242 171 279 190
251 171 288 189
259 171 296 188
263 171 300 188
271 171 309 186
275 171 312 186
288 171 322 185
292 171 325 185
300 171 330 183
180 175 213 196
184 175 220 196
188 175 224 195
192 175 229 196
196 175 234 196
201 175 238 195
242 175 279 194
255 175 293 190
267 175 305 190
271 175 309 189
275 175 313 189
284 175 318 190
288 175 322 189
292 175 325 189
300 175 330 188
184 179 218 200
192 179 229 200
213 179 250 196
230 179 268 194
251 179 289 194
255 179 293 194
259 179 297 194
263 179 301 193
267 179 305 193
271 179 309 193
284 179 318 194
288 179 322 193
292 179 325 193
242 184 279 199
251 184 288 198
280 184 313 198
284 184 318 197
288 184 322 197
300 184 330 196
201 188 234 205
205 188 238 205
234 188 272 203
275 188 289 202
284 188 318 201
188 192 209 209
205 192 238 210
209 192 242 209
213 192 247 209
217 192 251 209
221 192 259 209
226 192 263 208
230 192 268 208
234 192 272 207
238 192 276 207
296 192 318 205
205 196 238 214
209 196 242 213
217 196 254 213
221 196 259 213
226 196 263 212
230 196 268 212
234 196 272 212
238 196 276 211
284 196 306 209
288 196 310 209
292 196 314 209
296 196 319 209
300 196 326 206
209 200 239 218
213 200 244 218
217 200 255 217
221 200 259 217
226 200 263 217
230 200 268 216
234 200 272 216
242 200 276 216
246 200 280 215
263 200 289 215
275 200 285 215
284 200 307 213
288 200 310 213
292 200 314 213
226 204 264 222
238 204 273 221
242 204 276 220
246 204 280 219
263 204 290 219
267 204 293 218
275 204 301 217
284 204 305 217
288 204 310 217
267 209 290 223
