473 83 499 85
479 83 502 94
485 89 508 101
479 95 502 101
479 100 502 107
491 100 509 108
456 124 475 137
479 124 492 127
485 124 498 129
432 130 446 133
479 130 491 133
485 130 497 134
491 130 504 136
497 130 510 138
426 136 439 138
444 136 458 141
485 136 497 140
491 136 503 142
497 136 510 143
420 142 430 144
432 142 448 140
485 142 495 148
491 142 502 149
497 142 509 149
544 142 553 165
550 142 558 167
408 148 419 146
414 148 423 148
420 148 437 144
432 148 446 147
438 148 451 149
444 148 457 150
491 148 501 155
497 148 507 156
521 148 525 169
544 148 551 173
426 154 440 150
432 154 445 153
438 154 450 155
444 154 458 156
456 154 465 157
467 154 476 161
426 160 439 156
432 160 444 159
438 160 450 162
444 160 458 162
450 160 462 162
467 160 475 167
479 160 488 168
527 160 527 184
533 160 544 177
420 166 429 164
426 166 435 166
432 166 440 167
438 166 449 167
444 166 456 168
450 166 461 168
462 166 469 173
467 166 475 174
473 166 480 174
491 166 496 176
515 166 520 182
414 171 420 169
420 171 427 171
426 171 432 173
432 171 440 172
438 171 446 173
444 171 452 175
456 171 461 178
462 171 467 179
467 171 473 180
497 171 501 185
503 171 507 186
509 171 513 187
521 171 526 188
390 177 398 165
420 177 427 175
426 177 432 178
432 177 439 178
438 177 444 180
450 177 455 182
456 177 460 183
462 177 466 185
467 177 472 186
473 177 478 187
521 177 524 195
385 183 392 169
390 183 398 170
432 183 437 184
438 183 443 186
444 183 448 187
456 183 460 189
462 183 466 190
467 183 471 192
473 183 477 192
479 183 483 193
527 183 528 203
373 189 375 180
385 189 390 176
390 189 396 176
402 189 410 182
408 189 417 183
420 189 429 185
432 189 436 190
438 189 441 191
444 189 447 193
473 189 476 200
479 189 482 200
527 189 524 209
361 195 362 183
367 195 368 185
373 195 374 186
379 195 382 183
385 195 389 183
390 195 396 184
402 195 410 188
462 195 465 200
467 195 470 201
491 195 490 208
515 195 515 210
379 201 381 190
385 201 387 189
396 201 402 192
402 201 407 194
408 201 413 195
420 201 422 198
432 201 433 202
438 201 439 203
444 201 446 203
456 201 456 206
462 201 463 206
467 201 469 206
479 201 474 214
497 201 496 214
503 201 502 215
367 207 368 194
373 207 374 196
379 207 381 196
402 207 405 200
414 207 414 204
426 207 426 207
432 207 431 208
438 207 438 208
444 207 446 209
479 207 473 220
485 207 479 221
491 207 490 219
367 213 367 201
373 213 373 202
379 213 379 202
385 213 385 203
402 213 400 207
414 213 413 210
420 213 419 212
426 213 425 212
432 213 431 213
438 213 439 213
444 213 445 214
473 213 466 226
491 213 488 225
361 219 361 206
385 219 384 209
402 219 398 213
408 219 405 215
414 219 412 216
420 219 418 217
426 219 424 218
432 219 430 220
438 219 438 220
444 219 443 221
473 219 469 228
485 219 482 229
491 219 490 231
361 225 361 214
390 225 388 217
402 225 397 220
408 225 404 221
414 225 410 222
420 225 417 223
432 225 429 227
438 225 435 228
444 225 441 228
485 225 478 234
390 231 387 223
396 231 393 225
408 231 403 227
414 231 410 228
420 231 415 229
432 231 427 233
438 231 434 234
325 237 318 219
367 237 364 229
450 237 447 237
379 243 372 235
385 243 379 232
396 243 390 235
408 243 399 235
414 243 407 237
420 243 413 239
426 243 420 239
432 243 427 241
444 243 437 243
390 248 384 240
396 248 389 241
408 248 400 243
414 248 406 243
420 248 412 244
426 248 418 246
444 248 437 249
450 248 444 250
390 254 383 247
396 254 389 247
408 254 399 249
414 254 405 250
420 254 411 251
438 254 429 254
444 254 435 255
302 260 295 236
331 260 327 241
337 260 332 242
385 260 375 252
390 260 382 253
396 260 388 255
432 260 423 259
438 260 428 260
444 260 434 260
331 266 325 247
337 266 332 249
385 266 375 259
390 266 382 259
396 266 388 260
308 272 299 251
325 272 318 253
331 272 325 253
349 272 345 260
373 272 361 262
385 272 373 266
390 272 378 267
396 272 384 267
420 272 407 269
432 272 419 271
314 278 304 258
325 278 316 260
349 278 337 264
373 278 360 268
385 278 372 273
390 278 377 273
414 278 400 274
343 284 329 270
379 284 367 271
414 284 397 281
355 290 340 278
379 290 364 277
420 290 400 290
367 296 355 282
385 296 368 286
390 296 374 286
396 296 381 287
337 302 318 283
349 302 334 286
367 302 354 288
319 308 305 287
331 308 317 289
343 308 328 291
361 308 345 294
367 308 351 295
390 308 371 299
331 314 316 295
349 314 332 298
355 314 339 298
331 319 316 302
337 319 322 303
373 319 356 304
367 325 348 309
349 331 328 312
355 331 334 314
385 331 361 320
355 337 333 320
361 337 340 322
379 337 353 325
