439 93 455 104
452 93 463 105
458 93 469 106
432 99 448 110
452 99 461 110
458 106 466 114
472 106 477 116
478 106 484 118
485 106 491 119
491 106 497 120
498 106 503 122
504 106 510 123
511 106 516 124
517 106 521 125
439 112 449 117
445 112 454 119
452 112 460 119
458 112 466 120
465 112 472 121
472 112 478 122
485 112 488 125
491 112 495 127
498 112 503 128
504 112 509 128
511 112 516 129
517 112 522 131
524 112 528 132
439 119 447 122
445 119 453 123
452 119 459 125
458 119 465 126
465 119 472 127
472 119 479 127
478 119 485 130
498 119 502 134
504 119 508 134
511 119 515 134
517 119 521 135
524 119 527 137
530 119 533 139
537 119 541 141
445 125 452 129
452 125 458 131
458 125 465 132
465 125 472 133
472 125 479 133
504 125 506 141
511 125 514 140
517 125 521 141
524 125 527 142
530 125 533 144
537 125 540 147
419 132 430 136
432 132 442 132
465 132 471 139
478 132 484 138
524 132 527 149
530 132 532 150
419 138 429 141
426 138 435 138
432 138 440 139
452 138 458 142
458 138 464 143
472 138 476 145
478 138 483 145
485 138 490 146
511 138 512 153
413 145 423 147
426 145 433 144
432 145 440 145
439 145 447 146
445 145 452 147
458 145 464 148
465 145 470 151
472 145 477 152
478 145 482 152
485 145 490 153
491 145 495 154
511 145 514 158
517 145 521 159
524 145 529 161
419 152 425 149
426 152 432 149
432 152 438 150
445 152 450 153
452 152 457 153
458 152 462 154
465 152 469 157
472 152 476 157
478 152 482 159
485 152 489 159
491 152 494 161
498 152 501 161
504 152 508 161
511 152 514 163
517 152 520 165
524 152 528 167
413 158 419 155
419 158 424 154
426 158 431 155
432 158 438 156
439 158 444 157
452 158 455 159
458 158 462 161
465 158 468 163
472 158 475 164
478 158 482 165
485 158 489 166
491 158 494 166
498 158 500 167
504 158 507 168
511 158 513 169
517 158 520 171
406 165 412 159
413 165 418 160
419 165 424 160
426 165 430 161
432 165 437 163
445 165 447 164
452 165 455 165
458 165 461 167
465 165 468 168
472 165 474 170
478 165 481 170
485 165 488 172
491 165 493 172
498 165 500 173
504 165 506 174
511 165 513 176
517 165 520 177
393 171 403 164
406 171 411 165
432 171 436 169
465 171 467 174
491 171 494 179
498 171 499 181
504 171 506 182
511 171 513 183
413 178 416 170
419 178 422 171
504 178 505 188
511 178 511 190
393 184 402 175
406 184 409 175
413 184 416 176
419 184 422 177
426 184 429 179
432 184 435 180
439 184 441 181
445 184 448 182
452 184 455 183
472 184 472 186
485 184 485 189
491 184 492 190
498 184 499 193
380 191 388 184
387 191 393 185
400 191 402 180
406 191 408 181
413 191 415 182
419 191 421 184
426 191 428 185
432 191 435 187
439 191 440 187
445 191 448 188
452 191 454 189
465 191 464 191
472 191 470 191
478 191 478 193
485 191 485 195
491 191 491 197
498 191 501 198
380 197 386 191
400 197 401 187
406 197 407 187
413 197 414 189
419 197 420 190
426 197 427 191
432 197 434 193
439 197 440 194
445 197 446 195
452 197 453 195
458 197 458 196
472 197 470 198
478 197 477 199
485 197 483 201
491 197 490 202
387 204 392 193
400 204 401 193
406 204 407 194
413 204 413 195
419 204 419 196
426 204 427 198
432 204 433 199
439 204 438 200
445 204 445 201
452 204 451 201
458 204 458 203
465 204 465 204
472 204 472 206
485 204 483 207
491 204 489 209
380 210 384 198
387 210 389 198
400 210 400 199
406 210 406 200
413 210 412 201
419 210 419 202
426 210 425 204
432 210 432 205
439 210 438 206
445 210 444 207
452 210 451 207
458 210 457 208
465 210 464 210
472 210 471 212
478 210 477 213
485 210 484 215
491 210 491 216
380 217 383 204
393 217 394 206
406 217 404 206
413 217 411 207
419 217 418 209
426 217 424 210
432 217 431 211
439 217 437 212
445 217 444 214
452 217 450 214
458 217 456 215
465 217 463 216
472 217 470 218
478 217 476 219
485 217 484 221
373 224 374 210
380 224 380 210
387 224 387 212
426 224 424 217
432 224 430 218
439 224 436 219
445 224 443 220
452 224 449 221
458 224 456 221
465 224 463 223
472 224 469 223
478 224 475 226
380 230 379 216
413 230 409 218
426 230 423 223
432 230 429 224
439 230 436 225
445 230 441 226
452 230 448 227
458 230 456 228
465 230 461 229
472 230 468 231
478 230 476 233
380 237 379 223
406 237 402 224
413 237 408 225
465 237 460 236
472 237 468 238
367 243 364 224
380 243 374 225
393 243 390 228
400 243 397 230
413 243 407 231
419 243 414 232
426 243 421 233
432 243 427 234
439 243 434 236
445 243 441 237
452 243 448 238
458 243 454 240
360 250 356 229
373 250 367 230
380 250 373 231
387 250 381 233
393 250 387 235
400 250 394 235
413 250 406 238
419 250 413 239
426 250 420 240
432 250 427 241
439 250 433 243
445 250 440 244
452 250 446 246
458 250 453 247
360 256 355 235
367 256 362 236
380 256 372 237
387 256 379 239
400 256 393 242
406 256 400 243
413 256 406 244
419 256 413 245
426 256 420 246
432 256 425 247
439 256 432 249
445 256 440 251
452 256 446 253
354 263 348 240
360 263 354 241
373 263 364 243
380 263 372 244
387 263 378 245
393 263 388 247
406 263 399 249
413 263 406 251
419 263 412 252
426 263 418 253
432 263 425 255
439 263 432 256
445 263 439 257
452 263 445 259
354 269 347 246
360 269 353 247
367 269 359 249
380 269 370 251
387 269 377 252
393 269 383 253
400 269 390 254
406 269 397 256
413 269 404 257
419 269 411 258
426 269 417 259
432 269 425 261
439 269 431 262
445 269 437 264
452 269 444 265
354 276 346 252
367 276 356 255
373 276 364 258
380 276 372 258
387 276 378 259
393 276 385 261
400 276 393 263
413 276 403 263
419 276 410 264
426 276 416 267
432 276 422 267
439 276 429 269
445 276 436 270
354 282 345 260
360 282 351 262
373 282 363 265
380 282 370 266
387 282 378 266
393 282 385 268
400 282 391 269
413 282 401 270
419 282 409 272
426 282 416 273
432 282 422 275
439 282 428 276
445 282 435 277
334 289 333 260
367 289 354 269
373 289 362 271
380 289 369 272
387 289 377 273
393 289 384 273
400 289 391 274
413 289 400 277
419 289 407 279
432 289 421 282
439 289 427 283
321 295 323 266
347 295 336 268
354 295 341 273
367 295 355 277
373 295 361 278
380 295 368 279
387 295 376 281
393 295 383 281
400 295 389 282
413 295 399 284
419 295 410 287
432 295 420 288
334 302 320 276
347 302 335 274
360 302 347 281
367 302 354 283
373 302 360 284
380 302 367 286
387 302 374 288
393 302 381 290
400 302 388 289
406 302 395 291
413 302 401 292
419 302 409 293
334 309 319 283
347 309 329 282
367 309 352 290
373 309 359 291
380 309 366 293
387 309 374 295
393 309 380 296
400 309 386 298
406 309 393 299
413 309 400 299
419 309 408 299
308 315 291 294
328 315 313 285
347 315 329 289
354 315 334 289
367 315 352 297
373 315 359 298
380 315 366 300
387 315 373 301
393 315 379 303
400 315 386 304
406 315 392 305
413 315 399 306
419 315 406 307
308 322 290 300
321 322 305 292
354 322 333 296
367 322 351 303
373 322 358 305
380 322 364 307
387 322 372 308
393 322 378 309
400 322 384 310
406 322 391 311
341 328 323 301
354 328 333 303
373 328 357 311
380 328 364 313
387 328 370 314
406 328 389 318
308 335 288 308
328 335 304 304
334 335 316 307
347 335 325 309
373 335 356 319
380 335 362 320
393 335 373 320
400 335 379 322
328 341 302 311
334 341 309 313
347 341 325 316
354 341 331 317
380 341 360 328
393 341 372 328
400 341 378 330
334 348 307 320
341 348 316 320
347 348 326 328
354 348 332 329
360 348 340 331
367 348 346 332
380 348 360 334
387 348 365 334
393 348 373 336
347 354 324 337
354 354 331 336
360 354 338 337
373 354 352 340
380 354 358 341
387 354 366 342
360 361 342 353
367 361 350 355
380 361 359 356
