422 68 428 101
428 68 433 99
441 74 445 96
447 74 451 95
428 80 437 105
435 80 441 103
441 80 448 101
447 80 453 98
465 80 468 94
422 86 437 110
428 86 442 109
447 86 455 104
459 86 466 100
465 86 470 98
422 92 440 115
428 92 445 114
447 98 464 114
465 98 483 113
471 98 489 111
477 98 494 109
483 98 499 109
489 98 504 107
428 104 460 120
435 104 454 123
453 104 472 118
459 104 481 119
465 104 485 118
471 104 480 109
477 104 495 114
483 104 501 114
489 104 507 112
428 110 462 126
453 110 474 124
465 110 487 124
483 110 503 119
428 116 458 134
459 116 481 126
477 116 498 125
459 122 483 132
441 128 466 137
453 128 482 144
459 128 485 138
483 128 510 137
404 194 384 155
441 213 435 175
296 225 324 238
471 249 452 194
308 255 360 270
465 255 449 201
471 255 454 199
489 255 475 206
453 261 441 211
459 261 447 207
465 261 452 205
308 267 363 276
314 267 368 274
471 267 459 209
483 267 474 218
308 273 364 280
332 273 374 257
386 273 392 233
332 279 376 263
332 285 377 277
338 285 380 275
471 285 465 227
326 297 389 280
465 321 467 272
