381 9 388 39
356 15 303 193
362 15 308 188
368 15 313 184
362 21 312 195
368 21 317 188
331 27 296 220
356 27 312 204
368 27 319 199
375 27 324 193
319 33 293 227
337 33 303 216
381 33 330 187
319 40 301 238
331 40 303 227
337 40 308 222
350 40 313 216
375 40 329 199
381 40 335 193
362 46 327 211
375 52 374 211
381 52 377 204
399 52 405 198
313 58 275 188
313 71 324 247
319 71 329 243
362 71 368 226
337 77 357 236
344 77 362 231
325 102 329 145
418 102 421 182
418 108 426 187
282 114 324 270
288 126 347 280
294 139 384 285
300 139 384 275
294 145 390 291
313 145 395 275
406 145 438 198
306 151 395 285
313 151 401 280
319 151 405 275
288 157 413 291
313 157 406 284
319 157 411 279
325 164 419 275
331 164 424 270
517 164 396 221
530 164 401 213
517 170 400 225
350 182 455 224
375 182 466 215
387 182 472 209
418 188 482 144
424 195 487 147
356 201 466 247
362 213 461 263
300 238 405 296
