417 57 404 94
458 57 437 64
441 63 422 80
453 63 433 71
470 63 449 64
476 63 454 61
482 63 460 58
399 69 403 102
435 69 415 93
447 69 431 80
453 69 437 76
482 69 463 63
488 69 469 60
435 75 423 94
441 75 428 89
447 75 433 87
458 75 442 81
447 80 438 92
458 80 446 87
464 80 450 83
476 80 447 76
482 80 452 72
488 80 458 68
500 80 482 63
399 86 416 109
488 86 473 74
500 92 492 76
506 92 498 72
494 98 492 85
500 98 496 80
364 110 397 235
376 110 405 129
453 110 463 119
494 110 495 92
352 116 394 230
376 116 408 134
417 116 450 126
488 116 495 100
506 122 519 109
381 128 437 158
364 134 417 164
370 134 417 155
387 134 447 158
476 134 473 118
370 140 421 162
381 140 442 163
470 140 476 126
435 146 368 242
464 146 475 137
470 146 480 133
370 151 384 181
376 151 389 177
453 151 471 141
464 151 479 143
482 151 506 132
464 157 498 128
441 163 474 156
464 163 494 158
316 169 330 207
322 169 334 202
464 169 369 222
316 175 333 212
488 175 495 185
423 181 358 183
393 211 413 251
399 217 422 252
447 217 427 211
287 223 354 270
453 223 436 212
470 223 480 234
476 223 486 231
441 228 432 235
453 228 440 218
340 234 365 250
346 234 371 246
287 240 348 275
293 240 363 281
346 240 375 252
340 246 373 262
346 246 379 258
299 252 408 292
340 252 378 268
364 252 392 261
370 252 395 257
464 252 466 237
305 258 369 267
364 258 396 264
370 258 399 261
441 258 432 243
447 258 438 239
464 258 469 243
364 264 401 269
370 264 405 265
399 276 416 258
417 282 443 255
316 288 422 309
322 288 427 305
334 288 432 301
322 294 431 310
447 294 459 268
328 299 441 311
370 299 429 286
447 299 465 272
370 305 433 291
376 305 438 285
399 305 447 288
370 311 437 296
376 311 442 291
381 311 448 298
399 311 460 288
370 317 446 308
399 317 463 293
417 317 475 283
