458 63 433 66
447 69 425 79
453 69 430 75
458 69 437 71
447 75 430 85
458 75 443 77
464 75 449 72
447 80 436 92
453 80 441 87
458 80 446 84
464 80 451 80
476 80 458 72
482 80 462 70
453 86 446 93
458 86 450 88
429 92 439 97
506 92 474 60
429 98 444 102
435 98 447 99
470 98 458 90
494 98 467 75
500 98 472 70
506 98 478 65
435 104 457 121
470 104 464 95
476 104 470 90
387 110 431 134
393 110 435 128
387 116 436 138
488 116 490 103
488 128 495 110
293 228 372 281
305 264 412 299
387 264 421 272
305 270 417 304
305 276 422 310
376 288 425 279
346 299 452 302
370 305 434 300
376 305 439 295
393 305 440 285
417 305 450 275
