454 93 433 53
459 93 440 55
416 99 407 55
448 99 427 58
459 99 440 60
465 99 447 60
492 99 474 67
497 99 480 70
508 99 486 71
432 104 404 63
476 104 458 70
487 104 472 73
492 104 478 75
503 104 486 77
443 110 417 70
470 110 455 84
492 110 477 81
503 110 484 83
438 115 409 76
492 115 475 87
405 121 373 90
508 121 481 94
519 121 496 98
427 126 394 87
438 126 401 88
492 126 474 101
459 131 444 103
525 131 500 107
416 137 387 127
432 137 398 102
497 137 476 123
443 142 424 112
448 142 409 116
503 142 482 131
410 148 399 136
525 148 497 121
416 153 398 143
487 159 453 171
459 278 379 173
514 284 460 214
416 295 342 187
459 295 375 187
514 295 459 224
470 300 389 196
508 300 457 230
519 300 463 231
519 305 462 237
525 305 469 239
394 311 315 260
372 316 293 273
405 327 316 295
