446 91 563 197
452 91 565 203
433 104 539 207
381 130 505 152
387 130 515 186
368 143 483 152
381 143 486 160
381 150 478 163
374 156 470 161
387 156 474 174
394 156 478 181
387 163 470 175
394 163 472 182
413 163 478 197
420 163 481 202
426 163 483 206
459 163 495 235
407 169 470 192
420 169 475 204
433 169 478 211
439 169 480 218
446 169 482 224
452 169 486 231
459 169 488 237
381 176 458 171
413 176 466 201
420 176 468 206
433 176 472 214
439 176 475 220
446 176 479 228
452 176 481 233
459 176 482 238
413 182 458 203
446 182 473 231
452 182 474 236
400 189 450 201
420 189 454 208
433 189 465 217
446 189 466 233
452 189 468 239
426 195 457 214
433 195 459 221
446 195 460 236
426 202 452 223
413 208 440 213
420 208 443 220
452 208 462 242
400 215 427 203
413 215 435 214
420 215 437 223
439 215 443 237
465 215 464 250
400 221 422 205
407 221 429 211
387 228 415 193
407 228 424 213
420 228 430 227
426 228 432 231
433 228 435 238
446 228 439 245
387 234 407 195
400 234 415 210
407 234 419 215
420 234 425 229
426 234 428 234
439 234 422 245
446 234 433 247
400 240 409 211
413 240 409 218
420 240 416 233
426 240 415 241
374 247 397 194
413 247 407 228
420 247 410 235
439 247 416 247
446 247 419 252
368 253 390 191
374 253 393 196
420 253 404 238
426 253 407 244
439 253 410 249
446 253 413 255
368 260 382 194
374 260 386 199
381 260 387 205
394 260 391 213
426 260 402 246
439 260 403 252
446 260 406 258
459 260 410 268
361 266 375 193
387 266 384 215
420 266 396 241
446 266 401 261
452 266 403 269
407 273 384 230
420 273 389 243
407 279 380 232
413 279 382 238
459 279 396 273
465 279 398 278
361 292 356 204
381 292 368 223
420 292 378 250
426 299 369 261
381 305 360 226
465 331 360 297
452 351 343 289
433 357 337 278
452 357 337 292
355 364 302 221
400 364 316 256
355 370 296 223
400 370 310 258
