477 141 465 250
487 151 471 227
492 156 472 252
502 161 479 262
453 166 500 234
497 176 475 246
477 196 444 166
482 196 467 184
389 205 409 156
389 210 407 160
468 210 450 195
507 210 528 222
389 215 404 166
393 220 414 263
433 220 464 202
374 225 388 157
393 225 412 267
398 225 417 269
408 225 412 177
433 225 461 207
433 230 460 212
428 235 431 244
463 235 406 252
423 240 399 254
433 240 396 207
463 240 427 224
468 240 432 224
527 240 532 236
389 245 373 178
403 250 406 265
443 250 409 221
448 250 412 228
453 250 416 230
463 250 430 232
468 250 436 234
522 250 451 269
438 255 402 225
443 255 406 226
448 255 410 232
374 260 358 235
374 265 357 239
379 265 362 241
384 265 366 243
433 265 388 235
374 270 355 244
379 270 359 246
433 270 394 239
458 275 404 193
458 280 402 197
379 284 345 234
398 284 369 263
443 284 384 268
463 284 428 274
507 284 444 296
379 289 345 246
384 289 349 248
418 289 374 254
443 289 382 273
448 289 389 275
497 289 441 288
384 294 347 253
393 294 361 269
413 294 367 256
423 294 377 262
428 294 381 265
448 294 388 280
453 294 391 282
472 294 408 291
393 299 359 273
398 299 364 276
403 299 369 279
438 299 380 278
453 299 389 287
398 304 361 281
403 304 366 283
413 304 378 287
428 304 373 280
433 304 386 292
438 304 379 283
443 304 383 286
458 304 404 295
443 309 381 291
