483 116 409 113
489 116 416 114
478 143 403 159
483 149 412 164
505 149 443 159
516 149 447 147
478 154 407 171
483 154 413 169
505 154 446 166
510 154 450 157
489 160 426 164
538 160 487 146
549 165 494 144
483 171 417 181
538 171 483 161
543 171 488 158
549 171 494 157
554 171 501 149
543 176 491 164
549 176 496 162
554 176 504 161
439 181 381 194
483 181 418 187
549 181 500 170
554 181 507 169
560 181 513 167
434 187 377 200
439 187 382 200
521 187 468 181
532 187 472 192
538 187 479 190
549 187 503 176
554 187 508 175
560 187 514 173
434 192 378 211
450 192 403 198
532 192 475 197
538 192 482 196
543 192 489 194
549 192 505 181
554 192 509 182
560 192 515 180
423 198 369 217
429 198 374 214
439 198 386 212
445 198 392 214
450 198 398 206
456 198 404 205
549 198 506 188
407 203 353 235
450 203 401 219
478 203 424 207
423 209 368 242
429 209 373 241
450 209 399 225
456 209 407 219
527 209 490 198
538 209 498 204
543 209 504 204
412 214 357 246
423 214 370 248
450 214 401 232
456 214 407 230
461 214 413 228
467 214 418 228
472 214 424 226
478 214 429 224
500 214 465 207
505 214 471 205
527 214 490 204
538 214 499 210
543 214 504 209
401 220 350 249
407 220 353 254
412 220 359 253
418 220 366 251
429 220 376 248
434 220 382 247
439 220 388 245
445 220 395 242
450 220 401 239
456 220 408 237
461 220 413 237
467 220 419 235
472 220 425 233
478 220 430 232
483 220 446 214
489 220 452 211
505 220 472 211
527 220 491 211
396 225 345 255
423 225 372 255
429 225 378 253
434 225 384 252
439 225 390 249
445 225 396 248
450 225 404 245
456 225 410 244
461 225 414 243
467 225 420 243
472 225 426 239
483 225 443 227
489 225 448 225
494 225 460 216
500 225 467 214
505 225 469 220
423 231 375 260
429 231 380 258
434 231 385 257
439 231 391 256
445 231 398 255
450 231 404 253
456 231 411 250
461 231 416 249
467 231 422 248
472 231 427 246
478 231 434 243
483 231 445 233
489 231 450 231
494 231 456 229
500 231 463 228
505 231 470 225
401 236 356 266
407 236 362 264
445 236 399 260
450 236 406 259
456 236 413 258
461 236 418 254
467 236 423 253
478 236 435 249
483 236 446 238
489 236 451 237
494 236 457 235
500 236 465 234
505 236 471 233
521 236 495 224
429 242 381 264
434 242 388 262
450 242 407 265
456 242 414 263
461 242 420 260
467 242 425 259
478 242 434 257
489 242 445 252
494 242 458 242
423 247 377 271
429 247 383 269
450 247 403 271
456 247 415 268
461 247 420 266
467 247 429 266
472 247 433 263
489 247 448 257
494 247 458 250
500 247 466 252
423 252 379 277
429 252 386 276
434 252 393 275
439 252 399 272
489 252 448 264
494 252 457 263
500 252 465 260
505 252 478 250
390 258 384 298
401 258 356 286
407 258 363 284
423 258 382 284
429 258 389 282
434 258 395 280
461 258 418 275
472 258 436 270
489 258 450 270
494 258 458 269
500 258 466 266
385 263 380 307
390 263 386 304
396 263 391 302
407 263 364 290
412 263 370 289
434 263 396 286
450 263 407 284
461 263 419 280
472 263 438 276
489 263 452 277
494 263 458 275
401 269 364 296
489 269 454 284
385 274 347 303
396 274 360 300
467 274 435 289
347 280 317 312
358 280 325 317
363 280 331 314
374 280 342 311
379 280 348 310
396 280 361 305
467 280 432 297
369 285 337 318
374 285 343 315
379 285 350 314
385 285 355 313
390 285 362 311
347 291 321 324
358 291 333 325
369 291 338 323
374 291 345 321
379 291 352 319
385 291 358 318
390 291 363 316
439 291 420 301
445 291 426 300
330 296 312 321
385 296 360 323
390 296 365 321
396 296 371 319
434 296 414 309
439 296 419 309
330 302 314 326
374 302 347 330
379 302 354 329
385 302 360 329
374 307 350 336
390 307 368 330
396 307 374 328
319 312 310 334
379 312 362 336
396 312 375 334
407 312 387 330
412 312 394 328
319 318 312 341
385 318 366 342
423 318 401 331
429 318 408 330
434 318 415 329
336 323 325 341
418 323 396 335
429 323 405 338
407 329 391 343
412 329 397 342
434 329 411 338
352 340 348 351
363 340 361 350
