466 140 416 66
471 140 424 65
476 145 426 73
481 145 432 73
491 150 440 80
466 155 411 82
471 155 418 81
466 165 414 92
471 165 420 90
481 165 437 87
486 170 442 86
446 175 398 101
546 180 502 108
437 185 393 118
442 185 400 116
466 190 430 104
541 195 496 117
546 195 503 115
551 195 510 113
471 200 445 109
491 200 406 193
551 200 510 123
526 205 480 128
531 210 488 133
526 215 483 143
541 220 493 149
551 220 500 155
432 225 421 137
481 225 447 162
521 225 462 151
541 225 494 157
432 230 420 144
486 230 462 160
412 235 433 267
442 240 460 191
461 240 434 236
466 240 441 234
521 240 487 165
456 245 432 167
456 250 433 173
451 254 428 182
456 254 433 180
397 259 369 216
471 259 442 180
397 264 370 223
432 264 413 191
456 264 435 189
407 269 423 114
437 269 420 192
446 269 428 190
476 269 462 198
437 274 422 198
357 279 324 270
362 279 331 269
422 279 419 231
486 279 471 212
437 284 424 207
481 284 466 222
437 289 436 228
382 294 357 287
392 294 365 286
397 294 371 284
417 294 393 273
466 294 455 249
471 294 459 246
392 299 367 291
397 299 372 290
407 299 381 284
412 299 388 282
422 299 397 281
427 299 405 285
382 304 360 301
392 304 368 299
397 304 374 298
407 304 382 292
412 304 388 290
427 304 406 294
446 304 395 327
461 304 448 263
407 309 384 301
427 309 407 302
446 314 386 360
446 319 387 368
407 334 366 377
412 334 373 372
417 339 348 373
427 339 365 387
