483 116 478 122
489 116 483 123
494 121 487 127
494 127 487 134
500 127 492 133
505 127 502 134
494 132 487 138
500 132 492 142
505 132 498 138
510 132 508 138
483 138 478 147
489 138 482 148
494 138 487 149
500 138 491 148
505 138 497 147
510 138 504 144
500 143 488 153
505 143 494 152
510 143 504 149
521 143 529 159
472 149 456 169
478 149 476 154
489 149 482 158
500 149 487 158
505 149 493 158
510 149 499 158
527 149 534 163
461 154 447 174
510 154 502 163
456 165 447 178
494 165 488 168
521 165 529 183
445 171 436 183
450 171 441 184
456 171 447 185
489 171 483 173
516 171 525 189
554 171 545 173
440 176 431 188
450 176 451 180
467 176 466 180
478 176 478 183
554 176 544 179
560 176 555 180
461 181 461 184
467 181 466 184
478 181 478 189
549 181 539 190
560 181 555 191
456 187 451 195
478 187 478 195
538 187 533 193
543 187 539 194
549 187 543 196
554 187 549 196
560 187 555 196
434 192 430 201
450 192 446 201
456 192 452 200
461 192 456 195
510 192 509 184
527 192 518 195
538 192 534 199
543 192 539 200
549 192 544 201
554 192 550 201
560 192 555 200
407 198 404 200
434 198 430 206
440 198 436 205
445 198 441 206
450 198 447 205
456 198 452 204
467 198 461 204
543 198 540 205
549 198 545 206
560 198 555 206
407 203 405 206
423 203 416 215
429 203 422 214
434 203 426 214
440 203 431 214
445 203 441 210
450 203 446 210
456 203 452 210
461 203 457 209
467 203 462 210
472 203 468 210
521 203 524 204
407 209 404 214
418 209 410 221
423 209 416 220
429 209 421 219
434 209 426 220
440 209 431 219
445 209 441 220
450 209 445 219
456 209 451 216
461 209 458 216
467 209 463 216
472 209 467 216
500 209 493 206
510 209 508 211
516 209 514 210
521 209 525 210
527 209 530 210
538 209 538 215
543 209 544 214
401 214 398 220
407 214 404 220
412 214 404 226
418 214 410 227
423 214 415 226
429 214 420 225
434 214 427 226
440 214 434 226
445 214 441 225
450 214 445 224
456 214 451 222
461 214 457 221
467 214 461 222
472 214 467 222
494 214 489 211
505 214 503 215
510 214 507 221
516 214 512 220
521 214 525 215
527 214 530 216
532 214 532 220
538 214 537 219
396 220 393 224
401 220 398 226
412 220 405 230
418 220 411 231
423 220 416 232
429 220 422 231
434 220 427 231
440 220 435 231
445 220 440 231
450 220 445 230
456 220 450 231
461 220 455 230
467 220 461 230
472 220 466 230
489 220 483 215
494 220 488 215
510 220 507 226
516 220 512 226
521 220 519 225
527 220 527 225
532 220 533 224
390 225 384 230
396 225 394 230
401 225 400 230
418 225 415 236
434 225 427 237
440 225 434 236
445 225 439 237
450 225 445 236
456 225 451 236
461 225 455 236
467 225 460 235
472 225 465 235
483 225 483 230
489 225 487 230
494 225 488 220
510 225 507 231
516 225 513 231
521 225 522 231
527 225 528 230
390 231 389 235
396 231 394 236
401 231 399 236
418 231 416 241
423 231 421 241
429 231 425 241
440 231 431 242
445 231 436 241
450 231 445 242
456 231 451 242
461 231 455 241
467 231 460 240
472 231 465 240
478 231 473 236
483 231 481 235
489 231 487 235
494 231 492 235
500 231 499 235
505 231 504 235
510 231 506 236
516 231 513 236
521 231 522 234
527 231 527 234
385 236 384 240
390 236 390 241
396 236 394 241
401 236 399 240
429 236 426 246
434 236 430 246
445 236 435 246
450 236 447 246
456 236 451 247
461 236 456 246
467 236 460 245
472 236 466 245
478 236 473 241
483 236 481 240
489 236 487 240
494 236 492 240
500 236 499 241
505 236 503 241
510 236 506 242
516 236 518 237
379 242 378 246
385 242 384 247
390 242 390 246
396 242 394 245
401 242 399 245
407 242 404 245
450 242 447 252
456 242 451 253
461 242 457 252
467 242 460 251
472 242 466 250
478 242 472 248
483 242 479 245
489 242 486 245
494 242 492 246
500 242 498 247
505 242 503 247
510 242 508 247
516 242 518 242
374 247 370 252
379 247 378 252
390 247 389 251
401 247 399 250
456 247 447 257
461 247 452 256
467 247 460 256
472 247 466 256
478 247 472 255
483 247 481 250
489 247 486 251
494 247 492 252
500 247 498 253
505 247 502 252
510 247 513 247
374 252 370 257
379 252 380 257
401 252 411 266
407 252 419 268
467 252 461 261
472 252 466 261
478 252 471 261
483 252 477 260
489 252 487 257
494 252 492 258
500 252 497 258
505 252 503 257
363 258 363 261
456 258 457 261
472 258 466 266
478 258 471 266
483 258 477 266
489 258 483 266
494 258 489 266
500 258 498 262
358 263 358 263
363 263 363 266
369 263 369 266
374 263 375 266
396 263 394 271
407 263 419 277
456 263 457 266
478 263 471 271
489 263 482 272
494 263 487 272
358 269 357 271
363 269 363 271
396 269 394 277
401 269 399 277
407 269 420 282
483 269 478 278
489 269 482 278
352 274 352 277
358 274 356 277
363 274 363 277
369 274 374 282
396 274 399 283
478 274 472 278
347 280 350 278
352 280 351 282
363 280 362 283
369 280 379 288
385 280 395 283
467 280 456 293
478 280 479 281
483 280 483 281
363 285 363 287
369 285 368 288
374 285 374 289
379 285 390 293
423 285 421 271
429 285 425 271
369 291 368 292
374 291 374 293
379 291 379 293
385 291 385 294
396 291 395 293
401 291 400 293
440 291 435 273
336 296 343 291
341 296 347 291
347 296 352 292
379 296 379 297
385 296 384 298
390 296 389 298
396 296 395 298
461 296 460 297
325 302 332 297
330 302 338 296
336 302 343 297
341 302 348 297
347 302 353 297
352 302 358 297
358 302 363 297
374 302 373 302
379 302 378 303
385 302 383 303
390 302 389 303
396 302 394 303
440 302 435 304
445 302 442 304
450 302 447 303
456 302 452 304
325 307 331 302
330 307 337 302
336 307 342 302
341 307 347 303
347 307 353 302
352 307 358 302
369 307 368 307
374 307 375 307
379 307 378 309
385 307 383 309
390 307 389 308
396 307 395 307
401 307 406 313
407 307 404 307
412 307 414 308
418 307 420 308
434 307 430 308
440 307 435 309
445 307 441 309
450 307 446 310
325 312 333 307
330 312 337 307
336 312 342 307
352 312 358 307
369 312 369 312
379 312 379 313
407 312 409 314
412 312 414 314
418 312 420 314
434 312 430 314
440 312 435 315
445 312 442 315
450 312 446 315
369 318 369 318
423 318 420 319
429 318 425 318
434 318 431 319
445 318 442 319
347 323 364 324
352 323 358 318
412 323 411 324
418 323 416 323
423 323 421 323
429 323 425 323
434 323 431 325
440 323 436 327
347 329 364 328
412 329 410 327
418 329 416 327
423 329 420 328
429 329 426 334
434 329 431 334
358 334 367 328
396 334 394 333
401 334 399 333
407 334 404 333
