477 127 462 127
297 132 289 146
323 132 312 144
329 132 316 144
344 132 343 141
350 132 348 141
466 132 458 133
472 132 462 133
477 132 467 132
482 132 472 132
493 132 479 130
498 132 485 130
504 132 489 129
297 137 288 152
329 137 317 150
334 137 323 148
466 137 458 138
472 137 462 138
477 137 467 137
482 137 471 138
493 137 480 137
498 137 486 136
509 137 496 135
292 142 283 158
297 142 289 157
302 142 293 156
307 142 299 156
318 142 310 156
329 142 317 155
334 142 322 155
339 142 333 154
376 142 366 151
413 142 408 147
472 142 462 142
477 142 467 142
488 142 476 143
493 142 481 141
504 142 492 141
509 142 496 140
286 148 278 164
292 148 283 164
297 148 289 163
302 148 294 162
323 148 317 160
371 148 360 157
376 148 366 156
392 148 376 154
403 148 393 153
466 148 458 147
498 148 486 146
504 148 492 146
509 148 497 146
514 148 501 145
281 153 274 174
297 153 289 168
318 153 311 165
450 153 447 150
466 153 458 151
498 153 487 152
504 153 492 152
509 153 497 152
286 158 279 174
297 158 290 173
302 158 295 173
403 158 393 160
408 158 397 160
413 158 403 159
493 158 481 157
498 158 486 156
504 158 493 157
514 158 503 156
323 164 319 172
329 164 324 171
403 164 393 165
408 164 398 165
413 164 403 165
440 164 438 161
450 164 448 160
456 164 453 159
493 164 482 161
498 164 487 161
504 164 492 162
509 164 497 163
514 164 503 162
281 169 275 185
292 169 283 182
313 169 308 177
323 169 319 176
329 169 323 176
350 169 340 174
424 169 421 167
445 169 444 165
450 169 448 165
456 169 453 164
466 169 457 164
472 169 463 164
493 169 482 168
307 174 302 184
313 174 308 183
323 174 318 181
334 174 324 181
339 174 329 181
366 174 346 186
440 174 438 172
445 174 443 171
281 180 276 194
286 180 281 193
334 180 325 191
339 180 329 190
371 180 357 190
376 180 363 190
387 180 370 189
424 180 418 178
440 180 432 178
450 180 444 176
456 180 449 175
514 180 503 171
281 185 276 200
297 185 292 199
313 185 309 195
329 185 321 193
424 185 418 184
445 185 437 182
450 185 444 180
456 185 449 180
461 185 454 179
498 185 488 179
504 185 492 178
281 190 276 205
424 190 419 200
498 190 489 189
514 190 505 189
281 196 277 213
286 196 283 212
297 196 293 211
313 196 309 205
329 196 320 204
334 196 326 206
371 196 360 206
376 196 364 206
504 196 494 198
509 196 500 195
514 196 505 195
281 201 278 219
286 201 284 219
302 201 297 216
313 201 309 213
504 201 494 204
514 201 506 200
281 206 278 224
286 206 284 224
292 206 289 223
302 206 297 222
307 206 304 220
313 206 310 219
318 206 315 219
413 206 401 203
461 206 452 209
509 206 500 205
514 206 507 205
281 211 278 229
286 211 283 229
307 211 304 226
313 211 310 225
318 211 315 223
413 211 403 207
450 211 441 219
461 211 453 215
313 217 310 230
498 217 491 217
509 217 501 217
281 222 278 239
286 222 284 239
313 222 311 236
376 222 367 232
382 222 372 226
387 222 377 231
408 222 399 231
413 222 405 229
419 222 410 228
461 222 453 226
504 222 497 221
509 222 502 222
514 222 507 222
281 227 279 245
286 227 284 244
292 227 290 243
297 227 295 243
302 227 300 242
323 227 324 235
334 227 328 236
376 227 367 237
382 227 373 237
387 227 378 236
392 227 383 236
398 227 395 236
424 227 416 233
429 227 427 233
450 227 442 229
456 227 448 230
461 227 454 231
466 227 460 230
504 227 497 227
292 233 291 249
313 233 312 242
318 233 318 242
329 233 323 241
334 233 329 241
350 233 346 239
355 233 351 239
360 233 355 238
376 233 368 241
382 233 374 241
387 233 378 241
392 233 384 240
429 233 427 237
456 233 449 235
461 233 454 236
466 233 461 235
498 233 492 232
292 238 292 253
302 238 301 249
313 238 312 248
323 238 319 248
329 238 331 246
350 238 347 245
355 238 352 244
360 238 357 244
371 238 363 244
387 238 379 245
392 238 385 245
398 238 390 245
403 238 395 245
424 238 416 239
445 238 432 241
450 238 438 242
456 238 448 240
493 238 488 238
514 238 508 237
286 243 287 259
313 243 312 253
323 243 321 253
329 243 331 251
334 243 335 251
339 243 340 250
344 243 346 248
360 243 358 253
387 243 380 251
408 243 401 249
424 243 417 244
445 243 433 247
450 243 439 247
461 243 455 245
466 243 462 245
498 243 493 242
514 243 508 242
292 248 293 264
302 248 301 260
313 248 312 259
318 248 318 259
329 248 332 257
334 248 336 256
339 248 341 255
366 248 358 259
376 248 373 254
424 248 418 249
435 248 423 249
440 248 428 249
445 248 432 252
450 248 439 252
456 248 445 252
461 248 455 252
466 248 462 250
514 248 509 248
286 254 288 266
302 254 302 264
313 254 313 263
323 254 324 263
329 254 331 262
334 254 338 262
350 254 347 261
376 254 375 259
382 254 379 258
392 254 385 259
413 254 406 256
419 254 412 256
424 254 416 256
429 254 422 255
498 254 493 252
509 254 504 252
286 259 288 272
292 259 293 272
302 259 302 270
323 259 325 268
329 259 331 267
334 259 338 267
339 259 344 266
360 259 357 265
376 259 375 263
382 259 381 262
392 259 386 264
419 259 412 261
424 259 417 261
429 259 421 261
435 259 428 259
445 259 433 260
450 259 438 260
456 259 445 259
488 259 484 255
493 259 490 255
509 259 504 258
286 264 288 276
292 264 294 276
297 264 298 276
313 264 314 273
323 264 325 274
329 264 332 273
334 264 339 273
339 264 344 273
366 264 363 271
371 264 368 270
376 264 376 269
382 264 382 269
403 264 396 268
419 264 413 266
424 264 419 266
429 264 423 266
435 264 427 264
445 264 433 265
450 264 439 265
456 264 446 264
466 264 458 264
472 264 462 264
498 264 495 259
509 264 505 263
286 270 288 281
292 270 293 280
297 270 298 280
302 270 303 280
334 270 339 278
419 270 414 272
424 270 419 272
435 270 425 272
440 270 429 272
461 270 453 269
466 270 457 269
498 270 495 265
504 270 500 264
286 275 288 286
292 275 294 285
297 275 299 285
302 275 304 286
307 275 309 286
344 275 344 283
413 275 414 278
424 275 420 277
498 275 496 270
292 280 294 291
297 280 299 291
313 280 316 290
424 280 419 282
456 280 453 279
493 280 490 276
498 280 496 276
