442 149 441 131
452 149 457 133
457 149 464 134
468 149 469 135
473 149 480 137
494 149 502 144
505 149 511 145
510 149 516 146
295 154 303 115
300 154 309 115
305 154 315 116
311 154 320 117
321 154 330 117
332 154 336 118
337 154 342 119
384 154 383 125
395 154 388 126
405 154 401 128
426 154 428 134
436 154 434 135
442 154 440 136
447 154 445 137
463 154 463 139
468 154 467 140
473 154 481 142
478 154 485 143
494 154 501 150
505 154 510 150
515 154 521 153
295 159 301 121
305 159 313 122
311 159 318 122
316 159 323 123
358 159 370 130
426 159 397 134
436 159 433 140
442 159 440 141
447 159 446 142
452 159 457 143
457 159 463 144
463 159 469 144
478 159 485 148
494 159 500 155
505 159 509 156
515 159 521 160
295 164 301 127
300 164 307 127
305 164 312 127
358 164 369 136
405 164 397 158
431 164 403 142
447 164 450 149
452 164 456 149
499 164 503 161
510 164 513 164
515 164 519 166
290 170 292 144
295 170 297 148
300 170 303 146
305 170 308 147
342 170 351 141
347 170 356 142
405 170 395 164
415 170 407 166
505 170 507 169
520 170 524 165
290 175 292 151
300 175 303 153
305 175 308 155
332 175 344 145
342 175 351 146
347 175 362 147
499 175 500 173
290 180 291 156
295 180 297 158
300 180 301 159
353 180 366 153
305 185 306 164
452 185 443 183
457 185 449 183
473 185 474 182
505 185 504 187
520 185 521 188
300 191 300 171
305 191 305 173
316 191 318 164
321 191 324 165
431 191 411 179
436 196 448 191
442 196 455 191
295 201 293 172
326 201 328 183
342 201 350 182
436 201 448 196
442 201 454 195
473 201 472 193
316 206 314 182
321 206 321 184
342 206 350 188
300 212 297 184
410 212 437 200
515 212 514 205
520 212 519 205
389 217 417 203
436 217 453 208
305 222 301 190
316 222 313 187
321 222 320 188
363 222 366 190
379 222 394 199
384 222 400 199
426 222 440 206
431 222 446 206
499 222 494 220
305 227 302 196
316 227 312 192
321 227 319 193
384 227 400 205
457 227 459 214
510 227 506 214
515 227 510 220
520 227 515 223
290 233 285 195
295 233 291 196
300 233 295 197
305 233 301 204
316 233 311 198
321 233 319 199
326 233 323 200
384 233 398 212
463 233 464 222
505 233 496 232
510 233 503 234
295 238 290 201
300 238 295 202
326 238 323 207
379 238 392 217
410 238 409 225
463 238 461 226
505 238 492 250
510 238 502 239
515 238 507 232
520 238 511 234
300 243 293 215
305 243 299 215
316 243 310 206
321 243 316 212
326 243 321 213
353 243 375 221
405 243 402 231
410 243 407 231
415 243 419 239
421 243 425 239
457 243 456 231
463 243 446 242
468 243 453 242
499 243 488 249
515 243 503 259
520 243 511 239
305 248 298 222
311 248 302 223
379 248 396 241
410 248 412 243
415 248 419 244
421 248 423 245
426 248 435 247
431 248 442 248
463 248 446 248
468 248 452 249
499 248 487 255
505 248 491 261
510 248 496 262
520 248 512 245
295 254 286 225
300 254 292 230
305 254 297 232
311 254 302 232
321 254 312 235
337 254 331 237
405 254 406 252
421 254 416 253
426 254 421 254
463 254 451 259
468 254 456 260
473 254 462 261
484 254 469 262
489 254 474 263
494 254 479 263
499 254 484 265
505 254 489 266
510 254 495 267
515 254 501 268
295 259 285 235
300 259 291 236
305 259 297 238
311 259 301 239
316 259 307 240
321 259 312 241
326 259 317 242
332 259 324 243
342 259 341 246
347 259 347 247
358 259 393 254
415 259 410 258
484 259 466 267
494 259 477 269
499 259 484 270
505 259 489 271
510 259 495 272
520 259 509 256
300 264 289 241
305 264 296 243
311 264 300 245
316 264 305 246
321 264 310 247
326 264 316 248
337 264 329 249
342 264 340 251
347 264 345 252
353 264 388 257
358 264 393 259
363 264 399 259
395 264 414 263
520 264 508 263
295 269 283 241
311 269 299 249
326 269 322 252
332 269 327 254
337 269 334 255
342 269 339 255
395 269 413 266
400 269 418 267
410 269 427 269
415 269 432 270
468 269 449 271
473 269 454 273
478 269 461 274
484 269 465 275
499 269 477 276
332 274 328 260
384 274 402 270
389 274 408 270
395 274 413 271
426 274 425 274
484 274 466 280
326 280 322 259
436 280 437 277
436 285 436 284
295 290 281 253
300 290 287 253
505 290 489 283
295 295 280 258
300 295 286 258
384 295 328 265
389 295 333 266
415 295 418 279
421 295 424 281
473 295 460 286
499 295 483 289
505 295 488 289
