407 84 421 74
413 84 427 74
413 90 426 81
465 97 479 95
471 97 484 95
497 97 510 98
413 103 428 95
432 103 443 97
439 103 451 98
452 103 458 97
465 103 478 101
471 103 484 102
478 103 490 103
497 103 507 105
413 110 427 102
419 110 434 103
432 110 444 102
439 110 451 104
445 110 457 104
452 110 464 104
471 110 483 108
478 110 489 109
484 110 495 110
497 110 510 103
407 116 419 108
413 116 425 109
426 116 436 110
432 116 443 110
439 116 450 110
445 116 457 110
452 116 462 118
458 116 469 118
465 116 475 114
471 116 483 116
478 116 488 116
484 116 495 116
407 123 418 115
419 123 429 116
426 123 435 117
432 123 441 118
439 123 448 119
445 123 455 119
452 123 461 123
458 123 469 124
465 123 475 121
471 123 481 122
478 123 488 122
484 123 494 123
394 129 403 121
413 129 422 123
419 129 428 124
432 129 440 125
458 129 468 131
465 129 474 128
471 129 481 129
484 129 493 130
491 129 501 128
387 136 396 126
394 136 403 128
407 136 415 129
439 136 447 133
478 136 486 136
484 136 492 137
491 136 500 135
387 142 396 133
394 142 402 134
407 142 414 134
413 142 419 135
419 142 425 136
426 142 431 137
432 142 438 138
439 142 446 139
445 142 452 140
484 142 491 143
491 142 499 144
381 148 389 138
387 148 395 140
407 148 413 140
413 148 419 142
419 148 424 142
426 148 432 143
432 148 438 145
439 148 445 145
445 148 451 146
452 148 459 147
458 148 465 147
465 148 473 148
478 148 484 150
381 155 388 145
387 155 394 147
394 155 401 148
407 155 412 148
413 155 417 148
419 155 424 150
426 155 431 149
432 155 438 151
439 155 444 152
445 155 450 151
452 155 457 153
458 155 464 154
465 155 471 155
484 155 490 157
381 161 387 152
387 161 394 153
394 161 401 154
407 161 412 155
419 161 424 157
426 161 431 158
432 161 437 158
439 161 443 159
445 161 450 158
452 161 456 161
458 161 463 161
465 161 470 162
471 161 476 162
381 168 386 160
387 168 393 160
394 168 401 160
400 168 407 161
413 168 417 163
419 168 424 164
426 168 430 164
432 168 436 165
439 168 442 165
445 168 450 166
452 168 456 168
458 168 463 168
465 168 469 169
471 168 475 169
478 168 482 170
484 168 488 170
381 174 386 167
387 174 393 167
407 174 409 169
413 174 416 169
419 174 424 170
426 174 430 171
432 174 436 171
439 174 443 171
445 174 449 173
452 174 455 175
458 174 461 175
465 174 468 174
471 174 475 175
374 181 378 172
381 181 386 173
413 181 416 175
419 181 423 177
426 181 429 177
432 181 436 177
439 181 442 178
445 181 448 179
452 181 454 180
458 181 461 181
478 181 480 184
484 181 488 182
413 187 415 183
419 187 422 183
426 187 429 183
432 187 434 184
439 187 441 185
445 187 447 186
452 187 453 186
458 187 460 186
478 187 480 189
407 194 407 189
419 194 421 190
426 194 428 189
432 194 434 191
439 194 440 192
445 194 447 192
452 194 453 194
368 200 368 193
374 200 375 193
400 200 400 195
419 200 420 196
426 200 426 196
432 200 433 197
439 200 439 197
445 200 445 200
452 200 453 200
368 207 368 199
374 207 375 201
381 207 382 201
394 207 394 200
407 207 405 201
374 213 374 206
381 213 381 207
387 213 387 207
426 213 424 211
439 213 438 206
374 220 375 211
394 220 396 209
413 220 410 211
419 220 417 211
426 220 424 218
432 220 430 218
445 220 447 206
458 220 459 208
368 226 368 217
381 226 380 218
387 226 386 219
394 226 393 221
413 226 408 219
419 226 416 219
445 226 445 228
478 226 477 225
361 232 360 223
413 232 406 226
426 232 423 227
432 232 430 228
458 232 455 231
471 232 469 232
478 232 475 232
394 239 393 233
400 239 399 234
419 239 413 234
439 239 435 235
445 239 442 236
452 239 449 237
458 239 454 237
465 239 461 239
471 239 467 240
413 245 407 239
419 245 414 240
439 245 434 243
445 245 440 243
452 245 448 243
458 245 454 243
465 245 460 246
471 245 467 246
381 252 378 243
387 252 386 244
465 252 460 252
471 252 466 253
374 258 371 249
381 258 378 250
394 258 390 251
419 258 414 253
432 258 431 256
381 265 377 255
387 265 384 256
394 265 389 257
432 265 430 262
374 271 377 262
394 271 390 263
419 271 416 265
426 271 423 266
432 271 429 268
452 271 445 269
387 278 382 268
445 278 438 274
413 284 407 273
407 291 401 278
413 291 407 280
465 291 457 284
355 297 348 279
413 297 406 286
458 297 449 290
458 303 448 297
465 303 455 299
348 310 340 297
355 310 347 298
368 310 357 300
400 310 391 300
458 310 449 306
465 310 454 306
342 316 331 304
458 316 448 312
348 323 338 311
355 323 345 312
361 323 351 307
368 323 359 307
458 323 446 319
355 329 346 319
361 329 355 314
407 329 396 320
458 329 446 325
458 336 445 331
368 342 355 330
394 342 383 333
452 342 438 339
458 342 444 337
374 349 367 339
432 349 421 344
445 349 431 344
452 349 437 345
458 349 444 345
445 355 430 351
452 355 436 351
452 362 435 357
