376 80 377 80
382 80 383 80
421 80 421 80
427 80 429 80
376 87 377 87
382 87 384 86
421 87 423 87
427 87 429 87
433 87 435 87
440 87 441 86
446 87 447 86
453 87 454 87
459 87 461 86
465 87 467 87
369 93 371 92
376 93 377 93
382 93 384 93
408 93 411 92
414 93 417 92
421 93 423 93
427 93 429 93
433 93 435 92
440 93 442 92
446 93 448 92
453 93 454 93
459 93 461 93
465 93 467 93
369 99 371 99
376 99 377 99
382 99 384 99
408 99 410 99
414 99 416 99
421 99 423 99
427 99 430 99
433 99 436 99
440 99 442 98
446 99 448 98
453 99 454 99
459 99 461 99
465 99 467 100
369 106 371 106
376 106 377 106
382 106 384 106
389 106 390 106
401 106 402 105
408 106 409 105
414 106 416 106
421 106 424 106
427 106 430 106
433 106 436 105
440 106 443 104
446 106 448 106
453 106 454 106
459 106 461 107
465 106 467 106
369 112 371 112
376 112 377 112
382 112 383 112
389 112 390 113
395 112 396 111
401 112 403 111
408 112 409 111
414 112 417 111
421 112 422 111
427 112 429 111
433 112 435 111
440 112 442 111
446 112 448 113
453 112 454 113
459 112 460 114
465 112 467 112
363 119 364 119
369 119 371 119
376 119 377 119
382 119 383 119
389 119 389 119
395 119 395 118
401 119 402 117
408 119 409 117
414 119 417 118
421 119 423 118
427 119 428 117
433 119 434 117
440 119 442 118
446 119 448 118
453 119 454 118
459 119 461 118
465 119 467 118
363 125 364 126
369 125 371 125
376 125 377 125
382 125 384 125
389 125 389 125
395 125 396 124
401 125 403 125
408 125 409 124
414 125 417 125
421 125 423 125
427 125 429 125
433 125 436 125
440 125 441 126
446 125 448 125
453 125 454 125
459 125 461 124
465 125 467 125
363 131 364 132
369 131 371 131
376 131 377 131
382 131 383 131
389 131 390 132
395 131 397 132
401 131 404 132
408 131 410 133
414 131 417 131
421 131 423 132
427 131 430 132
433 131 436 132
440 131 441 132
446 131 448 131
453 131 454 131
459 131 461 131
465 131 467 131
472 131 474 131
363 138 365 138
369 138 371 138
376 138 377 138
382 138 383 138
389 138 390 139
395 138 396 139
401 138 404 138
408 138 410 138
421 138 423 138
427 138 429 138
433 138 436 138
440 138 442 138
446 138 448 138
453 138 454 137
459 138 461 137
465 138 467 138
472 138 474 137
363 144 364 144
369 144 371 144
376 144 377 144
382 144 384 144
389 144 390 144
395 144 396 145
401 144 403 145
414 144 416 144
421 144 422 144
427 144 429 144
433 144 436 145
440 144 442 145
446 144 448 144
453 144 454 144
465 144 467 144
472 144 474 143
363 151 365 150
369 151 371 151
389 151 391 151
401 151 404 150
408 151 409 150
414 151 415 150
421 151 423 150
433 151 436 150
446 151 448 151
453 151 454 151
459 151 461 151
465 151 467 150
472 151 473 149
363 157 365 157
369 157 371 157
376 157 378 157
382 157 384 157
389 157 390 158
395 157 403 158
401 157 409 157
414 157 415 157
421 157 422 157
427 157 427 158
433 157 435 158
440 157 442 157
446 157 448 156
453 157 454 157
459 157 460 157
465 157 467 157
363 163 364 163
369 163 371 164
376 163 378 164
382 163 384 164
389 163 390 164
395 163 396 165
408 163 409 163
414 163 415 163
421 163 423 164
427 163 429 164
433 163 435 164
440 163 442 163
446 163 448 163
453 163 454 163
459 163 460 163
465 163 467 163
363 170 364 172
369 170 371 171
376 170 377 170
382 170 383 170
389 170 389 171
395 170 396 172
401 170 403 172
408 170 409 171
414 170 416 170
421 170 423 169
427 170 430 169
433 170 435 169
440 170 442 168
446 170 448 169
453 170 454 171
459 170 461 171
465 170 467 170
363 176 364 179
369 176 371 178
376 176 378 177
382 176 384 177
389 176 390 178
395 176 397 179
401 176 403 178
408 176 409 176
414 176 416 175
421 176 423 175
427 176 429 175
433 176 435 174
440 176 442 175
446 176 448 176
453 176 454 177
459 176 461 177
465 176 467 176
357 183 357 186
363 183 364 185
369 183 371 184
376 183 377 183
382 183 384 183
389 183 391 185
395 183 398 185
401 183 403 183
408 183 409 183
414 183 415 182
421 183 422 182
427 183 429 183
433 183 436 182
440 183 442 181
446 183 448 183
453 183 454 184
459 183 461 183
465 183 468 182
357 189 357 191
363 189 365 191
369 189 371 190
376 189 377 189
382 189 383 190
389 189 391 190
395 189 398 190
401 189 403 190
408 189 409 189
414 189 416 189
421 189 422 190
427 189 429 190
433 189 435 189
440 189 441 190
446 189 448 190
453 189 454 189
459 189 460 190
465 189 467 190
478 189 479 189
357 195 358 197
363 195 364 197
369 195 371 196
376 195 377 196
382 195 383 195
389 195 391 196
395 195 397 196
401 195 403 196
408 195 409 196
414 195 416 196
421 195 421 196
427 195 428 196
433 195 435 196
440 195 441 196
446 195 448 196
453 195 454 196
459 195 461 196
465 195 467 196
485 195 486 195
357 202 358 202
363 202 365 202
369 202 371 202
376 202 377 202
382 202 384 202
389 202 391 203
395 202 398 203
401 202 403 202
408 202 409 202
414 202 416 202
421 202 422 202
427 202 428 203
433 202 435 202
440 202 441 203
446 202 448 202
453 202 455 202
459 202 461 203
465 202 467 203
478 202 480 201
357 208 358 208
363 208 365 209
369 208 371 208
376 208 377 208
382 208 384 209
389 208 391 210
395 208 398 210
401 208 403 209
408 208 409 208
414 208 416 208
421 208 422 209
427 208 428 209
433 208 435 209
440 208 441 210
446 208 448 208
453 208 455 208
459 208 461 209
465 208 467 210
357 215 358 215
363 215 365 215
369 215 371 215
376 215 377 215
382 215 383 215
389 215 391 216
395 215 397 216
401 215 403 215
408 215 409 215
414 215 416 215
421 215 422 215
427 215 428 215
433 215 435 216
440 215 441 216
446 215 448 214
453 215 455 215
459 215 461 215
465 215 467 215
357 221 358 222
363 221 365 221
369 221 371 221
376 221 377 221
382 221 383 222
389 221 390 222
395 221 397 221
401 221 403 221
408 221 410 221
414 221 416 221
421 221 422 221
427 221 429 222
433 221 435 222
440 221 441 222
446 221 447 222
453 221 455 221
459 221 461 221
465 221 466 221
357 227 358 228
363 227 365 227
369 227 371 227
376 227 377 227
382 227 383 227
389 227 390 228
395 227 397 228
401 227 403 228
408 227 410 227
414 227 416 227
421 227 422 228
427 227 429 228
433 227 435 227
440 227 441 228
446 227 448 228
453 227 455 227
459 227 461 228
465 227 467 228
357 234 358 234
363 234 365 234
369 234 371 234
376 234 377 234
382 234 383 234
389 234 389 234
395 234 396 234
401 234 402 234
408 234 409 234
414 234 417 234
421 234 423 233
427 234 429 233
433 234 435 233
440 234 441 234
446 234 448 234
453 234 455 234
459 234 461 234
357 240 358 242
363 240 364 241
369 240 371 241
376 240 378 241
382 240 384 242
389 240 389 241
395 240 396 241
401 240 402 241
408 240 409 241
414 240 418 240
421 240 423 240
427 240 429 239
433 240 435 239
440 240 441 240
446 240 448 241
453 240 455 240
459 240 461 240
357 247 358 247
363 247 364 247
369 247 372 247
376 247 378 248
382 247 384 248
389 247 390 248
395 247 396 248
401 247 403 248
408 247 410 248
414 247 417 247
421 247 423 247
433 247 436 247
440 247 441 247
446 247 448 247
453 247 454 247
459 247 461 246
357 253 358 253
363 253 364 253
369 253 371 253
376 253 377 253
382 253 383 254
389 253 390 254
395 253 397 254
401 253 403 254
408 253 410 254
414 253 417 253
421 253 423 253
427 253 431 254
433 253 435 253
440 253 441 253
446 253 448 252
453 253 455 253
459 253 461 254
465 253 467 253
350 259 352 259
357 259 358 259
363 259 365 259
369 259 371 259
376 259 377 259
382 259 383 259
389 259 390 260
395 259 397 260
401 259 403 260
408 259 411 260
414 259 417 261
421 259 423 260
427 259 429 260
433 259 435 260
440 259 441 259
446 259 448 259
453 259 455 259
459 259 461 259
472 259 474 260
350 266 352 265
357 266 358 266
363 266 364 265
369 266 371 265
376 266 377 266
382 266 384 265
389 266 390 266
395 266 397 266
401 266 403 266
408 266 410 266
440 266 442 265
446 266 448 266
453 266 454 266
459 266 461 266
465 266 467 266
472 266 474 266
350 272 352 271
357 272 358 272
363 272 365 272
369 272 372 272
376 272 377 272
382 272 383 272
389 272 391 272
401 272 403 272
408 272 410 272
414 272 416 272
421 272 422 272
427 272 430 272
433 272 436 272
440 272 442 272
453 272 454 272
459 272 461 272
465 272 466 273
472 272 474 272
350 279 352 280
357 279 358 279
363 279 365 278
369 279 372 278
376 279 378 278
382 279 383 278
389 279 390 279
401 279 403 278
408 279 410 278
414 279 415 278
421 279 422 279
427 279 429 279
433 279 436 278
440 279 442 278
446 279 448 279
453 279 454 278
459 279 460 279
465 279 467 279
350 285 352 285
357 285 358 285
363 285 364 285
369 285 372 285
376 285 378 285
382 285 383 285
389 285 390 285
401 285 403 285
408 285 409 285
414 285 415 285
421 285 422 285
427 285 429 285
433 285 435 285
440 285 442 284
446 285 448 285
453 285 454 285
459 285 461 285
350 291 352 292
357 291 358 291
363 291 364 291
369 291 372 291
376 291 379 291
382 291 384 291
389 291 390 292
401 291 403 292
408 291 409 292
414 291 416 292
421 291 422 292
427 291 429 292
433 291 434 292
440 291 441 291
446 291 448 291
453 291 454 292
459 291 461 291
350 298 352 300
357 298 358 298
363 298 365 297
369 298 373 297
376 298 378 297
382 298 384 298
389 298 390 297
401 298 403 298
408 298 409 297
414 298 416 298
421 298 422 298
427 298 428 298
433 298 434 298
440 298 441 298
446 298 448 298
453 298 454 298
459 298 461 297
350 304 352 306
357 304 357 305
363 304 364 304
369 304 372 304
376 304 378 304
382 304 384 304
395 304 397 304
401 304 403 304
408 304 410 303
414 304 416 305
421 304 423 305
427 304 428 304
433 304 435 304
440 304 441 304
453 304 454 304
459 304 461 303
350 311 351 312
357 311 357 312
363 311 364 312
369 311 371 311
376 311 378 311
382 311 383 312
395 311 397 311
401 311 403 310
408 311 410 310
414 311 416 310
421 311 422 310
427 311 429 311
433 311 436 312
440 311 442 310
453 311 454 310
459 311 461 309
344 317 346 316
350 317 351 318
357 317 358 319
363 317 365 319
369 317 371 318
376 317 377 319
382 317 383 319
395 317 396 317
401 317 403 317
408 317 409 316
414 317 416 317
421 317 422 317
427 317 430 317
433 317 436 318
440 317 441 317
453 317 454 316
350 323 352 325
357 323 358 325
363 323 365 325
369 323 371 326
376 323 377 326
382 323 383 325
395 323 396 325
401 323 403 324
408 323 409 323
414 323 416 323
421 323 423 323
427 323 430 323
433 323 436 324
440 323 442 324
453 323 454 323
344 330 346 332
350 330 352 331
357 330 358 331
363 330 365 332
369 330 372 332
376 330 378 330
382 330 384 331
389 330 390 331
395 330 396 330
401 330 403 330
408 330 409 330
414 330 416 329
421 330 423 330
427 330 430 329
433 330 435 330
440 330 442 330
453 330 454 330
344 336 345 339
350 336 352 337
357 336 358 337
363 336 365 338
369 336 371 337
376 336 378 337
382 336 384 337
389 336 390 337
395 336 397 336
401 336 403 337
408 336 409 336
414 336 416 336
421 336 422 336
427 336 429 336
433 336 435 336
440 336 442 336
446 336 448 337
453 336 455 337
344 343 345 344
350 343 352 343
357 343 358 343
363 343 366 343
369 343 372 343
376 343 378 343
382 343 385 343
389 343 390 343
395 343 397 343
401 343 403 342
408 343 409 343
414 343 415 342
421 343 422 342
427 343 429 342
433 343 435 343
440 343 442 342
446 343 448 343
453 343 454 343
344 349 346 349
350 349 352 349
357 349 358 349
363 349 366 349
369 349 371 349
376 349 378 349
382 349 384 349
389 349 390 349
395 349 397 349
401 349 403 349
408 349 409 349
414 349 416 349
421 349 422 349
427 349 429 349
433 349 435 349
440 349 442 349
446 349 448 349
453 349 454 350
344 355 346 355
350 355 352 355
357 355 358 355
363 355 365 355
369 355 371 355
376 355 378 355
382 355 384 355
389 355 391 355
395 355 397 355
401 355 403 355
408 355 409 355
414 355 416 355
421 355 422 355
427 355 428 355
433 355 435 355
440 355 442 355
446 355 448 355
453 355 454 355
363 362 365 362
369 362 372 362
376 362 377 362
382 362 384 362
389 362 391 362
395 362 397 362
401 362 404 362
408 362 410 362
414 362 416 362
421 362 422 362
427 362 428 362
433 362 435 362
440 362 441 362
446 362 448 362
453 362 454 361
