344 163 373 181
349 163 379 184
334 168 366 180
310 173 342 172
315 173 355 175
339 173 366 186
344 173 370 187
349 173 375 189
368 173 395 192
372 173 400 195
377 173 405 196
315 178 347 176
320 178 352 179
358 178 386 193
368 178 392 197
372 178 398 199
377 178 404 201
392 178 413 200
296 182 324 171
310 182 338 180
315 182 345 183
320 182 350 185
334 182 357 190
339 182 361 193
344 182 368 194
372 182 397 204
377 182 402 206
396 182 416 207
401 182 421 209
406 182 426 211
411 182 431 212
286 187 316 173
296 187 322 176
301 187 327 178
334 187 355 194
339 187 359 198
349 187 373 198
353 187 378 199
358 187 383 202
363 187 389 205
401 187 420 214
282 192 308 174
310 192 336 187
315 192 343 191
320 192 347 193
339 192 358 203
344 192 367 200
349 192 370 203
353 192 375 205
358 192 382 207
401 192 417 220
248 197 273 168
253 197 278 169
344 197 362 206
349 197 368 208
353 197 374 210
358 197 379 211
229 202 254 166
239 202 264 168
291 202 312 185
310 202 336 193
344 202 360 212
349 202 365 214
353 202 372 216
234 206 257 171
239 206 262 172
243 206 267 174
253 206 274 177
258 206 279 179
262 206 300 194
272 206 291 183
282 206 299 187
325 206 346 217
329 206 350 219
349 206 364 220
353 206 370 222
205 211 230 172
239 211 267 179
253 211 274 182
272 211 290 188
277 211 294 191
291 211 308 196
296 211 313 198
301 211 317 201
306 211 323 203
339 211 355 222
344 211 360 224
353 211 369 227
215 216 237 176
224 216 246 178
248 216 270 186
272 216 288 193
286 216 301 199
291 216 305 201
296 216 310 203
301 216 315 205
306 216 320 208
329 216 348 226
339 216 353 228
353 216 367 233
205 221 227 177
215 221 236 181
219 221 239 182
224 221 244 183
306 221 318 212
320 221 334 226
219 225 237 187
229 225 249 187
239 225 264 191
253 225 267 194
286 225 296 206
291 225 301 208
296 225 307 210
301 225 312 213
219 230 235 193
234 230 248 193
248 230 260 198
253 230 264 200
258 230 269 201
286 230 293 210
291 230 299 211
296 230 304 215
301 230 310 218
310 230 318 221
315 230 323 224
320 230 327 225
344 230 361 245
406 230 412 250
411 230 416 253
229 235 241 197
234 235 246 198
239 235 250 200
248 235 258 203
253 235 262 204
286 235 292 215
291 235 297 218
296 235 303 220
301 235 308 223
310 235 316 226
315 235 321 228
320 235 325 230
344 235 358 250
411 235 415 259
215 240 229 196
219 240 232 200
229 240 239 203
234 240 244 204
239 240 248 205
248 240 256 208
253 240 260 209
258 240 265 211
267 240 274 214
272 240 278 216
282 240 286 218
291 240 296 223
296 240 301 225
301 240 306 227
310 240 314 230
315 240 319 233
320 240 324 235
325 240 328 238
219 245 230 206
229 245 237 208
234 245 242 209
239 245 247 210
248 245 255 212
253 245 258 214
267 245 272 218
315 245 318 238
320 245 322 241
325 245 326 242
229 249 236 213
234 249 240 214
272 249 274 224
286 249 288 229
291 249 292 231
296 249 297 233
301 249 302 236
310 249 311 240
411 249 413 271
239 254 244 218
248 254 251 222
253 254 256 223
262 254 264 225
267 254 268 228
272 254 273 229
282 254 281 232
286 254 285 234
291 254 290 237
296 254 295 239
301 254 299 241
320 254 319 248
325 254 324 250
411 254 412 277
234 259 238 221
239 259 242 223
248 259 249 226
253 259 253 227
262 259 261 230
267 259 266 232
272 259 271 234
277 259 276 235
286 259 284 239
291 259 289 242
296 259 293 244
301 259 298 245
315 259 312 252
325 259 321 255
344 259 338 268
411 259 409 283
229 264 231 226
234 264 235 227
239 264 240 229
248 264 247 231
253 264 251 232
258 264 256 234
267 264 264 237
272 264 269 239
277 264 274 240
286 264 281 244
291 264 286 246
296 264 292 248
301 264 297 250
310 264 305 254
315 264 309 256
320 264 314 258
325 264 318 260
406 264 400 288
411 264 406 289
229 268 229 232
234 268 233 233
239 268 237 234
243 268 242 235
253 268 250 238
258 268 255 239
310 268 302 259
315 268 306 261
320 268 311 263
325 268 317 266
329 268 322 268
363 268 355 287
406 268 398 294
234 273 231 238
239 273 235 239
243 273 240 241
282 273 273 248
291 273 278 251
301 273 291 257
306 273 296 259
320 273 310 268
325 273 315 270
329 273 320 273
339 273 328 277
344 273 333 280
401 273 388 302
406 273 395 299
411 273 399 305
234 278 229 243
239 278 233 244
262 278 260 249
267 278 264 251
282 278 271 255
306 278 293 263
310 278 298 266
344 278 331 284
363 278 351 294
396 278 380 306
411 278 398 310
248 283 240 249
253 283 245 251
258 283 250 253
267 283 257 255
272 283 261 257
282 283 269 259
286 283 273 260
306 283 292 268
310 283 296 270
315 283 302 274
334 283 320 282
339 283 324 283
363 283 348 299
392 283 375 310
396 283 379 310
401 283 384 311
406 283 390 310
411 283 397 316
248 288 237 255
253 288 242 256
258 288 246 258
267 288 255 260
272 288 259 261
282 288 267 264
310 288 294 276
329 288 311 283
339 288 322 288
344 288 328 290
349 288 333 292
353 288 338 295
368 288 349 305
387 288 370 313
396 288 377 315
401 288 381 317
406 288 387 319
248 292 235 260
253 292 240 262
258 292 244 263
267 292 253 265
272 292 257 266
282 292 263 269
320 292 300 279
329 292 309 288
334 292 316 290
339 292 321 292
344 292 326 295
349 292 330 298
353 292 335 300
382 292 359 316
392 292 370 320
396 292 375 321
401 292 379 323
406 292 385 325
248 297 234 265
253 297 237 266
258 297 242 268
267 297 251 270
272 297 255 272
282 297 260 275
320 297 297 285
339 297 318 298
349 297 328 303
353 297 333 306
358 297 338 309
368 297 345 317
372 297 348 319
382 297 356 321
387 297 361 322
392 297 367 325
396 297 372 326
401 297 377 329
234 302 220 266
239 302 224 268
248 302 231 270
253 302 235 271
258 302 241 273
282 302 258 280
286 302 264 285
329 302 306 295
349 302 325 308
353 302 331 311
372 302 346 325
377 302 352 326
382 302 358 328
392 302 364 331
396 302 369 333
267 307 247 279
272 307 252 280
301 307 273 295
329 307 312 297
339 307 315 306
344 307 319 309
349 307 323 313
353 307 329 315
368 307 341 321
387 307 356 334
392 307 363 336
248 312 228 276
253 312 232 279
262 312 241 282
267 312 245 284
272 312 248 285
315 312 294 297
325 312 296 305
329 312 301 307
339 312 312 312
344 312 317 314
368 312 339 327
372 312 343 329
377 312 349 332
387 312 354 340
248 316 226 282
253 316 230 284
262 316 238 287
267 316 242 288
277 316 251 291
282 316 255 292
325 316 295 310
329 316 301 312
334 316 305 314
339 316 310 316
344 316 314 318
349 316 319 321
353 316 325 323
363 316 333 330
372 316 343 335
377 316 347 338
248 321 224 287
253 321 228 289
262 321 236 291
325 321 292 315
329 321 298 317
334 321 302 318
339 321 307 321
344 321 313 323
349 321 318 325
353 321 323 328
368 321 336 338
372 321 340 342
248 326 223 293
253 326 226 294
301 326 266 312
320 326 285 318
325 326 290 320
329 326 295 323
334 326 300 325
339 326 306 326
344 326 311 329
353 326 322 333
368 326 336 348
372 326 343 351
248 331 220 298
253 331 224 299
286 331 256 308
329 331 292 327
334 331 297 330
339 331 303 332
344 331 309 333
353 331 319 339
363 331 330 351
368 331 335 354
253 335 221 304
262 335 230 305
272 335 236 307
286 335 253 313
296 335 260 317
301 335 265 318
310 335 275 323
320 335 286 326
349 335 312 343
353 335 318 346
358 335 324 354
363 335 328 356
248 340 215 309
262 340 227 311
272 340 235 313
277 340 240 315
282 340 244 317
286 340 251 319
296 340 258 321
301 340 263 323
306 340 268 326
310 340 274 328
315 340 278 330
353 340 315 356
358 340 320 358
262 345 225 316
267 345 230 317
277 345 238 320
286 345 247 324
301 345 262 329
306 345 267 330
310 345 272 332
315 345 276 334
339 345 296 352
253 350 216 323
262 350 223 321
267 350 228 322
272 350 232 324
282 350 241 327
286 350 245 329
296 350 253 333
310 350 268 338
329 350 284 351
334 350 289 353
339 350 294 356
267 355 227 330
272 355 231 336
282 355 239 333
286 355 243 335
296 355 251 338
301 355 256 341
329 355 281 356
334 355 287 359
291 359 239 347
301 359 254 346
