255 82 397 136
255 85 397 139
267 109 400 159
302 109 424 162
255 117 393 169
259 117 396 168
255 121 393 172
259 121 396 172
236 129 350 173
239 132 359 175
259 132 388 177
275 140 401 181
259 144 394 194
263 144 397 193
275 144 401 185
279 144 405 184
283 144 409 184
255 148 389 198
259 148 393 197
279 148 405 188
255 152 390 202
259 152 394 201
263 152 397 200
271 152 403 198
271 156 403 202
259 164 395 222
302 164 424 211
247 172 382 214
243 180 375 227
283 207 418 249
267 211 406 258
271 211 410 258
283 211 419 253
243 215 373 261
267 215 407 262
271 215 410 261
279 219 415 262
283 223 419 261
286 223 422 258
290 223 423 260
279 227 416 267
