0.9953204393386841 0.05734412744641304 -0.07777362316846848 0.01489351969212294 
-0.05862025544047356 0.998179018497467 -0.01422357466071844 0.02504732273519039 
0.07681634277105331 0.01871619187295437 0.9968695044517517 -0.3787107169628143 
0 0 0 1 

0.9707054495811462 0.07776976376771927 -0.2273382544517517 0.07565338164567947 
-0.08339982479810715 0.996399462223053 -0.01524996198713779 0.02637743577361107 
0.2253337204456329 0.03376324102282524 0.9736963510513306 -0.3689378201961517 
0 0 0 1 

0.9345467686653137 0.0745181143283844 -0.3479499518871307 0.1249489262700081 
-0.07220102846622467 0.9971966743469238 0.01964068971574306 0.01391887199133635 
0.3484381437301636 0.00676723150536418 0.9373072981834412 -0.3551129698753357 
0 0 0 1 

0.8980790972709656 0.09380807727575302 -0.4297136664390564 0.1594001650810242 
-0.08000119775533676 0.9955334067344666 0.05013025924563408 0.005822215229272842 
0.4324969351291656 -0.01064329780638218 0.9015724658966064 -0.3403086960315704 
0 0 0 1 

0.8280134201049805 0.09737569838762283 -0.552187979221344 0.2115973681211472 
-0.07241760939359665 0.9951285123825073 0.06689491868019104 0.003835096955299377 
0.5560119152069092 -0.01540173590183258 0.8310315012931824 -0.3103694319725037 
0 0 0 1 

0.727746307849884 0.1080096587538719 -0.6772879362106323 0.2651031613349915 
-0.06060158461332321 0.9937857985496521 0.09336628764867783 -0.002374179661273956 
0.683163583278656 -0.02690221928060055 0.7297694683074951 -0.267324835062027 
0 0 0 1 

0.6866582036018372 0.1132320389151573 -0.7181077599525452 0.2838358581066132 
-0.06489186733961105 0.9933990836143494 0.09459033608436584 0.0009325416176579893 
0.7240782380104065 -0.0183518398553133 0.6894734501838684 -0.2435442507266998 
0 0 0 1 

0.677085816860199 0.1143752261996269 -0.7269613146781921 0.2898527085781097 
-0.07357574254274368 0.9934198260307312 0.08777014911174774 0.00493721617385745 
0.7322165369987488 -0.005941164679825306 0.6810457706451416 -0.230401799082756 
0 0 0 1 

0.6800327897071838 0.1316479742527008 -0.7212654948234558 0.2914501428604126 
-0.09506514668464661 0.9912753701210022 0.09130058437585831 0.004914840217679739 
0.7269922494888306 0.006479858886450529 0.6866149306297302 -0.2234003245830536 
0 0 0 1 

0.5919477939605713 0.1399482935667038 -0.7937330007553101 0.3215271234512329 
-0.1226366013288498 0.9889820218086243 0.08291438221931458 0.01013307459652424 
0.7965914011001587 0.04825976490974426 0.6025885343551636 -0.1796846389770508 
0 0 0 1 

