310 157 282 202
317 157 288 201
323 157 295 200
304 163 275 210
310 163 284 209
317 163 290 207
336 163 307 204
342 163 313 203
348 163 319 202
355 163 325 201
374 163 352 198
392 163 358 194
304 169 277 218
310 169 284 216
317 169 290 214
323 169 297 214
329 169 303 211
336 169 308 209
342 169 314 209
348 169 320 208
355 169 327 206
361 169 333 205
367 169 340 204
374 169 353 202
392 169 360 199
399 169 366 199
405 169 372 197
418 169 385 196
304 176 279 223
317 176 292 221
342 176 316 215
348 176 322 214
355 176 329 213
361 176 336 212
367 176 341 210
374 176 346 209
380 176 352 208
386 176 359 206
399 176 367 205
405 176 379 203
418 176 384 201
436 176 398 199
443 176 403 199
317 182 294 228
336 182 307 220
342 182 318 223
355 182 330 220
361 182 336 220
367 182 343 217
374 182 348 215
380 182 354 214
386 182 360 213
399 182 373 211
411 182 382 209
418 182 387 208
424 182 393 207
430 182 398 206
436 182 403 204
443 182 409 203
468 182 429 195
474 182 436 195
317 188 296 235
323 188 301 234
336 188 313 229
348 188 325 229
355 188 332 227
361 188 337 225
367 188 344 223
374 188 349 223
380 188 356 222
386 188 362 220
405 188 380 216
418 188 388 214
424 188 394 213
430 188 399 212
436 188 406 211
443 188 411 210
449 188 418 209
455 188 425 207
462 188 431 207
500 188 473 194
317 194 297 241
323 194 303 240
336 194 315 236
342 194 321 235
348 194 326 235
355 194 334 233
361 194 339 231
367 194 346 230
374 194 350 229
380 194 358 229
386 194 364 228
392 194 370 225
399 194 376 223
405 194 381 222
418 194 391 221
424 194 395 221
430 194 401 219
436 194 409 217
443 194 413 216
455 194 426 213
462 194 432 212
481 194 445 205
487 194 450 204
512 194 477 205
550 194 512 190
575 194 524 188
310 201 292 248
317 201 298 247
323 201 303 245
336 201 316 242
342 201 322 242
348 201 328 241
355 201 335 239
361 201 342 237
367 201 348 236
374 201 353 235
380 201 360 235
386 201 365 233
392 201 371 232
399 201 378 230
405 201 383 228
411 201 388 227
418 201 394 226
430 201 403 226
436 201 410 224
443 201 416 222
455 201 428 220
462 201 434 218
468 201 440 217
487 201 458 216
493 201 464 215
550 201 512 197
304 207 286 255
310 207 292 252
323 207 304 251
329 207 311 249
336 207 318 249
342 207 324 248
348 207 330 247
355 207 336 246
361 207 343 244
367 207 348 243
374 207 355 242
380 207 361 241
386 207 367 240
392 207 374 238
399 207 380 237
405 207 386 235
411 207 390 233
418 207 398 233
430 207 404 231
436 207 412 229
443 207 417 228
449 207 423 227
455 207 430 225
462 207 435 224
468 207 441 223
481 207 454 223
487 207 459 221
493 207 465 219
506 207 472 214
298 213 274 271
304 213 287 261
310 213 292 260
317 213 298 259
323 213 305 257
336 213 319 254
342 213 325 253
348 213 330 252
361 213 343 249
367 213 349 248
374 213 355 248
380 213 362 247
386 213 368 246
392 213 375 246
399 213 380 244
405 213 387 242
411 213 392 240
418 213 398 238
449 213 425 233
455 213 431 231
462 213 436 230
468 213 443 229
525 213 490 217
310 220 293 265
317 220 300 264
323 220 305 264
367 220 351 254
374 220 356 254
380 220 362 253
386 220 369 252
392 220 375 251
399 220 380 251
449 220 430 239
462 220 439 237
468 220 444 235
487 220 460 229
493 220 466 227
506 220 474 226
512 220 480 225
518 220 485 223
525 220 491 222
531 220 497 221
544 220 507 220
550 220 513 219
556 220 519 218
562 220 524 216
569 220 530 216
292 226 269 278
298 226 277 275
304 226 283 273
329 226 315 269
342 226 321 267
355 226 331 261
367 226 350 260
386 226 369 258
392 226 375 256
399 226 381 255
462 226 441 242
468 226 446 242
481 226 457 235
487 226 462 235
493 226 467 234
506 226 476 232
512 226 481 230
518 226 487 229
525 226 493 229
531 226 498 227
544 226 508 225
556 226 520 222
562 226 525 220
569 226 530 219
292 232 270 283
355 232 333 268
361 232 339 265
392 232 376 262
399 232 383 260
462 232 442 249
474 232 451 247
487 232 463 243
506 232 478 237
512 232 483 236
518 232 488 235
525 232 494 234
537 232 502 234
562 232 515 229
569 232 519 228
298 238 278 284
304 238 284 282
317 238 298 280
323 238 304 278
329 238 310 278
336 238 315 276
342 238 320 275
348 238 328 275
355 238 335 273
361 238 341 272
367 238 346 270
374 238 353 269
380 238 360 268
386 238 367 269
436 238 395 246
455 238 414 245
493 238 467 248
500 238 474 247
506 238 479 244
512 238 483 242
292 245 271 290
298 245 279 290
304 245 286 288
310 245 291 286
317 245 299 286
323 245 305 285
329 245 311 283
336 245 316 282
342 245 323 281
348 245 330 281
355 245 336 279
361 245 341 278
374 245 353 276
380 245 362 275
430 245 389 254
487 245 461 254
493 245 467 253
500 245 473 253
537 245 497 240
544 245 502 240
304 251 287 293
310 251 293 291
317 251 300 291
323 251 306 290
329 251 312 289
336 251 316 289
342 251 323 288
348 251 330 286
355 251 336 285
361 251 342 284
367 251 350 283
380 251 362 280
386 251 369 279
418 251 380 276
424 251 385 276
430 251 389 261
481 251 457 266
531 251 492 248
537 251 496 246
317 257 301 297
323 257 307 296
329 257 313 294
336 257 317 295
342 257 323 294
348 257 330 292
355 257 337 291
361 257 343 290
367 257 350 290
418 257 381 282
424 257 386 281
487 257 462 266
493 257 467 265
531 257 492 254
537 257 497 252
329 264 314 300
336 264 320 299
342 264 325 299
348 264 331 298
361 264 340 297
367 264 349 295
418 264 381 288
430 264 393 281
374 270 358 299
418 270 382 293
424 270 388 292
430 270 395 288
418 276 378 300
424 276 390 297
430 276 396 296
