402 117 413 66
416 117 425 73
434 117 499 95
438 117 504 98
393 122 386 68
402 122 410 71
416 122 423 78
402 126 453 86
416 126 419 84
375 131 395 66
402 131 455 97
466 131 510 102
375 135 393 71
452 135 495 100
452 140 492 106
352 149 371 67
516 176 504 208
461 185 441 199
384 190 417 169
488 190 447 236
348 199 495 194
357 212 388 204
434 222 449 203
516 222 530 128
339 226 336 192
488 235 428 300
493 240 425 308
498 240 432 312
484 244 459 309
384 249 343 272
411 253 405 297
484 258 446 318
457 262 416 311
475 262 413 318
475 267 409 323
479 267 415 326
484 267 515 128
375 272 326 287
475 272 405 328
479 294 424 339
