364 74 525 124
376 80 533 134
408 87 546 174
396 93 533 173
415 93 537 178
421 93 544 184
408 100 523 181
415 100 531 184
357 119 485 147
383 119 500 167
357 125 479 150
376 125 496 162
383 125 495 171
383 132 489 176
376 138 479 175
364 144 463 170
370 151 456 174
408 151 480 212
421 157 479 223
453 157 493 243
415 164 468 223
447 164 480 241
453 164 485 249
447 170 476 245
376 183 433 204
383 183 443 215
389 189 445 233
370 234 404 228
370 241 394 236
357 247 379 222
364 247 388 230
396 247 400 257
421 247 414 265
351 254 370 222
421 254 407 271
357 260 370 235
364 260 374 241
415 260 397 270
421 260 401 275
402 266 385 268
351 273 355 236
402 273 381 272
344 279 344 233
396 279 376 267
402 279 375 276
351 286 344 245
415 292 369 290
357 318 342 255
344 324 326 250
344 331 319 252
351 331 324 259
344 337 315 256
351 337 318 262
364 343 320 280
357 350 310 277
389 363 318 301
396 363 322 306
