464 125 431 115
452 137 418 137
458 143 426 140
441 160 433 155
388 166 378 176
412 166 394 186
417 166 405 166
423 166 411 164
388 172 382 183
394 172 387 181
417 172 407 170
423 172 411 168
429 172 420 168
365 177 363 195
377 177 376 191
382 177 383 189
394 177 391 187
417 177 409 179
423 177 415 178
429 177 422 175
452 177 443 166
359 183 365 203
371 183 373 201
377 183 379 199
394 183 392 193
400 183 398 191
412 183 401 198
417 183 411 186
423 183 417 183
429 183 424 180
435 183 429 177
505 183 489 149
377 189 380 206
388 189 388 203
394 189 394 199
505 189 492 154
511 189 491 165
371 195 375 214
417 195 416 194
423 195 423 191
429 195 428 189
435 195 434 187
447 195 443 183
348 201 363 220
382 201 390 209
388 201 396 206
412 201 414 202
417 201 419 200
423 201 425 197
429 201 430 195
435 201 436 192
447 201 445 187
464 201 455 177
476 201 461 173
487 201 479 176
336 207 347 235
342 207 353 233
348 207 360 231
353 207 365 228
359 207 372 224
371 207 379 223
377 207 385 219
400 207 405 213
412 207 416 208
417 207 422 205
423 207 427 203
429 207 433 201
435 207 439 199
464 207 458 184
470 207 464 183
313 212 326 246
330 212 342 243
342 212 355 240
348 212 361 237
353 212 368 234
365 212 375 232
371 212 381 230
377 212 387 227
388 212 397 223
394 212 402 221
400 212 408 218
412 212 418 214
417 212 424 212
423 212 430 209
429 212 435 208
441 212 443 205
452 212 455 198
470 212 468 189
318 218 336 253
353 218 371 239
365 218 378 237
371 218 384 236
377 218 390 234
388 218 399 229
394 218 405 226
400 218 411 223
412 218 420 220
417 218 427 218
423 218 432 216
429 218 438 214
441 218 445 211
447 218 450 204
452 218 458 204
458 218 463 202
313 224 332 260
324 224 339 257
353 224 372 247
365 224 381 243
371 224 386 241
377 224 392 239
388 224 402 233
394 224 408 231
400 224 413 230
412 224 421 230
417 224 430 225
423 224 434 222
435 224 441 220
447 224 449 220
365 230 383 249
371 230 389 246
377 230 394 244
394 230 410 237
400 230 414 237
412 230 423 236
417 230 429 232
429 230 436 231
435 230 442 226
452 230 462 215
330 236 348 264
336 236 354 262
348 236 371 260
359 236 382 256
394 236 410 246
406 236 420 244
412 236 425 242
324 242 345 271
330 242 350 269
336 242 358 268
371 242 392 256
377 242 398 252
388 242 406 251
394 242 412 254
406 242 422 250
417 242 429 250
423 242 435 248
435 242 447 241
324 247 347 277
330 247 352 275
348 247 374 271
353 247 379 268
371 247 395 261
377 247 400 260
388 247 408 257
400 247 418 260
406 247 423 258
278 253 308 301
342 253 368 280
365 253 391 269
371 253 396 267
382 253 405 265
406 253 425 264
254 259 289 314
266 259 299 310
272 259 305 308
313 259 343 287
377 259 405 271
382 259 412 269
301 265 332 299
382 265 415 274
260 271 295 322
266 271 302 321
289 271 322 312
295 271 327 310
400 271 429 273
278 276 317 323
359 276 390 292
382 276 417 285
394 276 426 281
400 276 431 279
278 282 320 329
342 282 378 299
377 282 413 293
382 282 418 291
394 282 428 285
284 288 328 333
295 288 337 330
318 288 355 324
324 288 360 320
330 288 366 316
289 294 335 336
365 294 405 310
301 311 351 348
307 311 355 345
318 311 363 341
284 317 335 359
301 317 353 353
307 317 358 351
313 317 362 347
295 323 352 362
307 323 363 358
