406 148 375 177
429 148 385 156
435 148 389 152
447 148 394 147
447 154 398 153
400 160 379 191
412 160 383 186
417 166 390 181
423 166 393 176
406 172 387 191
417 172 393 184
441 172 408 163
447 172 414 158
452 172 418 153
423 177 400 182
435 177 408 172
452 177 422 159
394 183 388 199
400 183 391 196
412 183 398 190
417 183 403 185
429 183 408 181
435 183 413 177
441 183 420 173
447 183 424 169
464 183 432 159
382 189 387 209
400 189 394 214
417 189 404 196
423 189 408 191
429 189 414 186
435 189 418 183
441 189 423 177
470 189 435 165
371 195 378 239
377 195 382 233
400 195 401 215
412 195 405 205
417 195 410 200
423 195 414 196
429 195 418 192
464 195 438 169
330 201 354 269
348 201 368 256
365 201 379 247
371 201 383 244
377 201 387 238
382 201 390 234
412 201 410 210
417 201 415 205
423 201 418 200
429 201 422 196
435 201 426 192
441 201 431 187
342 207 367 267
348 207 372 263
353 207 376 258
365 207 383 251
371 207 386 247
377 207 390 242
382 207 395 238
388 207 400 235
400 207 407 222
406 207 411 218
423 207 423 205
429 207 426 201
336 212 366 275
342 212 371 272
348 212 375 267
353 212 380 262
365 212 386 256
371 212 391 251
377 212 395 247
382 212 399 242
388 212 404 238
400 212 412 226
412 212 420 217
417 212 424 213
318 218 357 285
342 218 375 275
348 218 379 271
353 218 384 265
359 218 390 261
371 218 396 257
377 218 401 251
394 218 412 235
400 218 417 230
406 218 420 226
412 218 424 221
417 218 429 216
423 218 436 211
353 224 388 271
359 224 394 267
371 224 400 260
377 224 406 255
382 224 408 249
388 224 413 244
394 224 416 240
400 224 420 236
406 224 424 230
423 224 440 216
429 224 446 212
336 230 375 283
342 230 382 280
382 230 412 253
388 230 417 248
394 230 420 244
406 230 429 234
412 230 434 228
417 230 437 224
429 230 448 215
324 236 371 298
353 236 395 278
371 236 407 266
377 236 411 261
382 236 416 257
388 236 420 253
394 236 425 248
406 236 433 238
272 242 336 339
318 242 370 306
324 242 374 303
348 242 395 284
365 242 407 276
371 242 411 271
377 242 414 265
382 242 420 261
388 242 423 257
394 242 428 251
406 242 437 234
417 242 445 229
423 242 450 225
429 242 454 221
330 247 381 299
359 247 408 282
371 247 414 275
377 247 418 271
388 247 428 261
394 247 433 257
260 253 334 358
301 253 360 335
318 253 369 317
365 253 417 282
377 253 428 272
394 253 440 263
278 259 350 354
359 259 417 290
371 259 427 283
382 259 438 272
394 259 444 268
400 259 447 263
412 259 453 258
371 265 432 286
382 265 438 282
388 265 443 278
394 265 447 272
400 265 450 267
289 271 362 354
318 271 399 309
284 276 365 358
313 276 380 335
388 276 448 283
295 282 389 356
307 282 393 351
318 282 404 323
382 282 448 291
388 282 452 287
394 282 456 283
307 288 397 354
382 288 451 296
289 294 388 365
295 300 396 364
313 306 410 361
336 311 440 343
