513 126 480 98
513 142 484 119
519 142 492 117
540 148 466 88
513 153 438 91
540 153 466 94
551 158 511 110
551 164 511 116
551 174 520 129
556 174 525 128
551 180 521 135
492 190 441 113
503 201 466 185
524 201 492 187
503 212 465 199
497 222 476 218
492 228 470 220
428 233 433 309
460 249 434 210
476 249 470 226
481 249 477 225
476 255 471 233
465 260 465 234
369 265 397 292
374 265 403 291
455 265 436 237
455 276 460 249
449 281 453 259
455 281 461 255
406 287 404 241
348 292 346 278
401 292 395 249
406 292 405 249
412 292 411 249
396 297 384 251
444 297 446 299
417 303 417 289
326 308 336 309
417 308 425 296
337 319 340 336
337 351 385 366
364 351 384 357
337 356 384 372
353 356 330 337
