170 3 228 64
174 3 233 63
178 3 237 63
182 3 242 62
170 7 229 68
174 7 234 67
178 7 238 66
182 7 243 65
242 7 294 59
170 11 230 72
174 11 235 71
178 11 239 70
238 11 290 65
242 11 293 65
246 11 297 63
170 16 231 76
174 16 236 75
216 16 273 75
221 16 277 75
229 16 312 75
246 16 298 68
251 16 285 65
178 20 243 79
251 20 285 70
255 20 290 69
229 24 287 79
251 24 320 79
255 24 290 74
285 24 341 68
216 28 273 84
251 28 304 80
255 28 308 80
174 33 279 92
178 33 283 92
242 33 327 88
170 37 275 97
174 37 280 96
178 37 284 96
182 37 289 96
170 41 276 101
174 41 281 101
178 41 285 101
182 41 289 100
216 41 275 93
225 41 288 91
302 41 362 81
170 45 277 106
174 45 282 106
178 45 286 106
191 45 303 106
195 45 307 106
199 45 311 106
212 45 321 105
216 45 326 105
170 50 278 111
174 50 282 110
178 50 286 110
191 50 295 112
195 50 308 111
199 50 313 111
204 50 316 110
208 50 319 110
216 50 326 109
221 50 330 109
225 50 334 109
234 50 337 106
165 54 270 115
170 54 274 115
174 54 283 114
191 54 295 116
195 54 309 115
199 54 313 115
204 54 316 114
208 54 320 114
216 54 327 113
221 54 330 113
225 54 334 113
234 54 338 111
238 54 342 112
170 58 278 119
174 58 283 118
187 58 291 121
195 58 310 119
199 58 313 119
204 58 317 119
208 58 320 118
216 58 327 118
221 58 330 117
225 58 334 116
234 58 338 116
238 58 342 116
178 62 283 123
195 62 309 123
199 62 314 123
204 62 317 123
208 62 321 123
216 62 326 122
221 62 330 122
225 62 334 121
234 62 339 120
238 62 342 119
246 62 347 119
170 67 272 132
199 67 314 127
204 67 318 127
212 67 324 127
216 67 326 127
225 67 334 126
234 67 340 124
242 67 345 123
187 71 299 132
195 71 309 131
199 71 313 131
208 71 320 132
212 71 324 132
216 71 326 131
221 71 330 131
225 71 335 129
234 71 339 128
246 71 343 128
187 75 299 136
191 75 305 136
195 75 309 136
204 75 315 136
212 75 323 136
216 75 326 135
225 75 332 134
229 75 336 133
234 75 339 133
246 75 344 132
191 79 306 140
204 79 316 141
212 79 322 140
216 79 327 139
225 79 333 138
229 79 336 138
234 79 340 138
242 79 344 136
208 84 319 143
212 84 324 142
229 84 336 141
238 84 342 140
212 88 325 146
229 88 334 144
238 88 342 144
229 92 333 148
234 92 338 147
238 92 342 148
153 97 219 163
182 97 300 159
187 97 304 158
208 97 322 155
225 97 330 152
229 97 334 152
234 97 338 151
157 101 224 164
204 101 318 160
208 101 321 159
216 101 326 159
229 101 335 155
234 101 339 155
242 101 344 154
157 105 223 168
216 105 326 165
234 105 339 159
242 105 344 158
148 109 219 167
178 109 298 172
187 109 306 170
191 109 310 169
195 109 314 169
229 109 336 164
234 109 340 163
242 109 344 163
157 114 228 170
161 114 232 170
174 114 297 177
178 114 301 175
187 114 307 174
191 114 311 173
195 114 315 173
199 114 319 173
229 114 336 168
234 114 340 168
242 114 344 167
148 118 216 178
153 118 221 177
157 118 272 180
161 118 276 180
178 118 299 180
182 118 304 179
187 118 308 178
191 118 312 178
195 118 315 177
199 118 319 177
208 118 280 173
238 118 341 172
242 118 345 171
140 122 212 182
148 122 217 181
153 122 220 181
157 122 274 184
187 122 310 182
208 122 280 178
212 122 284 178
144 126 213 186
148 126 217 184
161 126 276 184
165 126 281 184
187 126 311 187
191 126 315 186
195 126 320 186
144 131 213 191
148 131 216 190
170 131 287 187
187 131 312 193
191 131 317 192
195 131 321 191
212 131 286 183
216 131 289 182
242 131 345 183
144 135 213 195
148 135 217 195
153 135 222 189
221 135 294 186
153 139 222 194
225 139 299 190
234 139 330 190
238 139 334 189
153 143 222 198
221 143 296 194
234 143 331 195
238 143 335 194
242 143 339 194
148 148 219 207
221 148 297 198
225 148 300 198
234 148 331 199
238 148 335 198
170 152 289 208
221 152 297 202
225 152 301 202
234 152 331 203
238 152 335 202
242 152 339 201
246 152 342 198
255 152 347 196
165 156 285 213
225 156 302 206
229 156 306 206
234 156 310 205
238 156 314 205
242 156 318 205
251 156 345 201
148 160 224 216
234 160 311 210
238 160 315 210
242 160 319 208
251 160 346 206
255 160 349 204
153 165 230 220
238 165 316 214
242 165 320 213
153 169 234 227
157 169 239 227
246 169 329 212
251 169 332 212
161 173 248 231
178 173 261 229
242 173 324 217
251 173 333 216
178 177 261 233
182 177 266 232
187 177 274 231
191 177 278 231
255 177 316 226
259 177 320 225
187 182 275 236
191 182 283 235
195 182 288 234
199 182 291 233
204 182 296 232
246 186 317 229
255 186 326 229
