208 33 280 75
212 33 284 75
212 37 284 79
221 37 298 77
225 37 303 76
229 37 307 77
259 37 320 79
199 41 280 84
216 41 295 82
221 41 299 81
229 41 307 81
234 41 311 81
195 45 276 88
199 45 281 87
204 45 286 88
225 45 304 86
229 45 308 86
191 50 272 92
195 50 277 93
199 50 282 93
221 50 301 91
225 50 304 91
229 50 309 90
234 50 312 89
251 50 320 93
255 50 325 92
199 54 282 98
225 54 305 95
229 54 309 94
191 58 265 102
225 58 305 99
229 58 309 99
234 58 313 99
246 58 322 98
251 58 325 98
259 58 330 97
263 58 334 96
187 62 266 106
199 62 284 106
208 62 291 105
225 62 305 104
229 62 309 103
242 62 318 102
246 62 322 102
251 62 325 101
259 62 330 102
263 62 335 101
199 67 283 110
208 67 292 110
212 67 296 111
221 67 301 111
246 67 322 106
255 67 327 105
259 67 330 106
263 67 335 105
191 71 273 114
195 71 278 114
204 71 288 114
208 71 293 117
212 71 296 117
221 71 302 116
242 71 318 110
251 71 323 109
255 71 327 109
259 71 331 109
195 75 278 119
199 75 283 118
212 75 296 121
229 75 309 116
246 75 319 114
251 75 322 114
255 75 327 113
195 79 279 123
199 79 284 122
212 79 297 126
246 79 320 118
251 79 322 118
221 84 303 128
246 84 319 122
251 84 322 122
212 88 293 129
242 88 319 127
251 88 323 126
212 92 293 133
238 92 317 132
246 92 321 131
251 92 324 130
208 96 293 139
238 96 317 136
242 96 320 135
204 101 289 144
212 101 296 142
234 101 313 140
238 101 316 140
212 105 296 147
221 105 304 146
229 105 309 145
234 105 313 144
238 105 316 144
246 105 321 144
255 105 325 144
199 109 286 152
204 109 291 152
229 109 310 149
246 109 321 149
255 109 325 148
199 114 287 156
216 114 300 155
216 118 296 161
242 131 324 170
208 139 298 182
212 139 302 181
251 139 328 175
208 143 299 186
212 143 303 185
246 143 315 176
182 169 275 213
