303 116 295 131
308 116 301 131
313 116 306 131
318 116 311 131
324 116 316 131
329 116 322 131
297 121 291 137
303 121 297 137
313 121 308 141
329 121 323 137
502 121 499 129
292 126 286 143
303 126 299 141
318 126 312 143
329 126 323 142
334 126 332 143
350 126 343 141
360 126 354 141
418 126 414 139
466 126 461 137
481 126 478 136
487 126 484 136
492 126 489 137
497 126 493 136
508 126 504 135
513 126 509 134
292 131 286 148
297 131 292 149
303 131 300 147
318 131 312 148
329 131 323 148
445 131 446 142
460 131 456 146
466 131 461 146
471 131 467 146
487 131 484 142
492 131 489 142
497 131 493 141
502 131 499 141
508 131 503 140
513 131 509 140
287 137 282 158
324 137 317 153
345 137 339 145
497 137 494 147
508 137 504 144
513 137 509 144
287 142 282 165
292 142 288 159
297 142 293 159
313 142 308 158
334 142 329 151
497 142 494 152
502 142 499 150
508 142 505 150
513 142 510 150
518 142 515 151
287 147 283 168
366 147 351 163
413 147 403 149
434 147 431 149
492 147 490 157
497 147 494 155
502 147 499 155
513 147 511 156
518 147 516 156
297 152 293 185
318 152 312 163
329 152 323 158
334 152 329 157
339 152 334 158
360 152 346 168
371 152 356 167
387 152 378 160
392 152 383 160
397 152 388 159
455 152 457 153
471 152 468 156
497 152 494 161
502 152 499 160
508 152 504 160
513 152 511 161
303 158 299 184
308 158 304 184
329 158 323 162
334 158 329 163
387 158 378 164
397 158 389 165
429 158 426 158
445 158 445 161
497 158 494 165
502 158 499 164
513 158 510 166
518 158 516 166
292 163 290 192
297 163 296 191
318 163 313 174
324 163 317 173
334 163 324 173
381 163 378 177
392 163 384 170
397 163 389 170
497 163 494 171
508 163 505 171
513 163 510 171
518 163 516 171
282 168 280 197
292 168 292 197
297 168 296 196
303 168 301 196
334 168 324 179
445 168 442 174
466 168 463 177
497 168 495 176
502 168 500 176
518 168 517 177
287 173 287 203
292 173 294 203
318 173 314 201
350 173 340 194
429 173 426 192
445 173 442 192
450 173 449 192
455 173 454 191
460 173 459 191
513 173 512 194
287 179 289 207
292 179 294 208
303 179 303 207
313 179 310 206
318 179 314 194
392 179 395 198
397 179 400 198
413 179 389 198
434 179 431 196
439 179 438 197
445 179 443 197
450 179 449 197
455 179 454 196
476 179 471 198
502 179 502 186
287 184 288 214
292 184 293 213
297 184 298 213
324 184 319 205
397 184 399 203
429 184 423 203
445 184 443 201
450 184 448 201
497 184 496 205
513 184 513 205
518 184 517 205
282 189 281 218
287 189 288 219
292 189 293 218
297 189 297 217
303 189 303 217
318 189 314 210
502 189 502 198
508 189 507 199
513 189 513 210
518 189 519 210
282 194 281 222
292 194 293 223
313 194 310 217
460 194 454 212
282 200 281 228
287 200 287 234
318 200 315 229
502 200 502 205
513 200 512 215
518 200 518 215
303 205 303 228
318 205 315 239
502 205 503 209
297 210 298 239
303 210 303 239
313 210 311 228
387 210 386 225
392 210 391 225
450 210 447 217
460 210 455 222
502 210 502 232
508 210 508 231
282 215 282 240
292 215 295 238
313 215 311 233
366 215 364 230
381 215 381 236
392 215 391 229
397 215 396 229
402 215 400 229
413 215 408 229
429 215 426 223
450 215 448 222
497 215 498 231
508 215 508 237
287 221 290 243
292 221 295 243
324 221 326 232
366 221 365 235
387 221 386 240
397 221 396 234
402 221 400 234
434 221 433 229
450 221 445 233
455 221 455 229
466 221 464 227
492 221 492 232
513 221 515 231
297 226 299 255
303 226 304 254
324 226 326 238
350 226 342 236
387 226 385 245
402 226 400 240
455 226 454 234
460 226 457 245
492 226 493 235
497 226 498 236
502 226 503 238
513 226 514 237
282 231 282 250
313 231 312 253
318 231 317 253
339 231 343 252
381 231 379 252
402 231 398 245
413 231 407 246
450 231 444 249
466 231 461 248
492 231 493 241
497 231 498 241
502 231 504 241
508 231 510 242
513 231 514 241
282 237 283 255
292 237 294 257
313 237 312 258
318 237 317 258
329 237 328 260
334 237 333 260
339 237 337 260
355 237 354 258
360 237 359 257
387 237 382 258
392 237 386 258
397 237 397 252
408 237 403 252
439 237 439 254
450 237 445 255
492 237 493 246
497 237 498 246
502 237 505 247
508 237 510 247
287 242 289 261
292 242 295 261
297 242 299 265
303 242 304 264
313 242 312 264
318 242 317 264
329 242 327 265
334 242 333 265
339 242 338 264
345 242 342 263
350 242 347 263
355 242 353 263
381 242 376 262
418 242 429 260
487 242 488 257
492 242 493 253
292 247 295 270
297 247 300 269
303 247 304 270
313 247 312 269
324 247 322 269
329 247 327 269
334 247 332 269
339 247 337 268
345 247 342 268
350 247 348 267
360 247 396 267
492 247 493 259
497 247 499 258
502 247 505 253
376 252 409 272
450 252 450 267
455 252 457 267
492 252 493 265
497 252 499 263
287 258 288 277
292 258 294 276
297 258 300 276
303 258 305 277
313 258 313 277
318 258 317 277
324 258 321 277
439 258 435 273
445 258 447 273
450 258 452 272
455 258 457 272
460 258 463 272
487 258 487 271
492 258 493 270
497 258 499 269
502 258 505 267
292 263 294 282
297 263 300 281
303 263 305 281
308 263 311 281
313 263 317 281
360 263 371 280
366 263 376 280
429 263 424 278
434 263 430 277
439 263 436 278
445 263 441 277
450 263 452 277
481 263 482 276
487 263 487 276
492 263 492 274
497 263 499 273
502 263 505 273
439 268 435 281
476 268 478 280
481 268 483 279
487 268 488 279
492 268 493 279
497 273 500 281
