1.000000000000000000e+00 0.000000000000000000e+00 0.000000000000000000e+00 -4.542167112231254578e-02
0.000000000000000000e+00 1.000000000000000000e+00 0.000000000000000000e+00 9.935460984706878662e-04
0.000000000000000000e+00 0.000000000000000000e+00 1.000000000000000000e+00 -2.875000238418579102e-01
0.000000000000000000e+00 0.000000000000000000e+00 0.000000000000000000e+00 1.000000000000000000e+00
9.965393543243408203e-01 8.227115869522094727e-02 1.187257468700408936e-02 -4.755781218409538269e-02
-8.204944431781768799e-02 9.964640736579895020e-01 -1.808763667941093445e-02 1.021228078752756119e-02
-1.331868488341569901e-02 1.705089956521987915e-02 9.997657537460327148e-01 -2.935160994529724121e-01
0.000000000000000000e+00 0.000000000000000000e+00 0.000000000000000000e+00 1.000000000000000000e+00
9.855198860168457031e-01 1.659802049398422241e-01 3.465652465820312500e-02 -5.252113938331604004e-02
-1.642146110534667969e-01 9.852185845375061035e-01 -4.876324906945228577e-02 2.454164810478687286e-02
-4.223802685737609863e-02 4.236600548028945923e-02 9.982089400291442871e-01 -2.925726771354675293e-01
0.000000000000000000e+00 0.000000000000000000e+00 0.000000000000000000e+00 1.000000000000000000e+00
9.667881727218627930e-01 2.529602646827697754e-01 3.649418056011199951e-02 -5.097234621644020081e-02
-2.495767474174499512e-01 9.651728272438049316e-01 -7.843919098377227783e-02 3.868980705738067627e-02
-5.506518855690956116e-02 6.672599166631698608e-02 9.962507486343383789e-01 -2.919241189956665039e-01
0.000000000000000000e+00 0.000000000000000000e+00 0.000000000000000000e+00 1.000000000000000000e+00
9.374157786369323730e-01 3.449668884277343750e-01 4.742900654673576355e-02 -5.138797312974929810e-02
-3.372938334941864014e-01 9.334011673927307129e-01 -1.224553212523460388e-01 5.689620599150657654e-02
-8.651336282491683960e-02 9.879398345947265625e-02 9.913400411605834961e-01 -2.894143164157867432e-01
0.000000000000000000e+00 0.000000000000000000e+00 0.000000000000000000e+00 1.000000000000000000e+00
8.939768075942993164e-01 4.472930729389190674e-01 2.709484100341796875e-02 -4.220493510365486145e-02
-4.397605657577514648e-01 8.873285055160522461e-01 -1.387758404016494751e-01 6.586340814828872681e-02
-8.611552417278289795e-02 1.121471747756004333e-01 9.899529814720153809e-01 -2.900693416595458984e-01
0.000000000000000000e+00 0.000000000000000000e+00 0.000000000000000000e+00 1.000000000000000000e+00
8.451878428459167480e-01 5.342971682548522949e-01 1.356551051139831543e-02 -3.474526852369308472e-02
-5.251064300537109375e-01 8.348441123962402344e-01 -1.652212738990783691e-01 7.803928107023239136e-02
-9.960240125656127930e-02 1.325196325778961182e-01 9.861633777618408203e-01 -2.889328002929687500e-01
0.000000000000000000e+00 0.000000000000000000e+00 0.000000000000000000e+00 1.000000000000000000e+00
7.923448085784912109e-01 6.100285053253173828e-01 -7.411018479615449905e-03 -2.537284418940544128e-02
-6.020074486732482910e-01 7.798423171043395996e-01 -1.715597808361053467e-01 8.352147787809371948e-02
-9.887696057558059692e-02 1.403959989547729492e-01 9.851458668708801270e-01 -2.894935011863708496e-01
0.000000000000000000e+00 0.000000000000000000e+00 0.000000000000000000e+00 1.000000000000000000e+00
7.243353724479675293e-01 6.888186335563659668e-01 -2.944313734769821167e-02 -1.325612887740135193e-02
-6.833560466766357422e-01 7.116162180900573730e-01 -1.631764620542526245e-01 8.373963832855224609e-02
-9.144678711891174316e-02 1.383146196603775024e-01 9.861572384834289551e-01 -2.906716167926788330e-01
0.000000000000000000e+00 0.000000000000000000e+00 0.000000000000000000e+00 1.000000000000000000e+00
6.464151740074157715e-01 7.623952031135559082e-01 -3.000702895224094391e-02 -7.952160201966762543e-03
-7.581110596656799316e-01 6.373502612113952637e-01 -1.380272805690765381e-01 7.870863378047943115e-02
-8.610641211271286011e-02 1.119716092944145203e-01 9.899735450744628906e-01 -2.934779524803161621e-01
0.000000000000000000e+00 0.000000000000000000e+00 0.000000000000000000e+00 1.000000000000000000e+00
5.534231066703796387e-01 8.318380713462829590e-01 -4.204450175166130066e-02 1.477838144637644291e-03
-8.309973478317260742e-01 5.480449795722961426e-01 -9.534051269292831421e-02 6.721211224794387817e-02
-5.626561492681503296e-02 8.770250529050827026e-02 9.945563077926635742e-01 -2.983886599540710449e-01
0.000000000000000000e+00 0.000000000000000000e+00 0.000000000000000000e+00 1.000000000000000000e+00
4.632411599159240723e-01 8.821858763694763184e-01 -8.458852767944335938e-02 2.112851664423942566e-02
-8.861626386642456055e-01 4.598943591117858887e-01 -5.668303743004798889e-02 5.562946945428848267e-02
-1.110319606959819794e-02 1.012171208858489990e-01 9.948022961616516113e-01 -3.025084137916564941e-01
0.000000000000000000e+00 0.000000000000000000e+00 0.000000000000000000e+00 1.000000000000000000e+00
3.529989719390869141e-01 9.298146963119506836e-01 -1.040970981121063232e-01 3.173256665468215942e-02
-9.354301691055297852e-01 3.529981970787048340e-01 -1.904999092221260071e-02 4.137313365936279297e-02
1.903312094509601593e-02 1.041002199053764343e-01 9.943847656250000000e-01 -3.038130700588226318e-01
0.000000000000000000e+00 0.000000000000000000e+00 0.000000000000000000e+00 1.000000000000000000e+00
2.725410163402557373e-01 9.543247222900390625e-01 -1.224158629775047302e-01 4.029122740030288696e-02
-9.589399099349975586e-01 2.798008620738983154e-01 4.632086679339408875e-02 1.702452264726161957e-02
7.845722883939743042e-02 1.047651246190071106e-01 9.913973808288574219e-01 -3.035593628883361816e-01
0.000000000000000000e+00 0.000000000000000000e+00 0.000000000000000000e+00 1.000000000000000000e+00
1.942659318447113037e-01 9.686133861541748047e-01 -1.550773978233337402e-01 5.185487121343612671e-02
-9.721677303314208984e-01 2.112113386392593384e-01 1.013887152075767517e-01 -3.759567392989993095e-03
1.309605538845062256e-01 1.310648322105407715e-01 9.826855659484863281e-01 -3.017874062061309814e-01
0.000000000000000000e+00 0.000000000000000000e+00 0.000000000000000000e+00 1.000000000000000000e+00
1.154395565390586853e-01 9.809917211532592773e-01 -1.559780538082122803e-01 5.414630100131034851e-02
-9.708895087242126465e-01 1.446116715669631958e-01 1.909482330083847046e-01 -3.413752838969230652e-02
2.098749130964279175e-01 1.293944567441940308e-01 9.691283702850341797e-01 -2.988030016422271729e-01
0.000000000000000000e+00 0.000000000000000000e+00 0.000000000000000000e+00 1.000000000000000000e+00
1.897619217634201050e-01 9.714181423187255859e-01 -1.426078826189041138e-01 4.888877272605895996e-02
-9.537719488143920898e-01 2.168594449758529663e-01 2.080640494823455811e-01 -3.897146135568618774e-02
2.330431044101715088e-01 9.653280675411224365e-02 9.676634073257446289e-01 -2.964282929897308350e-01
0.000000000000000000e+00 0.000000000000000000e+00 0.000000000000000000e+00 1.000000000000000000e+00
2.737570405006408691e-01 9.511575698852539062e-01 -1.426737904548645020e-01 4.663062468171119690e-02
-9.378731250762939453e-01 2.968748509883880615e-01 1.796081215143203735e-01 -2.799450233578681946e-02
2.131919562816619873e-01 8.464100211858749390e-02 9.733372330665588379e-01 -2.955269813537597656e-01
0.000000000000000000e+00 0.000000000000000000e+00 0.000000000000000000e+00 1.000000000000000000e+00
3.267680406570434570e-01 9.334215521812438965e-01 -1.481442153453826904e-01 4.650763794779777527e-02
-9.336538910865783691e-01 3.431447446346282959e-01 1.026732102036476135e-01 -8.970145718194544315e-04
1.466722935438156128e-01 1.047651469707489014e-01 9.836217164993286133e-01 -2.952327430248260498e-01
0.000000000000000000e+00 0.000000000000000000e+00 0.000000000000000000e+00 1.000000000000000000e+00
3.605002760887145996e-01 9.139608740806579590e-01 -1.863208413124084473e-01 5.683675035834312439e-02
-9.295436143875122070e-01 3.685885965824127197e-01 9.525692090392112732e-03 3.153029456734657288e-02
7.738184183835983276e-02 1.697593629360198975e-01 9.824425578117370605e-01 -2.908400595188140869e-01
0.000000000000000000e+00 0.000000000000000000e+00 0.000000000000000000e+00 1.000000000000000000e+00
4.046429097652435303e-01 8.937621116638183594e-01 -1.935273706912994385e-01 5.692328512668609619e-02
-9.143358469009399414e-01 3.991078138351440430e-01 -6.857981532812118530e-02 5.808168277144432068e-02
1.594422385096549988e-02 2.046993821859359741e-01 9.786950945854187012e-01 -2.862234413623809814e-01
0.000000000000000000e+00 0.000000000000000000e+00 0.000000000000000000e+00 1.000000000000000000e+00
4.590794742107391357e-01 8.590702414512634277e-01 -2.263725101947784424e-01 6.367223709821701050e-02
-8.873857259750366211e-01 4.312770664691925049e-01 -1.629312336444854736e-01 8.671444654464721680e-02
-4.234015941619873047e-02 2.756780385971069336e-01 9.603170156478881836e-01 -2.753503918647766113e-01
0.000000000000000000e+00 0.000000000000000000e+00 0.000000000000000000e+00 1.000000000000000000e+00
5.310918092727661133e-01 8.205270171165466309e-01 -2.113701999187469482e-01 5.357747152447700500e-02
-8.429309725761413574e-01 4.862993955612182617e-01 -2.301746904850006104e-01 1.051300689578056335e-01
-8.607530593872070312e-02 3.004142642021179199e-01 9.499170184135437012e-01 -2.684732377529144287e-01
0.000000000000000000e+00 0.000000000000000000e+00 0.000000000000000000e+00 1.000000000000000000e+00
5.952718853950500488e-01 7.770501375198364258e-01 -2.045600414276123047e-01 4.708662256598472595e-02
-7.941109538078308105e-01 5.300604104995727539e-01 -2.973612844944000244e-01 1.216955706477165222e-01
-1.226355433464050293e-01 3.394540250301361084e-01 9.325941205024719238e-01 -2.595701515674591064e-01
0.000000000000000000e+00 0.000000000000000000e+00 0.000000000000000000e+00 1.000000000000000000e+00
6.733214855194091797e-01 7.185118198394775391e-01 -1.742951720952987671e-01 3.199196234345436096e-02
-7.208715677261352539e-01 5.856155157089233398e-01 -3.706731200218200684e-01 1.368924528360366821e-01
-1.642631888389587402e-01 3.752264976501464844e-01 9.122622609138488770e-01 -2.494853436946868896e-01
0.000000000000000000e+00 0.000000000000000000e+00 0.000000000000000000e+00 1.000000000000000000e+00
7.368425130844116211e-01 6.571061015129089355e-01 -1.589779555797576904e-01 2.396111004054546356e-02
-6.483246684074401855e-01 6.201269626617431641e-01 -4.417208433151245117e-01 1.509341299533843994e-01
-1.916710734367370605e-01 4.285482466220855713e-01 8.829544186592102051e-01 -2.357906699180603027e-01
0.000000000000000000e+00 0.000000000000000000e+00 0.000000000000000000e+00 1.000000000000000000e+00
7.641052603721618652e-01 6.277945637702941895e-01 -1.483803838491439819e-01 1.844912953674793243e-02
-5.971750617027282715e-01 6.013899445533752441e-01 -5.307648181915283203e-01 1.710504144430160522e-01
-2.439771890640258789e-01 4.941694140434265137e-01 8.344291448593139648e-01 -2.144470363855361938e-01
0.000000000000000000e+00 0.000000000000000000e+00 0.000000000000000000e+00 1.000000000000000000e+00
7.914735078811645508e-01 5.936714410781860352e-01 -1.453393101692199707e-01 1.460171211510896683e-02
-5.360320210456848145e-01 5.599690675735473633e-01 -6.317466497421264648e-01 1.970549374818801880e-01
-2.936646938323974609e-01 5.779173970222473145e-01 7.614277601242065430e-01 -1.871967613697052002e-01
0.000000000000000000e+00 0.000000000000000000e+00 0.000000000000000000e+00 1.000000000000000000e+00
8.146641254425048828e-01 5.631280541419982910e-01 -1.385972052812576294e-01 1.106571126729249954e-02
-4.790678918361663818e-01 5.187876224517822266e-01 -7.080628275871276855e-01 2.170601934194564819e-01
-3.268277943134307861e-01 6.432306766510009766e-01 6.924142837524414062e-01 -1.626058965921401978e-01
0.000000000000000000e+00 0.000000000000000000e+00 0.000000000000000000e+00 1.000000000000000000e+00
8.440201878547668457e-01 5.182082056999206543e-01 -1.381677091121673584e-01 7.695095147937536240e-03
-4.150720536708831787e-01 4.680255353450775146e-01 -7.801715135574340820e-01 2.357123941183090210e-01
-3.396251797676086426e-01 7.158298492431640625e-01 6.101166605949401855e-01 -1.393788307905197144e-01
0.000000000000000000e+00 0.000000000000000000e+00 0.000000000000000000e+00 1.000000000000000000e+00
8.757129311561584473e-01 4.725824296474456787e-01 -9.895727038383483887e-02 -5.553857423365116119e-03
-3.270717561244964600e-01 4.298527538776397705e-01 -8.415758609771728516e-01 2.506734728813171387e-01
-3.551772236824035645e-01 7.693449854850769043e-01 5.309963226318359375e-01 -1.182976141571998596e-01
0.000000000000000000e+00 0.000000000000000000e+00 0.000000000000000000e+00 1.000000000000000000e+00
8.980743288993835449e-01 4.337438941001892090e-01 -7.299622893333435059e-02 -1.321315485984086990e-02
-2.367438375949859619e-01 3.368128538131713867e-01 -9.113228917121887207e-01 2.642951905727386475e-01
-3.706946074962615967e-01 8.357172012329101562e-01 4.051692783832550049e-01 -8.438418805599212646e-02
0.000000000000000000e+00 0.000000000000000000e+00 0.000000000000000000e+00 1.000000000000000000e+00
8.887803554534912109e-01 4.578665196895599365e-01 -2.067805640399456024e-02 -3.084477223455905914e-02
-7.503651082515716553e-02 1.008523851633071899e-01 -9.920675754547119141e-01 2.822707593441009521e-01
-4.521490633487701416e-01 8.832815885543823242e-01 1.239923983812332153e-01 -7.387711666524410248e-03
0.000000000000000000e+00 0.000000000000000000e+00 0.000000000000000000e+00 1.000000000000000000e+00
8.817986249923706055e-01 4.706544578075408936e-01 -3.027101978659629822e-02 -2.646252140402793884e-02
-8.153288811445236206e-02 8.890924602746963501e-02 -9.926972985267639160e-01 2.825746834278106689e-01
-4.645258784294128418e-01 8.778267502784729004e-01 1.167737990617752075e-01 -1.063330471515655518e-02
0.000000000000000000e+00 0.000000000000000000e+00 0.000000000000000000e+00 1.000000000000000000e+00
8.507606387138366699e-01 5.245885848999023438e-01 -3.183321654796600342e-02 -2.283073216676712036e-02
-1.006341800093650818e-01 1.031563803553581238e-01 -9.895612001419067383e-01 2.825297713279724121e-01
-5.158285498619079590e-01 8.450831174850463867e-01 1.405528634786605835e-01 -1.544711831957101822e-02
0.000000000000000000e+00 0.000000000000000000e+00 0.000000000000000000e+00 1.000000000000000000e+00
8.338450789451599121e-01 5.480387210845947266e-01 -6.600046157836914062e-02 -1.303411927074193954e-02
-2.207591086626052856e-01 2.214967161417007446e-01 -9.498445391654968262e-01 2.761815786361694336e-01
-5.059327483177185059e-01 8.065931797027587891e-01 3.056784868240356445e-01 -5.335925891995429993e-02
0.000000000000000000e+00 0.000000000000000000e+00 0.000000000000000000e+00 1.000000000000000000e+00
8.374505043029785156e-01 5.369949936866760254e-01 -1.015521213412284851e-01 -3.878321032971143723e-03
-3.080297112464904785e-01 3.102981150150299072e-01 -8.993511795997619629e-01 2.657414376735687256e-01
-4.514358639717102051e-01 7.844431996345520020e-01 4.252697825431823730e-01 -8.590049296617507935e-02
0.000000000000000000e+00 0.000000000000000000e+00 0.000000000000000000e+00 1.000000000000000000e+00
8.182340264320373535e-01 5.634717345237731934e-01 -1.139862313866615295e-01 -9.552745177643373609e-05
-3.705961406230926514e-01 3.654178678989410400e-01 -8.538901209831237793e-01 2.562046349048614502e-01
-4.394902884960174561e-01 7.409247756004333496e-01 5.078178644180297852e-01 -1.092897579073905945e-01
0.000000000000000000e+00 0.000000000000000000e+00 0.000000000000000000e+00 1.000000000000000000e+00
8.339287042617797852e-01 5.459994077682495117e-01 -8.029685914516448975e-02 -1.398054044693708420e-02
-4.513923525810241699e-01 5.911276936531066895e-01 -6.684405207633972168e-01 2.164909094572067261e-01
-3.175025880336761475e-01 5.936771035194396973e-01 7.394182682037353516e-01 -1.802020370960235596e-01
0.000000000000000000e+00 0.000000000000000000e+00 0.000000000000000000e+00 1.000000000000000000e+00
8.376924991607666016e-01 5.433145165443420410e-01 -5.550060793757438660e-02 -2.213388681411743164e-02
-4.614036381244659424e-01 6.496839523315429688e-01 -6.041663885116577148e-01 1.975330710411071777e-01
-2.921947836875915527e-01 5.317139625549316406e-01 7.949228882789611816e-01 -1.976113170385360718e-01
0.000000000000000000e+00 0.000000000000000000e+00 0.000000000000000000e+00 1.000000000000000000e+00
8.585453629493713379e-01 5.094071626663208008e-01 -5.834009498357772827e-02 -2.187799103558063507e-02
-4.581061899662017822e-01 7.109821438789367676e-01 -5.335195064544677734e-01 1.762867569923400879e-01
-2.303000539541244507e-01 4.847768843173980713e-01 8.437731266021728516e-01 -2.137680798768997192e-01
0.000000000000000000e+00 0.000000000000000000e+00 0.000000000000000000e+00 1.000000000000000000e+00
8.736892938613891602e-01 4.858937263488769531e-01 -2.396135777235031128e-02 -3.030276298522949219e-02
-4.552913904190063477e-01 7.993242740631103516e-01 -3.921607732772827148e-01 1.354681402444839478e-01
-1.713957339525222778e-01 3.535360097885131836e-01 9.195845127105712891e-01 -2.368957102298736572e-01
0.000000000000000000e+00 0.000000000000000000e+00 0.000000000000000000e+00 1.000000000000000000e+00
8.796922564506530762e-01 4.748797714710235596e-01 -2.511317655444145203e-02 -2.847768180072307587e-02
-4.647964239120483398e-01 8.474485874176025391e-01 -2.565054595470428467e-01 9.805801510810852051e-02
-1.005271896719932556e-01 2.373183965682983398e-01 9.662163853645324707e-01 -2.527263760566711426e-01
0.000000000000000000e+00 0.000000000000000000e+00 0.000000000000000000e+00 1.000000000000000000e+00
8.799540996551513672e-01 4.747704863548278809e-01 -1.653321646153926849e-02 -2.674545720219612122e-02
-4.749878048896789551e-01 8.786910176277160645e-01 -4.783694818615913391e-02 3.900633007287979126e-02
-8.183998987078666687e-03 4.994741082191467285e-02 9.987182617187500000e-01 -2.659404575824737549e-01
0.000000000000000000e+00 0.000000000000000000e+00 0.000000000000000000e+00 1.000000000000000000e+00
8.878154158592224121e-01 4.599642455577850342e-01 -1.471784058958292007e-02 -2.565334178507328033e-02
-4.589179754257202148e-01 8.872749209403991699e-01 4.622961580753326416e-02 1.141906436532735825e-02
3.432274609804153442e-02 -3.428907692432403564e-02 9.988223314285278320e-01 -2.684428691864013672e-01
0.000000000000000000e+00 0.000000000000000000e+00 0.000000000000000000e+00 1.000000000000000000e+00
8.945508599281311035e-01 4.468724429607391357e-01 -9.139823727309703827e-03 -2.666206099092960358e-02
-4.406201839447021484e-01 8.850997686386108398e-01 1.498397588729858398e-01 -2.054485678672790527e-02
7.504898309707641602e-02 -1.300120800733566284e-01 9.886681437492370605e-01 -2.676117122173309326e-01
0.000000000000000000e+00 0.000000000000000000e+00 0.000000000000000000e+00 1.000000000000000000e+00
8.960317373275756836e-01 4.438005387783050537e-01 -1.296657323837280273e-02 -2.529145777225494385e-02
-4.258552789688110352e-01 8.673285245895385742e-01 2.576600611209869385e-01 -5.413702875375747681e-02
1.255960017442703247e-01 -2.253497242927551270e-01 9.661486744880676270e-01 -2.630373835563659668e-01
0.000000000000000000e+00 0.000000000000000000e+00 0.000000000000000000e+00 1.000000000000000000e+00
9.002915620803833008e-01 4.350115954875946045e-01 -1.548131089657545090e-02 -2.431118115782737732e-02
-3.991840481758117676e-01 8.392806053161621094e-01 3.691337108612060547e-01 -9.149704128503799438e-02
1.735707819461822510e-01 -3.261480927467346191e-01 9.292473196983337402e-01 -2.535448968410491943e-01
0.000000000000000000e+00 0.000000000000000000e+00 0.000000000000000000e+00 1.000000000000000000e+00
9.053283929824829102e-01 4.246250391006469727e-01 -8.602247573435306549e-03 -2.744712866842746735e-02
-3.743171095848083496e-01 8.073108792304992676e-01 4.562187492847442627e-01 -1.201533526182174683e-01
2.006667256355285645e-01 -4.098077714443206787e-01 8.898259997367858887e-01 -2.437703162431716919e-01
0.000000000000000000e+00 0.000000000000000000e+00 0.000000000000000000e+00 1.000000000000000000e+00
9.161747694015502930e-01 4.006125926971435547e-01 -1.154295355081558228e-02 -2.943099476397037506e-02
-3.297123908996582031e-01 7.697789669036865234e-01 5.465617775917053223e-01 -1.505206972360610962e-01
2.278451770544052124e-01 -4.969401955604553223e-01 8.373391032218933105e-01 -2.310857772827148438e-01
0.000000000000000000e+00 0.000000000000000000e+00 0.000000000000000000e+00 1.000000000000000000e+00
9.088487625122070312e-01 4.168924987316131592e-01 1.394694484770298004e-02 -3.794075921177864075e-02
-3.321605026721954346e-01 7.030938863754272461e-01 6.287512183189392090e-01 -1.750028282403945923e-01
2.523157894611358643e-01 -5.760723948478698730e-01 7.774813175201416016e-01 -2.165038585662841797e-01
0.000000000000000000e+00 0.000000000000000000e+00 0.000000000000000000e+00 1.000000000000000000e+00
9.163715839385986328e-01 3.986961841583251953e-01 3.611747175455093384e-02 -4.658159241080284119e-02
-2.986736893653869629e-01 6.208159923553466797e-01 7.248319983482360840e-01 -2.053727656602859497e-01
2.665655016899108887e-01 -6.750027537345886230e-01 6.879782080650329590e-01 -1.917975246906280518e-01
0.000000000000000000e+00 0.000000000000000000e+00 0.000000000000000000e+00 1.000000000000000000e+00
9.223115444183349609e-01 3.826610445976257324e-01 5.396211147308349609e-02 -5.345889180898666382e-02
-2.729185819625854492e-01 5.461171269416809082e-01 7.920046448707580566e-01 -2.275989800691604614e-01
2.735997438430786133e-01 -7.452022433280944824e-01 6.081255078315734863e-01 -1.678196489810943604e-01
0.000000000000000000e+00 0.000000000000000000e+00 0.000000000000000000e+00 1.000000000000000000e+00
9.342097640037536621e-01 3.534999489784240723e-01 4.785277321934700012e-02 -5.413395538926124573e-02
-2.227843403816223145e-01 4.733997285366058350e-01 8.522087335586547852e-01 -2.484405487775802612e-01
2.786022722721099854e-01 -8.068025112152099609e-01 5.210089087486267090e-01 -1.430566608905792236e-01
0.000000000000000000e+00 0.000000000000000000e+00 0.000000000000000000e+00 1.000000000000000000e+00
9.429688453674316406e-01 3.289314210414886475e-01 5.112635344266891479e-02 -5.759214237332344055e-02
-1.908309906721115112e-01 4.083184003829956055e-01 8.926697969436645508e-01 -2.621443569660186768e-01
2.727513611316680908e-01 -8.515162467956542969e-01 4.478017985820770264e-01 -1.226353868842124939e-01
0.000000000000000000e+00 0.000000000000000000e+00 0.000000000000000000e+00 1.000000000000000000e+00
9.546688199043273926e-01 2.939325571060180664e-01 4.702261090278625488e-02 -5.906593054533004761e-02
-1.547025740146636963e-01 3.549633920192718506e-01 9.219914078712463379e-01 -2.731480598449707031e-01
2.543120086193084717e-01 -8.874709010124206543e-01 3.843445777893066406e-01 -1.032190993428230286e-01
0.000000000000000000e+00 0.000000000000000000e+00 0.000000000000000000e+00 1.000000000000000000e+00
9.596016407012939453e-01 2.729797363281250000e-01 6.816749274730682373e-02 -6.807976961135864258e-02
-1.447903364896774292e-01 2.713686525821685791e-01 9.515224099159240723e-01 -2.865872979164123535e-01
2.412478178739547729e-01 -9.229524731636047363e-01 2.999306023120880127e-01 -7.416724413633346558e-02
0.000000000000000000e+00 0.000000000000000000e+00 0.000000000000000000e+00 1.000000000000000000e+00
9.744097590446472168e-01 2.156027555465698242e-01 6.356812268495559692e-02 -6.979080289602279663e-02
-1.044437512755393982e-01 1.838580667972564697e-01 9.773880839347839355e-01 -2.985384464263916016e-01
1.990400850772857666e-01 -9.590159654617309570e-01 2.016714662313461304e-01 -3.807537630200386047e-02
0.000000000000000000e+00 0.000000000000000000e+00 0.000000000000000000e+00 1.000000000000000000e+00
9.913005232810974121e-01 1.294785887002944946e-01 2.363559044897556305e-02 -6.015746295452117920e-02
-4.102765396237373352e-02 1.333528012037277222e-01 9.902189970016479492e-01 -3.045837283134460449e-01
1.250603199005126953e-01 -9.825742244720458984e-01 1.375048756599426270e-01 -1.855467259883880615e-02
0.000000000000000000e+00 0.000000000000000000e+00 0.000000000000000000e+00 1.000000000000000000e+00
9.947237372398376465e-01 1.025800779461860657e-01 1.330688130110502243e-03 -5.485538393259048462e-02
-2.681160531938076019e-02 2.474294453859329224e-01 9.685346484184265137e-01 -2.999525070190429688e-01
9.902313351631164551e-02 -9.634603261947631836e-01 2.488743215799331665e-01 -5.393468588590621948e-02
0.000000000000000000e+00 0.000000000000000000e+00 0.000000000000000000e+00 1.000000000000000000e+00
9.977904558181762695e-01 3.839384019374847412e-02 -5.422331020236015320e-02 -3.652805835008621216e-02
4.084869101643562317e-02 2.891464829444885254e-01 9.564128518104553223e-01 -3.077295422554016113e-01
5.239884555339813232e-02 -9.565145373344421387e-01 2.869392931461334229e-01 -6.390160322189331055e-02
0.000000000000000000e+00 0.000000000000000000e+00 0.000000000000000000e+00 1.000000000000000000e+00
9.890504479408264160e-01 -3.543521091341972351e-02 -1.432606428861618042e-01 -3.406182164326310158e-03
1.474823504686355591e-01 2.722712457180023193e-01 9.508506655693054199e-01 -3.182124793529510498e-01
5.312133114784955978e-03 -9.615676999092102051e-01 2.745160758495330811e-01 -5.753325670957565308e-02
0.000000000000000000e+00 0.000000000000000000e+00 0.000000000000000000e+00 1.000000000000000000e+00
9.682529568672180176e-01 -5.523572117090225220e-02 -2.437933832406997681e-01 3.014371357858181000e-02
2.497449070215225220e-01 2.553552389144897461e-01 9.340347647666931152e-01 -3.226610422134399414e-01
1.066178455948829651e-02 -9.652680754661560059e-01 2.610432803630828857e-01 -5.203817784786224365e-02
0.000000000000000000e+00 0.000000000000000000e+00 0.000000000000000000e+00 1.000000000000000000e+00
9.750723838806152344e-01 1.777248643338680267e-02 -2.211740761995315552e-01 2.000276744365692139e-02
2.049352228641510010e-01 3.099877238273620605e-01 9.283906221389770508e-01 -3.193993270397186279e-01
8.506104350090026855e-02 -9.505743980407714844e-01 2.986182272434234619e-01 -6.989564001560211182e-02
0.000000000000000000e+00 0.000000000000000000e+00 0.000000000000000000e+00 1.000000000000000000e+00
9.817635416984558105e-01 1.377697139978408813e-01 -1.309956461191177368e-01 -1.409204117953777313e-02
7.376978546380996704e-02 3.589832484722137451e-01 9.304240942001342773e-01 -3.139781951904296875e-01
1.752095073461532593e-01 -9.231200218200683594e-01 3.422733843326568604e-01 -9.592701494693756104e-02
0.000000000000000000e+00 0.000000000000000000e+00 0.000000000000000000e+00 1.000000000000000000e+00
