384 100 413 140
390 100 419 141
395 100 423 141
401 100 428 142
395 105 424 148
401 105 429 149
407 105 433 149
413 105 438 151
407 111 439 158
338 146 460 155
344 151 466 159
419 151 543 163
424 151 549 163
338 157 460 163
344 157 466 163
419 157 538 166
424 157 548 169
430 157 553 168
436 157 558 169
442 157 563 169
326 163 480 160
344 163 465 169
395 163 512 165
401 163 517 165
407 163 522 166
413 163 528 170
419 163 537 171
424 163 547 173
430 163 553 173
436 163 557 174
395 169 512 169
401 169 517 169
407 169 523 171
413 169 528 175
419 169 537 177
424 169 548 178
430 169 552 178
326 174 442 189
332 174 447 190
338 174 452 191
453 174 563 179
459 174 570 179
326 180 442 195
332 180 447 196
338 180 452 196
378 180 499 189
436 180 567 201
459 180 569 185
465 180 579 185
453 186 558 184
286 192 414 192
292 192 419 193
453 197 570 213
298 203 428 200
332 203 466 201
338 203 471 202
401 203 510 227
326 209 460 207
332 209 465 207
338 209 470 207
401 209 510 232
286 215 417 204
332 215 464 212
338 215 470 213
355 215 516 228
286 220 416 208
292 220 421 208
326 220 459 218
332 220 464 218
275 226 405 212
280 226 411 212
286 226 416 213
275 232 405 216
280 232 410 217
355 232 468 239
280 238 411 223
303 238 431 230
355 238 467 243
361 238 472 244
476 238 586 224
338 244 473 235
424 244 515 255
275 249 406 222
280 249 410 228
315 249 441 248
476 249 583 241
280 255 411 233
315 255 444 254
470 261 578 250
476 261 583 251
470 267 577 255
476 267 588 246
298 272 419 251
349 272 447 247
470 272 576 260
298 278 419 256
338 290 439 257
407 290 480 266
309 295 424 267
338 295 439 263
419 307 501 289
430 313 537 289
419 318 522 297
430 318 537 294
436 318 543 294
419 324 520 302
424 324 527 303
447 324 544 337
395 330 510 301
326 336 442 333
332 336 448 333
326 341 442 339
332 341 448 339
338 341 454 340
332 347 447 344
344 347 458 345
332 353 441 353
338 353 447 352
344 359 450 358
