500 136 474 92
488 141 467 97
500 141 476 97
506 141 483 96
482 147 462 106
500 147 478 102
506 147 485 102
511 147 490 98
471 153 452 114
488 153 469 106
471 159 453 121
476 159 459 115
482 159 466 113
488 159 472 111
494 159 478 108
500 159 486 107
476 165 459 123
506 165 494 110
517 165 502 109
523 165 507 108
476 171 458 130
482 171 463 128
494 171 474 125
500 171 481 123
517 171 503 118
523 171 509 116
529 171 514 113
465 176 451 138
476 176 459 134
482 176 463 134
494 176 476 130
506 176 497 119
523 176 509 122
488 182 470 138
506 182 498 125
424 188 414 163
442 188 424 166
459 188 445 146
465 188 451 144
506 188 500 131
418 194 409 171
436 194 419 174
453 194 442 156
459 194 447 153
424 200 413 177
453 200 443 162
459 200 448 160
465 200 455 157
546 200 518 148
552 200 522 146
430 205 421 181
459 205 450 167
552 205 525 152
418 211 410 189
430 211 423 185
476 211 478 160
558 211 531 152
564 211 538 151
412 217 407 196
558 217 533 157
564 217 539 156
424 223 420 202
430 223 427 200
436 223 432 200
447 223 455 180
471 223 476 178
476 223 481 177
482 223 489 171
511 223 511 155
412 229 410 213
418 229 415 210
424 229 422 207
430 229 427 208
436 229 429 214
442 229 450 188
447 229 458 185
482 229 490 178
389 235 388 216
407 235 401 219
412 235 410 218
418 235 417 216
424 235 421 214
442 235 453 193
447 235 458 192
453 235 466 190
471 235 478 188
476 235 483 187
482 235 492 183
383 240 378 228
389 240 388 222
412 240 411 225
418 240 418 223
424 240 424 221
430 240 442 203
436 240 449 200
442 240 455 198
447 240 461 196
471 240 478 193
476 240 486 193
360 246 360 244
401 246 396 244
407 246 403 242
412 246 410 240
430 246 444 209
436 246 450 206
442 246 456 204
447 246 461 203
459 246 469 201
471 246 481 199
476 246 487 198
401 252 397 250
430 252 445 215
436 252 450 213
442 252 457 211
447 252 463 210
506 252 507 187
412 258 416 245
430 258 447 221
453 258 465 217
401 264 420 236
407 264 426 234
412 264 432 232
436 264 452 223
442 264 458 222
482 264 484 215
407 270 424 242
418 270 442 233
430 270 449 231
436 270 454 230
459 270 469 229
482 270 486 221
337 275 349 276
407 275 426 248
447 275 463 233
331 281 343 285
348 281 368 273
354 281 372 264
412 281 434 250
418 281 439 248
424 281 445 246
471 281 479 237
476 281 483 236
482 281 489 233
331 287 348 285
343 287 358 283
348 287 368 280
401 287 425 257
412 287 434 257
418 287 440 255
465 287 474 245
471 287 480 243
348 293 370 287
354 293 376 285
360 293 384 283
401 293 423 265
407 293 429 264
412 293 435 263
418 293 440 262
442 293 457 261
319 299 338 300
343 299 367 295
348 299 371 293
354 299 380 290
395 299 417 275
401 299 422 273
407 299 429 272
412 299 436 270
436 299 450 268
354 304 380 297
395 304 419 281
401 304 425 279
407 304 431 278
343 310 375 303
395 310 422 287
401 310 425 286
412 310 436 287
424 310 442 282
319 316 346 328
325 316 357 316
389 316 417 295
395 316 422 294
401 316 428 292
319 322 347 334
337 322 366 324
372 322 404 306
395 322 423 300
313 328 342 341
319 328 348 340
325 328 355 338
337 328 369 327
343 328 376 325
343 334 377 331
354 334 388 328
366 334 397 326
372 334 402 324
319 339 353 352
325 339 359 350
337 339 372 340
343 339 379 337
348 339 384 337
354 339 400 335
313 345 347 355
331 345 367 351
337 345 372 348
343 345 379 346
348 345 385 344
360 345 392 342
331 351 369 357
337 351 374 355
