-0.2220324873924255 0.8071721792221069 0.5469686985015869 -0.1538157910108566 
-0.8623762130737305 0.09919759631156921 -0.4964545369148254 0.2047624289989471 
-0.4549822807312012 -0.5819218158721924 0.6740609407424927 -0.2079268097877502 
0 0 0 1 

-0.2257783561944962 0.7134290933609009 0.6633574366569519 -0.1986639052629471 
-0.896040678024292 0.1151230335235596 -0.428786426782608 0.1822512894868851 
-0.3822763860225677 -0.6912059783935547 0.6132692098617554 -0.1885920315980911 
0 0 0 1 

-0.1980307996273041 0.6790910363197327 0.7068374156951904 -0.2158015966415405 
-0.9294416308403015 0.09894267469644547 -0.3554553687572479 0.1587467640638351 
-0.3113228976726532 -0.7273552417755127 0.6115818619728088 -0.1888445764780045 
0 0 0 1 

-0.1482436954975128 0.6399240493774414 0.7540034055709839 -0.2339669913053513 
-0.9562115669250488 0.1018034666776657 -0.2744002938270569 0.1311088055372238 
-0.252355545759201 -0.761664867401123 0.5968109965324402 -0.1817338764667511 
0 0 0 1 

-0.2004586458206177 0.4893376529216766 0.8487430214881897 -0.2511365115642548 
-0.9564921259880066 -0.2852082252502441 -0.06147219240665436 0.0779273584485054 
0.2119879275560379 -0.8241387009620667 0.5252203345298767 -0.1767594665288925 
0 0 0 1 

-0.1803876757621765 0.4953806400299072 0.8497399687767029 -0.2546924352645874 
-0.9788246154785156 -0.1753959208726883 -0.105538435280323 0.09331563860177994 
0.09675932675600052 -0.8507843613624573 0.5165302753448486 -0.1632587164640427 
0 0 0 1 

-0.1112067773938179 0.6094158887863159 0.7850129008293152 -0.2410571128129959 
-0.9935517311096191 -0.08573692291975021 -0.07419022917747498 0.08017204701900482 
0.02209184318780899 -0.7882013916969299 0.615020751953125 -0.1886343061923981 
0 0 0 1 

0.02195254899561405 0.7501955032348633 0.6608517169952393 -0.2100283950567245 
-0.9997110366821289 0.02295146137475967 0.007154588121920824 0.04973053932189941 
-0.009800169616937637 -0.6608177423477173 0.750482439994812 -0.2291643619537354 
0 0 0 1 

0.04826684668660164 0.846865177154541 0.5296127796173096 -0.1658200174570084 
-0.9987263679504395 0.04871968179941177 0.0131159508600831 0.04488988220691681 
-0.01469509117305279 -0.5295712947845459 0.848138153553009 -0.2630438208580017 
0 0 0 1 

0.07505509257316589 0.827143132686615 0.5569568872451782 -0.1720487326383591 
-0.9968586564064026 0.07640102505683899 0.02087202295660973 0.04203509911894798 
-0.02528794482350349 -0.5567739009857178 0.8302791118621826 -0.2569632530212402 
0 0 0 1 

