411 102 408 171
416 102 413 168
400 118 408 193
400 124 410 198
405 124 414 195
416 129 422 196
411 134 419 203
454 134 458 180
400 140 407 218
405 140 413 215
416 140 427 205
422 140 431 202
498 140 482 166
503 140 486 165
400 145 410 223
405 145 415 220
411 145 424 214
416 145 429 211
422 145 435 208
416 151 432 215
433 151 447 207
362 167 367 246
367 173 374 248
362 178 370 252
372 178 382 250
356 189 363 262
362 189 369 259
362 195 371 263
356 200 378 274
400 211 411 246
362 222 383 283
383 222 405 276
362 227 386 288
367 227 390 284
389 233 411 279
394 233 417 276
400 233 422 274
372 238 398 286
378 238 402 284
383 238 408 282
394 238 419 280
400 238 424 277
405 238 430 275
340 244 358 298
383 244 410 286
389 244 415 284
405 244 431 279
345 249 366 299
400 249 427 283
356 255 372 297
394 255 424 286
329 260 359 308
334 271 363 315
340 271 366 312
334 276 365 319
340 276 368 316
383 287 407 302
378 293 405 308
383 293 409 306
378 298 407 313
