442 171 468 65
446 171 476 66
403 176 433 152
442 176 469 71
460 176 488 72
464 176 494 72
460 180 488 79
376 185 386 183
490 185 508 80
495 185 515 81
451 189 470 79
451 193 470 85
473 198 487 98
372 202 379 202
455 202 462 96
473 202 427 204
481 206 488 118
486 206 495 119
490 206 495 143
490 211 501 131
429 215 420 196
438 242 427 217
455 242 459 218
460 242 465 218
460 246 465 224
389 250 391 257
403 250 441 145
460 250 466 231
403 255 413 223
442 255 475 150
446 259 451 258
407 263 441 170
438 263 473 170
446 263 481 167
403 268 434 177
407 268 440 178
433 268 467 179
438 268 473 179
446 268 481 178
403 272 434 184
407 272 439 184
411 272 446 186
416 272 453 186
424 272 460 189
433 272 468 186
438 272 473 186
368 277 399 204
372 277 406 203
376 277 412 203
411 277 446 196
420 277 454 197
424 277 459 197
433 277 467 198
438 277 473 198
368 281 399 211
372 281 405 212
385 281 418 210
424 281 459 205
433 281 467 205
438 281 473 206
359 285 385 231
381 285 413 218
354 290 379 237
359 290 385 237
368 290 390 235
403 290 431 236
420 290 422 296
359 294 384 244
403 294 431 244
350 298 350 309
354 303 348 316
424 303 456 271
368 307 411 277
394 307 425 284
354 312 349 329
368 312 403 285
346 316 371 303
363 325 383 331
363 329 383 336
