273 159 259 118
244 164 240 128
249 164 244 127
254 164 249 126
313 164 319 116
244 169 240 133
249 169 245 131
313 169 319 122
338 169 335 119
244 174 240 137
338 174 336 125
244 179 241 142
368 179 353 128
244 184 241 147
254 184 246 146
338 184 338 136
244 189 242 152
348 189 342 135
363 189 353 139
407 189 404 128
249 194 248 152
338 194 337 140
348 194 343 139
363 194 354 144
368 194 358 143
407 194 403 132
244 199 244 158
249 199 249 157
288 199 289 146
383 199 379 141
387 199 382 141
412 199 409 136
239 204 238 164
244 204 244 162
249 204 250 161
383 204 380 145
387 204 383 145
392 204 388 145
249 208 250 165
323 208 324 152
358 208 354 154
368 208 362 154
234 213 234 178
244 213 246 172
249 213 250 170
313 213 315 158
323 213 325 157
353 213 350 159
358 213 354 159
244 218 246 177
249 218 251 176
323 218 326 162
353 218 350 165
358 218 355 164
368 218 362 164
422 218 415 141
249 223 255 177
273 223 281 173
283 223 290 170
318 223 322 167
323 223 326 166
333 223 335 166
353 223 351 169
358 223 356 169
422 223 415 146
244 228 247 187
254 228 258 181
278 228 285 176
283 228 291 175
323 228 326 171
353 228 352 174
358 228 357 173
234 233 238 194
239 233 243 192
244 233 247 191
249 233 253 187
283 233 292 181
318 233 323 176
323 233 327 176
328 233 332 175
358 233 357 180
234 238 239 199
239 238 243 197
259 238 264 190
328 238 332 180
358 238 358 184
234 243 239 203
249 243 258 196
263 243 269 195
288 243 297 187
318 243 324 184
323 243 328 183
328 243 333 185
333 243 339 190
343 243 342 175
239 248 245 203
244 248 249 202
323 248 329 188
239 253 246 208
244 253 250 207
263 253 273 203
343 253 347 196
417 253 418 172
244 258 251 211
313 258 321 198
328 258 334 197
343 258 347 199
234 263 242 218
239 263 247 217
303 263 316 204
313 263 321 203
318 263 331 213
328 263 336 202
244 268 251 218
259 268 261 215
343 268 347 209
417 268 420 186
239 273 247 224
244 273 251 223
254 273 257 222
333 273 341 211
358 273 362 214
224 278 233 229
229 278 237 228
234 278 242 228
239 278 247 228
244 278 252 228
273 278 286 218
278 278 292 218
298 278 305 201
318 278 332 217
328 278 338 215
333 278 342 215
353 278 352 221
412 278 417 202
224 283 233 234
229 283 237 234
239 283 247 233
313 283 328 222
318 283 333 222
328 283 338 220
333 283 342 220
338 283 347 219
417 283 423 201
249 288 258 232
328 288 339 224
333 288 343 224
338 288 347 224
417 288 424 206
244 293 242 238
318 293 333 229
402 293 410 217
407 293 418 211
412 293 422 211
239 298 239 243
249 298 248 241
313 298 326 239
328 298 340 232
333 298 345 232
387 298 398 225
392 298 403 223
402 298 411 222
407 298 418 218
308 303 320 243
313 303 325 244
318 303 329 243
323 303 336 237
328 303 341 236
333 303 345 237
348 303 355 239
358 303 367 244
392 303 403 228
402 303 412 227
407 303 420 226
318 308 334 241
328 308 342 241
333 308 346 242
338 308 350 241
392 308 404 232
402 308 412 232
244 313 245 258
249 313 250 257
278 313 292 259
308 313 326 246
318 313 334 246
323 313 340 246
333 313 347 246
338 313 350 246
343 313 356 251
387 313 400 238
392 313 405 238
397 313 409 238
402 313 415 238
318 318 335 251
328 318 344 251
333 318 348 251
338 318 351 251
343 318 357 255
348 318 362 256
353 318 366 255
392 318 405 243
313 323 331 255
318 323 336 256
328 323 344 256
333 323 348 256
348 323 363 259
353 323 367 260
363 323 379 257
229 328 233 280
259 328 273 271
298 328 318 260
308 328 328 259
313 328 332 260
318 328 337 261
323 328 342 261
333 328 348 260
338 328 353 260
348 328 362 263
358 328 369 264
378 328 392 256
263 332 288 268
273 332 302 263
313 332 333 264
333 332 349 265
338 332 354 266
348 332 363 268
353 332 369 268
373 332 390 267
263 337 270 287
338 337 354 274
343 337 359 272
348 337 364 273
273 342 294 280
278 342 299 282
283 342 304 282
328 342 344 277
333 342 349 277
273 347 295 288
278 347 300 288
308 347 326 285
