292 161 311 201
297 161 317 198
297 165 322 202
250 170 278 230
246 175 276 240
250 175 282 234
246 179 280 245
250 179 286 239
264 179 296 232
315 179 336 199
352 184 338 170
334 193 336 188
246 198 294 250
250 198 300 246
246 202 298 255
250 202 303 252
255 202 308 247
246 207 301 260
250 207 307 256
255 207 313 252
269 207 327 247
241 212 295 267
246 212 306 265
250 212 312 260
264 212 323 251
274 212 335 248
246 216 310 268
250 216 316 264
255 216 321 261
283 216 341 244
241 221 307 275
250 221 320 268
269 221 336 257
274 221 339 254
283 221 345 249
297 221 355 240
236 226 305 283
241 226 311 279
246 226 317 275
269 226 340 263
241 230 316 283
246 230 320 280
250 230 326 275
269 230 340 271
297 230 359 244
325 230 360 219
274 235 348 271
227 253 318 305
232 253 323 301
246 253 343 285
255 253 353 277
236 258 337 299
325 258 386 247
236 263 341 304
246 267 353 295
246 272 354 300
334 272 401 254
