350 228 366 197
341 231 356 200
344 231 360 200
344 234 360 204
350 234 366 201
451 240 472 209
451 245 469 212
459 245 475 214
451 248 469 217
454 248 472 217
459 248 475 218
442 251 462 224
451 251 469 221
454 251 472 220
459 251 475 221
339 254 355 226
459 254 476 224
341 257 361 216
459 260 475 230
341 263 360 223
459 263 475 233
344 266 363 225
350 266 366 228
353 266 370 226
364 268 379 231
353 271 370 234
385 271 389 234
387 271 404 234
411 271 420 225
459 271 475 238
396 274 397 234
402 274 401 234
431 274 450 233
454 274 469 235
405 277 420 241
411 277 417 237
454 277 469 238
457 277 473 236
457 280 473 239
457 283 473 245
451 289 470 252
413 292 448 264
