433 183 432 187
440 183 436 187
444 183 439 187
447 183 445 187
454 183 454 186
458 183 458 186
462 183 461 186
390 186 385 195
394 186 388 195
397 186 392 195
401 186 395 194
404 186 399 194
408 186 403 194
411 186 406 194
415 186 410 193
422 186 420 192
426 186 424 191
440 186 436 191
444 186 442 190
447 186 446 190
451 186 450 190
454 186 454 190
458 186 457 190
462 186 460 189
465 186 463 189
469 186 468 190
365 190 357 200
368 190 364 199
379 190 368 200
383 190 371 201
394 190 389 198
397 190 393 198
411 190 410 196
415 190 414 196
419 190 417 196
426 190 424 196
436 190 435 195
440 190 439 195
444 190 443 195
447 190 447 194
454 190 454 194
462 190 460 194
465 190 464 193
469 190 468 193
365 193 358 204
368 193 361 204
397 193 392 202
401 193 396 201
404 193 400 201
408 193 404 201
411 193 411 200
415 193 414 200
419 193 418 200
422 193 421 199
426 193 424 199
433 193 429 200
440 193 439 198
447 193 447 198
451 193 451 198
458 193 457 198
462 193 460 197
465 193 464 197
469 193 468 197
365 197 358 207
397 197 393 205
401 197 397 204
404 197 400 204
408 197 404 205
411 197 411 203
419 197 415 203
422 197 418 203
429 197 429 202
433 197 432 203
436 197 435 202
440 197 439 202
447 197 447 201
462 197 461 201
465 197 464 201
469 197 468 200
472 197 471 199
365 201 358 211
408 201 404 208
411 201 411 206
419 201 415 207
422 201 419 207
436 201 435 206
440 201 439 206
462 201 458 205
465 201 464 205
469 201 468 204
472 201 472 203
415 204 412 210
419 204 415 210
422 204 418 211
426 204 423 211
436 204 408 216
440 204 411 215
451 204 451 209
454 204 454 209
462 204 462 209
465 204 465 208
469 204 468 208
472 204 472 208
376 208 369 220
419 208 415 214
422 208 418 215
429 208 405 219
436 208 408 219
440 208 412 218
458 208 454 213
462 208 458 212
465 208 465 212
469 208 468 212
368 211 362 222
411 211 387 219
426 211 402 222
429 211 405 222
436 211 409 222
454 211 451 216
458 211 455 216
462 211 458 216
465 211 465 215
469 211 468 215
368 215 365 228
376 215 370 228
419 215 415 222
426 215 402 226
458 215 456 219
462 215 459 219
465 215 465 218
469 215 468 218
379 219 374 232
383 219 377 231
429 219 423 225
433 219 427 224
462 219 459 222
465 219 465 221
365 222 362 235
368 222 365 234
372 222 369 234
401 222 395 230
411 222 405 230
415 222 408 229
419 222 409 225
422 222 431 228
429 222 423 228
433 222 427 228
462 222 460 225
372 226 370 238
404 226 399 234
408 226 402 234
411 226 406 233
429 226 435 230
454 226 453 231
462 226 460 229
469 226 467 229
365 229 362 242
372 229 370 242
411 229 406 236
426 229 435 234
454 229 453 234
458 229 455 234
462 229 460 233
465 229 464 233
469 229 467 234
472 229 471 233
476 229 474 235
361 233 359 242
365 233 363 245
372 233 370 246
419 233 414 239
458 233 455 237
462 233 460 237
469 233 467 237
472 233 471 237
476 233 475 238
479 233 477 238
368 236 367 246
383 236 382 245
411 236 407 240
426 236 416 238
447 236 446 237
454 236 453 237
458 236 455 240
472 236 471 240
365 240 364 250
368 240 367 250
372 240 371 250
390 240 382 249
397 240 396 244
401 240 399 244
404 240 402 243
415 240 411 246
451 240 446 248
462 240 458 245
469 240 468 244
472 240 471 244
368 244 368 253
394 244 386 255
397 244 393 255
401 244 396 255
408 244 403 251
411 244 407 247
419 244 415 250
422 244 418 250
426 244 422 250
447 244 439 252
458 244 454 247
472 244 471 247
404 247 399 254
408 247 403 254
411 247 407 251
415 247 411 251
419 247 415 253
422 247 419 253
426 247 422 253
444 247 443 255
458 247 455 251
462 247 458 251
472 247 471 250
476 247 474 250
390 251 386 260
404 251 400 258
411 251 407 255
426 251 422 256
429 251 428 256
440 251 435 257
383 254 379 262
386 254 383 262
390 254 386 262
394 254 390 263
404 254 400 261
408 254 404 259
411 254 408 259
422 254 419 260
429 254 427 260
458 254 455 256
379 258 375 264
390 258 390 266
394 258 394 265
397 258 398 265
404 258 401 264
408 258 404 262
415 258 411 262
419 258 415 262
426 258 423 262
433 258 432 261
444 258 439 260
454 258 450 259
458 258 456 259
379 262 375 268
383 262 380 267
386 262 383 267
394 262 394 269
397 262 397 269
408 262 404 266
411 262 408 265
415 262 412 265
419 262 415 264
422 262 419 265
429 262 426 264
436 262 433 264
440 262 436 263
444 262 439 263
447 262 442 263
454 262 450 263
379 265 376 271
383 265 380 271
386 265 383 271
390 265 387 270
394 265 394 273
411 265 408 271
419 265 416 268
422 265 420 268
426 265 423 268
440 265 436 266
444 265 439 266
379 269 376 274
383 269 380 274
394 269 390 273
404 269 402 272
408 269 405 272
415 269 412 272
419 269 416 271
422 269 419 271
429 269 426 271
444 269 439 270
368 272 366 283
383 272 380 277
419 272 417 279
422 272 420 275
429 272 426 278
476 272 475 261
368 276 366 286
376 276 373 281
379 276 376 281
383 276 381 285
408 276 406 283
411 276 410 282
415 276 412 280
419 276 417 283
422 276 420 282
440 276 434 274
465 276 463 279
469 276 467 279
368 279 365 289
372 279 370 290
376 279 373 290
383 279 380 289
386 279 384 289
390 279 387 289
408 279 406 287
415 279 413 285
419 279 417 285
422 279 420 285
429 279 426 285
433 279 430 285
469 279 466 283
372 283 369 293
376 283 373 293
379 283 377 293
383 283 380 293
390 283 388 292
394 283 392 292
397 283 395 291
408 283 406 290
411 283 409 290
415 283 413 289
419 283 417 289
422 283 420 289
426 283 424 289
429 283 427 289
433 283 430 289
436 283 433 289
440 283 437 288
447 283 442 287
458 283 455 286
462 283 460 286
465 283 463 286
469 283 466 286
472 283 470 286
372 287 369 296
376 287 374 296
379 287 377 295
383 287 380 296
386 287 384 295
390 287 388 295
408 287 406 294
411 287 410 293
415 287 413 293
419 287 417 292
422 287 420 292
426 287 424 292
433 287 431 292
436 287 434 292
440 287 438 291
451 287 448 290
454 287 452 290
458 287 456 290
462 287 460 289
465 287 463 289
469 287 467 289
472 287 470 289
372 290 370 299
376 290 373 299
379 290 377 299
383 290 380 299
404 290 402 298
408 290 407 297
411 290 410 296
415 290 413 296
419 290 417 296
422 290 421 295
426 290 425 295
429 290 428 295
433 290 431 295
436 290 435 295
440 290 439 295
372 294 371 304
376 294 374 302
379 294 377 302
383 294 381 302
386 294 385 302
390 294 389 301
401 294 399 300
404 294 403 301
408 294 407 300
411 294 410 300
419 294 418 300
422 294 421 299
426 294 425 299
429 294 428 298
440 294 439 298
454 294 452 295
458 294 456 296
462 294 459 295
465 294 463 294
472 294 471 293
372 297 371 307
376 297 374 306
401 297 396 304
404 297 403 305
408 297 407 305
411 297 411 305
415 297 414 304
433 297 431 300
447 297 446 298
451 297 449 298
458 297 457 299
462 297 460 299
465 297 463 298
469 297 468 297
472 297 470 298
411 301 410 308
419 301 417 304
422 301 421 304
426 301 424 303
429 301 428 304
433 301 431 303
444 301 443 302
447 301 446 302
451 301 449 302
458 301 457 302
462 301 460 302
465 301 464 302
469 301 468 301
472 301 470 302
397 304 393 310
415 304 413 308
419 304 417 307
422 304 421 307
426 304 424 306
429 304 428 307
433 304 431 307
440 304 436 306
444 304 443 305
447 304 446 305
458 304 456 306
462 304 460 305
465 304 464 305
469 304 467 305
472 304 470 304
372 308 368 307
408 308 407 311
411 308 410 312
415 308 413 312
419 308 417 311
422 308 421 310
426 308 424 309
429 308 428 309
433 308 431 310
440 308 439 309
444 308 443 309
458 308 457 309
462 308 460 309
465 308 464 308
469 308 467 308
376 312 374 320
379 312 378 321
401 312 400 311
411 312 410 315
415 312 413 315
419 312 417 314
422 312 421 314
429 312 428 313
433 312 431 313
451 312 447 308
472 312 468 311
386 315 383 321
397 315 396 315
401 315 400 315
404 315 403 315
415 315 414 318
419 315 417 317
426 315 425 315
444 315 442 314
447 315 445 313
458 315 457 312
462 315 460 312
465 315 464 312
379 319 378 325
383 319 382 324
394 319 393 319
397 319 397 319
401 319 400 318
404 319 403 319
422 319 422 318
426 319 425 318
429 319 429 318
433 319 433 317
440 319 439 317
447 319 446 317
451 319 450 317
454 319 453 317
458 319 457 316
462 319 460 315
465 319 464 315
379 322 378 328
394 322 393 324
397 322 397 324
401 322 401 323
404 322 404 323
408 322 407 323
411 322 410 323
419 322 417 322
422 322 422 321
426 322 425 321
429 322 429 321
440 322 436 320
444 322 440 320
447 322 444 320
451 322 450 320
454 322 453 320
458 322 457 320
462 322 461 319
379 326 376 328
383 326 382 328
386 326 386 328
390 326 389 328
394 326 393 327
397 326 397 327
401 326 401 327
408 326 407 326
411 326 410 326
426 326 425 324
429 326 429 324
440 326 436 323
444 326 440 324
447 326 444 324
451 326 447 323
454 326 452 323
458 326 455 323
447 330 444 327
451 330 447 326
