404 153 412 95
431 166 449 107
431 184 447 118
470 188 479 135
462 193 459 139
462 197 457 144
462 202 457 152
466 202 464 152
475 202 478 155
422 206 440 131
475 206 475 161
422 219 421 175
426 219 428 176
479 219 475 180
426 224 428 181
475 224 466 187
519 224 517 160
418 228 413 183
422 228 420 187
431 228 433 184
431 232 432 191
413 237 407 195
426 237 421 196
448 241 446 196
365 268 364 208
374 272 366 216
378 272 373 216
382 272 378 216
365 276 356 221
369 276 363 221
378 276 371 222
382 276 377 224
387 276 382 225
404 276 399 227
409 276 404 227
413 276 409 228
426 276 422 230
431 281 423 235
431 285 422 241
435 285 427 242
462 285 455 247
435 290 429 250
448 290 452 258
466 290 461 254
400 294 381 263
404 294 387 265
409 294 393 266
444 294 438 262
391 298 359 275
400 298 379 269
404 298 385 271
409 298 393 272
413 298 398 273
422 298 411 273
431 298 416 294
440 298 438 270
448 298 444 271
391 303 359 281
396 303 364 282
400 303 379 276
409 303 392 278
431 303 414 300
435 303 421 300
347 307 328 296
352 307 337 299
356 307 342 300
391 307 357 287
396 307 363 288
413 307 389 292
426 307 409 299
435 307 420 307
352 312 336 304
356 312 342 305
413 312 389 299
418 312 396 299
422 312 407 306
404 316 375 308
413 316 393 310
418 316 400 312
422 316 406 313
413 320 393 318
418 320 399 318
