404 153 405 150
418 153 418 150
422 153 422 150
426 153 427 150
409 158 410 154
413 158 414 154
418 158 418 154
422 158 423 155
426 158 427 155
431 158 431 155
435 158 435 155
444 158 447 156
404 162 406 159
409 162 410 159
413 162 414 159
418 162 418 159
422 162 423 159
426 162 427 159
435 162 436 159
440 162 442 159
448 162 451 160
453 162 456 160
466 162 467 160
470 162 471 160
404 166 405 164
409 166 410 164
413 166 414 163
418 166 418 163
422 166 423 163
426 166 427 163
431 166 432 163
435 166 436 163
440 166 440 163
444 166 445 163
448 166 449 163
475 166 475 164
484 166 482 163
400 171 400 169
404 171 405 168
409 171 409 168
413 171 413 167
418 171 418 167
422 171 422 167
426 171 427 167
431 171 431 168
435 171 436 168
440 171 440 168
444 171 444 168
448 171 449 168
453 171 453 168
457 171 458 168
462 171 463 168
466 171 467 168
470 171 471 168
488 171 484 167
497 171 493 168
400 175 400 174
404 175 405 173
409 175 409 172
413 175 413 171
418 175 417 171
422 175 422 172
426 175 426 172
431 175 431 172
435 175 436 172
440 175 440 173
444 175 445 173
448 175 449 172
453 175 453 172
457 175 458 172
462 175 462 172
466 175 466 172
470 175 471 172
475 175 475 172
479 175 478 172
492 175 493 173
506 175 506 173
510 175 511 173
514 175 515 174
404 180 405 177
409 180 409 176
413 180 413 176
418 180 417 176
422 180 422 176
431 180 431 176
440 180 439 177
444 180 444 177
448 180 449 177
453 180 453 176
457 180 457 177
462 180 462 177
466 180 467 177
470 180 471 177
475 180 475 177
479 180 479 177
488 180 489 177
497 180 498 178
501 180 502 177
510 180 511 178
514 180 515 178
519 180 519 178
404 184 405 181
409 184 409 181
413 184 414 181
418 184 417 180
431 184 431 180
435 184 435 181
440 184 439 181
444 184 443 181
448 184 448 181
462 184 463 181
466 184 467 181
470 184 471 181
475 184 475 181
479 184 480 181
484 184 484 181
488 184 488 181
492 184 493 182
497 184 498 182
506 184 506 181
510 184 511 181
514 184 515 182
519 184 519 182
404 188 405 186
409 188 409 185
413 188 413 185
418 188 417 185
422 188 425 185
431 188 431 185
448 188 448 186
453 188 453 186
457 188 458 186
462 188 462 186
466 188 467 185
470 188 471 185
479 188 479 185
484 188 484 186
488 188 488 185
492 188 493 186
501 188 501 186
506 188 506 185
510 188 510 186
514 188 515 186
519 188 520 186
409 193 410 190
413 193 413 190
422 193 422 190
435 193 435 190
457 193 458 191
462 193 462 191
466 193 466 190
475 193 476 190
479 193 480 190
484 193 483 190
492 193 493 190
497 193 497 190
501 193 501 190
506 193 505 190
510 193 510 190
514 193 515 190
519 193 519 190
413 197 414 194
422 197 422 194
426 197 426 194
431 197 431 195
462 197 457 194
466 197 461 194
470 197 471 194
479 197 480 195
484 197 484 194
488 197 488 194
492 197 492 195
497 197 496 195
501 197 501 195
506 197 504 195
510 197 510 195
514 197 515 195
519 197 520 194
413 202 414 199
418 202 418 199
426 202 426 199
431 202 430 199
466 202 461 198
470 202 465 199
475 202 474 200
479 202 479 199
484 202 483 200
488 202 488 199
492 202 492 199
497 202 496 199
501 202 500 199
506 202 505 199
510 202 510 199
514 202 515 199
519 202 520 199
409 206 409 204
413 206 414 204
418 206 418 204
422 206 422 204
426 206 426 204
453 206 443 203
457 206 448 203
466 206 461 203
470 206 465 204
479 206 478 204
484 206 483 204
488 206 487 203
492 206 492 204
497 206 497 203
501 206 502 203
506 206 506 204
510 206 510 204
514 206 515 204
519 206 520 203
413 210 413 209
418 210 417 209
422 210 421 209
426 210 426 208
431 210 430 207
435 210 434 207
457 210 448 208
466 210 469 212
479 210 478 209
484 210 483 207
488 210 488 208
492 210 493 208
497 210 498 208
501 210 502 208
506 210 506 208
510 210 510 209
514 210 514 209
519 210 519 208
404 215 404 213
409 215 408 214
448 215 438 212
479 215 478 213
484 215 484 212
488 215 487 212
501 215 501 212
506 215 506 212
510 215 510 213
514 215 514 213
519 215 519 212
413 219 411 221
418 219 417 221
431 219 430 212
435 219 434 213
479 219 479 217
484 219 483 216
501 219 501 217
506 219 506 216
510 219 510 217
514 219 514 217
519 219 519 217
356 224 356 222
400 224 401 221
404 224 404 221
409 224 408 222
418 224 418 225
426 224 426 222
479 224 479 221
492 224 488 225
497 224 497 221
506 224 507 222
510 224 510 221
514 224 514 221
519 224 519 222
356 228 356 227
360 228 360 227
396 228 395 227
404 228 403 227
409 228 407 226
413 228 413 226
422 228 422 226
426 228 426 226
435 228 435 221
475 228 475 225
479 228 479 225
484 228 484 225
510 228 511 226
514 228 515 226
356 232 356 231
360 232 360 231
396 232 395 230
404 232 402 231
409 232 408 230
413 232 413 230
418 232 418 230
422 232 422 230
426 232 426 230
431 232 430 230
435 232 435 230
440 232 439 229
475 232 475 230
479 232 480 230
484 232 483 230
510 232 510 231
360 237 360 236
378 237 378 235
387 237 387 234
396 237 395 234
400 237 400 235
409 237 408 235
413 237 413 235
418 237 418 234
422 237 422 234
426 237 426 234
431 237 430 234
435 237 435 234
470 237 470 235
475 237 475 235
479 237 479 235
360 241 360 240
378 241 377 240
382 241 381 240
396 241 395 239
400 241 400 240
404 241 404 240
409 241 408 239
422 241 422 239
426 241 427 239
431 241 431 239
435 241 435 239
440 241 439 239
448 241 449 238
457 241 456 238
470 241 471 239
475 241 475 239
479 241 479 239
484 241 483 240
360 246 360 244
374 246 373 244
382 246 383 243
396 246 395 244
400 246 400 244
404 246 404 244
409 246 408 244
413 246 413 244
426 246 426 244
431 246 431 244
440 246 439 246
444 246 443 247
448 246 449 243
466 246 467 244
470 246 471 243
475 246 475 243
479 246 479 243
382 250 383 247
396 250 395 249
400 250 400 248
404 250 404 249
426 250 426 248
431 250 431 249
440 250 440 252
448 250 449 247
453 250 453 248
462 250 461 249
466 250 466 248
470 250 471 248
475 250 475 247
356 254 355 252
360 254 360 253
391 254 391 251
396 254 396 252
400 254 400 253
404 254 404 253
409 254 408 253
426 254 427 253
431 254 431 253
440 254 439 256
444 254 444 256
448 254 448 253
453 254 453 253
457 254 457 253
462 254 462 253
466 254 466 253
470 254 471 252
360 259 360 257
382 259 383 256
387 259 390 255
396 259 396 256
400 259 400 256
422 259 422 257
431 259 431 257
448 259 449 258
453 259 453 257
457 259 457 257
356 263 355 262
369 263 369 261
382 263 383 260
387 263 390 260
391 263 396 261
400 263 399 261
404 263 403 261
422 263 422 261
431 263 431 262
440 263 440 262
444 263 445 262
448 263 449 262
453 263 453 262
356 268 355 266
365 268 364 266
378 268 378 266
387 268 390 265
391 268 395 265
400 268 399 266
426 268 426 266
431 268 431 266
440 268 440 266
444 268 444 266
448 268 449 266
352 272 350 271
356 272 355 271
365 272 364 270
369 272 369 270
374 272 373 270
378 272 378 270
382 272 382 270
387 272 386 270
400 272 399 270
404 272 403 270
409 272 407 270
413 272 413 271
418 272 417 270
422 272 422 270
426 272 426 270
431 272 431 271
435 272 435 271
440 272 440 271
444 272 444 271
448 272 449 270
453 272 452 270
470 272 470 270
475 272 474 270
479 272 479 270
338 276 338 276
343 276 342 276
347 276 346 276
352 276 351 276
365 276 364 275
369 276 368 275
374 276 373 275
378 276 377 275
382 276 382 274
387 276 386 274
391 276 390 275
400 276 400 274
404 276 403 274
409 276 407 274
413 276 413 275
418 276 417 275
422 276 422 275
426 276 426 275
431 276 430 275
440 276 440 275
444 276 444 275
470 276 469 275
475 276 473 275
369 281 368 280
374 281 373 280
378 281 377 279
382 281 382 278
387 281 386 278
391 281 390 279
396 281 396 279
400 281 400 279
404 281 404 279
409 281 408 279
413 281 412 279
418 281 417 279
422 281 422 279
426 281 426 279
431 281 430 279
435 281 435 279
440 281 439 279
444 281 444 279
448 281 447 279
453 281 453 280
462 281 461 279
466 281 465 279
470 281 470 279
475 281 474 280
360 285 360 284
365 285 364 284
369 285 368 284
374 285 373 286
382 285 382 283
387 285 386 283
391 285 391 287
400 285 400 283
404 285 404 283
409 285 409 283
413 285 413 283
418 285 417 283
422 285 421 283
426 285 426 284
431 285 430 283
435 285 435 283
440 285 439 282
444 285 443 283
448 285 448 284
453 285 453 284
457 285 456 284
462 285 461 284
466 285 466 284
470 285 470 284
365 290 364 288
369 290 369 288
378 290 378 288
396 290 396 286
400 290 404 287
404 290 408 288
418 290 417 287
422 290 421 288
426 290 426 288
431 290 430 288
435 290 435 288
440 290 439 287
444 290 443 288
448 290 448 288
453 290 452 288
457 290 456 288
462 290 461 288
466 290 466 288
365 294 364 293
369 294 368 293
374 294 372 295
378 294 377 296
400 294 404 290
404 294 408 292
426 294 427 293
431 294 431 292
435 294 435 293
440 294 439 293
444 294 443 293
448 294 448 293
453 294 452 292
457 294 456 293
462 294 461 293
347 298 346 297
352 298 351 297
360 298 360 296
365 298 363 297
382 298 382 297
387 298 387 297
396 298 395 296
400 298 404 295
422 298 422 300
440 298 439 297
444 298 443 297
448 298 448 297
453 298 452 297
457 298 456 297
369 303 368 301
382 303 382 301
387 303 385 301
400 303 404 299
413 303 418 304
422 303 422 304
426 303 426 304
440 303 435 306
444 303 440 306
448 303 448 302
453 303 452 302
360 307 360 305
365 307 365 305
369 307 369 304
382 307 381 305
387 307 385 306
391 307 390 305
396 307 394 305
422 307 421 310
426 307 426 309
440 307 435 310
444 307 440 309
343 312 342 310
347 312 346 311
352 312 351 310
356 312 355 311
360 312 360 310
365 312 365 309
369 312 369 309
382 312 381 310
387 312 385 310
391 312 391 313
431 312 426 314
435 312 431 314
440 312 435 314
352 316 351 315
356 316 355 315
360 316 360 315
365 316 365 315
369 316 369 314
382 316 382 314
387 316 386 314
391 316 391 318
404 316 401 314
426 316 423 317
431 316 426 318
435 316 431 319
413 325 412 324
418 325 417 324
422 325 421 324
