340 156 539 248
346 156 545 252
296 162 474 225
313 162 388 181
318 162 395 186
202 184 384 177
390 189 550 277
191 200 373 178
329 211 470 229
324 223 460 230
379 234 492 347
379 239 487 353
335 245 454 244
357 256 456 275
362 256 461 280
357 261 451 280
335 267 446 255
362 267 455 283
357 272 446 283
229 278 399 231
340 278 405 276
351 284 412 291
346 289 406 294
390 289 483 370
368 300 426 315
313 306 437 313
351 306 401 300
374 306 423 320
362 311 407 334
374 322 407 345
368 328 398 345
374 328 402 349
368 333 393 349
390 344 413 380
235 350 352 282
390 350 461 337
290 356 404 320
324 356 432 339
396 356 420 394
235 361 357 277
241 361 361 281
246 361 367 286
318 361 426 344
290 367 398 324
290 372 393 330
368 378 431 359
368 383 428 364
324 389 358 327
263 394 412 340
274 394 418 346
246 400 330 302
257 400 336 307
285 400 353 331
296 400 358 337
257 405 333 310
296 405 353 340
