306 261 274 143
347 261 312 132
311 265 289 145
343 270 311 141
388 270 335 128
393 270 339 127
397 270 343 126
402 270 347 125
411 270 353 124
429 270 393 122
292 274 264 154
374 274 327 134
379 274 330 132
388 274 336 131
288 279 260 160
338 279 303 152
352 279 316 141
370 279 324 139
374 279 328 137
393 279 340 132
397 279 344 131
402 279 347 131
438 279 390 127
479 279 427 127
288 283 263 163
292 283 268 163
338 283 305 156
343 283 308 156
347 283 312 149
352 283 316 145
370 283 324 143
379 283 331 139
388 283 337 137
393 283 341 136
397 283 345 135
402 283 348 134
406 283 353 133
415 283 362 132
429 283 372 129
434 283 376 128
438 283 380 128
443 283 385 128
470 283 411 127
283 288 258 170
288 288 262 169
338 288 306 159
343 288 309 159
370 288 325 146
374 288 328 144
379 288 332 143
388 288 338 140
393 288 342 139
397 288 346 139
402 288 350 138
406 288 354 137
411 288 357 136
415 288 363 135
438 288 381 131
443 288 386 131
447 288 399 133
452 288 404 132
283 293 259 174
352 293 315 159
356 293 318 154
361 293 321 153
374 293 329 148
379 293 333 148
384 293 337 146
393 293 343 143
397 293 347 142
402 293 350 141
406 293 354 140
438 293 382 135
443 293 386 135
452 293 395 133
466 293 408 133
470 293 411 131
288 297 266 173
343 297 310 164
356 297 318 158
361 297 321 157
374 297 330 153
379 297 334 152
384 297 337 151
393 297 344 147
466 297 409 137
470 297 413 136
283 302 259 178
356 302 319 162
361 302 322 161
370 302 327 157
374 302 331 156
379 302 334 155
384 302 338 154
393 302 345 151
397 302 348 151
406 302 356 147
411 302 361 146
415 302 365 145
429 302 373 143
461 302 405 142
466 302 409 140
470 302 414 140
283 306 260 182
343 306 311 168
356 306 319 166
370 306 328 161
374 306 332 160
379 306 335 159
388 306 342 158
393 306 345 156
406 306 357 151
411 306 361 151
415 306 367 150
420 306 371 149
438 306 383 146
443 306 387 145
457 306 402 146
461 306 406 145
466 306 409 145
475 306 426 147
283 311 260 187
361 311 323 167
370 311 329 166
374 311 332 164
379 311 336 163
388 311 343 161
402 311 354 157
406 311 358 155
415 311 366 154
420 311 371 153
457 311 403 150
475 311 426 151
356 315 321 172
361 315 324 171
370 315 330 169
374 315 333 168
379 315 337 167
397 315 351 161
402 315 355 160
406 315 358 159
415 315 364 158
420 315 371 157
438 315 386 154
447 315 393 152
356 320 322 176
361 320 325 175
370 320 331 173
384 320 341 167
393 320 348 166
397 320 352 165
402 320 356 164
406 320 359 164
415 320 366 163
420 320 370 162
425 320 374 160
429 320 379 160
438 320 387 159
443 320 391 158
447 320 394 158
452 320 398 156
466 320 413 157
470 320 424 165
347 325 318 180
356 325 322 180
361 325 325 179
374 325 334 174
379 325 338 172
388 325 345 171
393 325 348 170
397 325 352 170
402 325 357 168
406 325 360 168
411 325 364 167
420 325 371 166
425 325 375 165
429 325 379 164
434 325 383 164
438 325 387 163
443 325 392 163
447 325 395 162
452 325 399 160
457 325 404 160
461 325 410 160
470 325 425 169
347 329 319 184
356 329 323 183
365 329 328 181
370 329 332 180
374 329 335 179
379 329 338 178
384 329 343 176
393 329 349 174
397 329 353 174
402 329 357 173
406 329 360 172
411 329 364 171
420 329 372 170
425 329 376 169
429 329 380 168
434 329 384 168
438 329 388 167
443 329 392 166
447 329 397 166
452 329 401 166
457 329 406 164
461 329 410 164
466 329 421 173
470 329 427 173
352 334 319 188
370 334 332 183
374 334 336 182
379 334 339 182
384 334 343 180
393 334 350 179
397 334 354 178
402 334 357 177
406 334 361 176
411 334 365 175
429 334 380 172
434 334 385 172
438 334 388 171
443 334 393 170
447 334 398 170
452 334 402 170
457 334 406 169
461 334 411 168
466 334 416 167
352 338 320 193
356 338 324 190
361 338 327 189
370 338 333 187
374 338 336 187
379 338 340 185
384 338 344 185
393 338 351 183
397 338 355 182
402 338 358 181
406 338 362 180
411 338 366 179
415 338 369 178
438 338 389 175
443 338 395 174
447 338 399 174
452 338 403 173
457 338 407 173
461 338 412 172
343 343 318 203
356 343 324 194
365 343 330 193
370 343 334 192
374 343 337 191
379 343 341 189
397 343 355 185
402 343 359 185
425 343 378 180
429 343 382 179
434 343 386 178
443 343 394 179
447 343 399 178
452 343 404 177
457 343 409 177
461 343 413 176
343 347 318 208
352 347 322 199
356 347 325 198
361 347 329 198
370 347 335 195
374 347 338 194
379 347 342 193
406 347 363 187
411 347 367 186
425 347 378 184
429 347 382 183
434 347 387 182
438 347 391 181
447 347 400 183
452 347 405 182
457 347 410 181
461 347 413 180
466 347 425 197
338 352 314 213
365 352 332 201
370 352 336 200
374 352 339 199
393 352 353 194
397 352 357 192
402 352 361 192
406 352 365 191
415 352 371 189
420 352 377 189
429 352 383 187
434 352 388 186
438 352 392 185
443 352 397 185
447 352 401 186
452 352 406 186
457 352 410 185
352 356 323 207
356 356 327 206
365 356 333 205
370 356 336 203
379 356 344 199
384 356 348 198
388 356 351 197
393 356 356 196
402 356 362 195
406 356 365 194
411 356 369 194
415 356 373 194
420 356 378 193
429 356 385 191
434 356 388 190
438 356 393 189
447 356 402 190
452 356 407 190
338 361 316 218
352 361 324 212
365 361 333 208
379 361 344 203
397 361 361 199
406 361 366 198
411 361 370 198
415 361 374 197
425 361 381 196
434 361 389 194
438 361 393 193
443 361 398 193
452 361 410 191
306 366 296 231
324 366 309 231
370 366 338 210
374 366 341 209
384 366 349 207
388 366 353 201
393 366 357 200
406 366 368 201
411 366 371 201
420 366 378 201
425 366 382 200
429 366 386 200
443 366 400 198
452 366 410 196
461 366 421 201
320 370 306 234
343 370 318 222
347 370 321 221
352 370 324 220
356 370 328 216
365 370 334 215
370 370 339 213
379 370 346 212
384 370 350 211
393 370 358 204
406 370 368 206
420 370 378 205
425 370 385 203
434 370 391 203
301 375 288 236
306 375 292 236
311 375 295 235
315 375 300 238
343 375 318 226
347 375 321 225
352 375 325 224
370 375 342 217
374 375 346 216
384 375 351 215
402 375 365 213
434 375 392 206
438 375 396 207
443 375 401 206
447 375 406 206
306 379 293 239
311 379 296 240
333 379 314 231
343 379 319 229
361 379 335 223
374 379 347 220
379 379 351 219
397 379 360 217
402 379 365 217
411 379 374 214
415 379 373 211
429 379 388 211
434 379 392 210
443 379 401 210
447 379 406 209
452 379 411 208
311 384 297 243
315 384 301 243
338 384 316 234
347 384 323 230
352 384 326 229
356 384 331 228
361 384 335 226
438 384 397 212
443 384 402 214
447 384 407 214
452 384 411 212
457 384 415 211
461 384 423 211
311 388 298 248
324 388 308 241
329 388 311 240
343 388 320 235
347 388 323 234
352 388 327 232
374 388 345 226
402 388 366 222
411 388 375 220
429 388 389 218
434 388 394 217
438 388 397 217
443 388 402 218
447 388 407 218
452 388 411 216
457 388 416 216
461 388 424 220
329 393 312 245
338 393 317 241
343 393 320 240
347 393 323 239
361 393 333 234
365 393 337 233
370 393 340 232
374 393 345 230
397 393 363 226
402 393 366 226
415 393 377 224
429 393 390 222
434 393 394 221
438 393 399 221
447 393 407 221
452 393 412 221
457 393 416 220
324 397 309 251
329 397 313 249
338 397 317 244
343 397 320 243
352 397 328 239
361 397 333 237
365 397 337 237
370 397 341 236
374 397 346 235
393 397 359 232
397 397 363 231
406 397 369 229
411 397 373 229
415 397 377 228
425 397 386 226
429 397 390 226
434 397 395 226
438 397 399 225
443 397 404 225
452 397 413 225
457 397 417 224
461 397 424 224
466 397 431 222
329 402 314 253
338 402 317 248
343 402 322 247
356 402 330 243
361 402 334 242
365 402 337 241
370 402 343 239
374 402 347 238
415 402 377 232
429 402 391 230
434 402 395 230
438 402 400 229
443 402 404 229
452 402 413 230
457 402 418 229
461 402 425 228
347 407 326 248
356 407 331 246
361 407 335 245
365 407 338 245
370 407 344 244
374 407 347 243
388 407 355 237
397 407 364 236
429 407 392 235
434 407 396 234
438 407 401 233
443 407 405 233
447 407 409 232
452 407 414 234
457 407 419 233
461 407 424 232
347 411 327 252
356 411 331 250
361 411 336 249
365 411 340 248
370 411 345 247
384 411 353 242
388 411 356 241
411 411 373 242
434 411 397 237
438 411 402 237
443 411 406 236
447 411 411 236
347 416 328 256
352 416 331 255
361 416 336 254
365 416 340 252
388 416 353 247
393 416 357 247
397 416 361 246
425 416 389 241
429 416 393 240
443 416 406 241
447 416 410 241
452 416 416 240
457 416 421 239
461 416 425 238
343 420 324 262
347 420 328 260
352 420 333 259
384 420 348 251
388 420 353 250
393 420 357 250
425 420 390 244
429 420 393 244
434 420 397 243
443 420 407 245
447 420 411 246
452 420 417 244
457 420 421 243
461 420 425 242
393 425 363 254
397 425 367 253
402 425 371 252
411 425 378 251
429 425 394 248
434 425 398 247
438 425 403 247
443 425 408 249
447 425 412 249
452 425 417 248
457 425 422 247
352 429 334 268
379 429 351 260
393 429 364 258
397 429 367 256
402 429 371 255
411 429 379 255
415 429 383 254
429 429 395 251
434 429 400 251
438 429 404 250
447 429 413 253
452 429 417 252
393 434 365 262
397 434 368 261
402 434 373 260
411 434 380 260
425 434 392 257
429 434 397 256
434 434 401 255
438 434 405 255
393 439 366 267
397 439 370 267
402 439 374 265
434 439 401 260
