530 141 485 156
537 141 489 157
543 141 495 158
506 147 451 161
524 147 477 161
530 147 482 163
537 147 489 163
543 147 495 164
487 154 429 164
493 154 444 164
506 154 449 168
512 154 455 169
524 154 476 168
530 154 481 169
537 154 488 169
543 154 494 170
463 160 407 167
475 160 417 168
481 160 424 169
500 160 449 173
512 160 454 176
524 160 474 173
530 160 482 174
475 166 416 173
506 166 447 180
512 166 452 182
530 166 480 181
543 166 491 183
450 172 388 178
456 172 393 179
463 172 407 180
450 178 387 185
469 178 412 188
530 178 478 194
537 178 484 195
543 178 491 196
549 178 497 197
383 184 314 178
426 184 367 188
432 184 373 189
456 184 383 196
493 184 444 196
537 184 484 201
543 184 489 202
549 184 495 204
364 191 300 179
426 191 364 194
432 191 371 195
456 191 381 202
481 191 415 203
549 191 494 211
358 197 292 184
364 197 299 185
370 197 304 187
407 197 338 200
426 197 362 201
432 197 370 203
463 197 389 210
475 197 408 213
481 197 415 214
487 197 422 212
358 203 291 191
370 203 298 193
376 203 306 194
383 203 310 196
401 203 330 208
413 203 349 207
426 203 360 210
432 203 369 209
438 203 376 210
450 203 382 215
456 203 387 215
463 203 393 217
481 203 414 221
487 203 420 221
493 203 428 219
543 203 452 228
315 209 254 185
358 209 289 198
395 209 324 207
401 209 330 212
407 209 335 214
413 209 346 214
420 209 353 215
456 209 387 222
463 209 392 223
493 209 426 224
543 209 450 236
302 215 231 190
309 215 238 191
376 215 302 209
383 215 309 211
389 215 317 213
407 215 334 219
413 215 342 221
420 215 348 222
432 215 361 220
438 215 372 220
450 215 379 223
475 215 466 223
481 215 472 224
493 215 423 231
302 221 230 198
309 221 236 197
315 221 243 198
321 221 250 199
376 221 301 216
383 221 309 218
389 221 316 219
413 221 340 228
420 221 347 230
450 221 377 234
463 221 389 237
500 221 429 244
296 228 224 202
302 228 230 204
309 228 236 204
315 228 243 205
370 228 294 220
376 228 301 222
383 228 307 224
389 228 317 227
395 228 325 228
407 228 338 235
413 228 343 236
426 228 352 237
438 228 356 238
518 228 446 256
549 228 469 243
555 228 474 244
561 228 481 245
302 234 228 210
309 234 235 211
315 234 242 212
376 234 299 228
383 234 306 230
389 234 313 232
407 234 337 240
413 234 343 242
420 234 349 243
469 234 461 244
549 234 468 250
555 234 474 251
302 240 227 216
309 240 233 218
315 240 240 218
370 240 292 234
376 240 299 235
383 240 304 235
389 240 311 236
395 240 317 237
401 240 330 244
407 240 336 246
413 240 342 247
487 240 412 261
493 240 418 262
549 240 467 258
302 246 226 222
309 246 231 225
315 246 238 226
321 246 248 225
327 246 255 226
333 246 265 229
339 246 273 232
346 246 278 232
370 246 290 240
389 246 309 242
395 246 315 244
493 246 352 192
309 252 231 234
315 252 237 235
321 252 243 237
333 252 264 237
339 252 270 238
352 252 278 239
370 252 288 246
376 252 295 247
383 252 302 248
395 252 313 251
413 252 342 255
420 252 348 255
309 258 231 242
315 258 236 244
321 258 242 242
327 258 256 242
333 258 264 244
346 258 271 245
352 258 278 247
370 258 282 253
383 258 301 255
395 258 312 258
309 265 229 249
327 265 249 247
339 265 263 249
346 265 269 251
352 265 275 256
358 265 281 258
364 265 287 259
389 265 305 264
395 265 310 265
401 265 317 265
420 265 346 264
426 265 352 263
432 265 358 265
438 265 363 266
315 271 234 251
321 271 242 253
327 271 248 253
333 271 256 253
352 271 273 262
358 271 280 264
364 271 287 266
389 271 305 271
395 271 310 272
401 271 316 273
407 271 323 274
432 271 358 270
438 271 364 272
315 277 233 258
321 277 240 259
327 277 247 259
333 277 254 260
339 277 260 260
346 277 266 263
352 277 272 267
358 277 278 271
370 277 284 274
389 277 304 276
395 277 309 278
401 277 316 279
315 283 233 269
321 283 238 270
327 283 246 265
333 283 253 266
339 283 260 268
346 283 266 269
352 283 272 274
389 283 296 282
401 283 423 264
315 289 232 275
321 289 237 276
327 289 244 272
333 289 252 273
321 295 236 281
