537 141 484 140
543 141 489 141
524 147 471 147
530 154 478 153
463 160 399 160
518 160 470 157
530 160 482 160
456 166 392 166
475 166 424 166
481 166 431 166
456 172 400 172
463 172 411 172
475 172 423 173
493 172 439 173
450 178 386 184
463 178 411 180
469 178 419 179
475 178 423 179
481 178 430 179
456 184 405 186
469 184 418 185
475 184 425 186
493 184 442 186
413 191 348 189
432 191 374 192
463 191 404 196
469 191 410 197
420 197 361 200
426 197 366 200
432 197 372 201
456 197 398 202
481 197 425 202
352 203 285 198
426 203 366 207
432 203 371 207
438 203 385 207
444 203 390 207
456 203 399 209
463 203 405 209
469 203 411 210
475 203 419 210
321 209 246 201
327 209 256 200
383 209 324 206
395 209 339 208
401 209 346 209
407 209 354 209
413 209 359 213
420 209 365 213
432 209 372 215
438 209 384 215
444 209 389 214
450 209 396 215
469 209 411 216
475 209 421 214
315 215 243 207
321 215 249 207
327 215 256 207
333 215 264 208
389 215 333 215
395 215 339 218
401 215 345 218
407 215 353 217
413 215 359 219
420 215 365 220
432 215 374 221
438 215 381 220
456 215 399 222
463 215 405 223
475 215 421 219
395 221 338 224
432 221 372 227
438 221 378 227
444 221 385 227
456 221 399 228
463 221 409 231
469 221 416 231
296 228 230 214
302 228 236 215
346 228 271 222
383 228 322 227
389 228 331 230
395 228 338 230
407 228 352 232
413 228 358 229
426 228 365 230
309 234 243 222
358 234 288 230
370 234 300 231
395 234 337 237
401 234 344 239
407 234 351 240
413 234 356 239
426 234 365 235
309 240 242 232
352 240 280 238
370 240 301 238
389 240 328 240
401 240 343 245
407 240 350 246
309 246 242 240
395 246 336 251
401 246 344 253
315 252 250 249
321 252 255 248
420 252 357 252
426 252 363 251
309 258 242 254
315 258 249 254
321 258 256 254
327 258 262 254
426 258 363 261
315 265 249 261
321 265 255 260
327 265 263 261
339 265 281 255
401 265 337 265
432 265 368 266
309 271 241 266
315 271 248 267
321 271 254 266
327 271 262 266
333 271 268 266
432 271 369 271
327 277 260 273
333 277 266 273
339 277 273 273
370 277 299 282
321 283 254 280
327 283 259 280
346 283 278 282
358 283 287 285
