-0.2378068715333939 0.471750795841217 -0.8490576148033142 0.3197771310806274 
0.6107451915740967 0.7523337006568909 0.2469497472047806 -0.09542515873908997 
0.7552734613418579 -0.459831565618515 -0.4670296609401703 0.1980855464935303 
0 0 0 1 

-0.2988982200622559 0.4160821139812469 -0.8587986826896667 0.3237825334072113 
0.5627654790878296 0.8036503791809082 0.1934967935085297 -0.07230819016695023 
0.7706844806671143 -0.4254664480686188 -0.4743663370609283 0.2004766911268234 
0 0 0 1 

-0.4359108805656433 0.3270231783390045 -0.8384732007980347 0.3154943883419037 
0.4653005301952362 0.8793637752532959 0.1010678634047508 -0.03403880447149277 
0.7703745365142822 -0.3460854589939117 -0.5354882478713989 0.222095713019371 
0 0 0 1 

-0.5135801434516907 0.2484515607357025 -0.8212838172912598 0.3065517246723175 
0.4026230871677399 0.9150234460830688 0.02503365837037563 -0.00606909254565835 
0.7577136158943176 -0.3178110420703888 -0.5699703097343445 0.2315660566091537 
0 0 0 1 

-0.5635234117507935 0.1656524986028671 -0.809320867061615 0.2974413931369781 
0.373972624540329 0.9247084856033325 -0.07112397998571396 0.02585151046514511 
0.7366040349006653 -0.3427439332008362 -0.5830444097518921 0.2333082556724548 
0 0 0 1 

-0.6138176918029785 0.09768453240394592 -0.7833806276321411 0.2835009694099426 
0.3145561218261719 0.9404043555259705 -0.1292056441307068 0.04533571377396584 
0.7240731716156006 -0.3257259130477905 -0.6079641580581665 0.2420848906040192 
0 0 0 1 

-0.7131457924842834 0.01273759454488754 -0.7008999586105347 0.2532006204128265 
0.2103144228458405 0.9576649069786072 -0.1965851336717606 0.06813174486160278 
0.6687232851982117 -0.2876032590866089 -0.6856335997581482 0.2685386836528778 
0 0 0 1 

-0.7617193460464478 -0.06529046595096588 -0.6446086764335632 0.2324806898832321 
0.1078014522790909 0.9682700037956238 -0.2254596501588821 0.07841590046882629 
0.6388756036758423 -0.2412267923355103 -0.7305115461349487 0.2827962934970856 
0 0 0 1 

-0.7558689713478088 -0.1611435562372208 -0.6345822215080261 0.2242116779088974 
-0.02018012851476669 0.9745117425918579 -0.2234269082546234 0.07857993245124817 
0.6544116735458374 -0.1560755372047424 -0.7398551106452942 0.2828336954116821 
0 0 0 1 

-0.7676544189453125 -0.1753601729869843 -0.6164050698280334 0.2187674343585968 
-0.04266218468546867 0.9736844301223755 -0.2238716930150986 0.07833968102931976 
0.6394422054290771 -0.1455589383840561 -0.7549344897270203 0.2876069247722626 
0 0 0 1 

