480 108 509 141
499 108 511 131
506 108 517 133
473 114 499 146
480 114 506 146
512 114 524 138
525 114 534 141
512 120 522 143
525 120 531 148
440 127 453 130
454 127 464 132
460 127 470 134
466 127 478 135
434 134 445 134
440 134 451 135
473 134 483 141
480 134 489 141
421 140 436 138
434 140 443 138
447 140 456 140
460 140 468 143
466 140 474 144
473 140 480 146
480 140 487 147
525 140 532 159
414 146 426 143
440 146 448 143
447 146 455 145
460 146 466 149
466 146 472 150
473 146 479 151
480 146 484 153
512 146 517 160
518 146 523 163
525 146 530 165
428 153 434 144
434 153 440 146
440 153 447 149
447 153 453 150
486 153 490 159
512 153 516 166
518 153 522 168
460 160 463 158
466 160 469 160
473 160 476 161
480 160 483 163
486 160 488 164
512 160 514 171
428 166 430 154
454 166 454 161
460 166 464 164
408 172 412 155
421 172 421 157
428 172 428 159
434 172 436 161
440 172 441 163
447 172 448 165
473 172 473 171
480 172 481 172
486 172 486 174
492 172 493 177
402 179 403 158
408 179 409 159
473 179 471 176
480 179 478 177
486 179 486 179
492 179 491 182
499 179 498 185
421 186 419 167
428 186 425 169
434 186 432 171
440 186 439 173
454 186 448 175
486 186 483 186
492 186 489 187
499 186 478 227
402 192 399 168
408 192 405 169
414 192 413 171
428 192 423 173
434 192 430 176
440 192 437 178
480 192 475 187
499 192 475 234
395 198 391 172
402 198 396 172
421 198 414 177
454 198 445 183
460 198 452 186
466 198 459 188
473 198 466 190
480 198 473 192
486 198 480 195
492 198 487 197
414 205 407 180
428 205 419 183
434 205 425 185
440 205 432 187
447 205 439 189
460 205 451 192
466 205 456 193
473 205 464 196
480 205 470 198
486 205 478 201
395 211 387 180
402 211 394 181
414 211 405 184
421 211 412 186
428 211 417 187
434 211 424 190
440 211 431 192
447 211 437 194
460 211 450 197
466 211 456 199
473 211 462 202
480 211 470 204
388 218 379 184
395 218 385 185
402 218 391 186
421 218 410 191
369 224 361 184
382 224 371 187
388 224 377 188
395 224 383 191
402 224 389 192
408 224 398 191
428 224 415 198
434 224 421 200
440 224 427 203
447 224 434 204
454 224 440 206
460 224 448 208
473 224 460 213
362 231 351 189
408 231 394 199
421 231 406 201
428 231 414 204
434 231 420 206
440 231 426 208
447 231 432 210
454 231 439 212
460 231 446 215
466 231 453 217
356 237 341 193
376 237 359 194
382 237 366 196
388 237 373 199
395 237 380 201
402 237 387 202
408 237 394 203
421 237 404 207
428 237 411 210
434 237 418 212
440 237 423 213
447 237 430 216
454 237 437 219
460 237 444 221
376 244 357 199
382 244 364 202
388 244 371 204
395 244 377 205
402 244 384 207
408 244 392 210
414 244 399 213
447 244 429 222
454 244 435 224
460 244 442 227
343 250 323 202
356 250 339 202
369 250 349 204
376 250 356 206
382 250 362 208
388 250 369 209
395 250 375 212
402 250 382 213
428 250 407 220
434 250 415 221
440 250 420 224
454 250 433 232
350 257 330 204
356 257 336 205
369 257 346 209
376 257 353 211
408 257 387 221
421 257 398 223
428 257 405 226
434 257 412 228
440 257 420 230
447 257 425 233
350 264 327 212
356 264 333 213
382 264 358 218
388 264 364 220
395 264 371 222
402 264 378 225
414 264 390 228
421 264 397 230
428 264 404 232
434 264 411 234
440 264 417 236
447 264 424 239
454 264 336 344
369 270 343 219
376 270 349 221
382 270 355 223
388 270 363 226
395 270 370 229
402 270 377 231
408 270 383 233
421 270 395 236
428 270 402 238
434 270 408 240
440 270 415 242
447 270 422 245
350 276 324 220
356 276 330 222
369 276 342 225
376 276 348 227
382 276 354 229
388 276 361 232
395 276 368 235
402 276 374 236
408 276 381 239
343 283 315 223
362 283 332 229
369 283 339 232
376 283 346 234
382 283 352 236
388 283 360 239
395 283 366 241
421 283 391 246
428 283 397 249
434 283 404 251
440 283 411 253
414 290 381 250
421 290 388 252
428 290 396 255
434 290 403 257
440 290 410 259
343 296 312 234
350 296 317 236
362 296 328 240
369 296 333 241
376 296 341 243
382 296 348 246
388 296 356 249
395 296 362 251
408 296 372 254
414 296 379 256
421 296 386 258
428 296 393 261
434 296 400 263
343 302 309 240
356 302 319 243
362 302 325 245
369 302 332 247
376 302 339 250
382 302 345 252
388 302 352 255
395 302 359 258
408 302 370 260
414 302 376 262
421 302 384 265
428 302 391 268
434 302 397 269
330 309 293 242
336 309 300 244
343 309 305 245
356 309 317 249
362 309 324 251
369 309 330 254
376 309 337 256
382 309 343 258
388 309 349 259
395 309 356 263
408 309 368 266
414 309 374 269
421 309 382 272
304 316 269 242
330 316 292 248
336 316 297 250
343 316 304 252
350 316 311 255
362 316 321 259
369 316 329 261
376 316 335 263
382 316 341 264
388 316 347 266
395 316 353 269
402 316 361 271
414 316 372 275
362 322 320 266
369 322 327 268
376 322 333 269
395 322 351 276
402 322 359 279
408 322 365 281
304 328 260 262
330 328 289 257
343 328 295 259
350 328 308 264
382 328 337 275
421 328 392 302
330 335 278 260
336 335 286 264
343 335 292 265
350 335 300 268
362 335 315 274
376 335 329 280
402 335 351 288
414 335 383 307
330 341 276 268
336 341 285 270
343 341 293 272
350 341 299 274
330 348 273 276
343 348 295 282
356 348 302 284
376 348 328 302
395 348 351 308
343 354 293 289
356 354 312 303
376 354 325 308
362 361 315 313
369 367 318 331
376 367 328 334
382 367 334 335
