248 54 338 108
308 58 382 108
264 62 355 115
328 62 407 111
332 62 410 110
215 66 299 116
332 66 411 115
336 66 415 114
340 66 419 114
332 70 411 118
336 70 416 117
215 74 299 121
219 74 302 121
349 74 420 118
353 74 423 117
357 74 428 116
284 78 380 129
324 78 392 124
349 78 420 122
353 78 424 121
353 82 424 129
344 86 420 129
344 95 421 133
268 127 357 184
268 131 358 188
239 143 321 196
252 143 342 194
252 147 342 198
248 151 338 202
239 155 324 208
260 155 342 206
260 159 348 205
264 159 352 204
280 159 363 208
239 163 323 212
264 163 352 208
284 163 367 210
276 167 359 214
280 167 363 213
272 171 356 218
276 171 359 217
280 171 364 217
284 171 368 216
276 175 360 221
276 183 362 229
284 183 370 227
264 187 349 230
264 191 350 234
268 191 354 234
340 196 423 230
336 200 420 234
340 200 423 234
336 204 420 239
280 208 351 249
264 216 339 255
272 216 352 253
280 220 353 261
256 228 333 263
304 232 381 266
312 232 386 266
