421 70 480 142
414 77 469 143
428 77 484 149
414 84 464 147
421 84 475 149
428 84 479 151
421 105 458 161
414 112 445 160
421 112 454 166
442 112 469 190
498 112 504 216
512 112 512 225
519 112 516 229
393 119 432 152
414 119 446 166
421 119 451 172
428 119 455 176
435 119 460 182
512 119 506 229
519 119 510 233
400 126 426 157
414 126 442 172
421 126 448 177
428 126 452 181
435 126 458 190
456 126 469 202
505 126 496 227
407 133 432 171
414 133 436 177
421 133 443 181
428 133 446 187
435 133 455 194
442 133 459 199
491 133 489 230
386 139 415 158
400 139 421 164
414 139 434 181
421 139 436 187
470 139 467 211
505 139 492 233
393 146 411 162
400 146 417 167
407 146 421 172
435 146 439 191
442 146 443 196
449 146 448 200
456 146 454 206
470 146 463 224
484 146 470 231
505 146 487 237
386 153 402 162
393 153 407 166
400 153 413 170
407 153 416 175
414 153 420 181
421 153 425 187
428 153 429 190
442 153 439 200
456 153 449 210
463 153 454 217
477 153 459 220
498 153 474 235
386 160 398 166
393 160 404 171
400 160 408 175
407 160 412 180
414 160 417 185
421 160 421 190
428 160 425 194
435 160 429 199
442 160 434 204
449 160 439 210
456 160 445 217
463 160 450 221
477 160 453 224
484 160 459 229
491 160 463 233
498 160 470 240
386 167 392 171
393 167 399 175
414 167 412 190
421 167 416 195
428 167 419 199
435 167 426 204
442 167 430 209
449 167 435 216
456 167 440 222
463 167 444 226
484 167 454 234
491 167 460 238
372 174 373 169
386 174 388 175
393 174 395 180
400 174 402 182
407 174 407 187
414 174 407 194
421 174 410 199
428 174 414 203
442 174 426 214
449 174 431 220
456 174 435 226
463 174 440 232
477 174 445 233
484 174 450 238
491 174 455 244
386 181 383 179
393 181 390 184
400 181 397 187
421 181 405 204
428 181 410 208
463 181 431 228
477 181 441 237
491 181 451 249
372 188 366 175
379 188 372 180
386 188 377 184
400 188 392 191
407 188 398 196
414 188 392 201
421 188 398 206
463 188 426 232
470 188 430 237
477 188 435 241
484 188 441 248
372 195 361 180
393 195 382 191
400 195 387 195
407 195 384 201
414 195 389 205
477 195 431 248
365 202 353 180
386 202 373 191
393 202 378 195
428 202 400 219
435 202 405 224
442 202 411 228
456 202 417 236
463 202 420 240
358 209 343 179
365 209 348 185
372 209 360 185
379 209 365 190
386 209 369 195
393 209 373 199
400 209 376 204
421 209 391 220
428 209 395 225
435 209 400 229
449 209 408 234
456 209 412 238
463 209 417 244
470 209 421 250
372 216 357 190
379 216 361 195
386 216 363 199
393 216 368 203
400 216 373 207
414 216 377 215
421 216 388 225
428 216 392 229
449 216 402 239
456 216 408 242
463 216 412 248
338 223 331 176
358 223 341 186
365 223 348 190
372 223 352 195
379 223 354 199
386 223 358 204
393 223 364 208
400 223 368 212
421 223 377 223
449 223 396 244
352 230 330 185
379 230 348 204
463 230 397 262
345 237 322 185
352 237 326 189
358 237 331 194
386 237 354 210
393 237 359 214
400 237 362 220
338 244 317 187
358 244 327 198
379 244 345 210
386 244 349 214
393 244 354 219
400 244 359 224
407 244 363 227
435 244 372 247
365 251 332 205
379 251 339 215
386 251 344 219
393 251 349 224
400 251 354 228
407 251 357 232
414 251 362 238
442 251 377 261
324 258 301 184
331 258 306 189
365 258 327 213
400 258 347 233
407 258 352 238
414 258 357 242
324 265 298 189
365 265 322 219
379 265 328 224
386 265 332 229
393 265 337 233
400 265 343 239
407 265 348 243
414 265 354 247
428 265 363 258
435 265 354 266
324 272 292 193
358 272 315 219
379 272 325 230
386 272 329 233
393 272 333 239
400 272 339 244
407 272 344 249
414 272 348 253
428 272 357 261
442 272 352 276
338 279 301 250
345 279 306 255
358 279 315 264
372 279 316 229
379 279 320 234
386 279 325 238
393 279 329 244
400 279 334 249
407 279 339 253
414 279 343 257
421 279 346 261
442 279 361 276
358 286 306 227
372 286 311 233
393 286 327 253
407 286 334 258
428 286 347 270
324 293 286 209
331 293 292 214
372 293 306 238
393 293 323 258
400 293 327 261
414 293 334 268
421 293 338 270
428 293 343 274
435 293 347 279
324 300 283 214
331 300 286 218
372 300 298 241
400 300 323 265
414 300 329 270
421 300 333 274
428 300 339 279
296 307 266 198
345 307 291 223
414 307 324 274
421 307 329 278
428 307 333 284
289 313 257 197
345 313 287 229
379 313 292 261
407 313 306 275
282 320 248 197
317 320 268 218
400 320 299 271
282 327 233 204
289 327 237 207
338 327 266 237
358 327 285 246
372 327 285 256
400 327 295 276
282 334 229 208
289 334 233 212
296 334 237 216
338 334 260 240
352 334 270 249
400 334 290 281
407 334 294 287
289 341 229 217
331 341 251 241
338 341 256 245
345 341 261 249
358 341 270 261
365 341 275 266
324 348 243 243
331 348 249 246
338 348 253 250
345 348 258 254
358 348 266 266
365 348 271 272
324 355 240 247
331 355 245 251
338 355 249 254
352 355 252 263
358 355 260 270
365 355 266 275
372 355 272 281
331 362 240 255
338 362 243 259
345 362 246 265
358 362 253 272
365 362 261 280
372 362 267 284
345 369 243 269
352 369 247 273
365 369 257 283
358 376 246 283
365 376 251 287
386 376 267 296
