402 100 339 110
437 106 415 109
384 147 345 139
495 147 485 144
379 153 344 157
530 153 524 122
373 158 333 173
379 158 345 164
355 164 319 179
361 164 325 178
367 164 332 169
373 164 334 181
525 164 513 140
338 170 311 180
355 170 320 184
525 170 514 146
530 170 520 144
536 170 528 141
542 170 540 139
536 176 528 149
542 176 541 146
384 182 381 179
560 182 553 137
560 194 551 153
396 199 397 211
495 199 470 175
396 205 398 217
425 205 392 198
431 205 411 187
495 205 472 182
501 205 480 180
565 217 560 171
390 229 390 226
560 240 559 192
490 246 501 218
548 252 537 223
466 258 458 247
472 258 464 245
478 258 472 245
455 264 447 255
460 264 452 255
466 264 460 255
472 264 465 252
460 269 453 260
484 269 498 239
490 269 504 237
495 269 511 235
