541 132 520 133
547 132 525 132
495 138 471 142
469 145 448 144
476 145 455 143
482 145 466 149
489 145 472 149
495 145 478 147
502 145 486 147
521 145 500 145
554 145 545 154
560 145 551 153
437 151 413 152
443 151 421 150
450 151 428 149
456 151 435 148
469 151 457 157
476 151 464 156
489 151 474 155
495 151 480 154
502 151 488 154
508 151 495 154
515 151 502 153
521 151 509 153
534 151 524 158
541 151 531 155
547 151 538 153
554 151 547 160
560 151 552 159
573 151 561 158
423 158 402 160
430 158 408 159
437 158 415 158
443 158 423 157
450 158 429 156
456 158 444 162
463 158 450 161
469 158 459 163
476 158 466 163
482 158 474 163
489 158 481 163
495 158 487 162
502 158 496 166
508 158 504 167
515 158 511 166
534 158 530 165
554 158 547 165
560 158 553 164
573 158 561 163
404 164 388 168
410 164 394 166
423 164 403 166
443 164 439 175
450 164 445 175
456 164 447 169
463 164 459 173
476 164 469 172
482 164 476 171
489 164 485 173
495 164 495 173
508 164 506 173
515 164 512 172
521 164 519 172
378 171 359 178
384 171 366 178
417 171 410 181
423 171 417 181
430 171 425 183
437 171 433 182
443 171 441 182
450 171 448 183
456 171 455 182
469 171 470 183
476 171 475 182
482 171 484 184
489 171 491 182
495 171 497 182
502 171 504 181
508 171 511 180
515 171 517 179
528 171 527 179
534 171 533 178
541 171 539 176
554 171 547 175
567 171 554 174
371 177 354 186
378 177 370 194
384 177 368 185
391 177 383 191
397 177 389 190
404 177 394 173
423 177 425 193
437 177 437 192
443 177 444 191
450 177 450 189
456 177 456 188
463 177 462 188
469 177 477 191
482 177 487 191
489 177 494 190
495 177 500 190
502 177 506 189
515 177 518 184
521 177 527 183
541 177 535 184
573 177 554 181
365 184 358 202
384 184 383 203
404 184 405 201
410 184 413 201
417 184 422 202
423 184 428 201
430 184 434 200
437 184 442 201
443 184 450 201
450 184 457 200
456 184 457 194
463 184 472 200
469 184 479 199
476 184 485 199
489 184 495 197
495 184 500 196
508 184 506 195
515 184 514 193
528 184 520 194
345 190 336 211
352 190 345 211
365 190 364 214
378 190 376 208
397 190 401 210
404 190 410 210
410 190 417 210
417 190 427 212
423 190 431 208
430 190 439 211
437 190 447 209
443 190 454 209
450 190 461 209
456 190 468 209
463 190 474 208
489 190 494 204
502 190 500 203
508 190 506 202
515 190 513 199
528 190 520 199
534 190 527 198
332 197 328 222
352 197 349 217
378 197 386 221
391 197 402 222
397 197 408 221
404 197 415 220
410 197 423 220
417 197 430 220
423 197 436 219
430 197 444 219
437 197 450 217
443 197 457 216
456 197 468 215
463 197 474 213
482 197 466 223
495 197 474 222
573 197 549 188
306 203 304 237
319 203 316 231
326 203 324 229
332 203 330 227
339 203 338 226
358 203 368 231
365 203 374 230
371 203 381 229
378 203 388 227
384 203 395 226
391 203 405 229
397 203 412 228
404 203 420 228
410 203 426 227
417 203 433 228
423 203 439 227
430 203 445 225
437 203 452 223
443 203 459 221
469 203 421 249
476 203 426 248
521 203 357 303
567 203 548 195
293 210 290 248
300 210 298 247
306 210 305 246
313 210 312 244
319 210 318 237
326 210 326 242
332 210 335 243
365 210 376 235
371 210 382 234
378 210 393 239
384 210 400 239
391 210 408 238
404 210 422 235
410 210 427 235
417 210 433 234
280 216 259 238
293 216 292 254
300 216 300 253
306 216 306 252
313 216 313 251
319 216 322 251
326 216 328 250
339 216 358 254
345 216 365 253
352 216 372 252
358 216 378 251
365 216 384 250
371 216 390 249
378 216 397 248
384 216 404 245
391 216 412 244
521 216 521 207
534 216 531 206
547 216 543 204
280 223 269 257
287 223 295 269
293 223 293 260
300 223 300 258
306 223 304 257
326 223 334 256
339 223 359 261
345 223 365 260
352 223 373 259
358 223 380 258
365 223 387 256
371 223 392 255
489 223 477 234
495 223 484 233
515 223 517 216
521 223 522 214
534 223 532 212
541 223 537 211
287 229 296 274
313 229 329 271
332 229 357 269
345 229 367 267
352 229 373 266
358 229 381 263
469 229 451 246
476 229 457 245
482 229 463 244
508 229 512 222
515 229 518 221
339 236 399 253
345 236 366 273
352 236 373 271
469 236 452 252
489 236 477 243
495 236 484 241
287 242 305 303
293 242 313 293
300 242 313 300
313 242 334 291
345 242 367 278
352 242 407 258
404 242 424 257
430 242 430 256
437 242 436 256
443 242 443 254
287 249 306 309
300 249 321 299
313 249 327 299
358 249 414 260
437 249 437 261
313 255 327 304
332 255 335 307
352 255 409 268
358 255 416 267
443 255 445 263
450 255 450 262
332 262 336 313
352 262 408 275
358 262 417 273
300 268 320 315
306 268 329 314
300 275 322 321
450 295 413 294
