427 176 412 132
427 180 411 136
509 184 499 155
513 184 503 156
517 184 508 156
431 192 420 154
517 192 510 162
520 192 514 163
524 192 517 166
501 196 487 164
513 196 503 165
517 196 509 166
520 196 513 167
524 196 517 171
416 200 403 152
427 200 414 159
416 204 403 156
509 204 497 171
513 204 507 172
493 207 476 170
497 207 482 171
509 207 497 175
513 207 502 176
520 207 513 177
501 211 491 181
509 211 501 182
517 211 508 181
482 219 475 189
486 219 480 189
462 223 454 188
470 223 464 193
474 223 469 194
482 223 474 194
486 223 478 194
501 223 496 192
509 223 501 191
513 223 505 191
520 223 513 193
462 227 453 195
513 227 505 196
517 227 509 196
416 231 389 215
420 231 394 214
482 231 474 200
493 231 483 206
520 231 514 200
435 235 415 216
478 235 467 204
482 235 474 205
489 235 476 216
493 235 483 212
505 235 496 206
509 235 501 207
517 235 510 204
423 238 397 225
435 238 414 221
443 238 424 223
513 238 504 212
517 238 511 208
427 242 405 225
431 242 410 227
435 242 414 228
509 242 499 218
513 242 503 218
381 246 351 237
427 246 405 230
431 246 410 232
435 246 414 233
447 246 429 234
470 246 451 235
474 246 455 235
478 246 460 235
381 250 351 242
435 250 414 237
447 250 428 239
462 250 444 241
470 250 451 240
474 250 456 240
478 250 461 240
458 254 439 245
462 254 443 246
470 254 451 246
474 254 456 246
478 254 461 246
381 258 350 252
408 258 387 235
427 258 406 242
431 258 411 242
458 258 438 251
462 258 443 251
470 258 450 252
474 258 455 251
412 262 388 240
439 262 419 243
385 266 354 254
431 266 411 251
451 266 437 255
458 266 443 254
392 270 366 252
458 270 444 260
408 273 386 257
412 273 391 257
435 273 415 259
443 273 423 259
447 273 428 259
451 273 434 260
470 273 453 261
396 277 368 260
404 277 379 260
408 277 384 261
427 277 406 263
435 277 415 263
443 277 423 264
455 277 442 267
392 281 373 276
404 281 379 265
408 281 384 266
412 281 390 266
416 281 395 267
435 281 415 269
439 281 420 269
447 281 427 269
455 281 437 271
458 281 443 272
462 281 448 272
474 281 456 270
408 285 383 277
439 285 420 275
451 285 431 275
455 285 437 276
458 285 443 276
470 285 451 276
474 285 456 276
478 285 461 276
373 289 340 293
420 289 404 284
443 289 416 279
455 289 437 281
458 289 442 281
462 289 447 282
474 289 455 282
377 293 345 298
381 293 350 295
431 293 399 283
451 293 429 290
455 293 436 286
458 293 441 287
466 293 446 287
373 297 341 303
381 297 350 300
389 297 355 300
443 297 414 295
451 297 428 297
462 297 443 293
470 297 451 293
373 301 340 307
381 301 350 305
420 301 407 305
455 301 430 300
462 301 443 297
377 304 345 311
381 304 349 311
423 304 393 303
377 308 344 316
427 308 396 314
