451 148 443 186
461 148 448 188
470 148 464 190
485 148 476 192
451 153 443 191
466 153 455 193
475 153 465 194
485 153 475 196
490 153 480 197
495 153 486 199
510 153 498 201
515 153 502 201
446 158 448 193
461 158 448 198
490 158 476 203
495 158 485 204
510 158 497 206
515 158 501 206
495 163 484 210
500 163 490 211
505 163 507 213
510 163 496 210
540 163 530 217
545 163 534 216
372 168 368 192
377 168 373 192
436 168 436 197
480 168 468 207
485 168 473 207
495 168 482 215
500 168 488 216
545 168 533 222
367 173 363 195
372 173 368 196
382 173 374 198
426 173 425 199
431 173 430 200
436 173 436 202
441 173 441 203
559 173 559 242
426 177 424 206
431 177 430 205
441 177 440 207
559 177 559 248
362 182 354 206
421 182 420 213
441 182 439 213
559 182 558 253
421 187 421 218
426 187 427 218
357 192 349 215
564 192 549 242
569 192 555 244
549 197 535 250
564 202 551 253
549 207 534 256
554 207 539 257
559 207 545 258
564 207 551 257
569 207 556 258
574 207 563 266
554 212 539 263
569 212 557 263
574 212 562 271
357 222 341 246
446 222 440 242
569 222 557 272
362 227 344 254
436 227 434 253
441 227 439 252
446 227 445 253
451 227 450 254
456 227 456 255
362 232 342 260
367 232 347 261
436 232 432 258
441 232 438 259
446 232 444 259
451 232 449 259
456 232 456 260
362 237 342 266
367 237 347 267
372 237 351 268
441 237 437 265
446 237 443 265
451 237 452 266
456 237 458 266
461 237 464 267
372 242 350 274
382 242 356 281
441 242 437 271
446 242 443 271
451 242 452 272
456 242 458 273
461 242 463 272
367 247 345 278
382 247 354 287
386 247 359 288
451 247 451 278
456 247 457 278
461 247 463 278
466 247 467 279
480 247 474 274
485 247 481 276
500 247 495 279
367 252 344 283
372 252 348 285
441 252 436 282
446 252 442 283
451 252 449 284
456 252 456 284
461 252 461 284
466 252 467 285
470 252 472 285
495 252 490 283
372 256 347 290
377 256 352 290
382 256 358 291
386 256 363 292
431 256 423 289
436 256 428 287
441 256 435 287
446 256 441 288
451 256 447 289
461 256 460 290
495 256 491 288
510 256 513 293
515 256 518 294
540 256 540 297
382 261 357 296
386 261 362 297
426 261 415 294
436 261 427 292
441 261 434 293
446 261 440 293
451 261 445 294
456 261 455 294
470 261 470 296
490 261 489 296
505 261 501 295
510 261 507 296
520 261 517 298
540 261 533 302
382 266 356 303
386 266 362 302
401 266 381 302
416 266 402 299
426 266 414 299
431 266 420 298
436 266 427 298
446 266 438 299
451 266 444 300
456 266 450 300
461 266 455 300
466 266 464 301
475 266 472 303
480 266 481 304
485 266 488 305
500 266 494 301
505 266 501 301
510 266 507 303
515 266 511 302
520 266 521 308
386 271 361 310
396 271 373 306
406 271 387 308
411 271 393 308
416 271 401 304
421 271 407 303
426 271 413 304
431 271 419 303
441 271 432 304
451 271 444 305
456 271 449 305
461 271 454 305
466 271 460 306
470 271 466 307
475 271 471 308
480 271 481 309
500 271 494 307
406 276 386 313
411 276 391 312
416 276 400 309
421 276 406 309
426 276 412 310
431 276 419 309
436 276 425 310
456 276 448 310
461 276 454 311
466 276 459 312
470 276 464 312
475 276 469 313
495 276 487 311
500 276 492 312
406 281 384 317
416 281 399 315
421 281 406 315
426 281 411 315
431 281 418 316
436 281 424 316
441 281 430 316
446 281 435 316
451 281 441 317
456 281 447 316
461 281 453 317
466 281 458 317
470 281 462 317
475 281 467 318
480 281 473 319
485 281 475 316
490 281 480 316
495 281 486 318
500 281 493 319
525 281 514 321
416 286 398 321
421 286 405 320
426 286 411 321
431 286 417 321
436 286 423 321
441 286 430 322
446 286 434 322
451 286 440 322
456 286 445 322
461 286 451 322
466 286 456 323
470 286 461 323
475 286 467 323
490 286 479 322
495 286 485 323
406 291 384 328
411 291 391 328
416 291 398 327
421 291 404 325
426 291 410 326
431 291 416 327
436 291 422 328
441 291 428 327
446 291 433 328
451 291 439 328
456 291 444 328
461 291 449 329
466 291 454 329
470 291 460 329
485 291 473 328
490 291 478 328
495 291 485 329
520 291 502 329
411 296 391 333
416 296 397 332
421 296 403 331
426 296 409 331
431 296 414 332
436 296 419 333
446 296 432 333
451 296 438 334
456 296 443 334
461 296 448 334
466 296 453 334
480 296 467 333
485 296 471 333
490 296 477 334
495 296 483 335
500 296 489 338
416 301 397 338
421 301 402 337
426 301 408 337
431 301 413 338
436 301 419 339
456 301 442 340
461 301 447 339
466 301 452 339
475 301 461 340
480 301 465 338
485 301 470 338
490 301 475 339
495 301 481 340
515 301 495 340
416 306 396 344
421 306 401 343
426 306 407 344
431 306 412 345
436 306 418 345
446 306 430 347
461 306 444 344
466 306 449 345
470 306 455 345
475 306 460 346
480 306 464 344
485 306 468 343
495 306 480 345
416 311 394 350
421 311 400 349
426 311 406 349
431 311 411 350
436 311 417 351
441 311 423 352
446 311 428 352
461 311 442 350
466 311 448 350
470 311 454 350
475 311 459 351
480 311 463 351
485 311 468 348
490 311 473 349
495 311 479 350
505 311 488 351
515 311 492 358
520 311 496 358
416 316 391 355
421 316 399 355
426 316 405 355
451 316 433 355
456 316 440 357
466 316 447 355
470 316 453 356
475 316 457 356
480 316 462 357
485 316 467 358
495 316 476 360
500 316 481 360
505 316 486 357
515 316 490 364
520 316 494 364
416 321 390 360
421 321 396 361
431 321 407 361
436 321 413 361
441 321 421 360
446 321 426 360
451 321 432 361
461 321 440 361
466 321 446 361
470 321 452 361
475 321 457 362
480 321 462 363
485 321 466 364
490 321 471 365
500 321 479 365
505 321 483 368
515 321 489 369
520 321 493 370
421 326 395 365
436 326 411 366
441 326 421 365
446 326 426 365
456 326 435 367
461 326 440 368
466 326 445 368
470 326 450 368
475 326 456 368
480 326 462 369
485 326 465 369
495 326 473 370
500 326 479 371
505 326 482 372
515 326 489 374
431 331 408 373
436 331 413 373
446 331 425 371
456 331 433 373
461 331 439 372
466 331 443 373
470 331 449 374
475 331 454 374
480 331 459 374
485 331 465 374
495 331 472 376
500 331 477 377
510 331 483 378
456 336 432 378
461 336 437 379
466 336 442 379
470 336 447 379
475 336 452 380
480 336 458 380
490 336 467 381
495 336 471 381
500 336 475 383
466 340 442 385
470 340 446 385
475 340 451 385
485 340 460 386
490 340 466 386
495 340 469 387
