415 107 412 70
426 113 425 77
454 124 468 99
415 135 412 82
409 146 373 180
420 146 425 89
409 151 373 187
420 151 424 97
426 151 433 97
409 157 411 94
415 157 418 95
409 162 395 132
498 162 486 121
509 162 502 122
426 168 410 137
432 168 446 119
503 168 493 129
426 173 437 126
470 173 465 141
476 173 472 141
481 173 481 142
498 173 487 134
409 179 396 146
415 179 402 147
465 179 472 149
509 179 502 135
409 184 395 153
415 184 402 153
420 184 408 153
498 184 488 142
503 184 495 142
404 190 370 242
420 190 407 159
437 190 424 162
443 190 431 161
498 190 488 147
465 195 465 160
509 195 501 149
443 201 436 176
509 201 500 157
437 212 435 181
376 228 379 166
404 228 415 174
360 234 366 171
365 234 372 172
420 234 421 174
426 234 428 174
349 240 343 207
415 240 415 182
420 240 423 181
426 240 428 181
354 245 365 193
415 245 415 188
420 245 423 188
432 245 435 189
343 251 335 221
349 251 344 220
409 251 415 196
420 251 422 195
426 251 428 195
465 251 465 197
420 256 422 202
426 256 429 202
437 256 441 204
465 256 465 204
360 262 349 234
398 262 405 238
426 262 434 211
437 262 442 210
454 262 456 211
465 262 465 212
343 267 303 290
354 267 342 242
360 267 350 241
365 267 370 208
437 267 443 218
443 267 449 218
454 267 457 217
459 267 462 218
343 273 304 296
349 273 334 249
354 273 341 249
360 273 347 249
426 273 429 217
443 273 449 225
459 273 462 225
338 278 297 302
349 278 333 255
371 278 411 244
454 278 455 233
459 278 462 231
432 284 436 233
338 289 326 262
349 289 338 263
360 289 350 264
338 295 326 269
349 295 338 269
354 295 346 269
360 295 354 271
415 295 397 273
338 300 326 276
354 300 346 277
360 300 353 277
332 306 326 281
343 306 332 284
349 306 338 284
354 306 346 284
360 306 354 286
426 306 416 294
327 311 320 285
332 311 326 288
343 311 333 289
349 311 339 289
354 311 347 290
360 311 354 291
365 311 361 292
376 311 368 292
382 311 374 292
404 311 410 293
343 317 337 296
354 317 346 296
360 317 355 297
365 317 360 298
382 317 374 299
349 322 344 305
360 322 355 304
365 322 360 304
371 322 366 305
382 322 374 305
404 322 409 308
409 322 387 298
420 322 379 373
360 328 354 313
376 328 374 313
387 328 382 312
393 328 388 312
404 328 408 315
305 333 281 347
310 333 287 346
327 333 310 338
332 333 323 333
338 333 330 333
365 333 360 321
371 333 366 320
393 333 395 322
398 333 401 323
305 339 280 354
310 339 287 353
316 339 294 353
393 339 393 329
398 344 402 336
338 350 323 374
382 350 372 370
354 355 329 375
376 355 365 378
382 355 370 378
