1 0 0 -0.04542167112231255 
0 1 0 0.0009935460984706879 
0 0 1 -0.2875000238418579 
0 0 0 1 

0.9965347647666931 0.08192314207553864 0.01438734494149685 -0.04833101108670235 
-0.08165626227855682 0.9964934587478638 -0.01824980415403843 0.01004984695464373 
-0.01583197340369225 0.01701175235211849 0.9997299313545227 -0.2934801578521729 
0 0 0 1 

0.8941105008125305 0.4477018117904663 -0.01137171685695648 -0.02608542703092098 
-0.4412133097648621 0.88493812084198 0.1490477025508881 -0.02043196745216846 
0.07679224014282227 -0.1282477378845215 0.9887646436691284 -0.2677189409732819 
0 0 0 1 

0.8971544504165649 0.4414805173873901 -0.01444779895246029 -0.02503052912652493 
-0.4232916831970215 0.8686199188232422 0.2575334012508392 -0.05432028695940971 
0.1262456923723221 -0.2249315828084946 0.9661613702774048 -0.2631378471851349 
0 0 0 1 

0.9000122547149658 0.435511589050293 -0.0175356063991785 -0.02388159371912479 
-0.3987998962402344 0.8390462398529053 0.3700807988643646 -0.09158222377300262 
0.1758877784013748 -0.3260839581489563 0.9288339614868164 -0.2535493075847626 
0 0 0 1 

0.904013454914093 0.4272969365119934 -0.01329940557479858 -0.0263352170586586 
-0.37492835521698 0.8073987364768982 0.4555607736110687 -0.120094396173954 
0.2053977847099304 -0.4068467020988464 0.8901052474975586 -0.2441034018993378 
0 0 0 1 

0.9142792820930481 0.4050078988075256 -0.007867265492677689 -0.03057017736136913 
-0.3340299725532532 0.7647538781166077 0.5509766340255737 -0.1514698714017868 
0.2291665077209473 -0.5011186003684998 0.8344835042953491 -0.2303053587675095 
0 0 0 1 

0.9087797403335571 0.4171357750892639 0.01082172431051731 -0.03728382289409637 
-0.3309249579906464 0.7046767473220825 0.6276296377182007 -0.174800232052803 
0.2541811168193817 -0.5739582180976868 0.7784366607666016 -0.2170020639896393 
0 0 0 1 

0.9144744277000427 0.4037756323814392 0.02649064175784588 -0.04388509318232536 
-0.2966215014457703 0.624382495880127 0.7226078510284424 -0.2048776298761368 
0.2752311825752258 -0.6686640381813049 0.6907503604888916 -0.1929173469543457 
0 0 0 1 

0.9187973737716675 0.3933283984661102 0.03322243317961693 -0.04648350179195404 
-0.2793918550014496 0.5885686278343201 0.7586350440979004 -0.2160699069499969 
0.278839111328125 -0.7063140869140625 0.6506682634353638 -0.181129202246666 
0 0 0 1 

