351 167 355 215
345 173 351 224
351 173 357 222
357 173 363 220
388 173 396 208
351 180 359 229
357 180 365 227
363 180 371 225
326 186 334 242
351 186 354 238
357 186 366 234
363 186 372 233
382 186 406 220
388 186 412 219
413 186 434 212
495 186 498 186
501 186 505 185
514 186 514 185
313 192 321 252
345 192 349 246
351 192 356 244
357 192 362 242
363 192 375 239
539 192 534 184
545 192 541 182
551 192 546 180
557 192 553 178
564 192 559 176
576 192 569 174
307 198 314 262
313 198 322 258
320 198 331 256
326 198 337 255
351 198 357 251
357 198 365 249
507 198 508 198
557 198 554 184
564 198 562 182
320 205 332 263
351 205 359 257
507 205 510 204
514 205 516 203
520 205 524 201
313 211 326 271
326 211 340 268
501 211 504 212
514 211 519 209
520 211 525 207
526 211 531 206
570 211 550 195
576 211 557 194
326 217 341 275
507 217 513 217
514 217 520 215
564 217 545 202
570 217 553 200
332 223 348 275
507 223 513 224
545 223 526 214
551 223 533 214
557 223 546 208
476 230 467 234
551 230 535 220
557 230 542 217
476 236 474 240
482 236 481 238
489 236 488 236
495 236 503 233
545 236 527 226
551 236 542 223
476 242 477 246
482 242 483 245
489 242 489 243
495 242 498 242
