313 161 301 206
332 161 358 168
338 161 337 165
357 161 358 162
313 167 302 213
338 167 314 209
357 167 338 206
376 167 356 202
382 167 363 201
395 167 376 196
338 173 317 216
351 173 335 213
363 173 345 211
370 173 351 209
376 173 357 209
382 173 364 207
388 173 370 206
395 173 377 201
401 173 383 201
413 173 405 198
432 173 417 195
451 173 433 161
357 180 338 220
363 180 346 218
370 180 352 216
376 180 359 215
382 180 363 214
388 180 371 213
395 180 378 211
401 180 385 210
420 180 404 204
426 180 412 203
432 180 418 201
438 180 426 200
445 180 432 199
476 180 495 189
514 180 522 177
370 186 353 224
376 186 359 223
382 186 365 221
388 186 373 220
395 186 379 219
401 186 385 218
420 186 406 212
426 186 414 210
432 186 421 209
438 186 426 208
445 186 433 206
451 186 440 204
457 186 446 203
464 186 481 199
470 186 489 197
476 186 496 196
539 186 341 165
551 186 549 180
557 186 557 179
376 192 361 230
420 192 408 218
426 192 415 217
445 192 434 214
451 192 441 213
457 192 448 211
464 192 483 205
470 192 491 204
532 192 521 192
539 192 529 191
545 192 537 189
551 192 550 188
557 192 557 185
564 192 561 184
576 192 576 177
313 198 300 236
357 198 346 179
363 198 466 230
370 198 355 239
401 198 387 228
420 198 409 224
451 198 438 225
482 198 506 208
526 198 517 201
532 198 524 199
539 198 532 198
545 198 543 195
551 198 551 193
557 198 557 192
307 205 294 243
313 205 302 247
320 205 308 246
370 205 355 247
382 205 363 244
388 205 369 242
420 205 450 223
539 205 538 204
545 205 545 202
551 205 552 201
557 205 558 200
326 211 327 244
376 211 358 252
395 211 380 249
532 211 533 209
539 211 540 209
545 211 548 208
551 211 553 209
557 211 560 208
320 217 317 253
345 223 323 253
357 223 342 248
363 223 351 247
495 223 478 227
507 223 506 222
576 223 577 210
345 230 321 257
363 230 350 259
401 230 387 255
489 230 472 233
495 230 480 234
501 230 487 233
532 230 500 230
545 230 528 225
551 230 557 221
564 230 562 220
570 230 569 218
576 230 577 215
495 236 481 240
501 236 488 240
507 236 509 234
545 236 528 231
551 236 551 228
564 236 564 225
570 236 569 224
576 236 577 222
482 242 476 249
489 242 482 247
551 242 553 233
557 242 560 232
470 248 469 256
482 248 479 255
489 248 482 254
514 248 514 270
514 255 515 276
445 261 425 248
457 261 436 248
476 261 477 269
495 261 493 273
501 261 501 279
457 267 440 254
457 273 441 260
