319 154 333 153
312 160 326 158
325 167 338 159
332 167 345 158
472 167 444 171
479 167 452 171
498 167 490 175
344 173 358 164
351 173 364 164
383 173 392 168
498 173 492 179
504 173 498 180
517 173 504 180
312 179 327 165
319 179 333 165
325 179 339 165
332 179 345 165
338 179 352 165
344 179 359 167
351 179 365 168
364 179 374 169
370 179 380 169
376 179 386 169
485 179 484 180
517 179 518 184
549 179 539 184
556 179 545 185
562 179 551 184
300 186 320 172
312 186 327 172
319 186 333 171
325 186 340 171
357 186 369 176
364 186 374 175
370 186 380 175
376 186 387 175
383 186 392 175
389 186 399 178
396 186 406 178
408 186 419 179
415 186 427 178
466 186 466 182
504 186 505 185
511 186 512 186
543 186 537 188
549 186 543 189
562 186 552 189
306 192 321 178
364 192 375 181
396 192 407 185
415 192 427 185
492 192 493 190
498 192 499 190
504 192 505 191
511 192 512 191
517 192 517 192
524 192 524 192
543 192 538 194
549 192 544 194
562 192 552 194
364 199 379 187
370 199 386 187
498 199 501 196
504 199 506 197
511 199 512 197
517 199 518 197
524 199 524 198
530 199 531 198
556 199 551 201
357 205 422 212
383 205 401 193
498 205 501 204
504 205 506 203
511 205 511 203
517 205 518 203
524 205 525 203
530 205 531 203
364 211 427 219
370 211 434 218
421 211 421 206
504 211 506 210
511 211 511 210
517 211 518 210
524 211 525 209
530 211 533 208
364 218 429 224
370 218 437 223
376 218 443 223
383 218 449 223
415 218 416 217
440 218 441 215
498 218 500 212
517 218 518 216
524 218 527 216
530 218 534 215
536 218 539 222
543 218 545 222
415 224 420 224
511 224 513 225
517 224 521 223
524 224 528 223
536 224 534 228
543 224 546 228
549 224 552 228
575 224 566 228
332 231 326 243
338 231 332 243
389 231 457 234
517 231 522 230
530 231 528 235
536 231 535 235
543 231 542 235
402 237 471 233
408 237 410 238
415 237 417 238
498 237 501 239
517 237 522 237
530 237 528 241
408 243 411 245
415 250 396 241
