507 137 533 199
457 147 478 126
492 147 512 179
502 147 521 194
507 147 526 202
462 152 472 131
411 158 463 108
416 158 467 114
492 158 471 160
507 158 519 207
411 163 457 112
416 163 461 118
370 168 442 84
370 173 425 77
380 173 448 109
416 173 446 119
421 173 451 127
426 173 454 133
441 173 433 119
421 178 444 131
426 178 449 138
513 203 443 217
375 213 341 151
436 213 410 207
380 219 344 157
375 224 334 154
380 224 338 160
396 224 390 138
375 229 328 157
380 229 332 164
396 229 384 141
513 234 448 243
518 234 451 250
416 259 403 128
436 259 427 151
416 264 396 131
401 279 355 159
441 279 391 223
467 279 395 237
401 285 348 164
436 285 378 220
472 285 391 247
518 285 412 258
401 290 345 167
406 290 348 173
391 295 321 164
396 295 325 170
482 295 369 264
528 295 408 284
401 300 323 180
482 300 362 268
528 300 388 297
401 305 316 184
406 305 321 190
431 305 323 208
436 305 327 216
441 305 336 228
457 305 342 242
462 305 352 256
467 305 355 262
523 305 374 291
528 305 381 301
396 310 311 177
401 310 309 190
436 310 322 219
441 310 326 226
447 310 329 233
452 310 333 240
457 310 337 246
462 310 341 252
523 310 366 295
396 315 305 181
401 315 303 193
441 315 319 230
457 315 332 249
462 315 336 255
477 315 343 270
523 315 358 298
426 320 308 218
431 320 313 223
447 320 322 239
523 320 351 302
528 320 357 309
533 320 364 316
401 325 296 194
411 325 304 210
426 325 302 220
431 325 306 227
441 325 312 237
447 325 316 242
518 325 343 298
523 325 346 304
528 325 350 311
401 330 289 199
406 330 293 206
426 330 295 225
441 330 307 240
447 330 311 246
477 330 327 275
533 330 355 320
401 335 279 200
406 335 284 208
533 335 349 323
406 340 279 216
467 340 310 266
477 340 319 277
513 340 326 302
518 340 329 308
533 340 337 322
426 346 286 240
452 346 290 246
462 346 301 262
467 346 304 269
472 346 308 276
477 346 312 282
492 346 315 287
502 346 319 296
452 351 285 249
467 351 299 272
472 351 303 278
497 351 310 294
502 351 313 300
411 356 266 226
421 356 274 240
462 356 291 265
497 356 305 296
502 356 309 302
416 361 263 237
426 361 272 250
431 361 269 242
457 361 278 258
462 361 285 270
467 361 290 277
472 361 293 283
477 361 298 290
