370 171 356 210
332 178 328 221
370 178 358 215
377 178 364 214
447 178 433 199
466 178 459 195
332 184 330 230
345 184 351 226
370 184 364 222
377 184 371 221
383 184 377 218
389 184 385 217
434 184 425 208
447 184 440 205
453 184 447 203
555 184 552 178
561 184 559 176
485 191 478 203
491 191 483 202
504 191 496 199
574 191 572 180
345 197 347 238
447 197 452 225
504 197 499 208
510 197 505 207
517 197 512 205
523 197 518 203
574 197 574 187
307 203 306 247
504 203 500 216
574 203 576 194
307 216 306 257
485 216 477 234
434 222 422 224
434 229 422 232
517 229 511 227
555 229 560 218
561 229 567 217
434 235 424 238
472 235 472 243
517 235 512 235
529 235 526 231
536 235 531 230
542 235 547 228
472 241 473 249
479 241 478 248
