412 72 501 103
419 72 507 107
366 79 458 78
372 79 465 82
366 85 453 84
372 85 461 87
425 85 503 116
432 85 508 119
366 92 450 91
419 92 498 121
432 92 505 125
438 92 511 128
386 99 465 102
392 99 472 105
432 99 501 132
366 105 447 96
386 105 461 108
392 105 467 111
432 105 497 140
379 112 452 108
386 112 458 113
392 112 464 117
399 112 468 121
445 112 504 143
452 112 511 148
366 118 439 110
372 118 444 113
392 118 461 122
452 118 508 154
458 118 513 159
366 125 435 117
386 125 452 122
399 125 463 130
458 125 509 164
379 132 442 124
386 132 449 127
392 132 454 131
399 132 459 135
405 132 464 139
425 132 481 149
432 132 488 154
438 132 492 158
445 132 499 163
366 138 428 124
372 138 433 127
386 138 445 132
392 138 451 137
399 138 456 140
405 138 461 144
425 138 477 155
432 138 482 160
438 138 487 164
458 138 503 175
366 145 424 130
372 145 431 134
386 145 441 139
405 145 457 150
425 145 473 162
432 145 478 166
438 145 483 170
445 145 490 175
366 151 421 135
372 151 428 140
392 151 445 147
399 151 450 151
438 151 481 176
452 151 490 182
458 151 496 186
386 158 433 149
392 158 441 153
399 158 446 157
405 158 451 160
419 158 461 168
425 158 467 172
432 158 473 176
465 158 501 192
386 165 430 154
392 165 436 158
399 165 442 162
405 165 447 167
419 165 458 173
425 165 464 178
432 165 469 182
438 165 475 186
452 165 484 193
458 165 491 196
465 165 496 198
379 171 421 156
386 171 426 160
392 171 433 164
399 171 438 168
405 171 445 173
419 171 458 182
432 171 465 187
438 171 472 192
452 171 478 197
458 171 487 201
465 171 492 203
366 178 407 158
425 178 455 187
432 178 461 192
438 178 468 197
452 178 476 202
458 178 483 206
366 184 404 164
379 184 413 165
386 184 420 170
405 184 433 178
412 184 440 183
465 184 487 214
379 191 410 172
386 191 416 175
392 191 422 180
399 191 427 184
412 191 435 189
419 191 442 193
425 191 448 198
432 191 455 203
438 191 460 206
452 191 470 213
458 191 477 218
465 191 483 220
366 198 398 173
379 198 405 177
386 198 412 180
392 198 418 184
399 198 424 190
412 198 433 196
419 198 438 199
425 198 445 203
432 198 451 208
438 198 456 212
452 198 467 219
458 198 473 223
465 198 479 226
366 204 394 177
379 204 402 182
386 204 409 186
392 204 414 190
399 204 421 195
405 204 426 198
419 204 437 206
425 204 442 209
432 204 448 213
438 204 453 217
445 204 458 221
458 204 470 228
465 204 476 231
366 211 390 185
405 211 423 205
412 211 428 209
425 211 438 215
432 211 444 219
445 211 455 227
458 211 466 234
386 217 402 196
392 217 408 200
399 217 415 205
438 217 447 227
465 217 469 241
386 224 398 202
392 224 405 207
399 224 410 211
405 224 415 215
419 224 426 222
425 224 432 225
432 224 437 229
438 224 443 233
445 224 448 237
458 224 459 244
465 224 465 249
386 231 394 209
392 231 401 213
399 231 407 216
405 231 412 220
419 231 422 227
425 231 428 231
432 231 434 235
438 231 439 239
445 231 445 243
458 231 455 250
465 231 462 255
372 237 383 208
386 237 390 215
392 237 397 219
399 237 403 222
405 237 408 225
419 237 418 233
425 237 425 237
432 237 430 241
438 237 435 245
445 237 441 248
458 237 451 256
465 237 457 260
386 244 387 220
392 244 393 225
399 244 399 228
425 244 421 243
432 244 427 247
438 244 432 251
445 244 438 254
458 244 447 262
465 244 454 266
405 250 402 237
412 250 408 240
458 250 443 267
465 250 450 273
372 257 370 224
379 257 380 229
399 257 392 238
405 257 398 242
412 257 404 246
425 257 414 253
432 257 420 256
438 257 426 261
445 257 431 265
372 264 368 229
379 264 376 235
392 264 384 239
399 264 389 244
405 264 395 247
412 264 400 251
425 264 411 259
432 264 416 263
438 264 422 268
445 264 428 271
452 264 434 275
372 270 364 235
399 270 385 249
405 270 391 253
412 270 397 257
425 270 407 265
432 270 412 269
438 270 417 273
445 270 424 277
452 270 430 281
465 270 440 288
372 277 360 242
386 277 369 247
405 277 387 259
412 277 393 263
425 277 403 270
432 277 409 274
438 277 414 277
445 277 420 282
452 277 426 286
465 277 436 293
399 283 378 259
432 283 404 281
438 283 410 284
445 283 417 288
458 283 427 295
465 283 432 299
372 290 354 250
386 290 363 258
392 290 368 261
399 290 375 266
405 290 380 270
419 290 390 276
386 297 359 263
392 297 365 268
399 297 370 272
405 297 375 275
419 297 389 284
432 297 398 290
438 297 402 295
445 297 409 299
452 297 415 304
458 297 422 307
366 303 326 281
379 303 349 265
386 303 355 268
392 303 361 273
399 303 366 278
405 303 372 281
412 303 378 286
419 303 385 291
425 303 391 295
438 303 399 301
445 303 405 306
452 303 412 310
379 310 343 272
386 310 350 274
392 310 355 279
399 310 362 283
405 310 368 287
412 310 374 292
419 310 380 297
425 310 387 302
432 310 394 307
445 310 402 312
452 310 409 316
379 316 340 277
386 316 346 280
392 316 352 285
405 316 365 293
412 316 370 298
419 316 377 304
425 316 383 309
432 316 391 314
445 316 399 318
399 323 355 292
412 323 367 306
419 323 373 311
425 323 379 314
458 323 405 323
465 323 414 327
386 330 339 291
392 330 345 295
399 330 351 299
405 330 357 303
432 330 376 321
366 336 311 307
379 336 328 293
386 336 335 298
392 336 342 301
399 336 348 305
405 336 354 309
419 336 363 317
425 336 368 320
438 336 381 329
445 336 390 333
452 336 394 337
379 343 324 299
386 343 332 303
392 343 337 307
399 343 345 312
405 343 350 315
412 343 356 320
425 343 364 326
432 343 371 330
438 343 377 334
445 343 386 339
452 343 391 343
366 349 303 316
379 349 320 304
386 349 328 309
392 349 334 313
399 349 340 318
405 349 346 322
412 349 352 327
425 349 361 333
432 349 367 337
438 349 374 339
445 349 383 345
452 349 387 349
379 356 315 310
386 356 323 315
392 356 329 320
405 356 342 327
412 356 349 332
425 356 357 338
432 356 364 343
438 356 370 346
445 356 379 351
366 363 300 321
386 363 317 322
392 363 325 326
405 363 338 334
412 363 344 337
419 363 351 343
432 363 360 349
438 363 366 353
405 369 336 342
