448 51 435 93
454 51 441 94
473 70 463 108
479 70 456 98
491 76 469 102
381 94 371 144
387 94 374 149
479 94 442 183
387 100 375 155
363 106 355 158
381 106 369 161
387 106 374 162
491 106 418 186
369 112 351 180
436 118 423 205
338 161 375 200
345 167 382 205
332 173 364 209
515 173 497 238
522 173 504 237
418 198 438 196
296 216 333 267
302 216 339 266
284 222 308 277
296 222 333 273
326 222 368 247
290 228 311 283
296 228 323 282
308 228 343 284
400 228 440 242
284 234 297 292
375 234 406 267
381 234 411 265
387 234 418 265
290 240 311 298
326 246 333 312
351 265 400 282
363 265 401 273
314 271 308 309
357 314 337 330
