435 132 466 120
424 143 457 129
430 143 456 134
435 143 465 128
407 149 420 146
412 149 426 147
424 149 447 139
430 149 454 140
395 155 407 151
401 155 414 152
424 155 440 150
430 155 447 152
435 155 452 153
395 160 405 158
407 160 420 156
412 160 425 160
430 160 443 159
435 160 450 160
441 160 457 161
378 166 387 161
384 166 393 162
390 166 398 163
401 166 413 160
407 166 418 162
418 166 429 168
430 166 439 165
435 166 445 166
372 172 378 168
378 172 386 167
407 172 417 168
412 172 421 173
418 172 428 174
430 172 437 171
435 172 443 171
441 172 450 170
447 172 458 171
367 177 369 174
372 177 376 174
378 177 382 175
384 177 389 175
407 177 417 173
430 177 436 176
435 177 442 176
441 177 449 176
447 177 455 177
452 177 462 179
372 183 374 180
401 183 401 185
407 183 407 185
412 183 414 188
424 183 429 182
430 183 435 183
435 183 439 181
441 183 447 182
447 183 454 183
458 183 472 183
378 189 387 181
384 189 393 183
407 189 405 192
412 189 414 192
418 189 423 187
424 189 429 188
430 189 433 189
435 189 438 189
441 189 444 189
447 189 452 190
452 189 459 192
458 189 473 188
486 189 504 182
498 189 513 188
344 194 347 187
355 194 363 183
361 194 360 190
372 194 380 186
378 194 387 187
395 194 399 191
401 194 399 196
407 194 404 196
418 194 420 194
424 194 427 194
435 194 435 196
441 194 443 196
452 194 457 199
458 194 465 207
464 194 470 209
486 194 493 195
492 194 499 195
498 194 506 197
338 200 338 193
344 200 345 194
361 200 369 190
395 200 392 201
412 200 412 200
418 200 418 200
424 200 424 201
430 200 431 202
435 200 436 202
441 200 442 203
452 200 456 208
475 200 484 197
486 200 492 201
492 200 497 201
327 206 326 198
333 206 332 199
338 206 336 200
350 206 353 197
355 206 359 197
361 206 364 198
367 206 372 199
390 206 383 208
401 206 398 205
407 206 405 205
412 206 410 206
418 206 416 206
424 206 422 207
430 206 429 208
435 206 436 209
452 206 451 208
327 212 325 204
333 212 330 205
338 212 336 206
350 212 352 204
355 212 356 205
361 212 363 205
395 212 391 210
401 212 397 211
407 212 403 211
412 212 408 211
418 212 415 211
424 212 421 213
430 212 427 214
475 212 484 206
481 212 489 205
338 217 335 211
344 217 341 213
361 217 362 211
384 217 378 214
390 217 383 216
395 217 389 215
401 217 396 217
407 217 401 216
412 217 406 217
469 217 464 220
378 223 370 218
384 223 376 220
390 223 382 221
395 223 388 221
401 223 394 222
407 223 399 222
418 223 409 224
469 223 462 227
344 229 337 220
350 229 342 221
372 229 362 222
378 229 369 224
384 229 375 226
390 229 381 226
395 229 386 227
401 229 392 227
412 229 401 230
321 234 323 217
327 234 328 218
350 234 341 226
372 234 362 229
378 234 368 230
384 234 373 231
390 234 380 232
395 234 386 233
401 234 391 234
412 234 399 236
293 240 304 215
298 240 311 215
327 240 323 224
333 240 328 225
361 240 347 230
367 240 354 231
390 240 377 239
395 240 385 239
401 240 391 240
293 246 303 222
298 246 310 222
350 246 340 234
355 246 346 236
367 246 354 238
372 246 359 239
378 246 365 239
276 252 258 239
293 252 300 228
298 252 308 228
304 252 314 229
355 252 347 242
361 252 352 243
372 252 358 245
378 252 363 246
395 252 383 248
270 257 275 230
276 257 281 231
287 257 294 234
293 257 300 234
298 257 306 236
350 257 344 247
367 257 351 249
372 257 357 250
378 257 362 252
384 257 368 252
390 257 374 253
407 257 393 262
270 263 273 235
276 263 280 237
281 263 286 238
287 263 294 239
293 263 300 239
298 263 305 241
355 263 323 210
372 263 356 256
378 263 362 257
384 263 367 259
390 263 373 260
253 269 247 244
270 269 264 247
276 269 277 243
293 269 297 245
418 269 423 242
264 274 258 253
270 274 263 253
281 274 276 250
287 274 283 251
293 274 290 252
390 274 367 266
395 274 373 267
276 280 267 256
281 280 274 256
287 280 281 257
316 280 318 250
321 280 323 251
333 280 330 257
367 280 355 264
384 280 365 270
395 280 373 274
412 280 386 279
276 286 267 262
287 286 277 261
321 286 322 257
395 286 372 278
401 286 377 280
287 291 275 267
321 291 313 269
372 291 358 275
378 291 364 276
293 297 279 271
298 297 287 271
304 297 293 272
310 297 300 272
316 297 307 274
327 297 321 276
372 297 329 244
384 297 365 284
390 297 371 286
293 303 279 277
298 303 286 277
304 303 291 279
310 303 299 278
316 303 306 279
321 303 312 281
395 303 374 291
298 308 284 284
304 308 290 286
310 308 297 286
327 308 310 288
338 308 325 285
378 308 344 294
293 314 278 288
304 314 285 291
310 314 291 292
333 314 317 290
338 314 323 291
304 320 284 297
310 320 289 297
333 320 289 257
367 326 356 294
281 331 275 302
361 331 342 300
344 337 314 309
350 337 320 311
333 343 307 314
338 343 314 314
350 343 319 317
344 348 313 321
333 360 304 326
