393 95 368 155
393 101 370 161
381 107 363 162
387 107 364 168
464 107 498 127
387 113 365 174
446 113 434 187
452 113 457 140
369 119 353 175
381 119 361 182
363 125 348 183
369 125 354 181
446 125 433 218
357 131 342 191
363 131 349 189
458 137 441 224
452 143 437 231
458 143 442 230
470 143 454 228
494 155 465 144
428 161 494 166
410 167 475 168
488 173 457 245
488 185 465 250
494 191 470 254
500 191 475 254
375 197 412 242
410 197 444 242
404 202 434 251
291 208 320 238
297 214 321 244
512 214 525 240
279 220 311 253
452 220 485 185
297 226 329 255
351 226 446 179
285 232 320 274
285 238 320 281
291 238 327 279
285 244 315 289
303 244 339 278
375 244 445 162
381 244 450 161
285 250 316 295
291 250 323 293
381 250 450 166
387 250 456 159
273 256 311 301
285 256 317 300
279 268 320 312
309 268 342 301
315 268 348 300
315 274 344 308
315 280 345 314
339 286 375 303
351 292 393 306
357 292 399 306
351 298 395 312
357 298 401 311
363 298 406 311
369 298 416 308
345 304 376 322
357 304 390 325
363 304 406 315
345 310 378 327
351 310 384 326
363 310 403 322
369 310 408 321
327 316 349 330
351 322 380 333
357 322 385 333
363 322 397 330
