226 166 216 169
231 170 234 161
236 170 239 159
241 170 244 156
246 170 250 153
265 170 267 146
270 170 270 144
280 170 278 141
289 170 287 136
299 170 293 134
236 175 241 163
265 175 269 150
221 180 219 188
246 180 253 160
275 180 274 149
299 180 296 140
396 180 374 119
401 180 379 116
226 185 227 181
246 185 253 166
265 185 271 156
289 185 293 147
294 185 297 145
396 185 374 123
401 185 381 120
406 185 387 118
236 190 244 176
241 190 251 173
246 190 256 171
251 190 260 168
265 190 274 161
280 190 283 156
289 190 287 149
401 190 384 125
226 195 234 185
231 195 241 182
236 195 246 180
241 195 253 178
246 195 258 175
251 195 262 172
285 195 289 156
304 195 306 148
411 195 389 124
416 195 395 120
231 200 239 190
255 200 270 171
260 200 275 170
270 200 282 166
280 200 287 163
285 200 293 161
411 200 392 129
416 200 396 126
226 204 236 199
231 204 242 195
241 204 256 184
246 204 261 182
251 204 266 180
255 204 272 177
260 204 276 174
270 204 285 171
275 204 288 169
285 204 296 165
289 204 300 164
416 204 397 131
421 204 401 125
226 209 239 202
236 209 253 193
241 209 258 190
246 209 263 186
251 209 268 184
255 209 273 181
260 209 278 179
289 209 302 168
358 209 350 155
421 209 403 131
231 214 248 201
236 214 254 198
241 214 260 195
348 214 343 157
231 219 250 205
246 219 266 194
255 219 276 189
265 219 285 184
270 219 289 182
275 219 293 180
289 219 305 176
226 224 246 213
231 224 252 211
241 224 262 201
246 224 267 199
251 224 273 196
265 224 286 188
270 224 291 186
285 224 302 182
226 229 249 218
236 229 259 208
241 229 263 205
246 229 268 203
289 229 310 185
324 229 320 162
231 234 255 217
260 234 284 198
309 234 312 173
314 234 316 171
324 234 323 167
328 234 327 165
226 238 251 223
255 238 279 207
260 238 285 204
280 238 305 195
289 238 313 191
309 238 328 185
314 238 318 176
328 238 330 170
231 243 258 223
236 243 264 219
241 243 269 217
251 243 276 214
255 243 280 213
270 243 291 202
275 243 296 200
285 243 313 197
231 248 260 226
236 248 265 223
241 248 271 221
251 248 278 219
255 248 283 217
275 248 298 204
324 248 327 179
226 253 254 237
270 253 295 212
304 253 329 198
314 253 324 188
328 253 335 183
236 258 268 232
241 258 274 229
251 258 281 226
255 258 286 223
299 258 327 205
304 258 331 203
314 258 338 200
319 258 342 198
236 263 270 236
241 263 276 234
275 263 304 216
294 263 327 210
319 263 344 203
416 263 418 177
226 268 262 247
255 268 290 229
275 268 311 220
304 268 334 210
309 268 338 209
246 272 281 239
251 272 287 236
304 272 336 215
319 272 348 211
411 272 417 185
416 272 422 184
226 277 265 253
236 277 272 249
241 277 277 246
246 277 283 243
251 277 287 240
270 277 310 231
275 277 314 224
309 277 342 218
319 277 349 215
328 277 353 212
411 277 419 190
416 277 424 189
275 282 316 230
280 282 323 227
304 282 340 223
319 282 351 219
328 282 356 216
411 282 422 195
416 282 426 193
231 287 270 256
236 287 274 255
241 287 279 253
304 287 344 229
324 287 357 222
333 287 364 222
343 287 370 219
411 287 423 202
231 292 271 262
236 292 276 260
246 292 279 257
255 292 289 256
319 292 354 226
328 292 363 226
338 292 368 225
343 292 372 224
396 292 412 209
401 292 417 205
255 297 291 260
260 297 295 258
343 297 374 228
396 297 414 213
401 297 420 209
226 302 268 270
231 302 273 269
241 302 280 266
246 302 284 264
260 302 313 251
285 302 325 252
319 302 359 237
324 302 363 234
226 307 270 275
231 307 275 274
236 307 280 271
246 307 286 269
260 307 311 263
265 307 315 261
299 307 348 242
333 307 372 240
343 307 378 236
377 307 397 231
382 307 402 229
270 311 302 269
275 311 306 267
289 311 339 254
294 311 345 249
299 311 350 246
309 311 356 244
319 311 362 242
324 311 366 241
343 311 380 240
387 311 412 225
396 311 421 222
231 316 287 282
236 316 292 279
241 316 297 277
260 316 314 271
285 316 336 261
304 316 354 250
309 316 358 248
324 316 368 244
328 316 372 243
343 316 382 247
372 316 401 240
382 316 406 237
387 316 411 234
392 316 418 231
231 321 288 286
236 321 294 284
260 321 316 274
285 321 338 265
314 321 364 249
333 321 377 247
343 321 385 252
367 321 397 245
372 321 403 244
382 321 408 242
226 326 267 298
241 326 301 285
265 326 323 274
280 326 334 270
304 326 357 258
309 326 361 256
314 326 365 253
324 326 372 252
353 326 391 248
382 326 413 241
221 331 266 310
226 331 270 303
231 331 273 301
241 331 302 289
246 331 307 286
255 331 314 284
260 331 318 281
265 331 325 278
275 331 330 276
285 331 341 272
319 331 369 258
324 331 374 257
333 331 379 255
353 331 394 253
362 331 400 252
367 331 404 250
231 336 276 306
255 336 316 287
260 336 321 286
265 336 327 282
280 336 338 279
309 336 364 260
333 336 382 260
338 336 388 258
226 341 284 323
353 341 396 260
241 345 299 309
285 345 341 285
289 345 346 283
294 345 351 281
299 345 357 277
275 350 338 294
285 350 349 288
294 350 359 283
319 350 376 276
265 355 342 305
275 355 358 291
294 355 361 288
