333 146 323 151
351 152 344 155
395 158 387 158
401 158 393 157
407 158 401 157
326 164 318 166
333 164 325 166
351 164 344 166
364 164 356 165
370 164 367 165
395 164 387 163
401 164 394 163
407 164 401 164
326 171 317 171
351 171 343 171
357 171 349 171
364 171 356 171
401 171 393 170
407 171 400 169
451 171 458 170
457 171 464 170
339 177 332 177
357 177 351 178
364 177 357 177
370 177 369 177
401 177 426 181
407 177 400 176
413 177 406 175
420 177 413 175
463 177 477 177
469 177 483 177
482 177 474 173
488 177 481 173
351 183 345 184
395 183 421 186
401 183 426 186
451 183 453 184
494 183 488 178
500 183 495 178
507 183 501 178
513 183 507 178
519 183 513 177
525 183 520 177
326 189 326 191
401 189 426 191
444 189 445 186
488 189 481 184
494 189 487 184
500 189 495 184
507 189 502 184
513 189 507 183
519 189 514 183
525 189 521 184
532 189 527 183
538 189 533 183
544 189 539 182
550 189 545 181
320 195 313 197
326 195 326 197
482 195 490 194
494 195 488 190
500 195 496 190
507 195 502 189
513 195 507 189
519 195 513 189
525 195 520 189
532 195 526 189
538 195 532 189
544 195 539 189
550 195 545 187
556 195 552 187
563 195 557 187
569 195 564 187
575 195 571 187
320 202 312 203
401 202 426 200
476 202 484 198
494 202 496 196
507 202 502 195
513 202 509 195
519 202 515 195
525 202 521 195
532 202 527 195
538 202 533 195
544 202 540 195
556 202 552 194
563 202 558 193
569 202 564 193
575 202 571 193
581 202 577 193
326 208 319 209
432 208 433 204
451 208 453 203
494 208 496 203
513 208 511 201
519 208 517 201
525 208 522 201
532 208 527 201
556 208 553 201
563 208 559 200
569 208 566 200
575 208 572 200
581 208 579 200
507 214 505 208
513 214 511 209
519 214 516 209
525 214 521 208
532 214 527 207
563 214 560 208
569 214 567 207
581 214 580 205
494 220 493 222
500 220 499 221
507 220 505 221
513 220 510 221
519 220 517 215
525 220 523 219
581 220 580 211
420 227 416 223
438 227 442 229
500 227 499 228
507 227 504 228
513 227 509 228
519 227 515 227
420 233 416 230
426 233 420 228
432 233 435 230
500 233 499 234
507 233 504 234
550 233 554 231
420 239 416 236
426 239 421 235
457 239 447 236
463 239 453 235
463 245 453 240
469 245 460 240
476 245 466 240
488 245 486 242
500 245 497 240
507 245 504 239
513 245 510 239
519 245 516 239
525 245 523 240
532 245 530 240
538 245 536 240
432 251 430 251
444 251 442 250
451 251 447 249
457 251 452 249
488 251 485 246
494 251 491 245
500 251 497 245
507 251 503 244
513 251 511 244
519 251 517 245
432 258 429 257
438 258 436 260
451 258 449 257
457 258 453 255
482 258 480 252
488 258 485 252
494 258 491 251
500 258 497 251
432 264 428 263
457 264 455 262
482 264 480 259
488 264 485 258
494 264 490 258
500 264 496 256
507 264 504 255
513 264 511 255
519 264 517 255
457 270 449 261
488 270 486 265
494 270 493 266
500 270 499 265
463 276 456 269
