447 143 438 157
423 149 399 159
441 149 431 163
447 149 438 165
453 149 448 167
417 155 393 163
423 155 398 165
453 155 443 172
459 155 454 173
465 155 459 173
410 161 385 169
417 161 391 170
423 161 397 170
429 161 405 170
453 161 435 177
459 161 441 178
465 161 454 180
472 161 466 180
478 161 472 183
417 167 397 177
429 167 404 176
435 167 410 177
441 167 417 179
447 167 422 182
453 167 433 184
465 167 445 186
478 167 469 189
484 167 477 190
502 167 490 193
404 174 375 179
429 174 402 183
435 174 409 184
441 174 415 184
447 174 420 186
453 174 428 189
459 174 438 190
465 174 444 191
472 174 457 199
502 174 487 199
386 180 363 179
410 180 381 187
423 180 393 189
441 180 412 191
447 180 419 192
453 180 425 194
459 180 434 195
484 180 462 194
490 180 469 195
496 180 476 201
502 180 484 204
386 186 364 185
423 186 391 194
429 186 399 195
441 186 411 196
447 186 418 198
453 186 424 199
459 186 430 201
472 186 444 202
478 186 451 203
496 186 469 206
423 192 391 200
435 192 404 199
453 192 422 204
459 192 428 206
465 192 435 208
472 192 443 209
478 192 450 209
484 192 457 211
429 198 392 206
435 198 402 205
441 198 408 207
447 198 415 208
453 198 421 210
472 198 436 215
484 198 455 217
386 204 348 201
392 204 353 202
417 204 377 213
423 204 384 213
429 204 391 212
435 204 398 213
459 204 426 215
374 210 332 206
380 210 339 205
386 210 345 207
398 210 354 210
404 210 360 212
410 210 370 218
417 210 378 219
429 210 389 219
453 210 419 221
459 210 426 222
465 210 432 223
368 216 326 209
374 216 331 209
380 216 338 212
386 216 343 214
392 216 349 214
404 216 360 217
423 216 382 221
435 216 395 223
441 216 402 224
447 216 409 225
453 216 418 226
459 216 425 227
374 223 331 215
386 223 343 219
398 223 352 222
404 223 359 223
410 223 365 224
417 223 374 225
423 223 381 225
429 223 388 227
435 223 394 229
441 223 401 230
447 223 408 232
368 229 325 217
386 229 344 225
404 229 357 228
410 229 364 229
417 229 372 230
423 229 380 230
429 229 386 233
435 229 393 234
441 229 399 235
447 229 407 236
453 229 413 237
459 229 419 237
368 235 323 223
392 235 349 233
398 235 354 234
410 235 362 235
417 235 371 237
423 235 378 238
429 235 384 239
435 235 391 240
441 235 398 241
447 235 405 241
453 235 411 242
361 241 317 227
368 241 324 230
374 241 335 236
392 241 347 238
398 241 354 240
410 241 362 241
417 241 368 243
423 241 374 245
429 241 382 246
435 241 389 247
441 241 397 248
447 241 403 247
368 247 323 236
374 247 334 242
380 247 340 243
398 247 353 246
417 247 364 249
423 247 373 250
429 247 379 251
435 247 389 253
441 247 394 254
453 247 411 251
361 253 353 278
368 253 360 280
398 253 351 252
410 253 358 253
417 253 365 255
423 253 372 255
429 253 378 256
435 253 383 258
447 253 397 259
459 253 422 245
361 259 355 284
368 259 360 285
374 259 332 251
410 259 355 260
417 259 361 261
423 259 371 261
429 259 378 262
435 259 382 262
441 259 388 265
447 259 395 265
453 259 403 265
355 265 346 288
368 265 359 291
374 265 331 256
380 265 336 258
404 265 351 260
423 265 373 267
429 265 381 270
441 265 393 273
453 265 401 272
459 265 408 273
465 265 412 275
368 271 324 260
374 271 330 262
380 271 336 263
404 271 349 267
410 271 356 267
417 271 362 269
423 271 374 275
429 271 385 277
441 271 394 278
453 271 400 278
459 271 405 279
465 271 411 280
472 271 417 282
325 278 282 248
349 278 299 263
368 278 323 266
374 278 330 267
380 278 336 269
417 278 361 274
423 278 374 282
429 278 384 282
459 278 406 285
465 278 412 286
325 284 266 264
331 284 282 253
349 284 298 271
355 284 305 270
404 284 351 273
429 284 380 288
435 284 386 290
453 284 398 288
459 284 402 291
465 284 410 293
319 290 259 271
325 290 264 271
331 290 270 270
361 290 310 285
374 290 322 275
392 290 336 276
398 290 343 278
417 290 366 288
435 290 384 295
453 290 396 293
319 296 258 277
325 296 265 276
337 296 284 281
349 296 335 320
386 296 327 282
417 296 364 292
423 296 371 296
447 296 389 297
453 296 395 299
459 296 402 300
319 302 258 282
325 302 269 285
337 302 283 286
386 302 325 288
392 302 332 289
435 302 382 303
447 302 387 303
453 302 394 304
459 302 399 305
306 308 250 283
312 308 255 288
325 308 263 289
331 308 269 290
386 308 324 294
441 308 381 308
306 314 249 289
349 314 325 339
380 314 316 299
386 314 324 300
447 314 388 311
306 320 249 295
312 320 255 297
337 320 274 299
349 320 325 346
355 320 329 345
386 320 324 312
441 320 380 316
447 320 387 316
306 327 248 300
312 327 253 302
325 327 259 303
429 327 359 323
435 327 365 325
441 327 377 322
429 333 358 330
435 333 364 332
441 333 376 328
361 339 296 325
325 345 258 315
337 345 269 322
349 345 281 325
355 345 288 327
380 345 308 330
423 345 351 338
429 345 357 339
435 345 364 340
337 351 270 329
343 351 276 331
349 351 281 331
355 351 287 332
361 351 293 334
368 351 298 335
386 351 316 342
417 351 343 342
423 351 349 344
429 351 357 344
355 357 287 339
361 357 293 340
368 357 298 340
380 357 306 342
386 357 316 349
392 357 323 349
410 357 334 348
417 357 342 348
423 357 349 349
429 357 357 349
349 363 284 345
361 363 292 345
368 363 297 347
404 363 328 351
410 363 333 353
417 363 341 354
423 363 348 355
429 363 353 357
368 369 297 353
374 369 303 354
380 369 309 356
398 369 322 356
404 369 328 357
410 369 333 358
417 369 340 360
423 369 347 361
374 376 303 361
380 376 309 362
386 376 315 363
392 376 320 365
398 376 325 365
410 376 338 365
380 382 308 367
386 382 315 369
392 382 321 371
398 382 326 372
404 382 333 372
