311 175 293 241
318 175 300 239
324 175 306 237
330 175 312 234
355 175 334 228
362 175 340 226
368 175 346 223
387 175 366 216
406 175 382 212
412 175 388 211
355 182 329 237
362 182 341 233
368 182 347 231
380 182 356 228
387 182 369 223
393 182 376 221
362 188 339 243
368 188 350 238
380 188 360 242
393 188 379 229
406 188 385 227
412 188 427 216
418 188 433 214
456 188 468 201
462 188 476 198
468 188 483 196
500 188 483 192
506 188 489 190
318 194 312 256
362 194 341 250
406 194 388 234
456 194 471 209
462 194 479 206
468 194 484 204
506 194 491 197
512 194 499 195
525 194 511 190
531 194 515 188
569 194 563 170
456 201 473 216
462 201 481 213
468 201 487 211
525 201 511 197
537 201 528 194
544 201 536 190
550 201 540 187
544 207 541 199
575 207 576 180
506 213 495 212
531 213 531 207
500 219 492 225
506 219 496 219
569 232 575 203
575 232 580 202
563 238 570 212
525 244 532 231
537 244 551 224
