521 137 477 92
534 137 491 85
541 137 498 81
482 144 439 121
463 150 424 140
469 150 431 137
476 150 438 134
489 150 448 131
495 150 453 129
502 150 460 125
450 157 414 148
456 157 418 146
476 157 437 146
482 157 443 143
489 157 448 143
508 157 466 138
515 157 471 133
541 157 490 138
573 157 531 120
404 163 373 175
410 163 381 171
417 163 388 168
423 163 395 166
437 163 403 167
456 163 419 162
463 163 425 159
469 163 432 156
476 163 438 155
482 163 445 152
489 163 452 148
521 163 478 144
547 163 500 141
554 163 507 140
560 163 513 138
567 163 520 135
573 163 527 131
378 170 355 189
391 170 363 188
397 170 371 185
404 170 377 183
417 170 388 181
423 170 394 179
437 170 401 179
443 170 409 176
450 170 415 174
456 170 419 173
469 170 432 171
476 170 437 170
502 170 455 168
508 170 461 166
547 170 499 151
554 170 505 148
567 170 519 141
573 170 530 136
365 176 346 200
371 176 352 198
384 176 362 201
391 176 366 196
397 176 373 194
404 176 377 195
410 176 383 194
417 176 389 191
430 176 398 190
437 176 404 188
443 176 410 186
450 176 414 186
456 176 420 184
463 176 428 182
469 176 433 179
482 176 442 176
495 176 452 177
502 176 457 175
508 176 464 173
515 176 471 171
567 176 521 148
573 176 532 141
352 183 337 215
358 183 342 212
365 183 348 211
371 183 352 214
378 183 358 212
384 183 363 210
397 183 373 206
404 183 379 205
410 183 385 203
423 183 395 200
430 183 399 198
443 183 410 196
450 183 415 195
456 183 421 193
463 183 428 190
476 183 437 189
482 183 444 186
495 183 453 185
541 183 515 153
567 183 529 151
573 183 536 148
352 189 338 223
365 189 348 224
371 189 352 222
384 189 363 219
391 189 368 219
404 189 378 216
410 189 383 214
417 189 390 211
430 189 400 209
437 189 405 208
443 189 411 205
456 189 421 203
463 189 428 201
469 189 433 198
476 189 439 196
515 189 495 167
528 189 503 166
534 189 509 163
541 189 517 160
554 189 524 157
332 196 327 235
339 196 315 249
371 196 353 232
378 196 359 230
384 196 364 230
397 196 374 226
404 196 380 224
410 196 386 221
423 196 395 220
430 196 401 219
437 196 407 216
450 196 417 212
456 196 423 210
463 196 429 207
469 196 435 204
476 196 442 201
515 196 497 174
528 196 505 171
534 196 511 169
541 196 518 165
573 196 543 157
293 202 296 258
300 202 303 256
313 202 311 252
358 202 340 246
365 202 347 244
371 202 355 242
378 202 360 240
391 202 370 236
397 202 375 234
404 202 382 231
410 202 389 228
456 202 425 216
560 202 528 170
567 202 537 167
573 202 545 163
300 209 305 263
313 209 313 260
339 209 325 264
352 209 337 256
358 209 344 254
365 209 349 252
371 209 355 250
384 209 366 245
391 209 372 242
397 209 377 240
404 209 385 237
410 209 391 234
495 209 475 195
515 209 501 183
528 209 511 179
541 209 524 174
573 209 548 169
280 215 288 272
287 215 293 271
313 215 315 265
345 215 333 266
352 215 340 262
358 215 346 260
365 215 351 258
378 215 361 254
384 215 368 251
391 215 373 248
397 215 379 246
404 215 387 243
410 215 395 239
430 215 408 233
437 215 416 230
443 215 423 227
482 215 463 209
489 215 470 206
495 215 476 201
547 215 532 177
280 222 290 279
326 222 322 277
339 222 334 273
352 222 343 268
384 222 369 258
391 222 376 255
397 222 382 253
417 222 398 246
469 222 432 231
482 222 466 215
489 222 473 211
495 222 479 207
306 228 308 288
313 228 314 285
404 228 406 243
489 228 475 217
515 228 515 193
521 228 522 190
534 228 537 181
541 228 544 178
313 235 319 289
326 235 331 283
339 235 339 281
345 235 345 279
378 235 374 266
391 235 388 259
404 235 397 263
423 235 416 247
430 235 423 245
495 235 484 218
515 235 524 196
287 241 300 300
293 241 312 295
326 241 334 289
332 241 341 286
345 241 349 286
352 241 354 283
365 241 363 278
371 241 370 275
378 241 377 271
391 241 390 266
404 241 404 260
417 241 412 257
423 241 420 253
430 241 426 250
489 241 481 227
495 241 488 224
287 248 302 306
293 248 314 301
300 248 322 297
404 248 359 287
410 248 408 265
417 248 413 263
423 248 421 259
430 248 428 257
437 248 434 254
443 248 440 250
482 248 469 239
293 254 316 307
319 254 333 301
326 254 339 298
332 254 346 296
345 254 352 293
378 254 387 278
417 254 371 291
423 254 377 288
430 254 429 263
437 254 436 261
319 261 335 307
326 261 343 304
332 261 348 302
391 261 398 279
404 261 361 297
417 261 372 299
423 261 379 295
430 261 385 292
437 261 392 289
306 267 328 312
391 267 401 285
397 267 357 305
404 267 365 302
423 267 424 278
430 267 430 276
443 267 443 269
332 274 337 316
423 274 426 283
430 274 433 281
437 274 439 279
443 274 445 276
456 274 407 283
476 274 462 258
495 274 469 256
508 274 477 253
515 274 482 251
430 280 433 286
443 280 450 272
482 280 471 262
508 280 477 258
515 280 482 255
391 287 407 301
423 287 386 315
430 287 437 293
437 287 444 289
443 287 454 280
384 294 402 310
391 294 408 307
404 294 412 297
404 300 415 304
391 307 410 315
