301 147 271 206
307 147 277 203
332 147 297 196
294 153 267 216
307 153 280 210
313 153 285 208
301 159 275 219
307 159 282 215
313 159 287 212
326 159 296 212
332 159 301 210
370 159 339 195
377 159 345 193
383 159 351 190
307 166 284 221
326 166 298 218
332 166 303 216
358 166 326 206
377 166 346 198
383 166 352 196
390 166 356 194
402 166 365 190
409 166 369 188
301 172 280 231
307 172 285 228
320 172 295 226
326 172 299 223
332 172 304 221
390 172 356 200
396 172 361 198
402 172 365 196
409 172 371 194
415 172 378 191
301 179 283 237
307 179 288 235
320 179 297 232
326 179 301 229
358 179 332 218
370 179 339 214
377 179 350 209
409 179 374 199
428 179 332 204
434 179 339 202
466 179 396 184
472 179 403 182
485 179 442 175
301 185 285 243
320 185 300 238
326 185 304 236
358 185 334 223
364 185 338 221
370 185 346 219
383 185 354 214
390 185 359 212
396 185 364 210
428 185 335 210
434 185 341 208
440 185 347 205
447 185 381 197
485 185 444 179
491 185 449 177
313 191 296 246
320 191 301 244
326 191 306 241
332 191 312 238
358 191 336 230
364 191 340 227
377 191 350 223
383 191 354 221
396 191 367 216
409 191 378 212
440 191 377 206
301 198 285 255
326 198 308 248
339 198 322 243
345 198 327 240
351 198 334 238
358 198 338 235
370 198 346 232
377 198 352 229
383 198 359 227
479 198 440 190
485 198 447 188
491 198 453 185
504 198 465 181
288 204 278 260
307 204 292 256
313 204 299 253
320 204 303 250
332 204 313 246
370 204 349 238
377 204 354 236
390 204 368 231
409 204 383 221
447 204 386 216
453 204 392 214
491 204 449 192
498 204 461 188
504 204 467 186
510 204 472 184
529 204 490 175
542 204 505 177
288 210 281 267
301 210 288 264
307 210 295 262
313 210 300 259
320 210 304 257
326 210 310 254
332 210 315 252
345 210 329 247
351 210 336 245
364 210 343 243
383 210 366 239
447 210 389 221
453 210 394 219
510 210 441 195
288 217 283 273
301 217 291 269
307 217 296 266
313 217 301 265
320 217 307 263
326 217 312 260
339 217 324 255
345 217 331 253
351 217 337 251
364 217 344 249
377 217 357 244
396 217 377 237
402 217 381 235
460 217 404 222
510 217 444 201
275 223 273 282
281 223 279 281
288 223 286 279
294 223 291 276
307 223 298 272
313 223 303 270
320 223 310 268
339 223 324 263
345 223 330 261
351 223 339 258
358 223 345 255
370 223 355 252
390 223 373 245
396 223 379 242
402 223 384 240
434 223 387 231
460 223 408 227
529 223 493 196
275 229 276 289
281 229 282 287
288 229 288 284
301 229 295 281
307 229 300 278
313 229 305 276
345 229 336 266
351 229 342 263
358 229 347 261
364 229 353 258
377 229 363 256
383 229 369 254
390 229 375 251
396 229 380 247
466 229 414 229
479 229 451 221
485 229 457 217
491 229 465 214
498 229 471 213
517 229 488 205
281 236 284 294
288 236 290 291
294 236 295 288
307 236 303 284
313 236 308 281
339 236 333 274
345 236 340 272
351 236 345 269
358 236 350 267
370 236 359 264
377 236 365 262
383 236 371 260
390 236 376 258
396 236 380 256
428 236 386 247
479 236 454 226
485 236 461 223
491 236 468 221
498 236 473 219
504 236 479 218
294 242 294 296
301 242 299 293
307 242 305 290
339 242 337 279
358 242 352 273
364 242 359 271
377 242 368 268
383 242 373 266
390 242 377 264
402 242 384 261
428 242 387 252
479 242 457 231
485 242 464 230
491 242 471 227
498 242 476 225
351 248 345 282
358 248 355 279
364 248 361 277
377 248 370 273
383 248 375 271
390 248 379 269
402 248 386 267
339 255 328 297
345 255 335 295
364 255 361 285
377 255 371 279
383 255 377 276
396 255 383 275
402 255 388 273
370 261 374 290
377 261 373 285
383 261 379 283
396 261 385 281
409 261 391 278
491 268 484 248
