471 131 460 185
486 136 498 150
491 136 503 150
481 141 488 155
486 141 492 155
491 141 497 155
486 146 492 160
491 146 496 160
496 151 499 169
280 161 279 181
280 171 277 192
496 176 497 186
280 181 281 202
290 181 298 202
330 181 315 238
355 181 308 198
275 186 272 209
355 186 308 207
275 191 272 214
280 191 277 214
305 191 302 218
360 191 314 212
421 191 410 241
431 191 431 246
496 191 493 206
275 196 272 220
285 196 281 223
300 196 293 240
370 196 317 216
401 196 390 253
431 196 431 251
476 196 473 218
481 196 479 218
491 196 483 217
496 196 493 212
275 201 273 225
290 201 293 229
345 201 314 223
365 201 356 222
421 201 415 230
481 201 479 224
491 201 484 223
280 206 281 229
476 206 467 228
285 211 288 234
325 211 347 232
456 211 435 240
461 211 442 240
476 211 468 234
486 211 483 244
491 211 489 245
360 216 324 260
365 216 337 259
456 216 437 246
486 216 483 249
491 216 489 251
496 216 495 234
310 221 332 243
386 221 378 265
441 221 447 267
456 221 437 230
481 221 477 255
486 221 483 255
491 221 488 239
496 221 495 240
386 226 378 269
451 226 421 267
436 236 447 282
275 241 273 245
350 241 353 285
275 247 272 251
345 247 348 290
350 247 354 289
275 252 272 255
280 252 277 257
350 252 326 297
360 252 342 296
406 252 411 299
411 252 417 298
416 252 422 298
421 252 427 298
280 257 278 261
285 257 289 277
310 257 475 296
421 257 427 305
461 257 460 297
491 257 501 286
300 262 306 287
466 262 470 293
466 267 470 306
380 277 379 300
