336 159 334 189
331 165 323 197
364 165 348 191
347 170 334 199
381 170 361 194
443 176 437 182
449 176 443 181
454 176 454 179
460 176 462 178
465 176 469 175
331 182 313 213
347 182 332 209
387 182 369 202
409 182 389 199
421 182 405 194
426 182 411 193
449 182 443 187
465 182 469 181
477 182 482 178
482 182 488 176
336 187 318 216
347 187 333 214
387 187 364 208
392 187 370 207
404 187 383 204
409 187 388 205
415 187 393 204
421 187 401 202
443 187 431 195
336 193 315 224
421 193 403 208
449 193 437 199
460 193 453 197
465 193 459 196
471 193 470 193
336 199 314 230
342 199 320 228
370 199 346 223
376 199 352 222
432 199 416 209
449 199 438 205
460 199 451 203
465 199 458 201
471 199 465 200
387 204 365 222
392 204 371 222
432 204 415 214
449 204 439 210
460 204 452 208
465 204 458 207
477 204 474 203
460 210 452 212
465 210 459 212
471 210 468 210
437 215 406 229
460 215 451 218
471 215 468 215
482 215 480 213
347 221 318 247
432 221 401 233
437 221 407 233
443 221 413 232
449 221 425 230
376 227 350 249
415 227 383 243
421 227 388 242
426 227 396 242
432 227 401 241
437 227 407 239
443 227 414 238
477 227 464 226
421 232 389 248
426 232 394 248
432 232 401 248
471 232 470 235
494 232 484 230
471 238 471 242
505 238 498 233
359 244 339 264
426 244 402 255
488 244 480 242
494 244 485 242
499 244 491 241
544 244 574 229
494 249 486 248
505 249 505 245
516 249 548 242
539 249 568 238
353 255 355 275
370 255 374 272
449 255 449 259
494 255 487 254
516 255 549 249
522 255 556 248
426 260 421 272
325 266 312 290
331 266 319 289
336 266 326 288
342 266 331 286
539 266 576 251
522 272 558 261
505 277 535 270
516 277 554 268
