1.000000000000000000e+00 0.000000000000000000e+00 0.000000000000000000e+00 -4.542167112231254578e-02
0.000000000000000000e+00 1.000000000000000000e+00 0.000000000000000000e+00 9.935460984706878662e-04
0.000000000000000000e+00 0.000000000000000000e+00 1.000000000000000000e+00 -2.875000238418579102e-01
0.000000000000000000e+00 0.000000000000000000e+00 0.000000000000000000e+00 1.000000000000000000e+00
9.963448047637939453e-01 8.218164741992950439e-02 2.331244945526123047e-02 -5.085724964737892151e-02
-8.172088116407394409e-02 9.964531064033508301e-01 -2.007417380809783936e-02 1.058135926723480225e-02
-2.487949840724468231e-02 1.809567958116531372e-02 9.995263814926147461e-01 -2.929168045520782471e-01
0.000000000000000000e+00 0.000000000000000000e+00 0.000000000000000000e+00 1.000000000000000000e+00
9.855702519416809082e-01 1.652896404266357422e-01 3.647705912590026855e-02 -5.305097252130508423e-02
-1.633684784173965454e-01 9.852693676948547363e-01 -5.054460465908050537e-02 2.504464238882064819e-02
-4.429428651928901672e-02 4.385602101683616638e-02 9.980553388595581055e-01 -2.922758758068084717e-01
0.000000000000000000e+00 0.000000000000000000e+00 0.000000000000000000e+00 1.000000000000000000e+00
9.660516977310180664e-01 2.552482783794403076e-01 3.990855813026428223e-02 -5.198870971798896790e-02
-2.517654001712799072e-01 9.647837281227111816e-01 -7.619983702898025513e-02 3.767461702227592468e-02
-5.795300379395484924e-02 6.356540322303771973e-02 9.962936043739318848e-01 -2.918162941932678223e-01
0.000000000000000000e+00 0.000000000000000000e+00 0.000000000000000000e+00 1.000000000000000000e+00
9.362777471542358398e-01 3.473934233188629150e-01 5.198280140757560730e-02 -5.249855667352676392e-02
-3.397364616394042969e-01 9.331848025321960449e-01 -1.172409206628799438e-01 5.514029785990715027e-02
-8.923830837011337280e-02 9.210953116416931152e-02 9.917421340942382812e-01 -2.892838120460510254e-01
0.000000000000000000e+00 0.000000000000000000e+00 0.000000000000000000e+00 1.000000000000000000e+00
8.912422657012939453e-01 4.520795643329620361e-01 3.620887175202369690e-02 -4.431850463151931763e-02
-4.437062740325927734e-01 8.856841921806335449e-01 -1.367053091526031494e-01 6.517919898033142090e-02
-9.387134760618209839e-02 1.057714894413948059e-01 9.899497628211975098e-01 -2.899295389652252197e-01
0.000000000000000000e+00 0.000000000000000000e+00 0.000000000000000000e+00 1.000000000000000000e+00
8.451052308082580566e-01 5.339704751968383789e-01 2.593707852065563202e-02 -3.856757283210754395e-02
-5.234352946281433105e-01 8.363447189331054688e-01 -1.629189997911453247e-01 7.699865102767944336e-02
-1.086863502860069275e-01 1.241072639822959900e-01 9.862984418869018555e-01 -2.885856926441192627e-01
0.000000000000000000e+00 0.000000000000000000e+00 0.000000000000000000e+00 1.000000000000000000e+00
7.902004718780517578e-01 6.128410100936889648e-01 3.043970325961709023e-03 -2.817635796964168549e-02
-6.036893725395202637e-01 7.792364358901977539e-01 -1.683736890554428101e-01 8.254749327898025513e-02
-1.055582836270332336e-01 1.312113106250762939e-01 9.857184886932373047e-01 -2.893756031990051270e-01
0.000000000000000000e+00 0.000000000000000000e+00 0.000000000000000000e+00 1.000000000000000000e+00
7.206551432609558105e-01 6.926462054252624512e-01 -2.995497547090053558e-02 -1.294441241770982742e-02
-6.870484948158264160e-01 7.077100872993469238e-01 -1.646528542041778564e-01 8.438858389854431152e-02
-9.284673631191253662e-02 1.392384171485900879e-01 9.858964085578918457e-01 -2.906075716018676758e-01
0.000000000000000000e+00 0.000000000000000000e+00 0.000000000000000000e+00 1.000000000000000000e+00
6.443014144897460938e-01 7.642639875411987305e-01 -2.785576879978179932e-02 -8.355425670742988586e-03
-7.594226598739624023e-01 6.350702047348022461e-01 -1.412887871265411377e-01 7.963983714580535889e-02
-9.029160439968109131e-02 1.121868491172790527e-01 9.895761609077453613e-01 -2.930772304534912109e-01
0.000000000000000000e+00 0.000000000000000000e+00 0.000000000000000000e+00 1.000000000000000000e+00
5.498986244201660156e-01 8.345704078674316406e-01 -3.321820124983787537e-02 -9.084233315661549568e-04
-8.329874277114868164e-01 5.450742244720458984e-01 -9.500464797019958496e-02 6.701716035604476929e-02
-6.118169799447059631e-02 7.991325110197067261e-02 9.949222803115844727e-01 -2.984713017940521240e-01
0.000000000000000000e+00 0.000000000000000000e+00 0.000000000000000000e+00 1.000000000000000000e+00
4.548442065715789795e-01 8.867486715316772461e-01 -8.241926878690719604e-02 2.085499837994575500e-02
-8.905142545700073242e-01 4.518193304538726807e-01 -5.332696437835693359e-02 5.465051159262657166e-02
-1.004900597035884857e-02 9.765101224184036255e-02 9.951699376106262207e-01 -3.026978373527526855e-01
0.000000000000000000e+00 0.000000000000000000e+00 0.000000000000000000e+00 1.000000000000000000e+00
3.523882627487182617e-01 9.303773641586303711e-01 -1.010960862040519714e-01 3.080091625452041626e-02
-9.356577396392822266e-01 3.524635434150695801e-01 -1.771245896816253662e-02 4.073226451873779297e-02
1.915340870618820190e-02 1.008330062031745911e-01 9.947188496589660645e-01 -3.038477897644042969e-01
0.000000000000000000e+00 0.000000000000000000e+00 0.000000000000000000e+00 1.000000000000000000e+00
2.720691561698913574e-01 9.554798007011413574e-01 -1.141765490174293518e-01 3.792852163314819336e-02
-9.593992829322814941e-01 2.785095274448394775e-01 4.455665871500968933e-02 1.728835143148899078e-02
7.437222450971603394e-02 9.741841256618499756e-02 9.924606680870056152e-01 -3.037642538547515869e-01
0.000000000000000000e+00 0.000000000000000000e+00 0.000000000000000000e+00 1.000000000000000000e+00
1.908612847328186035e-01 9.711868166923522949e-01 -1.427161097526550293e-01 4.864422231912612915e-02
-9.732691049575805664e-01 2.061481326818466187e-01 1.012429445981979370e-01 -3.619593335315585136e-03
1.277464777231216431e-01 1.195778399705886841e-01 9.845720529556274414e-01 -3.022834062576293945e-01
0.000000000000000000e+00 0.000000000000000000e+00 0.000000000000000000e+00 1.000000000000000000e+00
1.154469475150108337e-01 9.825514554977416992e-01 -1.458235681056976318e-01 5.127284675836563110e-02
-9.706676006317138672e-01 1.427614688873291016e-01 1.934518367052078247e-01 -3.500506654381752014e-02
2.108944058418273926e-01 1.192127838730812073e-01 9.702122807502746582e-01 -2.993730604648590088e-01
0.000000000000000000e+00 0.000000000000000000e+00 0.000000000000000000e+00 1.000000000000000000e+00
1.940735578536987305e-01 9.713968038558959961e-01 -1.368346661329269409e-01 4.741589725017547607e-02
-9.530466198921203613e-01 2.197562605142593384e-01 2.083487510681152344e-01 -3.926249966025352478e-02
2.324595600366592407e-01 8.997485041618347168e-02 9.684354066848754883e-01 -2.967131733894348145e-01
0.000000000000000000e+00 0.000000000000000000e+00 0.000000000000000000e+00 1.000000000000000000e+00
2.723443806171417236e-01 9.527204632759094238e-01 -1.347305178642272949e-01 4.447655752301216125e-02
-9.385708570480346680e-01 2.938796877861022949e-01 1.808851212263107300e-01 -2.854729816317558289e-02
2.119274884462356567e-01 7.719109952449798584e-02 9.742320179939270020e-01 -2.958814501762390137e-01
0.000000000000000000e+00 0.000000000000000000e+00 0.000000000000000000e+00 1.000000000000000000e+00
3.269564211368560791e-01 9.345032572746276855e-01 -1.407221853733062744e-01 4.439269006252288818e-02
-9.336944818496704102e-01 3.424336612224578857e-01 1.046602204442024231e-01 -1.712611527182161808e-03
1.459933668375015259e-01 9.717222303152084351e-02 9.845016002655029297e-01 -2.953915894031524658e-01
0.000000000000000000e+00 0.000000000000000000e+00 0.000000000000000000e+00 1.000000000000000000e+00
3.612429797649383545e-01 9.162147045135498047e-01 -1.733605116605758667e-01 5.326433107256889343e-02
-9.295572638511657715e-01 3.685228526592254639e-01 1.067156065255403519e-02 3.106503561139106750e-02
7.366474717855453491e-02 1.572935283184051514e-01 9.848005771636962891e-01 -2.914221286773681641e-01
0.000000000000000000e+00 0.000000000000000000e+00 0.000000000000000000e+00 1.000000000000000000e+00
4.011133611202239990e-01 8.960058093070983887e-01 -1.904767453670501709e-01 5.656656250357627869e-02
-9.158826470375061035e-01 3.959908783435821533e-01 -6.595376878976821899e-02 5.697545409202575684e-02
1.633206009864807129e-02 2.009093165397644043e-01 9.794735908508300781e-01 -2.862170040607452393e-01
0.000000000000000000e+00 0.000000000000000000e+00 0.000000000000000000e+00 1.000000000000000000e+00
4.616328179836273193e-01 8.600256443023681641e-01 -2.173727452754974365e-01 6.106542423367500305e-02
-8.858583569526672363e-01 4.341377615928649902e-01 -1.636438369750976562e-01 8.669761568307876587e-02
-4.636824503540992737e-02 2.681048512458801270e-01 9.622732996940612793e-01 -2.759367227554321289e-01
0.000000000000000000e+00 0.000000000000000000e+00 0.000000000000000000e+00 1.000000000000000000e+00
5.332510471343994141e-01 8.215311765670776367e-01 -2.018177360296249390e-01 5.084324628114700317e-02
-8.410014510154724121e-01 4.890350401401519775e-01 -2.314334511756896973e-01 1.051189973950386047e-01
-9.143377840518951416e-02 2.931410074234008789e-01 9.516869187355041504e-01 -2.689694166183471680e-01
0.000000000000000000e+00 0.000000000000000000e+00 0.000000000000000000e+00 1.000000000000000000e+00
5.920626521110534668e-01 7.814262509346008301e-01 -1.970670670270919800e-01 4.514804109930992126e-02
-7.959665060043334961e-01 5.287564992904663086e-01 -2.947099804878234863e-01 1.206795275211334229e-01
-1.260936856269836426e-01 3.313452601432800293e-01 9.350457787513732910e-01 -2.602325975894927979e-01
0.000000000000000000e+00 0.000000000000000000e+00 0.000000000000000000e+00 1.000000000000000000e+00
6.727650761604309082e-01 7.206625342369079590e-01 -1.674307286739349365e-01 3.043031319975852966e-02
-7.202137708663940430e-01 5.861138701438903809e-01 -3.711637556552886963e-01 1.367541998624801636e-01
-1.693504601716995239e-01 3.702917098999023438e-01 9.133475422859191895e-01 -2.495235353708267212e-01
0.000000000000000000e+00 0.000000000000000000e+00 0.000000000000000000e+00 1.000000000000000000e+00
7.364265918731689453e-01 6.590344309806823730e-01 -1.528032571077346802e-01 2.250508219003677368e-02
-6.472419500350952148e-01 6.206269264221191406e-01 -4.426059126853942871e-01 1.508109420537948608e-01
-1.968587934970855713e-01 4.248476326465606689e-01 8.836011886596679688e-01 -2.356899082660675049e-01
0.000000000000000000e+00 0.000000000000000000e+00 0.000000000000000000e+00 1.000000000000000000e+00
7.600018382072448730e-01 6.342406868934631348e-01 -1.418983936309814453e-01 1.701334305107593536e-02
-5.998014211654663086e-01 6.003976464271545410e-01 -5.289240479469299316e-01 1.703723967075347900e-01
-2.502700686454772949e-01 4.870942831039428711e-01 8.367222547531127930e-01 -2.147101759910583496e-01
0.000000000000000000e+00 0.000000000000000000e+00 0.000000000000000000e+00 1.000000000000000000e+00
7.900117039680480957e-01 5.967361927032470703e-01 -1.406670361757278442e-01 1.400095503777265549e-02
-5.342159271240234375e-01 5.574339628219604492e-01 -6.355152130126953125e-01 1.976911425590515137e-01
-3.008227348327636719e-01 5.772115588188171387e-01 7.591656446456909180e-01 -1.860174238681793213e-01
0.000000000000000000e+00 0.000000000000000000e+00 0.000000000000000000e+00 1.000000000000000000e+00
8.125426769256591797e-01 5.656780600547790527e-01 -1.406502872705459595e-01 1.209018100053071976e-02
-4.822034239768981934e-01 5.167440176010131836e-01 -7.074288725852966309e-01 2.166609317064285278e-01
-3.274970054626464844e-01 6.426377892494201660e-01 6.926484704017639160e-01 -1.623632758855819702e-01
0.000000000000000000e+00 0.000000000000000000e+00 0.000000000000000000e+00 1.000000000000000000e+00
8.421263098716735840e-01 5.225139260292053223e-01 -1.334253400564193726e-01 6.965945009142160416e-03
-4.140191078186035156e-01 4.678838551044464111e-01 -7.808157205581665039e-01 2.356763482093811035e-01
-3.455595374107360840e-01 7.127860188484191895e-01 6.103480458259582520e-01 -1.390315294265747070e-01
0.000000000000000000e+00 0.000000000000000000e+00 0.000000000000000000e+00 1.000000000000000000e+00
8.734521865844726562e-01 4.777267277240753174e-01 -9.411817789077758789e-02 -6.583079230040311813e-03
-3.299530148506164551e-01 4.385812580585479736e-01 -8.359288573265075684e-01 2.488199919462203979e-01
-3.580673635005950928e-01 7.611982226371765137e-01 5.407074093818664551e-01 -1.207177564501762390e-01
0.000000000000000000e+00 0.000000000000000000e+00 0.000000000000000000e+00 1.000000000000000000e+00
8.972615599632263184e-01 4.352281391620635986e-01 -7.414752990007400513e-02 -1.265107095241546631e-02
-2.383092790842056274e-01 3.360610008239746094e-01 -9.111924767494201660e-01 2.640275061130523682e-01
-3.716584742069244385e-01 8.352480530738830566e-01 4.052535891532897949e-01 -8.409924805164337158e-02
0.000000000000000000e+00 0.000000000000000000e+00 0.000000000000000000e+00 1.000000000000000000e+00
8.896768093109130859e-01 4.560073018074035645e-01 -2.306541614234447479e-02 -3.012815862894058228e-02
-7.746418565511703491e-02 1.009637266397476196e-01 -9.918696284294128418e-01 2.819078266620635986e-01
-4.499711394309997559e-01 8.842300176620483398e-01 1.251494139432907104e-01 -8.001501671969890594e-03
0.000000000000000000e+00 0.000000000000000000e+00 0.000000000000000000e+00 1.000000000000000000e+00
8.886412978172302246e-01 4.571271836757659912e-01 -3.677331283688545227e-02 -2.490933053195476532e-02
-8.566543459892272949e-02 8.668600767850875854e-02 -9.925457835197448730e-01 2.823034822940826416e-01
-4.505318105220794678e-01 8.851670026779174805e-01 1.161926835775375366e-01 -1.109136268496513367e-02
0.000000000000000000e+00 0.000000000000000000e+00 0.000000000000000000e+00 1.000000000000000000e+00
8.449789285659790039e-01 5.341509580612182617e-01 -2.634070441126823425e-02 -2.373484894633293152e-02
-9.686583280563354492e-02 1.044225543737411499e-01 -9.898045659065246582e-01 2.821570932865142822e-01
-5.259543061256408691e-01 8.389151096343994141e-01 1.399757117033004761e-01 -1.477322820574045181e-02
0.000000000000000000e+00 0.000000000000000000e+00 0.000000000000000000e+00 1.000000000000000000e+00
8.303351402282714844e-01 5.533565878868103027e-01 -6.587972491979598999e-02 -1.289716735482215881e-02
-2.296312153339385986e-01 2.320393770933151245e-01 -9.452129006385803223e-01 2.748824954032897949e-01
-5.077531337738037109e-01 7.999712824821472168e-01 3.197384178638458252e-01 -5.650842562317848206e-02
0.000000000000000000e+00 0.000000000000000000e+00 0.000000000000000000e+00 1.000000000000000000e+00
8.327649831771850586e-01 5.429644584655761719e-01 -1.081275343894958496e-01 -1.600983552634716034e-03
-3.150387704372406006e-01 3.041525781154632568e-01 -8.990226387977600098e-01 2.656970322132110596e-01
-4.552503526210784912e-01 7.827389240264892578e-01 4.243424832820892334e-01 -8.538535982370376587e-02
0.000000000000000000e+00 0.000000000000000000e+00 0.000000000000000000e+00 1.000000000000000000e+00
8.181495070457458496e-01 5.629662871360778809e-01 -1.170481294393539429e-01 6.170366541482508183e-04
-3.747016489505767822e-01 3.675790429115295410e-01 -8.511662483215332031e-01 2.553064227104187012e-01
-4.361534118652343750e-01 7.402396798133850098e-01 5.116793513298034668e-01 -1.100599914789199829e-01
0.000000000000000000e+00 0.000000000000000000e+00 0.000000000000000000e+00 1.000000000000000000e+00
8.344933390617370605e-01 5.452864766120910645e-01 -7.927004992961883545e-02 -1.422388851642608643e-02
-4.498546421527862549e-01 5.911222100257873535e-01 -6.694812774658203125e-01 2.164812684059143066e-01
-3.182008564472198486e-01 5.943375825881958008e-01 7.385871410369873047e-01 -1.795670837163925171e-01
0.000000000000000000e+00 0.000000000000000000e+00 0.000000000000000000e+00 1.000000000000000000e+00
8.372772932052612305e-01 5.437647104263305664e-01 -5.732675269246101379e-02 -2.149330452084541321e-02
-4.630523025989532471e-01 6.494045853614807129e-01 -6.032043099403381348e-01 1.969866454601287842e-01
-2.907733023166656494e-01 5.315945148468017578e-01 7.955236434936523438e-01 -1.975106894969940186e-01
0.000000000000000000e+00 0.000000000000000000e+00 0.000000000000000000e+00 1.000000000000000000e+00
8.579052090644836426e-01 5.106278061866760254e-01 -5.707267671823501587e-02 -2.197634801268577576e-02
-4.589059352874755859e-01 7.115353941917419434e-01 -5.320929288864135742e-01 1.757275611162185669e-01
-2.310923635959625244e-01 4.826763868331909180e-01 8.447598814964294434e-01 -2.138504385948181152e-01
0.000000000000000000e+00 0.000000000000000000e+00 0.000000000000000000e+00 1.000000000000000000e+00
8.733033537864685059e-01 4.867639839649200439e-01 -2.005241066217422485e-02 -3.146550431847572327e-02
-4.551776647567749023e-01 8.005799651145935059e-01 -3.897233903408050537e-01 1.344789415597915649e-01
-1.736498773097991943e-01 3.494740426540374756e-01 9.207136631011962891e-01 -2.369795739650726318e-01
0.000000000000000000e+00 0.000000000000000000e+00 0.000000000000000000e+00 1.000000000000000000e+00
8.786541223526000977e-01 4.769121706485748291e-01 -2.283767051994800568e-02 -2.910070121288299561e-02
-4.663964807987213135e-01 8.470779657363891602e-01 -2.548200190067291260e-01 9.745222330093383789e-02
-1.021815091371536255e-01 2.345500737428665161e-01 9.667186737060546875e-01 -2.528165578842163086e-01
0.000000000000000000e+00 0.000000000000000000e+00 0.000000000000000000e+00 1.000000000000000000e+00
8.797678351402282715e-01 4.752226173877716064e-01 -1.310201641172170639e-02 -2.747229486703872681e-02
-4.752773642539978027e-01 8.785668015480041504e-01 -4.723272100090980530e-02 3.880703076720237732e-02
-1.093507930636405945e-02 4.778094217181205750e-02 9.987979531288146973e-01 -2.658380270004272461e-01
0.000000000000000000e+00 0.000000000000000000e+00 0.000000000000000000e+00 1.000000000000000000e+00
8.876791000366210938e-01 4.604028165340423584e-01 -7.395759690552949905e-03 -2.735805884003639221e-02
-4.595791697502136230e-01 8.868567943572998047e-01 4.766439273953437805e-02 1.096235495060682297e-02
2.850381098687648773e-02 -3.891175985336303711e-02 9.988360404968261719e-01 -2.681877911090850830e-01
0.000000000000000000e+00 0.000000000000000000e+00 0.000000000000000000e+00 1.000000000000000000e+00
8.943589925765991211e-01 4.472615420818328857e-01 -8.875963278114795685e-03 -2.658508159220218658e-02
-4.410592615604400635e-01 8.849251866340637207e-01 1.495791524648666382e-01 -2.084225602447986603e-02
7.475563883781433105e-02 -1.298626065254211426e-01 9.887098670005798340e-01 -2.676250338554382324e-01
0.000000000000000000e+00 0.000000000000000000e+00 0.000000000000000000e+00 1.000000000000000000e+00
8.970794081687927246e-01 4.418065547943115234e-01 -7.452811580151319504e-03 -2.677326090633869171e-02
-4.250113666057586670e-01 8.673459291458129883e-01 2.589912414550781250e-01 -5.492947623133659363e-02
1.208882033824920654e-01 -2.291681170463562012e-01 9.658508300781250000e-01 -2.627287507057189941e-01
0.000000000000000000e+00 0.000000000000000000e+00 0.000000000000000000e+00 1.000000000000000000e+00
9.008908271789550781e-01 4.338891804218292236e-01 -1.165599934756755829e-02 -2.524771355092525482e-02
-3.993437886238098145e-01 8.390871286392211914e-01 3.694006800651550293e-01 -9.153360873460769653e-02
1.700595319271087646e-01 -3.281348943710327148e-01 9.291971325874328613e-01 -2.533386349678039551e-01
0.000000000000000000e+00 0.000000000000000000e+00 0.000000000000000000e+00 1.000000000000000000e+00
9.058402180671691895e-01 4.235773682594299316e-01 -5.940085742622613907e-03 -2.826626785099506378e-02
-3.740049898624420166e-01 8.062551021575927734e-01 4.583370387554168701e-01 -1.210701167583465576e-01
1.989305764436721802e-01 -4.129585623741149902e-01 8.887585401535034180e-01 -2.432533651590347290e-01
0.000000000000000000e+00 0.000000000000000000e+00 0.000000000000000000e+00 1.000000000000000000e+00
9.166483879089355469e-01 3.996819853782653809e-01 -3.147430252283811569e-03 -3.165642917156219482e-02
-3.317359685897827148e-01 7.651634216308593750e-01 5.517935752868652344e-01 -1.522243916988372803e-01
2.229503840208053589e-01 -5.047566294670104980e-01 8.339748978614807129e-01 -2.296921014785766602e-01
0.000000000000000000e+00 0.000000000000000000e+00 0.000000000000000000e+00 1.000000000000000000e+00
9.107822775840759277e-01 4.123165905475616455e-01 2.168882079422473907e-02 -4.031688719987869263e-02
-3.327543437480926514e-01 7.019071578979492188e-01 6.297622323036193848e-01 -1.759305447340011597e-01
2.444381266832351685e-01 -5.807933807373046875e-01 7.764849662780761719e-01 -2.158554643392562866e-01
0.000000000000000000e+00 0.000000000000000000e+00 0.000000000000000000e+00 1.000000000000000000e+00
9.165688157081604004e-01 3.985180556774139404e-01 3.293728828430175781e-02 -4.559699818491935730e-02
-2.963685095310211182e-01 6.217089891433715820e-01 7.250128388404846191e-01 -2.061779052019119263e-01
2.684533596038818359e-01 -6.742856502532958984e-01 6.879472732543945312e-01 -1.916990131139755249e-01
0.000000000000000000e+00 0.000000000000000000e+00 0.000000000000000000e+00 1.000000000000000000e+00
9.254053831100463867e-01 3.752014338970184326e-01 5.337245762348175049e-02 -5.332057550549507141e-02
-2.668800354003906250e-01 5.451936125755310059e-01 7.946942448616027832e-01 -2.291053086519241333e-01
2.690720558166503906e-01 -7.496583461761474609e-01 6.046589612960815430e-01 -1.665613502264022827e-01
0.000000000000000000e+00 0.000000000000000000e+00 0.000000000000000000e+00 1.000000000000000000e+00
9.322516322135925293e-01 3.579652011394500732e-01 5.260781571269035339e-02 -5.500876158475875854e-02
-2.292086333036422729e-01 4.718070328235626221e-01 8.513880372047424316e-01 -2.484444379806518555e-01
2.799465060234069824e-01 -8.057661652565002441e-01 5.218916535377502441e-01 -1.431066244840621948e-01
0.000000000000000000e+00 0.000000000000000000e+00 0.000000000000000000e+00 1.000000000000000000e+00
9.438209533691406250e-01 3.259693086147308350e-01 5.427689105272293091e-02 -5.860647931694984436e-02
-1.919401288032531738e-01 4.070549011230468750e-01 8.930090665817260742e-01 -2.626051902770996094e-01
2.689997553825378418e-01 -8.532584309577941895e-01 4.467535614967346191e-01 -1.218099594116210938e-01
0.000000000000000000e+00 0.000000000000000000e+00 0.000000000000000000e+00 1.000000000000000000e+00
9.551950097084045410e-01 2.916434407234191895e-01 5.046516284346580505e-02 -6.006262451410293579e-02
-1.568100452423095703e-01 3.540487289428710938e-01 9.219872355461120605e-01 -2.735337615013122559e-01
2.510243356227874756e-01 -8.885908722877502441e-01 3.839181959629058838e-01 -1.027225703001022339e-01
0.000000000000000000e+00 0.000000000000000000e+00 0.000000000000000000e+00 1.000000000000000000e+00
9.605638980865478516e-01 2.694849371910095215e-01 6.852073222398757935e-02 -6.800816208124160767e-02
-1.443772166967391968e-01 2.727710604667663574e-01 9.511840939521789551e-01 -2.871344089508056641e-01
2.376392334699630737e-01 -9.235657453536987305e-01 3.009214103221893311e-01 -7.404728233814239502e-02
0.000000000000000000e+00 0.000000000000000000e+00 0.000000000000000000e+00 1.000000000000000000e+00
9.752823114395141602e-01 2.107033282518386841e-01 6.654614210128784180e-02 -7.060877233743667603e-02
-1.065869703888893127e-01 1.848013699054718018e-01 9.769787192344665527e-01 -2.988237142562866211e-01
1.935548633337020874e-01 -9.599232673645019531e-01 2.026918083429336548e-01 -3.793166205286979675e-02
0.000000000000000000e+00 0.000000000000000000e+00 0.000000000000000000e+00 1.000000000000000000e+00
9.932113885879516602e-01 1.140945777297019958e-01 2.266696654260158539e-02 -5.895833298563957214e-02
-3.812260180711746216e-02 1.351639926433563232e-01 9.900894761085510254e-01 -3.053238093852996826e-01
1.099001541733741760e-01 -9.842321276664733887e-01 1.385959833860397339e-01 -1.810075715184211731e-02
0.000000000000000000e+00 0.000000000000000000e+00 0.000000000000000000e+00 1.000000000000000000e+00
9.950652122497558594e-01 9.911301732063293457e-02 -4.648125730454921722e-03 -5.301906540989875793e-02
-1.980143226683139801e-02 2.442677319049835205e-01 9.695052504539489746e-01 -3.011362850666046143e-01
9.722603112459182739e-02 -9.646291732788085938e-01 2.450249791145324707e-01 -5.240964516997337341e-02
0.000000000000000000e+00 0.000000000000000000e+00 0.000000000000000000e+00 1.000000000000000000e+00
9.979063868522644043e-01 3.649221360683441162e-02 -5.339960753917694092e-02 -3.699072077870368958e-02
4.060227423906326294e-02 2.892181277275085449e-01 9.564015269279479980e-01 -3.083769977092742920e-01
5.034535378217697144e-02 -9.565674662590026855e-01 2.871310114860534668e-01 -6.383452564477920532e-02
0.000000000000000000e+00 0.000000000000000000e+00 0.000000000000000000e+00 1.000000000000000000e+00
9.891724586486816406e-01 -4.461186379194259644e-02 -1.398135423660278320e-01 -4.089216236025094986e-03
1.467041522264480591e-01 2.746753096580505371e-01 9.502793550491333008e-01 -3.185367882251739502e-01
-3.990437369793653488e-03 -9.605013132095336914e-01 2.782461047172546387e-01 -5.802341178059577942e-02
0.000000000000000000e+00 0.000000000000000000e+00 0.000000000000000000e+00 1.000000000000000000e+00
9.677662849426269531e-01 -6.566686928272247314e-02 -2.431382089853286743e-01 3.062068484723567963e-02
2.518493533134460449e-01 2.541761398315429688e-01 9.337913393974304199e-01 -3.232232630252838135e-01
4.807159712072461843e-04 -9.649259448051452637e-01 2.625212669372558594e-01 -5.178939178586006165e-02
0.000000000000000000e+00 0.000000000000000000e+00 0.000000000000000000e+00 1.000000000000000000e+00
9.760748744010925293e-01 1.436507608741521835e-02 -2.169597446918487549e-01 1.891520619392395020e-02
2.017818242311477661e-01 3.118961751461029053e-01 9.284424185752868652e-01 -3.197273015975952148e-01
8.100602030754089355e-02 -9.500075578689575195e-01 3.015353381633758545e-01 -7.042811810970306396e-02
0.000000000000000000e+00 0.000000000000000000e+00 0.000000000000000000e+00 1.000000000000000000e+00
9.849351644515991211e-01 1.253806203603744507e-01 -1.190893128514289856e-01 -1.819272898137569427e-02
6.475619226694107056e-02 3.711398243904113770e-01 9.263162612915039062e-01 -3.123308420181274414e-01
1.603409200906753540e-01 -9.200735092163085938e-01 3.574294745922088623e-01 -9.950546175241470337e-02
0.000000000000000000e+00 0.000000000000000000e+00 0.000000000000000000e+00 1.000000000000000000e+00
9.765143394470214844e-01 2.151325643062591553e-01 -1.172487810254096985e-02 -5.512858927249908447e-02
-5.581564083695411682e-02 3.051662147045135498e-01 9.506617784500122070e-01 -3.132610619068145752e-01
2.080963551998138428e-01 -9.276807904243469238e-01 3.100070059299468994e-01 -8.835352212190628052e-02
0.000000000000000000e+00 0.000000000000000000e+00 0.000000000000000000e+00 1.000000000000000000e+00
9.168971776962280273e-01 3.866565823554992676e-01 9.897446632385253906e-02 -8.920095860958099365e-02
-2.323732823133468628e-01 3.155352473258972168e-01 9.200217723846435547e-01 -2.935641407966613770e-01
3.245026171207427979e-01 -8.665644526481628418e-01 3.791619837284088135e-01 -1.210417822003364563e-01
0.000000000000000000e+00 0.000000000000000000e+00 0.000000000000000000e+00 1.000000000000000000e+00
8.693230152130126953e-01 4.855498969554901123e-01 9.229659289121627808e-02 -8.527330309152603149e-02
-2.842108011245727539e-01 3.383241593837738037e-01 8.970847725868225098e-01 -2.822220027446746826e-01
4.043532013893127441e-01 -8.060881495475769043e-01 4.321114122867584229e-01 -1.469131112098693848e-01
0.000000000000000000e+00 0.000000000000000000e+00 0.000000000000000000e+00 1.000000000000000000e+00
8.321221470832824707e-01 5.510240793228149414e-01 6.281292438507080078e-02 -7.396843284368515015e-02
-3.393746018409729004e-01 4.163501262664794922e-01 8.434911370277404785e-01 -2.619748711585998535e-01
4.386316239833831787e-01 -7.232046127319335938e-01 5.334575772285461426e-01 -1.837442219257354736e-01
0.000000000000000000e+00 0.000000000000000000e+00 0.000000000000000000e+00 1.000000000000000000e+00
7.991189956665039062e-01 5.992692112922668457e-01 4.779938608407974243e-02 -6.692678481340408325e-02
-4.266293644905090332e-01 5.092906951904296875e-01 7.474023103713989258e-01 -2.245938628911972046e-01
4.235516190528869629e-01 -6.176559329032897949e-01 6.626497507095336914e-01 -2.261884510517120361e-01
0.000000000000000000e+00 0.000000000000000000e+00 0.000000000000000000e+00 1.000000000000000000e+00
7.752443552017211914e-01 6.312419176101684570e-01 2.301480434834957123e-02 -5.775063112378120422e-02
-5.042089819908142090e-01 5.964629650115966797e-01 6.245040297508239746e-01 -1.783130913972854614e-01
3.804856240749359131e-01 -4.957473278045654297e-01 7.806822061538696289e-01 -2.624520957469940186e-01
0.000000000000000000e+00 0.000000000000000000e+00 0.000000000000000000e+00 1.000000000000000000e+00
7.528248429298400879e-01 6.580255031585693359e-01 1.603447273373603821e-02 -5.420799180865287781e-02
-5.652053356170654297e-01 6.337641477584838867e-01 5.280961990356445312e-01 -1.424370110034942627e-01
3.373387455940246582e-01 -4.066266715526580811e-01 8.490329384803771973e-01 -2.823774516582489014e-01
0.000000000000000000e+00 0.000000000000000000e+00 0.000000000000000000e+00 1.000000000000000000e+00
6.516970992088317871e-01 7.584088444709777832e-01 1.033008564263582230e-02 -4.556808620691299438e-02
-6.763066053390502930e-01 5.748737454414367676e-01 4.605751633644104004e-01 -1.120089516043663025e-01
3.433659076690673828e-01 -3.071417510509490967e-01 8.875604867935180664e-01 -2.971987128257751465e-01
0.000000000000000000e+00 0.000000000000000000e+00 0.000000000000000000e+00 1.000000000000000000e+00
5.864032506942749023e-01 8.096845746040344238e-01 -2.327880822122097015e-02 -2.958045527338981628e-02
-7.376223802566528320e-01 5.456479191780090332e-01 3.977202773094177246e-01 -8.611206710338592529e-02
3.347301185131072998e-01 -2.160534858703613281e-01 9.172114133834838867e-01 -3.080446720123291016e-01
0.000000000000000000e+00 0.000000000000000000e+00 0.000000000000000000e+00 1.000000000000000000e+00
5.374222397804260254e-01 8.412324786186218262e-01 -5.920242890715599060e-02 -1.331390254199504852e-02
-7.834933400154113770e-01 5.240375399589538574e-01 3.339505791664123535e-01 -6.102506443858146667e-02
3.119543790817260742e-01 -1.330877691507339478e-01 9.407296776771545410e-01 -3.145543634891510010e-01
0.000000000000000000e+00 0.000000000000000000e+00 0.000000000000000000e+00 1.000000000000000000e+00
5.048506855964660645e-01 8.546743988990783691e-01 -1.210671439766883850e-01 1.035183202475309372e-02
-8.171862959861755371e-01 5.183945894241333008e-01 2.519389688968658447e-01 -3.088007494807243347e-02
2.780864238739013672e-01 -2.825712785124778748e-02 9.601403474807739258e-01 -3.194706141948699951e-01
0.000000000000000000e+00 0.000000000000000000e+00 0.000000000000000000e+00 1.000000000000000000e+00
4.353055953979492188e-01 8.825612664222717285e-01 -1.777483820915222168e-01 3.512788936495780945e-02
-8.585428595542907715e-01 4.663723707199096680e-01 2.130748331546783447e-01 -1.453485060483217239e-02
2.709485292434692383e-01 5.985199287533760071e-02 9.607313275337219238e-01 -3.196713030338287354e-01
0.000000000000000000e+00 0.000000000000000000e+00 0.000000000000000000e+00 1.000000000000000000e+00
3.564446866512298584e-01 8.946288824081420898e-01 -2.694180905818939209e-01 7.216707617044448853e-02
-8.931567668914794922e-01 4.109130501747131348e-01 1.828151643276214600e-01 -1.757058780640363693e-03
2.742591202259063721e-01 1.754691302776336670e-01 9.455117583274841309e-01 -3.145317435264587402e-01
0.000000000000000000e+00 0.000000000000000000e+00 0.000000000000000000e+00 1.000000000000000000e+00
2.962437570095062256e-01 8.815677165985107422e-01 -3.675294816493988037e-01 1.091954782605171204e-01
-9.122076034545898438e-01 3.751865327358245850e-01 1.646576672792434692e-01 5.586946383118629456e-03
2.830489575862884521e-01 2.864844202995300293e-01 9.153195619583129883e-01 -3.051981329917907715e-01
0.000000000000000000e+00 0.000000000000000000e+00 0.000000000000000000e+00 1.000000000000000000e+00
2.732465565204620361e-01 8.514449596405029297e-01 -4.476355910301208496e-01 1.365372240543365479e-01
-9.317454695701599121e-01 3.499495089054107666e-01 9.687909483909606934e-02 2.998171746730804443e-02
2.391370534896850586e-01 3.906106352806091309e-01 8.889526128768920898e-01 -2.929668128490447998e-01
0.000000000000000000e+00 0.000000000000000000e+00 0.000000000000000000e+00 1.000000000000000000e+00
1.753861755132675171e-01 7.733958363533020020e-01 -6.091786026954650879e-01 1.960588097572326660e-01
-9.615252614021301270e-01 2.674588263034820557e-01 6.272928416728973389e-02 4.169259592890739441e-02
2.114447951316833496e-01 5.747387409210205078e-01 7.905482649803161621e-01 -2.589874267578125000e-01
0.000000000000000000e+00 0.000000000000000000e+00 0.000000000000000000e+00 1.000000000000000000e+00
1.333151012659072876e-01 6.712718009948730469e-01 -7.291237711906433105e-01 2.382401674985885620e-01
-9.732685089111328125e-01 2.275009751319885254e-01 3.149472177028656006e-02 5.238880962133407593e-02
1.870180070400238037e-01 7.054344415664672852e-01 6.836568117141723633e-01 -2.229293435811996460e-01
0.000000000000000000e+00 0.000000000000000000e+00 0.000000000000000000e+00 1.000000000000000000e+00
1.067583039402961731e-01 5.664010643959045410e-01 -8.171857595443725586e-01 2.681209743022918701e-01
-9.838184714317321777e-01 1.791146248579025269e-01 -4.381037317216396332e-03 6.489242613315582275e-02
1.438885182142257690e-01 8.044301271438598633e-01 5.763577222824096680e-01 -1.855043917894363403e-01
0.000000000000000000e+00 0.000000000000000000e+00 0.000000000000000000e+00 1.000000000000000000e+00
7.891450077295303345e-02 5.073997378349304199e-01 -8.580896854400634766e-01 2.834430336952209473e-01
-9.908397793769836426e-01 1.345466226339340210e-01 -1.156363729387521744e-02 6.770651787519454956e-02
1.095856577157974243e-01 8.511419296264648438e-01 5.133696198463439941e-01 -1.632246375083923340e-01
0.000000000000000000e+00 0.000000000000000000e+00 0.000000000000000000e+00 1.000000000000000000e+00
1.553303450345993042e-01 5.111362338066101074e-01 -8.453474044799804688e-01 2.724482417106628418e-01
-9.875394105911254883e-01 1.022331416606903076e-01 -1.196428239345550537e-01 1.022077724337577820e-01
2.526881359517574310e-02 8.533980250358581543e-01 5.206471085548400879e-01 -1.586290895938873291e-01
0.000000000000000000e+00 0.000000000000000000e+00 0.000000000000000000e+00 1.000000000000000000e+00
2.642406821250915527e-01 5.709665417671203613e-01 -7.772863507270812988e-01 2.427728772163391113e-01
-9.596857428550720215e-01 7.559466361999511719e-02 -2.707187235355377197e-01 1.492554098367691040e-01
-9.581264853477478027e-02 8.174855113029479980e-01 5.679237246513366699e-01 -1.636055260896682739e-01
0.000000000000000000e+00 0.000000000000000000e+00 0.000000000000000000e+00 1.000000000000000000e+00
3.235596120357513428e-01 6.124336123466491699e-01 -7.212727069854736328e-01 2.214736193418502808e-01
-9.281976819038391113e-01 5.741932988166809082e-02 -3.676303923130035400e-01 1.773654967546463013e-01
-1.837341636419296265e-01 7.884339690208435059e-01 5.870379805564880371e-01 -1.630165129899978638e-01
0.000000000000000000e+00 0.000000000000000000e+00 0.000000000000000000e+00 1.000000000000000000e+00
3.678999543190002441e-01 6.376955509185791016e-01 -6.767525076866149902e-01 2.039880454540252686e-01
-8.886500597000122070e-01 2.684246003627777100e-02 -4.577995836734771729e-01 2.024903446435928345e-01
-2.737710475921630859e-01 7.698206901550292969e-01 5.765635967254638672e-01 -1.529214680194854736e-01
0.000000000000000000e+00 0.000000000000000000e+00 0.000000000000000000e+00 1.000000000000000000e+00
