467 152 389 118
492 152 405 94
467 158 389 172
474 164 406 120
486 164 414 107
373 171 367 217
392 171 383 183
474 171 412 122
492 171 420 108
423 177 395 149
474 177 417 126
316 183 358 236
379 183 386 194
385 183 391 186
392 183 396 175
404 183 400 169
423 183 401 152
486 183 430 134
303 190 356 254
316 190 365 240
322 190 369 234
329 190 372 229
379 190 391 198
385 190 395 191
392 190 399 185
423 190 408 155
429 190 411 149
247 196 322 316
303 196 360 257
310 196 365 252
316 196 370 244
322 196 375 237
329 196 378 231
335 196 382 225
366 196 390 215
379 196 398 201
385 196 401 195
392 196 404 188
404 196 413 176
417 196 412 163
423 196 416 159
486 196 436 137
297 202 358 262
310 202 371 255
322 202 381 241
348 202 388 230
354 202 392 223
373 202 396 216
379 202 403 203
423 202 426 166
436 202 428 157
222 209 312 347
228 209 319 336
291 209 352 284
297 209 364 265
303 209 368 260
310 209 377 258
322 209 385 245
329 209 389 239
341 209 392 234
360 209 398 229
366 209 402 222
385 209 408 197
392 209 412 192
398 209 415 186
436 209 433 161
486 209 442 142
222 215 318 350
228 215 324 339
285 215 357 290
291 215 360 283
297 215 364 276
310 215 383 262
316 215 386 255
322 215 390 249
335 215 395 242
348 215 400 236
354 215 404 229
366 215 407 225
373 215 412 217
392 215 417 195
398 215 421 189
423 215 433 171
429 215 436 166
228 221 331 342
285 221 362 292
291 221 366 286
297 221 372 281
310 221 388 266
316 221 392 259
329 221 396 254
335 221 400 246
341 221 403 240
354 221 408 232
360 221 412 227
373 221 421 217
379 221 425 211
385 221 427 205
392 221 423 198
398 221 427 192
404 221 430 188
228 228 337 345
316 228 397 264
329 228 403 256
335 228 406 250
360 228 418 232
366 228 423 226
398 228 433 197
228 234 343 349
297 234 390 284
303 234 394 277
310 234 396 273
322 234 406 266
329 234 409 261
335 234 411 255
341 234 413 247
354 234 418 238
366 234 429 228
379 234 433 223
392 234 436 208
398 234 439 201
411 234 444 195
417 234 448 189
429 234 456 179
436 234 460 171
442 234 463 166
486 234 459 143
492 234 462 139
499 234 466 134
228 240 346 360
234 240 354 348
297 240 395 286
303 240 397 280
310 240 400 275
329 240 415 264
341 240 419 251
348 240 421 244
360 240 426 237
398 240 442 214
423 240 459 187
429 240 461 181
436 240 464 175
455 240 468 158
492 240 467 142
499 240 471 135
505 240 455 203
228 246 353 364
234 246 356 357
335 246 420 260
360 246 428 247
366 246 433 242
373 246 438 235
385 246 440 229
404 246 447 216
423 246 463 189
436 246 466 183
247 253 371 349
310 253 408 277
316 253 419 276
329 253 422 270
341 253 427 263
366 253 436 250
373 253 440 245
385 253 441 237
392 253 445 231
442 253 472 179
448 253 475 172
247 259 376 351
291 259 398 308
297 259 400 301
316 259 424 279
348 259 433 267
354 259 436 261
360 259 440 255
398 259 450 227
404 259 455 220
411 259 461 207
417 259 466 200
423 259 470 193
247 265 334 335
297 265 406 304
348 265 440 270
354 265 443 264
360 265 445 259
234 272 379 375
247 272 383 357
272 272 345 324
234 278 387 377
247 278 343 340
272 278 406 347
297 278 416 334
316 278 434 294
322 278 438 288
329 278 441 283
341 278 446 276
234 284 393 378
240 290 404 373
253 290 409 366
