311 153 316 310
435 162 404 172
459 167 418 149
373 176 373 242
373 181 380 245
378 181 382 240
283 186 344 353
368 186 384 253
407 186 399 213
283 191 351 356
402 191 404 224
297 195 356 344
307 195 359 335
297 200 360 350
302 200 362 345
397 200 415 231
273 210 374 374
288 210 372 362
283 214 376 366
368 214 417 260
378 214 421 253
302 219 394 349
388 219 433 245
278 224 387 378
288 224 392 366
297 224 397 357
302 224 399 352
316 224 404 338
354 224 432 288
359 224 433 283
368 224 437 275
288 229 397 372
302 229 405 353
354 229 438 292
288 233 402 374
302 243 412 357
