433 134 491 70
473 134 511 97
493 134 522 113
498 134 526 119
438 139 493 80
483 139 511 109
498 139 526 131
503 139 529 136
438 144 492 89
498 144 518 132
503 144 525 140
508 144 529 146
498 154 516 146
498 159 511 150
503 159 514 157
503 164 509 162
503 169 502 168
503 174 495 174
408 184 433 136
503 194 489 177
403 234 383 163
508 234 439 225
408 264 360 191
398 269 343 185
448 284 369 219
448 289 363 224
453 289 367 230
383 304 308 168
428 309 350 244
458 309 362 254
383 314 295 177
513 314 388 270
518 314 394 277
513 319 381 275
518 319 387 281
378 324 278 182
518 324 380 287
378 329 271 188
518 329 374 291
513 334 363 289
518 334 369 295
513 339 357 294
518 339 361 299
503 344 344 282
433 349 287 219
443 349 293 228
448 349 299 232
458 354 304 247
463 354 309 253
