422 98 403 93
409 104 390 102
415 104 396 101
422 104 404 98
428 104 410 98
409 110 390 109
403 117 386 117
409 117 391 116
428 117 413 106
403 123 387 124
409 123 393 123
415 123 400 121
397 129 380 137
403 129 389 130
409 129 395 129
415 129 401 128
440 129 421 117
391 135 374 145
403 135 390 137
409 135 396 135
415 135 402 133
434 135 414 125
440 135 420 124
446 135 427 123
403 141 389 144
409 141 396 142
415 141 403 140
422 141 409 134
434 141 421 131
446 141 429 129
452 141 435 128
495 141 480 123
391 147 379 152
409 147 396 148
415 147 404 146
428 147 415 140
434 147 422 138
440 147 427 137
452 147 437 134
482 147 470 131
489 147 477 130
495 147 482 129
391 153 382 157
397 153 391 156
415 153 405 153
422 153 412 148
428 153 419 146
434 153 423 146
452 153 438 142
458 153 444 141
476 153 464 139
482 153 471 138
489 153 478 137
397 159 385 164
415 159 406 159
422 159 411 158
428 159 419 155
434 159 424 154
440 159 431 152
452 159 440 149
458 159 445 147
470 159 457 146
476 159 465 146
482 159 473 144
385 165 379 172
409 165 402 167
415 165 409 166
452 165 441 157
458 165 447 155
464 165 451 153
470 165 458 154
476 165 466 153
482 165 474 151
489 165 480 149
391 172 387 177
409 172 402 174
415 172 410 172
422 172 416 172
452 172 442 163
458 172 447 162
464 172 453 160
470 172 460 160
476 172 468 160
482 172 475 158
422 178 416 179
428 178 421 174
434 178 427 173
440 178 433 172
452 178 443 169
458 178 448 168
464 178 454 167
470 178 462 167
476 178 469 166
482 178 475 165
367 184 361 188
409 184 403 183
428 184 423 180
434 184 429 179
458 184 449 174
464 184 455 174
470 184 464 173
476 184 470 172
367 190 369 193
373 190 376 192
385 190 384 192
391 190 389 191
409 190 405 190
415 190 411 189
422 190 418 188
428 190 424 186
434 190 431 185
452 190 443 181
464 190 457 180
470 190 465 179
360 196 358 202
385 196 384 198
397 196 396 197
409 196 406 197
415 196 413 196
422 196 419 194
428 196 425 192
434 196 432 191
440 196 438 197
446 196 443 190
458 196 453 187
464 196 460 187
470 196 466 185
360 202 360 210
385 202 385 205
391 202 392 203
397 202 398 201
403 202 404 202
415 202 414 202
422 202 420 201
428 202 427 200
434 202 433 198
470 202 468 192
354 208 354 217
373 208 374 215
379 208 380 213
385 208 386 213
391 208 392 211
397 208 397 209
409 208 409 209
415 208 415 208
422 208 421 207
428 208 427 206
348 214 348 224
354 214 354 223
360 214 363 224
367 214 369 223
373 214 375 221
379 214 381 219
385 214 387 218
391 214 393 217
397 214 398 217
403 214 405 215
415 214 416 214
422 214 422 213
428 214 428 212
434 214 435 211
348 220 349 230
354 220 355 230
360 220 363 229
367 220 369 229
373 220 376 227
379 220 382 226
385 220 388 224
391 220 393 224
397 220 399 224
403 220 405 223
415 220 417 220
422 220 423 220
428 220 430 218
464 220 466 207
348 226 349 237
354 226 357 237
360 226 364 236
367 226 371 235
373 226 377 233
379 226 383 232
385 226 389 231
391 226 394 230
397 226 400 230
403 226 406 229
415 226 418 227
422 226 423 227
458 226 462 214
354 232 359 244
360 232 365 244
367 232 371 242
373 232 377 241
379 232 384 239
385 232 389 238
391 232 396 237
397 232 402 236
409 232 413 234
415 232 418 234
422 232 423 234
336 239 343 253
348 239 354 252
354 239 360 250
360 239 367 249
367 239 372 248
373 239 378 247
379 239 384 247
391 239 396 244
397 239 403 242
409 239 414 240
415 239 419 240
422 239 424 240
428 239 436 225
434 239 443 222
330 245 337 260
336 245 343 259
348 245 354 257
354 245 361 256
360 245 367 255
367 245 373 254
373 245 379 253
379 245 385 253
397 245 401 249
403 245 410 247
415 245 419 246
428 245 436 231
434 245 443 230
330 251 338 267
336 251 344 265
348 251 355 264
360 251 367 261
367 251 374 261
373 251 380 259
379 251 387 259
397 251 402 256
422 251 431 238
428 251 437 237
434 251 444 237
330 257 339 274
336 257 345 271
379 257 388 265
385 257 394 261
422 257 433 244
428 257 438 244
434 257 445 244
330 263 340 281
348 263 356 273
354 263 361 271
360 263 366 270
367 263 374 270
373 263 380 269
385 263 394 268
391 263 401 267
397 263 406 265
409 263 416 263
422 263 432 252
428 263 439 251
336 269 347 282
348 269 357 278
354 269 362 277
360 269 367 275
367 269 375 275
373 269 383 275
379 269 390 275
385 269 396 274
391 269 401 273
403 269 411 270
409 269 417 269
415 269 423 268
422 269 434 259
428 269 440 258
336 275 349 288
348 275 358 286
354 275 363 282
367 275 375 280
373 275 384 281
379 275 390 281
385 275 396 280
391 275 402 279
397 275 407 277
409 275 418 275
415 275 425 275
422 275 432 275
428 275 438 273
312 281 336 275
336 281 346 294
373 281 385 287
379 281 391 287
391 281 403 286
409 281 419 282
415 281 426 281
422 281 433 280
428 281 439 279
306 287 330 283
312 287 336 283
324 287 338 303
360 287 371 290
373 287 384 301
385 287 400 291
391 287 404 290
397 287 410 289
409 287 420 288
415 287 427 287
422 287 434 286
428 287 441 285
318 294 333 309
324 294 338 308
342 294 353 305
367 294 378 310
373 294 385 308
385 294 401 297
391 294 406 296
397 294 411 296
409 294 422 294
415 294 428 294
422 294 435 292
306 300 326 311
318 300 334 315
354 300 366 317
360 300 373 317
367 300 379 316
373 300 386 315
391 300 407 303
397 300 412 301
409 300 423 302
415 300 429 301
422 300 436 300
293 306 315 319
300 306 321 318
306 306 326 317
312 306 327 325
324 306 341 316
354 306 367 323
360 306 374 324
367 306 380 323
373 306 387 320
385 306 398 319
391 306 404 318
409 306 423 310
415 306 430 309
293 312 316 326
300 312 318 333
306 312 323 332
312 312 328 331
318 312 335 329
360 312 375 330
367 312 381 328
379 312 392 326
385 312 399 325
391 312 405 324
397 312 410 324
403 312 417 322
409 312 423 320
415 312 430 318
287 318 308 338
300 318 318 338
306 318 324 337
312 318 329 336
318 318 336 335
354 318 372 331
385 318 399 333
391 318 406 330
409 318 424 326
287 324 308 344
293 324 315 345
306 324 325 343
312 324 331 342
318 324 336 341
354 324 373 337
360 324 378 337
367 324 384 336
293 330 317 350
300 330 324 350
312 330 332 348
324 330 344 346
342 330 365 339
373 330 348 320
318 336 337 351
342 336 366 347
348 336 371 345
312 342 332 356
318 342 340 356
324 342 346 356
330 342 353 356
336 342 359 355
342 342 364 355
354 342 376 352
360 342 382 350
367 342 388 349
324 348 347 361
330 348 354 361
336 348 360 361
348 348 370 359
354 348 376 358
360 348 383 357
367 348 389 357
385 348 404 360
336 354 361 366
348 354 370 364
354 354 376 363
360 354 382 362
367 354 390 362
373 354 396 362
342 361 369 371
348 361 375 371
360 361 383 368
367 361 390 368
373 361 396 368
379 361 404 366
385 361 409 367
367 367 391 373
373 367 398 373
379 367 405 372
