319 156 296 200
332 156 308 197
312 162 291 207
319 162 297 206
325 162 304 205
332 162 309 204
338 162 315 202
344 162 321 201
357 162 329 197
306 169 286 214
312 169 291 213
319 169 298 212
325 169 305 211
332 169 311 210
338 169 318 209
344 169 323 207
351 169 329 206
300 175 283 221
306 175 288 219
312 175 293 219
319 175 300 218
332 175 312 216
338 175 321 214
306 181 289 226
312 181 295 226
319 181 301 224
332 181 310 222
338 181 320 220
344 181 327 219
351 181 332 217
363 181 340 214
370 181 346 213
306 188 291 232
312 188 296 231
319 188 303 231
332 188 315 228
338 188 321 227
344 188 327 224
351 188 333 222
363 188 342 220
370 188 347 219
376 188 353 218
306 194 292 239
312 194 298 238
319 194 305 237
332 194 316 234
338 194 322 232
344 194 330 230
357 194 340 226
370 194 349 225
306 200 294 245
312 200 300 244
357 200 342 233
370 200 351 230
389 200 369 226
395 200 375 225
459 200 405 213
351 207 339 239
376 207 364 235
389 207 371 232
395 207 376 231
408 207 384 230
415 207 389 228
459 207 405 219
466 207 411 217
389 213 372 238
395 213 377 237
415 213 390 235
459 213 407 224
281 220 276 271
293 220 288 266
395 220 379 244
415 220 392 240
453 220 403 231
459 220 408 230
466 220 414 228
287 226 283 275
300 226 295 271
306 226 307 269
459 226 412 235
466 226 417 235
472 226 423 232
281 232 280 282
459 232 413 241
472 232 426 239
338 239 341 274
370 239 363 263
491 239 475 235
536 239 520 223
293 245 294 291
325 245 325 284
357 245 349 277
497 245 485 244
504 245 493 243
357 251 351 284
370 251 368 280
306 258 314 300
332 258 339 296
370 258 369 287
376 258 375 285
363 264 362 298
