439 155 472 113
443 155 476 116
451 155 483 119
443 159 474 120
459 163 480 124
463 163 485 126
468 163 491 128
463 168 484 130
394 172 433 106
439 172 451 138
374 176 407 102
378 176 420 101
439 176 449 143
378 180 412 104
447 180 458 125
374 184 404 107
484 184 500 154
496 184 509 149
366 188 390 109
447 188 455 132
484 188 498 159
361 192 382 111
378 192 410 124
500 192 506 171
512 192 520 169
500 196 504 176
361 200 380 117
366 200 384 120
431 200 440 132
472 200 462 156
500 200 501 181
504 200 506 184
431 204 438 138
488 204 488 182
500 204 498 186
504 204 505 189
500 208 496 192
521 208 520 185
386 212 397 138
480 212 465 185
521 212 518 192
374 217 390 127
468 221 457 153
508 221 508 197
435 225 437 172
500 225 497 174
370 229 362 151
386 229 386 161
370 233 379 130
361 237 355 153
366 237 371 134
366 241 349 166
525 241 510 207
443 265 427 215
455 270 435 199
361 278 345 176
378 278 372 191
508 278 477 234
512 278 484 235
512 282 481 239
366 286 348 199
374 286 353 201
504 286 457 245
508 286 490 232
378 290 359 205
374 294 351 206
378 294 356 208
508 294 459 252
374 302 347 212
378 302 353 214
390 306 364 221
394 306 371 224
468 310 416 244
402 319 362 226
435 319 396 243
