374 79 385 80
361 85 371 86
374 85 385 87
418 85 425 86
424 85 439 87
431 85 445 86
437 85 450 86
450 85 462 86
374 92 385 94
412 92 420 92
424 92 433 92
431 92 443 92
437 92 449 92
374 98 386 99
374 104 385 105
386 104 399 106
399 104 411 107
405 104 418 107
412 104 424 107
418 104 430 107
443 104 456 104
367 111 378 112
374 111 386 111
380 111 392 111
393 111 402 112
399 111 411 113
405 111 418 113
412 111 424 114
361 117 371 119
367 117 377 119
374 117 385 119
380 117 392 118
393 117 402 119
405 117 418 119
412 117 424 119
424 117 435 118
443 117 455 120
456 117 468 119
355 123 364 126
361 123 371 125
367 123 377 125
374 123 385 125
380 123 391 125
393 123 402 125
399 123 408 124
405 123 418 125
418 123 428 124
424 123 434 125
431 123 440 124
437 123 450 125
443 123 456 126
367 130 377 131
386 130 396 132
393 130 402 132
399 130 407 132
412 130 424 131
424 130 435 131
431 130 443 131
361 136 371 138
386 136 396 138
393 136 403 139
399 136 409 138
412 136 422 137
418 136 428 137
424 136 436 138
361 142 371 145
367 142 377 145
405 142 416 144
412 142 424 144
424 142 435 144
462 142 477 145
469 142 481 144
361 149 371 151
367 149 377 151
380 149 389 151
412 149 424 151
456 149 468 151
355 155 364 158
361 155 371 157
367 155 377 157
374 155 382 157
393 155 402 157
412 155 420 157
418 155 428 157
456 155 468 157
348 161 358 163
355 161 364 164
361 161 370 163
367 161 376 163
374 161 382 163
380 161 389 164
386 161 392 164
405 161 406 164
412 161 421 165
418 161 427 164
424 161 434 164
431 161 441 164
437 161 448 164
443 161 455 163
456 161 468 164
348 168 358 169
355 168 364 169
367 168 377 168
374 168 383 170
380 168 389 171
386 168 395 171
393 168 401 171
412 168 422 171
418 168 428 169
424 168 432 170
431 168 440 171
437 168 448 169
443 168 454 169
456 168 468 169
348 174 357 177
355 174 364 176
361 174 370 176
367 174 377 176
380 174 388 177
386 174 395 177
393 174 402 177
399 174 409 177
405 174 416 177
412 174 421 177
418 174 427 176
437 174 447 175
348 180 357 183
355 180 364 183
361 180 370 184
367 180 377 182
374 180 383 182
380 180 389 182
386 180 394 183
393 180 402 183
399 180 409 183
405 180 416 183
412 180 421 183
418 180 428 183
437 180 448 182
443 180 454 182
348 187 358 188
355 187 364 190
361 187 371 190
374 187 383 189
393 187 403 189
399 187 410 190
405 187 415 189
412 187 421 189
418 187 428 188
424 187 435 189
469 187 479 189
348 193 357 195
355 193 365 196
361 193 371 195
374 193 386 196
380 193 393 197
393 193 403 197
405 193 416 196
412 193 421 196
418 193 428 196
424 193 434 200
431 193 441 200
456 193 467 196
361 199 371 202
367 199 380 202
374 199 387 202
380 199 393 203
393 199 402 203
399 199 410 203
405 199 415 203
412 199 421 203
418 199 428 203
431 199 440 206
437 199 449 203
393 206 402 209
399 206 409 209
405 206 416 209
418 206 428 213
424 206 435 213
431 206 441 213
405 212 415 215
418 212 428 219
424 212 435 220
431 212 441 219
367 218 376 222
399 218 409 222
405 218 415 223
412 218 421 223
361 225 370 228
374 225 382 229
380 225 388 229
386 225 396 229
393 225 402 229
399 225 409 229
405 225 415 229
412 225 421 229
443 225 455 229
361 231 370 234
367 231 375 235
374 231 382 235
380 231 389 235
386 231 396 235
393 231 403 235
399 231 409 235
348 238 358 241
355 238 364 241
361 238 369 242
367 238 376 242
374 238 382 242
380 238 388 241
386 238 396 241
393 238 403 241
399 238 409 241
405 238 414 242
348 244 358 247
355 244 364 247
361 244 369 248
367 244 375 248
374 244 381 247
380 244 387 247
386 244 395 247
393 244 403 248
399 244 408 247
405 244 414 247
412 244 419 247
342 250 352 254
348 250 358 254
355 250 363 253
361 250 368 254
367 250 375 254
374 250 381 254
386 250 388 253
393 250 402 254
399 250 408 253
412 250 419 253
418 250 428 254
424 250 435 255
431 250 441 255
437 250 447 254
443 250 454 255
342 257 351 261
348 257 357 260
355 257 363 260
361 257 369 260
367 257 376 261
374 257 382 261
380 257 388 260
393 257 402 261
399 257 409 260
405 257 413 260
412 257 420 261
418 257 427 261
424 257 435 261
431 257 441 261
437 257 447 261
462 257 473 259
342 263 351 265
348 263 357 266
355 263 364 266
361 263 371 267
367 263 376 267
399 263 409 267
462 263 472 266
348 269 357 273
355 269 364 273
361 269 371 273
367 269 376 273
386 269 395 273
405 269 415 273
412 269 422 273
418 269 428 273
424 269 434 274
443 269 454 273
462 269 472 272
348 276 357 279
355 276 364 280
361 276 370 280
367 276 377 280
399 276 408 280
405 276 415 280
412 276 422 280
418 276 428 280
424 276 434 280
450 276 461 279
342 282 349 286
348 282 357 287
355 282 364 287
361 282 371 286
367 282 378 286
393 282 402 286
399 282 408 286
405 282 415 286
412 282 422 286
418 282 429 287
450 282 460 286
348 288 357 293
355 288 364 293
361 288 369 294
367 288 377 293
412 288 422 293
418 288 428 292
342 295 350 298
348 295 357 298
367 295 376 299
412 295 422 300
424 295 435 299
431 295 441 299
348 301 357 303
355 301 364 304
361 301 370 304
367 301 376 304
374 301 382 304
399 301 408 306
405 301 414 306
412 301 420 305
418 301 427 305
424 301 435 305
437 301 447 306
342 307 350 310
348 307 357 310
355 307 364 310
361 307 370 310
367 307 376 310
374 307 382 309
393 307 402 312
399 307 408 312
405 307 413 312
412 307 419 312
418 307 427 311
336 314 344 317
355 314 364 317
361 314 369 316
399 314 408 321
405 314 413 318
412 314 419 318
418 314 426 317
424 314 434 317
443 314 454 318
393 320 402 330
399 320 408 330
412 320 419 324
418 320 427 327
424 320 433 324
443 320 453 329
393 326 401 336
399 326 408 336
418 326 427 334
437 326 447 335
443 326 453 334
355 333 364 338
361 333 370 337
380 333 388 336
386 333 395 336
393 333 401 342
399 333 409 341
412 333 420 338
418 333 428 340
431 333 441 341
443 333 453 341
336 339 344 344
348 339 357 344
355 339 364 344
361 339 370 344
374 339 382 343
380 339 388 344
386 339 395 343
399 339 409 347
405 339 415 347
412 339 421 344
418 339 428 346
431 339 440 346
437 339 447 347
443 339 453 347
336 345 344 351
342 345 350 351
348 345 357 351
355 345 363 351
361 345 369 351
367 345 375 350
374 345 382 351
380 345 388 351
393 345 401 351
424 345 435 352
437 345 447 352
336 352 342 357
342 352 350 357
348 352 356 357
355 352 363 357
361 352 370 357
367 352 376 357
374 352 382 358
380 352 389 357
386 352 395 357
393 352 401 357
399 352 409 358
405 352 415 358
443 352 454 355
374 358 381 363
380 358 388 363
386 358 395 363
431 358 440 364
437 358 447 364
443 358 453 363
