496 100 333 123
501 100 341 112
491 105 335 129
496 105 338 125
501 105 341 120
506 105 349 110
526 105 352 104
532 105 356 100
511 111 353 112
542 111 368 91
501 116 347 125
506 116 358 117
542 121 373 96
506 126 386 98
516 126 348 132
542 126 375 104
547 126 410 85
557 126 414 80
557 136 419 84
557 141 423 86
562 141 432 105
506 152 461 163
573 157 459 88
470 162 455 159
511 162 386 166
521 162 418 119
465 167 374 127
491 172 388 150
496 172 392 144
501 172 395 139
506 172 398 134
532 172 415 153
434 177 390 190
465 177 398 202
496 177 396 147
480 182 463 158
501 182 400 144
496 187 414 133
511 187 411 138
578 187 481 101
455 193 404 215
470 193 465 167
547 193 465 113
445 198 425 206
455 198 408 217
516 198 434 138
547 198 470 117
557 198 473 113
445 208 431 209
496 208 420 179
445 213 433 212
450 213 437 208
470 218 452 186
455 228 419 216
491 228 397 212
450 233 420 224
496 233 461 185
501 233 465 181
552 233 494 156
439 239 441 225
450 239 426 227
521 239 480 168
526 239 483 163
532 239 486 158
470 244 432 204
496 244 472 192
501 244 474 187
521 244 485 170
526 244 488 166
532 244 489 161
537 244 490 155
542 244 494 150
465 249 432 217
475 254 441 216
511 254 484 185
521 254 491 175
526 254 494 171
532 254 496 165
475 259 446 220
470 264 474 210
511 269 493 192
