332 156 302 165
319 162 295 172
332 162 304 170
338 162 310 168
344 162 315 167
363 162 332 162
293 169 276 184
325 169 306 175
338 169 311 172
344 169 317 171
370 169 341 164
402 169 319 163
306 175 296 183
312 175 301 180
344 175 320 175
351 175 325 173
357 175 329 172
402 175 323 167
300 181 292 189
306 181 297 187
312 181 304 185
325 181 309 183
338 181 321 181
344 181 327 179
357 181 334 176
363 181 339 174
370 181 344 171
414 181 374 161
306 188 300 193
312 188 305 190
325 188 312 187
332 188 317 186
338 188 325 186
344 188 330 184
357 188 337 180
363 188 342 179
370 188 346 176
497 188 424 149
504 188 429 148
287 194 284 201
293 194 288 205
300 194 293 202
312 194 307 195
325 194 314 192
332 194 320 190
344 194 333 188
351 194 339 186
363 194 344 183
370 194 351 181
376 194 355 179
446 194 354 171
453 194 359 169
293 200 290 211
300 200 297 201
306 200 304 199
332 200 323 195
338 200 329 193
363 200 348 187
370 200 353 185
376 200 357 183
395 200 369 178
408 200 379 173
414 200 386 170
446 200 361 175
478 200 372 169
287 207 287 219
293 207 293 217
332 207 325 201
338 207 331 197
344 207 336 196
351 207 342 194
370 207 355 191
376 207 361 189
395 207 373 183
408 207 383 177
414 207 389 175
440 207 407 172
332 213 328 205
338 213 333 202
344 213 339 200
351 213 344 197
363 213 350 195
376 213 364 194
383 213 369 191
414 213 392 180
497 213 441 174
548 213 455 159
293 220 296 235
300 220 300 232
306 220 304 227
344 220 342 205
351 220 347 202
363 220 353 200
383 220 371 196
389 220 376 194
395 220 381 192
414 220 394 185
293 226 298 241
300 226 304 238
344 226 339 215
351 226 345 211
363 226 357 206
376 226 370 204
383 226 375 200
504 226 447 179
510 226 452 177
536 226 462 173
268 232 273 270
274 232 281 265
281 232 287 261
300 232 306 244
325 232 319 238
332 232 322 235
344 232 326 228
389 232 381 200
536 232 464 177
555 232 497 160
274 239 285 269
281 239 289 267
287 239 295 264
306 239 310 249
344 239 329 234
351 239 350 258
370 239 366 227
376 239 360 251
383 239 378 208
389 239 384 205
548 239 495 167
281 245 296 278
287 245 293 272
293 245 304 268
363 245 363 236
376 245 371 232
421 245 391 235
491 245 454 209
306 251 314 269
319 251 320 259
325 251 326 256
332 251 334 258
491 251 456 214
325 258 333 267
332 258 341 269
344 258 351 264
363 258 362 258
383 258 373 253
389 258 379 249
427 258 400 238
491 258 459 220
363 264 368 268
383 264 381 268
389 264 387 264
421 264 403 256
491 264 463 225
