363 128 362 129
385 128 385 130
357 134 355 135
363 134 360 135
368 134 366 135
374 134 372 135
380 134 377 135
385 134 383 135
391 134 389 135
397 134 395 136
351 140 349 141
357 140 354 140
363 140 360 140
368 140 366 140
374 140 371 140
380 140 376 140
385 140 382 140
391 140 388 141
357 145 354 145
363 145 360 146
368 145 364 146
374 145 371 146
380 145 377 145
385 145 383 145
351 151 348 151
357 151 354 151
363 151 359 151
368 151 365 151
374 151 370 151
380 151 376 151
351 157 349 157
357 157 355 157
363 157 359 157
368 157 365 157
374 157 370 157
351 162 349 162
357 162 353 163
363 162 359 163
368 162 365 163
380 162 369 168
328 168 325 166
334 168 330 167
340 168 336 167
346 168 341 167
357 168 353 169
363 168 358 168
277 174 268 172
283 174 272 173
294 174 291 170
300 174 296 170
306 174 290 172
328 174 325 172
334 174 330 172
340 174 335 173
357 174 352 174
363 174 357 174
260 179 255 175
266 179 262 175
283 179 272 179
300 179 297 175
306 179 302 176
323 179 318 179
328 179 325 179
334 179 330 178
340 179 335 178
346 179 341 178
260 185 255 181
266 185 262 180
271 185 269 179
328 185 325 185
334 185 330 185
340 185 335 184
346 185 340 184
254 191 243 191
260 191 256 186
266 191 263 186
271 191 268 186
328 191 325 191
334 191 331 190
340 191 335 189
346 191 340 190
391 191 391 198
397 191 397 193
249 196 239 196
254 196 244 197
260 196 257 191
266 196 263 191
271 196 267 191
294 196 284 191
346 196 341 195
351 196 346 196
397 196 397 198
402 196 403 198
408 196 408 199
249 202 239 201
254 202 244 203
380 202 369 201
402 202 403 205
408 202 408 204
232 208 222 207
237 208 228 208
243 208 234 207
249 208 240 207
260 208 251 208
391 208 375 196
402 208 403 210
408 208 408 210
232 214 222 213
237 214 227 214
249 214 240 213
328 214 312 214
402 214 392 219
226 219 215 220
232 219 221 219
237 219 227 220
243 219 234 220
249 219 240 219
334 219 336 214
402 219 392 224
226 225 216 226
232 225 221 226
237 225 227 226
243 225 234 226
300 225 296 225
346 225 343 220
220 231 211 230
226 231 217 230
232 231 222 231
243 231 233 232
294 231 291 231
300 231 296 230
220 236 211 237
226 236 217 236
232 236 222 237
237 236 227 238
243 236 233 237
311 236 307 230
334 236 335 236
402 236 399 243
226 242 217 243
232 242 222 243
237 242 228 242
243 242 234 242
220 248 211 248
226 248 216 249
232 248 222 249
237 248 227 248
243 248 234 248
391 254 376 252
402 254 392 253
214 259 206 255
220 259 212 254
226 259 217 253
277 259 273 259
283 259 280 259
288 259 285 259
397 259 382 258
214 265 206 264
220 265 211 259
226 265 217 258
237 265 228 253
277 265 274 265
283 265 280 265
220 271 211 264
226 271 217 263
232 271 223 263
277 271 274 271
283 271 280 270
391 271 374 269
397 271 381 270
226 276 216 271
232 276 223 271
237 276 229 272
385 276 369 275
391 276 375 275
397 276 380 276
408 276 396 278
237 282 229 277
243 282 235 278
294 282 291 278
380 282 363 280
385 282 369 280
391 282 375 280
397 282 380 281
402 282 392 275
431 282 425 283
220 288 212 288
243 288 234 283
294 288 290 283
374 288 357 286
402 288 393 280
420 288 410 286
431 288 425 288
254 293 250 294
311 293 308 292
391 293 376 289
397 293 382 289
402 293 393 286
408 293 400 288
414 293 405 288
431 293 425 293
243 299 233 295
266 299 257 294
277 299 269 293
283 299 278 294
306 299 302 298
311 299 308 297
374 299 359 294
380 299 365 295
385 299 371 295
391 299 377 294
397 299 385 294
402 299 392 293
408 299 399 294
414 299 405 297
420 299 410 298
425 299 416 298
431 299 421 298
294 305 289 304
385 305 371 300
391 305 377 300
397 305 385 300
402 305 392 299
408 305 398 303
414 305 404 303
420 305 410 305
425 305 416 305
266 310 256 306
294 310 290 310
357 310 346 303
374 310 359 306
380 310 364 306
385 310 370 305
402 310 392 308
408 310 397 309
414 310 404 309
420 310 410 311
425 310 416 311
260 316 250 312
346 316 331 310
351 316 337 310
357 316 342 310
368 316 354 311
374 316 359 311
380 316 364 312
408 316 397 315
414 316 404 316
420 316 410 317
425 316 416 317
431 316 423 321
334 322 324 314
340 322 329 314
351 322 336 316
357 322 341 317
363 322 347 318
368 322 353 317
374 322 359 317
391 322 377 321
397 322 385 321
402 322 391 322
408 322 397 322
414 322 404 323
420 322 410 323
425 322 416 326
431 322 423 327
254 328 240 321
266 328 251 321
317 328 314 317
323 328 320 317
340 328 330 320
351 328 336 322
357 328 342 322
363 328 348 322
368 328 353 322
374 328 359 322
385 328 370 326
391 328 377 327
397 328 385 327
402 328 391 328
408 328 398 328
414 328 404 329
420 328 410 330
425 328 416 331
431 328 425 329
260 333 245 326
266 333 251 327
271 333 256 326
277 333 267 328
328 333 318 326
334 333 323 326
340 333 329 326
351 333 336 328
357 333 341 327
363 333 348 326
368 333 353 326
374 333 360 326
380 333 365 331
385 333 371 333
391 333 377 334
397 333 386 334
402 333 392 334
408 333 398 335
414 333 405 335
420 333 410 336
425 333 417 337
283 339 268 333
323 339 307 333
328 339 319 331
340 339 323 334
346 339 330 334
351 339 336 333
357 339 342 333
363 339 347 339
368 339 352 338
374 339 358 338
380 339 365 338
385 339 371 339
391 339 377 340
397 339 386 340
402 339 392 340
408 339 398 339
414 339 405 340
420 339 410 343
425 339 417 344
288 345 278 339
328 345 319 337
340 345 324 340
346 345 330 339
351 345 336 339
357 345 341 344
363 345 346 345
380 345 365 345
385 345 371 345
391 345 377 346
397 345 386 346
402 345 392 346
408 345 399 345
414 345 403 349
420 345 410 349
294 350 279 344
311 350 296 345
357 350 341 350
363 350 346 350
368 350 352 350
374 350 359 351
380 350 365 351
385 350 370 351
391 350 376 351
397 350 386 352
402 350 392 352
408 350 397 354
414 350 403 354
420 350 409 355
311 356 301 350
351 356 335 355
357 356 340 355
363 356 347 355
368 356 354 356
374 356 359 356
380 356 365 357
385 356 370 357
391 356 380 358
397 356 386 358
351 362 334 361
357 362 340 362
363 362 347 361
368 362 354 362
374 362 360 362
380 362 365 362
385 362 374 363
391 362 380 363
340 368 330 367
346 368 337 367
357 368 341 367
363 368 347 367
368 368 357 368
374 368 362 368
380 368 368 369
385 368 374 368
391 368 380 368
397 368 386 369
402 368 392 368
334 373 324 372
340 373 330 373
346 373 334 372
351 373 340 372
357 373 346 372
363 373 351 373
368 373 357 373
374 373 363 373
380 373 368 374
385 373 374 374
391 373 381 374
334 379 324 378
340 379 329 378
346 379 334 378
351 379 339 378
357 379 345 378
363 379 352 379
368 379 357 379
374 379 363 379
380 379 369 380
385 379 374 380
