438 95 437 96
442 95 442 96
447 95 451 95
452 95 447 97
456 95 460 96
461 95 465 97
475 95 470 95
480 95 475 96
485 95 479 96
433 100 431 101
438 100 437 101
442 100 441 101
452 100 447 101
456 100 451 101
461 100 461 101
475 100 470 100
480 100 474 100
489 100 483 100
494 100 492 102
438 104 436 105
442 104 441 105
475 104 474 106
480 104 479 106
485 104 484 107
489 104 489 106
494 104 492 106
503 104 498 105
428 109 433 107
475 109 475 110
480 109 479 111
485 109 483 110
489 109 488 110
494 109 493 111
499 109 497 111
433 114 436 111
466 114 464 115
470 114 469 115
475 114 474 115
480 114 479 115
485 114 483 116
489 114 487 115
494 114 492 115
499 114 497 115
503 114 501 115
442 119 451 115
447 119 456 115
470 119 469 120
480 119 478 120
494 119 492 120
518 119 517 123
400 123 405 120
447 123 456 119
470 123 469 124
480 123 478 124
489 123 488 124
494 123 492 125
499 123 490 118
381 128 386 124
391 128 400 123
400 128 405 123
405 128 409 123
414 128 415 123
419 128 419 123
424 128 424 124
466 128 465 128
470 128 469 128
489 128 488 129
503 128 497 124
391 133 390 128
405 133 408 128
414 133 418 127
419 133 422 127
424 133 426 128
428 133 432 128
489 133 487 133
499 133 493 131
503 133 498 133
518 133 510 127
522 133 515 128
527 133 525 138
358 137 353 138
391 137 390 133
400 137 401 133
409 137 413 132
414 137 418 131
424 137 427 133
433 137 437 132
438 137 441 132
442 137 446 132
475 137 470 142
499 137 493 137
503 137 499 136
508 137 503 137
513 137 508 138
522 137 520 142
527 137 525 142
353 142 349 143
358 142 372 133
362 142 377 133
400 142 403 136
405 142 408 136
409 142 413 136
419 142 423 134
424 142 427 136
428 142 433 135
433 142 436 137
438 142 441 136
442 142 446 137
447 142 451 137
489 142 489 138
513 142 510 142
518 142 516 147
522 142 521 147
353 147 349 147
358 147 371 137
362 147 375 137
414 147 419 138
419 147 423 139
428 147 432 142
433 147 436 142
438 147 446 143
447 147 451 141
456 147 469 151
466 147 466 136
499 147 496 144
503 147 503 143
527 147 524 147
344 152 353 142
353 152 353 151
367 152 382 142
409 152 414 142
414 152 419 142
419 152 423 143
433 152 438 147
442 152 451 147
494 152 488 150
513 152 509 147
518 152 514 150
522 152 519 150
527 152 524 151
348 156 349 153
353 156 354 156
391 156 391 161
405 156 409 151
409 156 414 146
414 156 419 146
419 156 424 146
424 156 428 147
428 156 432 147
447 156 460 157
452 156 465 158
456 156 469 158
508 156 505 151
513 156 510 152
518 156 515 156
522 156 519 156
527 156 525 156
334 161 335 160
391 161 392 166
414 161 419 151
419 161 424 151
428 161 432 152
433 161 436 157
447 161 460 161
456 161 469 162
466 161 475 161
513 161 511 157
518 161 515 160
522 161 520 161
527 161 525 161
330 166 330 165
353 166 354 160
381 166 391 156
395 166 400 151
409 166 410 169
414 166 415 169
428 166 432 157
447 166 447 156
452 166 451 156
508 166 508 161
513 166 511 165
518 166 516 165
522 166 520 165
339 170 336 174
348 170 354 165
391 170 386 194
405 170 408 166
409 170 410 174
414 170 415 175
424 170 428 162
442 170 442 160
447 170 446 160
452 170 451 160
485 170 493 169
325 175 325 175
334 175 330 180
339 175 335 180
344 175 340 180
348 175 354 169
362 175 373 166
395 175 400 171
400 175 404 170
433 175 428 181
452 175 456 171
456 175 460 171
320 180 321 180
325 180 326 180
339 180 334 185
362 180 373 171
367 180 378 170
391 180 395 179
395 180 400 179
400 180 404 174
433 180 428 185
475 180 480 171
480 180 484 170
391 184 395 184
395 184 399 184
419 184 409 223
424 184 414 223
475 184 481 175
480 184 484 174
358 189 362 194
391 189 391 189
400 189 404 183
424 189 414 227
438 189 437 178
452 189 450 229
475 189 480 180
480 189 484 179
320 194 321 195
325 194 325 193
348 194 352 199
353 194 358 199
358 194 362 199
395 194 399 189
405 194 409 188
409 194 414 187
470 194 474 190
475 194 483 189
485 194 488 188
489 194 493 188
320 198 321 199
325 198 326 199
348 198 353 203
353 198 358 204
395 198 399 193
400 198 404 194
405 198 409 193
409 198 414 193
433 198 417 216
475 198 482 193
485 198 488 193
489 198 493 192
320 203 322 204
348 203 354 208
395 203 399 199
400 203 404 198
405 203 409 198
409 203 414 198
461 203 461 239
470 203 478 197
475 203 483 198
489 203 493 197
320 208 321 208
395 208 399 204
400 208 404 203
405 208 409 202
414 208 431 175
442 208 428 226
475 208 483 201
485 208 489 199
489 208 493 203
494 208 497 203
320 213 320 212
339 213 338 211
344 213 349 212
381 213 386 198
391 213 395 208
395 213 399 208
400 213 404 212
414 213 422 199
419 213 427 199
438 213 422 230
442 213 428 230
452 213 452 239
456 213 456 240
475 213 483 205
480 213 487 206
489 213 492 208
494 213 496 208
320 217 321 216
334 217 334 216
344 217 349 216
386 217 390 212
391 217 394 213
395 217 399 213
414 217 422 206
419 217 428 206
424 217 433 207
428 217 438 207
438 217 404 255
470 217 479 208
480 217 487 211
485 217 491 212
494 217 496 217
339 222 344 221
348 222 353 179
386 222 390 218
391 222 394 218
395 222 398 218
400 222 404 217
419 222 428 212
470 222 470 222
480 222 486 216
489 222 494 217
334 227 338 225
381 227 387 222
386 227 390 223
391 227 394 223
395 227 400 222
400 227 406 222
470 227 470 226
480 227 487 222
489 227 494 221
334 231 330 204
339 231 336 204
381 231 387 227
386 231 390 227
391 231 395 227
395 231 400 227
461 231 465 226
470 231 469 230
475 231 474 231
485 231 489 226
489 231 494 226
334 236 330 209
339 236 336 208
381 236 387 231
461 236 465 231
480 236 487 231
485 236 489 235
489 236 493 230
339 241 336 212
344 241 343 241
466 241 468 238
470 241 474 239
475 241 479 240
480 241 484 240
485 241 488 239
330 246 340 257
395 246 395 254
400 246 400 254
475 246 479 244
334 250 345 258
344 250 358 262
381 250 372 230
386 250 377 230
391 250 382 230
414 250 376 249
461 250 450 264
466 250 456 264
344 255 358 268
381 255 371 235
386 255 377 234
400 255 418 232
461 255 450 269
466 255 456 268
433 264 437 262
461 264 457 254
433 269 437 268
438 269 442 267
348 274 349 272
353 274 354 272
395 274 400 267
419 274 391 273
424 274 395 273
433 274 437 272
438 274 440 272
442 274 450 272
447 274 455 273
461 274 465 272
466 274 469 272
353 278 354 277
428 278 428 278
433 278 433 277
438 278 441 276
442 278 450 276
456 278 460 276
461 278 465 275
428 283 428 283
433 283 433 282
442 283 446 282
447 283 452 281
372 288 364 281
376 288 368 282
381 288 376 282
424 288 417 287
433 288 434 287
442 288 447 285
452 288 452 287
400 292 399 290
409 292 404 290
414 292 408 290
428 292 422 292
433 292 433 291
438 292 437 291
442 292 441 291
405 297 405 295
419 297 418 296
424 297 423 295
433 297 426 296
