422 124 496 92
435 124 508 100
397 132 441 82
472 132 527 113
476 132 532 117
393 136 398 79
447 136 489 103
464 136 509 111
385 140 405 81
447 140 483 109
460 140 499 113
401 144 480 114
372 149 388 81
376 149 393 86
401 149 403 111
364 157 409 85
405 157 432 94
456 161 420 111
364 170 380 93
451 170 375 206
372 178 458 112
464 178 497 209
510 178 521 136
493 182 493 125
497 182 498 129
493 190 488 131
497 190 494 135
439 195 369 212
502 203 456 295
497 207 436 300
502 207 451 302
497 211 432 307
502 241 428 312
393 249 376 179
359 253 384 114
364 253 391 117
468 257 449 122
485 270 419 323
485 274 415 329
489 274 423 334
401 282 396 123
472 282 441 135
485 282 418 342
468 287 405 333
472 287 436 140
451 291 388 331
476 291 407 343
456 299 402 338
460 299 391 339
405 303 330 307
426 303 363 331
