481 94 448 74
498 94 461 86
498 100 463 93
469 106 421 115
493 106 458 103
504 106 473 103
487 112 453 113
493 112 460 110
498 112 469 113
510 118 483 123
487 124 454 117
504 124 477 133
510 124 485 130
516 124 491 130
528 124 505 129
434 130 401 131
440 130 408 133
446 130 415 134
451 130 422 131
504 130 481 140
516 130 494 136
522 130 500 135
434 136 404 138
440 136 411 140
446 136 418 140
451 136 424 139
498 136 475 148
504 136 483 146
510 136 490 145
516 136 497 143
522 136 502 142
528 136 508 141
534 136 515 138
428 141 399 146
434 141 405 144
440 141 414 148
446 141 420 147
451 141 426 145
493 141 471 152
504 141 485 151
510 141 492 151
516 141 498 149
522 141 504 148
534 141 513 145
540 141 521 141
410 147 383 152
416 147 389 151
428 147 402 155
434 147 408 152
440 147 417 155
446 147 423 154
469 147 449 161
475 147 456 159
481 147 462 157
493 147 473 159
498 147 480 158
528 147 508 152
534 147 515 150
404 153 380 160
410 153 386 159
416 153 392 157
428 153 404 162
434 153 411 160
446 153 424 162
463 153 443 163
469 153 451 166
475 153 458 165
481 153 464 166
487 153 471 165
493 153 477 165
510 153 494 160
393 159 369 165
410 159 389 165
416 159 394 164
422 159 404 168
434 159 413 167
440 159 420 170
446 159 426 168
463 159 445 169
475 159 458 172
481 159 466 173
487 159 473 171
398 165 377 172
410 165 390 173
416 165 397 172
422 165 405 175
434 165 414 172
440 165 422 176
446 165 428 175
457 165 441 178
463 165 449 181
469 165 454 180
475 165 460 179
387 171 368 181
393 171 375 179
410 171 394 181
416 171 401 183
422 171 407 182
434 171 416 180
446 171 432 183
457 171 443 186
463 171 450 187
469 171 457 186
487 171 471 183
528 171 501 161
534 171 508 160
540 171 517 160
545 171 525 157
369 177 349 186
381 177 364 189
387 177 371 188
393 177 377 187
404 177 389 190
410 177 396 192
416 177 403 191
422 177 409 190
434 177 421 191
440 177 429 191
446 177 434 191
457 177 446 193
381 183 367 195
387 183 373 195
398 183 385 198
404 183 392 197
410 183 398 198
416 183 406 197
422 183 412 197
434 183 424 199
440 183 430 199
457 183 447 198
475 183 462 194
522 183 500 174
528 183 506 171
534 183 514 169
369 188 356 201
375 188 362 201
381 188 368 202
393 188 380 202
398 188 388 205
404 188 394 205
410 188 400 206
416 188 407 205
422 188 414 205
434 188 426 207
440 188 432 206
463 188 449 206
469 188 455 203
475 188 461 201
522 188 502 180
528 188 507 178
369 194 358 208
381 194 371 209
387 194 379 209
398 194 391 212
404 194 397 211
410 194 402 212
416 194 410 212
422 194 417 211
434 194 427 213
440 194 433 211
510 194 493 181
351 200 342 213
369 200 360 215
375 200 366 213
381 200 374 216
387 200 381 217
398 200 393 218
404 200 399 218
410 200 406 219
416 200 412 218
422 200 420 216
346 206 338 222
351 206 344 221
357 206 350 219
363 206 357 225
369 206 363 223
375 206 371 224
381 206 378 224
387 206 385 223
398 206 396 226
404 206 402 225
422 206 418 224
346 212 340 228
351 212 346 228
363 212 359 231
369 212 366 229
375 212 374 231
381 212 380 231
387 212 387 229
398 212 398 232
404 212 403 232
410 212 408 230
346 218 342 235
351 218 348 234
363 218 362 237
369 218 368 237
375 218 375 238
381 218 383 238
387 218 388 237
393 218 393 240
398 218 399 240
404 218 405 237
410 218 412 234
334 224 332 241
340 224 338 240
346 224 344 242
351 224 351 241
363 224 364 245
369 224 370 244
375 224 378 246
381 224 384 245
398 224 399 245
404 224 408 242
475 224 473 212
487 224 483 209
334 230 334 249
340 230 341 251
346 230 347 250
351 230 355 253
363 230 366 251
369 230 373 251
375 230 379 252
381 230 386 251
393 230 395 250
410 230 415 243
334 236 336 255
340 236 344 257
346 236 350 257
363 236 369 258
369 236 376 258
393 236 396 256
398 236 403 254
404 236 410 251
416 236 425 246
457 236 456 227
463 236 461 225
322 241 328 263
334 241 338 261
340 241 345 264
346 241 352 264
351 241 358 264
369 241 377 264
381 241 390 259
446 241 442 232
316 247 324 268
322 247 331 269
334 247 340 268
340 247 348 272
346 247 354 271
446 247 444 238
451 247 451 237
310 253 320 275
316 253 326 273
340 253 351 278
346 253 356 278
469 253 470 240
310 259 322 281
316 259 328 281
322 259 337 283
328 259 345 282
363 259 386 267
369 259 393 265
375 259 401 262
469 259 472 245
475 259 477 243
481 259 481 241
293 265 307 290
304 265 318 289
310 265 324 287
316 265 331 288
322 265 340 290
328 265 346 289
357 265 381 275
369 265 389 273
434 265 442 257
293 271 311 295
310 271 326 295
316 271 334 294
293 277 313 301
299 277 320 299
316 277 338 301
322 277 343 300
369 277 383 284
375 277 390 282
434 277 441 271
446 277 453 266
293 283 314 310
299 283 323 306
304 283 330 305
293 288 316 316
299 288 325 313
304 288 332 310
316 294 345 311
381 294 398 295
387 294 404 293
393 294 410 292
299 300 327 321
304 300 334 318
381 300 399 300
393 300 412 296
363 312 375 311
