404 163 422 169
423 163 434 169
391 170 408 175
410 176 423 176
417 176 435 175
430 176 443 176
437 176 449 176
456 176 469 176
463 176 474 175
573 176 568 179
365 183 374 183
560 183 561 184
573 183 568 185
358 189 368 188
391 189 409 190
397 189 416 184
410 189 429 183
417 189 434 184
430 189 449 184
437 189 460 183
443 189 467 182
450 189 473 183
463 189 483 183
469 189 488 184
476 189 494 185
293 196 297 192
319 196 330 188
332 196 343 189
371 196 403 188
397 196 421 189
404 196 428 188
410 196 436 188
417 196 442 188
423 196 449 188
430 196 454 188
437 196 461 188
443 196 468 188
450 196 473 188
456 196 479 189
469 196 488 191
476 196 494 191
482 196 500 191
489 196 502 193
547 196 547 196
554 196 554 196
306 202 316 194
313 202 324 193
319 202 329 193
397 202 422 194
404 202 430 194
410 202 436 194
423 202 450 195
430 202 456 194
437 202 462 195
443 202 468 195
450 202 475 195
456 202 481 196
469 202 489 197
476 202 495 197
515 202 513 204
521 202 521 203
528 202 528 202
534 202 533 204
541 202 539 204
287 209 290 201
378 209 408 200
384 209 415 200
391 209 421 200
410 209 436 200
417 209 442 201
437 209 462 201
443 209 468 202
456 209 482 202
469 209 489 204
482 209 494 203
489 209 501 202
502 209 507 209
521 209 522 210
528 209 528 209
534 209 534 210
541 209 540 211
352 215 382 203
358 215 388 203
404 215 407 213
456 215 480 210
515 215 516 216
521 215 522 216
528 215 527 217
534 215 533 216
541 215 540 217
306 222 336 209
313 222 343 213
319 222 349 212
326 222 356 209
332 222 363 209
339 222 369 213
410 222 414 221
417 222 421 222
463 222 474 217
469 222 488 217
515 222 515 222
521 222 519 224
528 222 525 225
534 222 532 223
287 228 310 221
300 228 330 219
339 228 369 219
345 228 375 219
352 228 382 220
417 228 421 228
469 228 487 223
521 228 519 230
528 228 525 231
534 228 534 231
293 235 314 228
326 235 349 228
345 235 376 226
443 235 454 234
489 235 500 236
495 235 507 235
521 235 519 238
293 241 315 234
306 241 331 234
313 241 337 234
326 241 350 233
410 241 414 234
417 241 435 228
469 241 480 238
489 241 496 243
495 241 506 242
293 248 316 241
300 248 324 241
306 248 331 241
313 248 337 242
326 248 341 249
332 248 348 250
339 248 355 249
469 248 480 243
293 254 316 248
300 254 323 247
306 254 330 248
326 254 341 255
339 254 354 256
306 261 329 260
339 261 361 266
319 267 335 273
332 267 355 274
313 274 341 279
319 274 349 279
