319 167 331 217
325 167 337 214
338 167 349 211
306 173 318 227
312 173 324 226
319 173 331 223
325 173 338 221
332 173 345 220
338 173 352 218
344 173 358 216
370 173 378 208
376 173 385 206
383 173 391 205
408 173 417 198
421 173 431 196
428 173 437 193
312 179 325 232
319 179 332 230
325 179 339 227
332 179 345 226
338 179 352 224
344 179 359 223
370 179 379 214
376 179 387 212
383 179 392 211
415 179 432 201
428 179 438 200
434 179 446 199
440 179 453 198
447 179 459 195
472 179 479 188
479 179 485 187
485 179 491 186
543 179 532 177
549 179 539 176
319 186 334 237
325 186 340 234
332 186 346 233
338 186 353 232
344 186 360 232
428 186 441 206
434 186 448 205
440 186 455 203
447 186 460 201
460 186 468 198
466 186 473 196
472 186 480 195
479 186 486 194
485 186 491 192
498 186 501 189
504 186 507 188
511 186 513 187
543 186 534 182
549 186 541 180
562 186 555 177
568 186 562 175
575 186 568 173
300 192 314 248
306 192 319 247
312 192 327 245
319 192 335 243
325 192 342 242
338 192 354 240
344 192 362 238
434 192 450 213
440 192 455 210
447 192 461 209
466 192 474 203
472 192 481 202
479 192 487 201
485 192 493 199
498 192 502 196
504 192 507 194
511 192 514 193
543 192 535 187
549 192 541 185
568 192 563 180
306 199 320 253
312 199 328 251
319 199 334 249
325 199 342 247
332 199 349 247
338 199 356 247
344 199 363 245
357 199 367 236
402 199 391 240
434 199 428 226
460 199 470 210
466 199 476 208
472 199 481 207
498 199 503 201
543 199 537 194
549 199 543 192
293 205 308 264
300 205 315 263
338 205 358 254
344 205 365 251
408 205 396 238
460 205 470 215
511 205 508 201
524 205 523 200
319 211 337 258
325 211 344 255
332 211 351 254
396 211 393 254
421 211 417 234
517 211 518 207
524 211 524 205
530 211 530 204
300 218 317 274
306 218 323 267
312 218 332 265
319 218 338 264
325 218 345 262
402 218 402 258
415 218 419 240
434 218 431 231
517 218 519 213
524 218 525 211
312 224 333 278
325 224 347 276
332 224 338 271
498 224 507 224
511 224 515 219
517 224 521 219
498 231 508 230
511 231 516 228
517 231 523 226
453 237 463 253
460 237 469 251
492 237 496 240
