344 153 337 203
350 153 344 201
369 153 357 183
344 159 338 210
350 159 343 207
344 165 333 219
356 165 346 215
363 165 358 210
369 165 364 209
431 165 428 177
319 172 316 237
338 172 328 228
375 172 373 215
394 172 387 208
400 172 395 206
406 172 393 203
431 178 413 203
462 178 445 187
499 178 492 173
506 178 499 172
512 178 505 170
363 184 407 226
381 184 418 220
431 184 415 208
462 184 483 196
499 184 494 181
506 184 500 179
512 184 507 177
518 184 508 182
524 184 514 180
363 190 409 232
369 190 414 230
462 190 443 207
468 190 450 206
518 190 509 188
524 190 516 186
555 190 534 176
568 190 549 172
574 190 557 171
332 196 321 249
388 196 430 240
462 196 445 214
468 196 452 212
512 196 505 197
518 196 512 195
555 196 536 183
574 196 559 177
580 196 565 176
332 203 322 255
338 203 330 254
381 203 428 247
462 203 448 222
468 203 490 218
475 203 497 217
481 203 505 215
493 203 490 205
549 203 525 192
555 203 531 190
574 203 559 184
580 203 564 182
325 209 316 263
332 209 324 262
344 209 332 261
468 209 493 224
475 209 498 221
562 209 552 192
332 215 325 268
344 215 333 267
350 215 339 266
356 215 345 265
375 215 424 258
400 215 455 246
443 215 360 241
481 215 463 225
524 215 522 214
555 215 548 201
562 215 556 199
369 221 418 267
462 221 337 238
524 221 523 221
555 221 549 208
487 228 403 241
537 228 535 225
450 234 372 256
549 234 542 225
524 246 499 245
537 246 473 260
