471 30 336 115
466 35 342 114
481 35 360 95
496 35 364 90
537 56 381 80
542 61 389 79
430 66 345 132
445 71 354 149
374 76 320 167
369 81 322 187
557 86 412 73
369 96 331 185
404 96 350 162
460 102 385 152
460 107 386 160
466 107 392 154
460 112 391 164
466 112 395 158
476 112 404 150
358 117 336 198
460 117 396 167
466 117 400 161
471 117 404 158
476 117 412 149
552 117 470 100
455 122 396 176
460 122 401 170
466 122 405 166
471 122 410 162
476 122 416 154
537 122 454 127
460 127 405 174
466 127 409 169
471 127 413 164
486 127 442 143
369 132 360 209
476 132 421 158
399 137 375 183
476 137 425 161
399 142 378 186
364 153 375 230
455 168 427 170
460 168 430 166
430 173 403 198
435 173 406 194
440 173 410 189
476 178 440 191
481 178 443 186
476 188 462 158
481 188 455 193
486 188 459 188
455 193 449 181
460 193 452 176
471 193 461 167
476 193 466 162
481 193 459 197
450 214 438 212
