436 74 459 97
443 74 466 98
449 74 473 98
456 74 478 99
456 80 477 106
436 87 456 104
443 87 462 105
449 87 470 107
476 87 493 117
483 87 500 120
423 94 448 109
449 94 468 113
456 94 475 114
476 94 490 125
483 94 497 127
489 94 506 125
496 94 512 126
503 94 518 127
409 100 438 114
423 100 445 114
436 100 454 116
443 100 460 118
449 100 468 120
456 100 474 121
463 100 482 124
503 100 516 133
509 100 524 135
436 107 454 123
443 107 460 125
449 107 466 127
456 107 474 129
463 107 481 130
503 107 515 140
509 107 523 141
516 107 530 144
443 114 459 132
449 114 466 134
509 114 521 147
516 114 528 149
416 120 433 129
463 120 478 137
469 120 484 138
509 120 520 154
516 120 527 156
403 127 425 140
416 127 432 136
423 127 438 138
429 127 444 140
436 127 452 141
449 127 468 144
463 127 476 146
469 127 482 147
416 134 431 143
423 134 437 144
429 134 444 146
443 134 459 149
456 134 467 151
463 134 474 154
469 134 482 154
416 141 429 149
429 141 443 153
443 141 453 154
449 141 460 157
456 141 466 159
463 141 473 161
469 141 480 162
476 141 486 162
489 141 506 153
496 141 507 167
409 147 420 154
416 147 427 155
423 147 433 156
443 147 451 161
449 147 459 163
456 147 465 165
463 147 472 167
469 147 479 168
496 147 506 174
503 147 513 176
403 154 413 160
409 154 420 161
416 154 425 162
423 154 432 163
429 154 440 165
436 154 447 167
449 154 457 170
456 154 463 171
463 154 470 172
469 154 478 175
476 154 484 176
483 154 491 174
489 154 498 180
496 154 504 181
503 154 511 182
416 161 424 168
423 161 431 170
429 161 438 172
436 161 445 174
483 161 490 185
489 161 497 187
496 161 504 188
389 167 401 172
409 167 417 171
456 167 460 182
469 167 475 184
476 167 483 187
483 167 487 191
496 167 501 195
403 174 409 176
409 174 415 177
416 174 422 179
449 174 452 186
456 174 459 188
463 174 466 190
469 174 473 192
489 174 494 197
496 174 499 203
396 181 400 181
403 181 407 182
409 181 414 183
416 181 421 185
423 181 428 188
429 181 435 190
443 181 443 190
449 181 451 192
456 181 458 195
463 181 465 196
469 181 472 197
476 181 478 200
483 181 484 203
489 181 492 204
396 187 399 188
403 187 406 189
409 187 412 190
416 187 420 192
423 187 426 194
429 187 433 196
436 187 440 198
449 187 451 199
456 187 457 200
463 187 464 203
469 187 469 204
476 187 476 207
483 187 484 208
489 187 492 211
382 194 388 192
396 194 398 195
403 194 404 196
409 194 411 197
416 194 417 199
423 194 424 200
429 194 430 202
436 194 439 204
443 194 444 206
456 194 456 208
463 194 462 210
469 194 469 211
476 194 476 215
483 194 483 216
396 201 397 201
403 201 404 202
409 201 410 203
416 201 416 204
429 201 429 209
436 201 437 210
443 201 443 211
449 201 449 213
463 201 461 215
469 201 468 218
476 201 474 221
483 201 481 224
376 207 381 204
382 207 385 206
396 207 395 207
403 207 402 209
409 207 408 210
416 207 415 212
423 207 422 213
429 207 428 215
436 207 435 216
443 207 441 218
449 207 448 220
469 207 467 224
476 207 473 228
376 214 378 211
403 214 400 215
416 214 415 219
429 214 427 222
436 214 433 224
443 214 440 225
449 214 446 226
456 214 453 229
469 214 466 231
476 214 473 234
376 221 375 217
396 221 392 218
409 221 406 221
423 221 420 224
443 221 438 232
449 221 445 233
456 221 452 236
469 221 464 239
376 227 375 224
382 227 381 226
389 227 384 223
396 227 391 225
403 227 398 227
409 227 404 229
416 227 411 230
423 227 418 232
429 227 426 233
436 227 430 238
443 227 436 239
449 227 443 240
456 227 450 242
469 227 464 247
396 234 389 232
403 234 397 234
409 234 403 236
416 234 410 237
423 234 416 239
369 241 365 233
376 241 372 235
389 241 382 237
396 241 388 239
403 241 394 240
409 241 401 242
416 241 408 243
429 241 421 248
436 241 428 249
449 241 440 252
456 241 447 254
463 241 454 256
362 247 357 238
369 247 364 240
382 247 372 241
389 247 379 243
396 247 387 246
403 247 394 248
409 247 400 249
416 247 407 250
423 247 412 252
429 247 419 253
436 247 426 255
443 247 433 258
449 247 439 260
456 247 446 261
463 247 453 262
362 254 353 245
369 254 361 246
376 254 367 248
382 254 374 250
403 254 392 254
409 254 399 256
416 254 406 258
423 254 411 258
429 254 418 261
436 254 425 263
443 254 431 264
449 254 438 267
456 254 445 268
349 261 346 248
362 261 351 251
369 261 357 252
376 261 365 254
382 261 372 256
389 261 379 258
403 261 390 261
409 261 397 263
416 261 404 264
423 261 409 265
429 261 417 268
436 261 424 270
443 261 430 271
449 261 436 273
356 267 343 256
362 267 349 257
369 267 355 259
376 267 363 261
382 267 370 263
389 267 377 265
403 267 389 268
409 267 396 269
416 267 403 271
423 267 408 272
429 267 415 275
436 267 423 277
443 267 429 279
449 267 435 281
456 267 430 300
356 274 341 262
362 274 348 264
369 274 354 266
376 274 362 268
382 274 369 269
389 274 376 271
396 274 383 274
409 274 393 276
416 274 399 277
423 274 407 279
429 274 414 282
436 274 421 283
443 274 427 285
449 274 433 287
356 281 339 268
362 281 346 271
369 281 354 272
382 281 368 277
389 281 374 279
396 281 381 281
409 281 392 282
416 281 398 284
423 281 405 287
429 281 412 288
436 281 419 290
443 281 426 292
349 287 331 274
356 287 338 276
362 287 345 277
369 287 351 279
376 287 358 281
382 287 366 284
389 287 372 286
396 287 380 288
409 287 390 290
416 287 397 291
423 287 404 293
429 287 411 295
436 287 418 297
349 294 330 281
356 294 336 283
362 294 344 284
369 294 350 287
376 294 357 289
382 294 364 290
389 294 371 293
396 294 377 295
409 294 388 297
416 294 396 298
423 294 402 300
429 294 409 302
436 294 416 304
342 301 320 286
356 301 335 289
362 301 341 291
369 301 348 293
376 301 356 295
382 301 362 297
389 301 369 301
403 301 379 302
409 301 386 305
416 301 393 306
423 301 401 307
429 301 407 309
342 308 319 293
349 308 327 296
382 308 361 305
389 308 368 307
403 308 378 309
416 308 391 312
329 314 311 300
362 314 334 301
369 314 340 302
376 314 352 309
382 314 359 312
389 314 366 315
403 314 377 316
409 314 383 318
416 314 389 319
329 321 309 307
336 321 316 309
362 321 332 307
369 321 340 309
389 321 364 321
403 321 376 323
409 321 382 325
416 321 387 326
322 328 299 314
329 328 307 315
336 328 313 316
369 328 339 316
382 328 356 327
389 328 364 328
396 328 370 330
409 328 379 331
416 328 386 333
322 334 297 322
329 334 305 323
349 334 321 326
356 334 327 322
362 334 333 325
376 334 348 327
409 334 377 339
336 341 309 329
349 341 319 331
356 341 326 330
369 341 338 333
376 341 347 334
382 341 353 335
403 341 369 338
342 348 316 339
356 348 325 337
362 348 331 339
369 348 337 340
376 348 344 341
382 348 351 341
382 354 350 349
389 354 357 349
