412 138 412 115
422 138 419 116
440 142 467 134
412 147 414 120
485 156 483 140
403 160 405 137
467 160 467 139
485 160 483 144
499 160 494 146
504 160 500 147
508 160 505 147
403 165 405 143
422 165 422 143
449 165 445 144
453 165 450 144
458 165 457 144
467 165 467 145
504 165 500 150
508 165 505 151
513 165 510 151
517 165 514 152
422 170 423 149
458 170 456 149
463 170 461 150
467 170 466 151
481 170 482 158
426 174 427 160
431 174 432 160
435 174 439 159
449 174 443 154
453 174 450 154
463 174 460 155
467 174 466 156
504 174 503 158
513 174 510 158
517 174 516 159
399 179 400 149
403 179 404 149
422 179 420 165
463 179 465 161
495 179 493 163
499 179 499 163
504 179 504 163
508 179 510 163
517 179 515 163
403 183 404 154
408 183 409 154
435 183 439 178
440 183 443 178
444 183 448 173
453 183 454 172
458 183 460 168
463 183 465 167
403 188 394 180
422 188 415 182
435 188 439 183
440 188 443 183
458 188 460 173
463 188 464 172
467 188 471 167
472 188 476 168
490 188 492 168
508 188 505 170
513 188 510 170
422 192 415 187
472 192 475 173
476 192 481 173
481 192 487 173
490 192 492 173
499 192 498 173
504 192 503 174
513 192 510 174
517 192 515 175
499 197 498 179
513 197 510 179
499 202 497 185
508 202 505 185
517 202 515 180
499 206 493 195
508 206 505 190
513 206 510 187
517 206 515 186
403 211 398 197
408 211 403 198
412 211 408 199
440 211 437 210
467 211 459 212
513 211 510 191
517 211 514 192
403 215 398 204
412 215 405 204
467 215 481 185
472 215 487 185
490 215 487 201
508 215 505 197
513 215 510 197
412 220 407 209
422 220 419 208
426 220 424 208
458 220 448 217
495 220 492 202
399 224 393 208
412 224 407 214
417 224 413 214
422 224 418 214
431 224 426 214
463 224 454 222
485 224 481 212
495 224 493 207
394 229 389 213
399 229 394 213
403 229 397 214
408 229 402 216
417 229 413 220
422 229 418 219
467 229 463 223
472 229 469 218
476 229 474 218
485 229 481 218
495 229 493 214
390 233 385 219
394 233 390 218
403 233 397 220
408 233 403 222
412 233 409 222
431 233 426 223
435 233 432 227
440 233 436 228
444 233 441 227
449 233 446 227
463 233 457 229
476 233 474 223
490 233 486 219
495 233 491 219
353 238 349 229
394 238 391 223
403 238 398 226
408 238 404 227
412 238 409 227
417 238 413 227
422 238 418 227
431 238 426 228
435 238 432 232
440 238 436 232
444 238 440 233
449 238 445 232
458 238 452 232
463 238 456 233
472 238 464 234
353 243 348 236
376 243 375 219
381 243 380 219
385 243 381 226
408 243 404 231
412 243 409 231
417 243 414 232
422 243 418 232
431 243 427 233
440 243 436 237
444 243 440 237
449 243 445 237
458 243 453 237
463 243 458 238
358 247 351 241
371 247 368 230
376 247 375 226
381 247 376 230
385 247 385 231
390 247 391 232
440 247 435 242
458 247 453 243
353 252 347 246
362 252 358 233
367 252 363 233
376 252 372 235
381 252 376 235
385 252 385 237
390 252 391 237
403 252 396 236
412 252 408 238
426 252 423 237
444 252 441 243
449 252 445 244
463 252 458 245
467 252 461 245
353 256 346 251
362 256 358 240
367 256 363 240
376 256 371 240
381 256 375 240
385 256 381 240
390 256 391 242
403 256 396 241
412 256 408 243
417 256 413 243
422 256 418 243
426 256 423 243
444 256 441 249
463 256 457 249
472 256 464 250
476 256 469 249
362 261 358 246
367 261 362 245
376 261 372 245
394 261 389 245
399 261 397 247
408 261 403 247
412 261 409 248
417 261 413 248
422 261 417 248
426 261 422 248
431 261 427 248
449 261 446 250
453 261 451 251
481 261 473 255
358 265 347 262
362 265 357 251
367 265 363 250
371 265 367 250
376 265 373 251
394 265 390 251
399 265 396 252
408 265 403 252
412 265 408 253
417 265 413 253
422 265 417 253
426 265 422 253
431 265 428 253
435 265 435 254
444 265 441 255
449 265 445 255
453 265 451 255
476 265 468 260
481 265 472 261
353 270 342 269
358 270 346 268
362 270 356 263
367 270 363 257
371 270 368 256
376 270 373 257
408 270 401 258
412 270 407 258
417 270 413 258
422 270 417 258
426 270 422 258
431 270 428 259
435 270 435 260
440 270 440 260
449 270 446 260
463 270 458 260
467 270 463 260
412 274 407 264
426 274 422 264
435 274 430 264
444 274 441 265
449 274 446 264
453 274 450 264
463 274 458 265
467 274 463 265
472 274 468 266
353 279 345 273
358 279 352 274
371 279 373 275
376 279 378 276
390 279 395 269
403 279 407 269
426 279 424 269
435 279 429 269
440 279 434 271
458 279 453 269
463 279 458 270
467 279 463 271
353 284 346 279
362 284 356 284
381 284 385 274
385 284 389 274
390 284 395 275
394 284 400 274
444 284 446 277
463 284 457 276
467 284 462 277
344 288 333 290
353 288 344 289
358 288 351 290
362 288 356 291
385 288 390 280
390 288 395 281
394 288 401 281
426 288 423 277
463 288 456 282
339 293 326 299
344 293 332 295
353 293 345 295
358 293 350 296
362 293 355 296
385 293 390 286
390 293 395 287
394 293 401 287
399 293 406 286
417 293 417 281
422 293 421 281
431 293 429 283
444 293 445 283
335 297 322 305
349 297 338 301
362 297 356 303
367 297 362 303
390 297 396 292
394 297 401 293
399 297 405 292
431 297 416 307
435 297 420 308
449 297 450 288
353 302 349 302
367 302 362 308
371 302 366 308
376 302 372 308
394 302 400 297
412 302 422 305
435 302 420 314
444 302 426 315
335 306 323 311
349 306 346 308
353 306 350 307
358 306 355 307
362 306 355 313
367 306 361 313
371 306 366 313
435 306 420 319
335 311 323 316
339 311 328 311
344 311 340 312
349 311 345 313
353 311 350 313
335 316 322 322
344 316 333 317
349 316 339 317
353 316 345 318
358 316 350 318
367 316 360 319
371 316 364 318
381 316 372 318
385 316 376 318
344 320 334 322
349 320 339 323
353 320 345 323
358 320 350 324
362 320 355 324
367 320 359 324
371 320 364 323
381 320 372 324
385 320 376 324
390 320 381 324
394 320 388 324
408 320 398 320
412 320 403 321
349 325 338 333
353 325 344 330
367 325 356 330
371 325 362 330
376 325 366 329
381 325 370 329
385 325 376 329
394 325 388 330
403 325 392 329
408 325 398 329
412 325 403 330
417 325 410 330
344 329 331 340
349 329 377 352
371 329 361 336
376 329 366 335
385 329 375 336
394 329 388 336
399 329 393 336
408 329 398 335
417 329 409 337
349 334 376 357
367 334 355 345
385 334 375 346
