414 169 417 94
414 174 417 100
434 178 433 95
443 178 441 97
492 178 482 115
429 183 425 108
458 183 464 103
482 188 483 122
482 198 481 130
424 203 420 146
463 203 467 143
482 203 481 137
463 208 465 150
482 208 482 143
482 213 481 151
482 217 480 158
375 237 385 144
370 252 382 159
375 252 389 160
424 252 433 169
365 257 377 163
370 257 382 165
370 261 381 172
424 261 427 177
404 266 417 183
424 266 426 183
429 266 434 184
434 276 432 192
463 276 461 201
399 281 425 207
448 281 446 202
380 286 386 225
443 286 439 207
448 286 446 208
453 286 453 209
385 291 397 241
385 296 397 249
351 300 351 258
351 305 351 267
409 305 413 250
414 305 421 251
351 310 351 274
356 310 357 276
404 310 405 265
360 315 360 282
365 315 364 284
365 320 363 290
375 320 372 291
399 320 403 285
370 325 365 296
375 325 371 297
385 325 380 300
370 330 363 305
