476 149 448 144
483 149 453 145
458 155 445 149
464 155 450 150
470 155 455 151
458 162 445 158
464 162 450 158
470 162 455 158
379 168 385 154
452 168 438 161
464 168 449 162
483 168 465 168
489 168 470 167
305 174 320 164
372 174 379 161
379 174 385 161
458 174 449 171
464 174 454 172
476 174 466 173
287 180 302 171
299 180 309 172
379 180 384 167
385 180 389 168
427 180 422 173
440 180 439 176
446 180 444 177
452 180 449 178
458 180 453 178
464 180 459 179
470 180 464 179
305 186 323 181
311 186 328 181
317 186 334 181
323 186 340 181
354 186 378 183
458 186 454 184
464 186 458 185
268 192 296 186
311 192 329 188
317 192 336 188
323 192 341 188
464 192 458 190
274 198 302 193
281 198 314 193
287 198 319 193
317 198 336 194
336 198 362 195
348 198 366 198
274 204 302 199
268 217 293 214
274 217 300 214
366 217 383 215
293 235 308 230
305 235 314 230
311 235 319 231
317 235 323 231
330 235 345 230
342 235 356 230
299 241 308 236
305 241 314 235
317 241 323 235
336 241 351 236
323 260 324 257
281 266 287 263
281 272 286 267
287 272 291 267
293 272 296 266
299 272 302 267
293 284 296 275
299 284 301 275
305 284 307 275
