376 82 492 157
395 82 498 170
459 82 512 219
408 89 493 196
466 89 509 228
466 95 501 231
383 121 427 167
363 133 436 148
459 133 469 232
363 140 422 153
402 140 430 189
440 140 465 225
459 140 457 236
357 146 413 151
363 146 414 157
376 146 417 164
383 146 420 170
408 146 425 198
434 146 439 217
459 146 449 239
357 153 405 154
402 153 417 196
408 153 421 202
434 153 427 223
459 153 441 242
370 159 403 162
402 159 410 199
408 159 414 205
415 159 414 211
459 159 435 244
376 165 398 174
389 165 480 186
395 165 483 193
402 165 405 202
389 172 474 189
421 172 404 224
363 178 451 167
383 178 465 184
408 185 395 222
434 185 399 250
363 210 366 170
383 210 369 194
383 217 362 195
389 217 364 203
363 223 348 178
440 223 374 246
363 229 338 182
351 236 328 179
363 236 335 189
370 236 339 198
415 236 355 237
447 236 366 262
351 242 322 181
357 242 325 185
363 242 328 192
370 242 331 201
376 242 333 208
402 242 336 228
408 242 345 232
415 242 349 239
447 242 359 264
351 249 316 183
357 249 318 189
363 249 320 196
370 249 322 203
402 249 329 232
408 249 332 237
415 249 342 241
440 249 348 256
447 249 348 264
453 249 353 277
344 255 306 181
351 255 308 185
357 255 312 192
363 255 313 199
370 255 315 204
415 255 333 244
421 255 338 252
440 255 341 259
447 255 343 266
344 261 299 183
351 261 302 189
357 261 304 197
363 261 307 203
370 261 309 208
376 261 311 215
415 261 325 247
421 261 330 255
344 268 293 185
351 268 296 192
376 268 305 218
402 268 312 237
408 268 313 245
415 268 319 250
453 268 331 280
344 274 287 188
351 274 290 194
402 274 303 241
447 274 322 275
453 274 325 283
357 281 297 253
376 281 300 220
402 281 295 245
415 281 308 257
427 281 316 259
434 281 320 268
447 281 316 278
453 281 318 286
363 287 288 211
402 287 289 249
415 287 303 265
447 287 310 280
453 287 312 287
447 293 303 284
383 300 283 235
344 306 281 195
376 306 275 232
383 306 277 238
389 306 279 245
395 306 283 249
344 313 267 200
389 313 273 248
344 319 261 203
344 332 255 207
338 338 245 203
344 338 248 209
383 338 256 245
363 345 242 230
370 345 243 235
376 345 246 241
383 345 249 247
389 345 252 254
357 351 230 225
363 351 233 232
370 351 236 238
376 351 239 245
383 351 242 250
389 351 244 257
338 357 221 211
344 357 223 219
357 357 225 229
363 357 227 235
370 357 230 242
376 357 232 249
383 357 235 252
389 357 239 258
434 357 254 295
447 364 257 302
