441 169 428 187
446 169 434 188
461 174 444 195
476 179 454 202
486 179 465 207
365 184 362 180
370 184 368 180
380 184 372 182
426 184 422 192
511 184 498 222
516 184 504 222
360 189 354 186
365 189 366 186
380 189 371 186
426 189 427 191
431 189 438 199
401 194 393 189
421 194 417 197
350 199 348 189
355 199 354 189
360 199 360 190
365 199 366 192
370 199 372 193
396 199 387 193
401 199 392 195
411 199 408 202
416 199 416 203
527 199 523 248
542 199 545 256
350 204 347 194
355 204 353 197
396 204 387 199
401 204 393 200
406 204 398 200
411 204 408 207
416 204 415 209
527 204 523 254
401 209 392 206
406 209 404 208
416 209 419 214
350 214 345 207
411 214 410 215
411 220 408 223
421 220 425 216
426 220 431 215
411 225 406 229
416 225 412 230
426 225 430 222
441 225 442 210
411 230 401 235
416 230 412 236
426 230 435 227
426 235 433 232
436 235 446 230
441 235 451 229
567 235 554 269
345 240 333 228
421 240 423 237
431 240 439 235
436 240 445 235
441 240 452 235
340 245 321 248
345 245 326 249
350 245 331 249
421 245 422 243
431 245 438 241
436 245 444 241
441 245 451 241
446 245 457 241
345 250 325 254
350 250 334 273
426 250 429 249
431 250 434 245
436 250 443 246
441 250 450 247
446 250 460 247
451 250 465 247
426 255 428 254
431 255 435 256
436 255 443 252
441 255 450 252
446 255 456 253
451 255 465 253
456 255 470 252
345 260 322 265
360 260 338 285
426 260 428 260
436 260 442 258
441 260 449 259
446 260 455 259
451 260 462 258
456 260 468 258
461 260 475 258
355 265 332 284
370 265 343 285
421 265 421 266
426 265 427 265
431 265 433 266
441 265 448 264
446 265 454 264
451 265 460 264
456 265 466 264
461 265 472 264
375 270 348 292
390 270 366 293
396 270 378 283
406 270 395 280
416 270 412 272
421 270 419 272
426 270 426 273
431 270 432 273
441 270 447 269
446 270 453 270
451 270 459 270
456 270 465 270
461 270 471 270
466 270 476 271
491 270 504 269
511 270 520 269
370 275 342 297
375 275 349 296
396 275 378 289
401 275 387 285
406 275 394 285
411 275 400 285
416 275 412 277
421 275 418 277
426 275 425 278
431 275 431 279
436 275 439 278
441 275 446 275
446 275 452 275
451 275 458 276
456 275 464 276
461 275 470 276
466 275 475 276
471 275 481 276
496 275 504 273
506 275 515 276
511 275 520 276
527 275 537 279
542 275 547 284
547 275 553 285
375 280 348 301
396 280 378 294
401 280 387 295
406 280 395 291
416 280 410 288
426 280 423 288
431 280 430 284
436 280 436 285
441 280 444 284
446 280 450 284
451 280 456 282
456 280 463 283
461 280 469 283
471 280 480 284
476 280 486 284
486 280 497 284
506 280 513 281
365 285 336 303
370 285 341 306
375 285 347 309
380 285 352 309
406 285 393 296
411 285 401 292
416 285 411 294
421 285 416 293
431 285 429 291
436 285 435 291
446 285 449 289
456 285 460 290
461 285 467 289
466 285 473 292
471 285 479 293
481 285 495 297
486 285 496 291
365 290 334 308
370 290 340 313
375 290 346 314
390 290 370 300
396 290 377 305
401 290 381 305
406 290 393 301
416 290 405 298
421 290 416 299
426 290 421 299
431 290 427 299
436 290 434 297
451 290 452 297
456 290 459 297
461 290 465 297
466 290 472 298
471 290 479 299
476 290 485 300
496 290 501 297
506 290 507 297
511 290 518 299
375 295 345 319
401 295 386 307
406 295 392 307
411 295 399 304
416 295 405 305
421 295 415 305
426 295 420 306
431 295 425 305
436 295 432 305
451 295 450 304
456 295 456 303
461 295 463 303
466 295 471 304
471 295 478 305
506 295 507 304
511 295 512 304
532 295 534 306
375 300 343 325
385 300 360 338
390 300 368 315
396 300 379 315
401 300 385 313
406 300 391 312
411 300 396 313
416 300 403 313
421 300 414 311
426 300 420 310
436 300 431 310
441 300 438 311
446 300 443 310
451 300 449 310
456 300 455 309
461 300 461 309
466 300 467 309
471 300 471 310
476 300 477 310
481 300 483 311
491 300 488 307
506 300 505 313
511 300 511 310
516 300 516 311
522 300 521 311
385 305 358 322
390 305 368 321
396 305 375 321
411 305 396 318
416 305 402 320
421 305 414 316
426 305 419 317
431 305 425 316
436 305 432 316
441 305 437 317
446 305 442 317
451 305 448 315
456 305 454 316
461 305 459 316
466 305 464 316
471 305 470 317
476 305 477 317
491 305 486 313
506 305 504 319
511 305 509 320
516 305 515 316
522 305 521 316
385 310 360 328
390 310 367 327
396 310 374 327
411 310 396 324
416 310 401 325
421 310 407 326
426 310 418 322
431 310 423 323
436 310 430 324
441 310 434 324
446 310 441 324
451 310 447 324
456 310 452 324
461 310 459 322
466 310 464 323
471 310 469 323
476 310 475 323
496 310 488 318
501 310 493 318
506 310 503 325
516 310 514 322
385 315 354 333
390 315 367 333
396 315 373 334
411 315 395 331
416 315 401 332
421 315 407 332
426 315 418 328
431 315 424 329
436 315 427 330
441 315 433 330
446 315 439 331
451 315 445 331
456 315 451 331
461 315 457 332
466 315 464 333
476 315 469 328
481 315 474 327
486 315 479 328
491 315 482 324
496 315 487 323
501 315 497 332
516 315 508 331
390 320 366 340
396 320 373 340
401 320 382 340
411 320 395 337
416 320 401 337
421 320 406 338
426 320 411 338
431 320 417 338
436 320 428 335
441 320 433 336
446 320 439 337
451 320 444 337
456 320 450 337
461 320 456 338
466 320 462 340
481 320 474 334
486 320 478 334
496 320 486 328
511 320 501 335
390 325 366 345
396 325 372 346
401 325 381 347
406 325 387 347
411 325 394 343
416 325 400 343
421 325 406 342
426 325 411 343
431 325 416 345
436 325 424 344
441 325 429 345
446 325 437 343
451 325 444 342
461 325 452 343
466 325 458 344
471 325 461 344
476 325 466 344
481 325 472 340
486 325 478 340
491 325 483 341
396 330 371 351
401 330 380 352
406 330 386 352
411 330 394 348
416 330 400 348
421 330 406 348
426 330 411 349
431 330 417 350
436 330 422 351
441 330 428 351
446 330 434 352
456 330 446 348
461 330 451 349
466 330 457 349
471 330 460 349
476 330 464 350
496 330 484 352
501 330 490 348
406 335 385 357
411 335 393 354
416 335 399 354
421 335 405 354
426 335 410 355
431 335 415 356
436 335 421 357
441 335 428 359
446 335 433 359
451 335 439 357
461 335 450 354
466 335 455 355
471 335 460 356
476 335 465 355
486 335 473 361
491 335 476 362
511 335 494 355
406 340 381 364
411 340 392 360
416 340 397 360
421 340 404 361
426 340 409 362
431 340 415 362
436 340 420 363
441 340 427 363
446 340 432 364
451 340 438 363
456 340 443 364
461 340 447 365
466 340 453 365
471 340 458 365
481 340 465 368
486 340 470 368
491 340 476 368
496 340 476 375
506 340 482 374
406 346 390 386
426 346 408 366
431 346 414 367
436 346 419 369
441 346 426 370
446 346 430 370
451 346 437 370
456 346 441 370
461 346 446 371
466 346 451 371
471 346 451 375
476 346 457 376
481 346 463 376
486 346 468 376
496 346 475 380
431 351 414 373
436 351 419 374
441 351 425 375
446 351 430 375
451 351 436 376
461 351 446 376
466 351 446 382
471 351 451 382
476 351 458 382
481 351 463 382
486 351 468 382
496 351 475 385
501 351 474 390
431 356 406 383
436 356 412 384
441 356 418 385
446 356 429 385
451 356 434 385
456 356 439 385
466 356 446 387
471 356 452 387
476 356 457 388
481 356 463 388
486 356 467 388
441 361 416 397
446 361 423 397
471 361 451 393
476 361 457 394
481 361 463 395
486 361 466 396
