299 128 285 139
352 128 338 130
315 144 301 185
310 150 297 163
315 150 302 190
293 155 281 168
508 182 499 170
513 182 504 170
299 192 290 234
293 198 286 239
299 198 291 239
304 198 296 239
304 208 299 245
519 219 512 220
524 219 517 220
513 225 507 226
519 225 513 225
524 225 517 225
519 230 513 230
293 235 292 251
513 235 507 237
519 235 513 236
304 241 305 266
524 241 518 238
299 246 300 271
304 246 305 271
497 246 492 247
502 246 497 247
304 251 306 275
502 257 498 257
508 257 504 255
492 262 489 263
497 267 495 267
502 267 500 263
508 267 505 261
513 267 510 260
492 273 488 274
502 273 501 271
508 273 506 266
