366 117 370 117
383 117 387 117
410 117 411 117
415 117 415 117
426 117 421 117
334 122 334 122
339 122 340 122
345 122 345 123
350 122 350 122
356 122 354 123
361 122 361 123
383 122 384 123
388 122 389 123
394 122 395 123
399 122 399 123
404 122 405 123
410 122 410 123
415 122 415 123
421 122 420 123
426 122 425 123
432 122 430 123
437 122 436 122
442 122 441 122
448 122 447 122
453 122 453 123
318 128 317 129
323 128 322 128
329 128 329 128
334 128 334 127
339 128 340 127
345 128 345 127
350 128 351 127
356 128 355 128
361 128 361 128
366 128 372 127
372 128 377 127
377 128 382 128
383 128 387 128
394 128 394 128
404 128 406 128
410 128 411 128
415 128 415 128
421 128 420 128
426 128 425 128
432 128 430 128
437 128 436 128
442 128 441 128
448 128 447 128
453 128 452 128
459 128 458 128
318 133 317 134
323 133 322 134
329 133 328 133
334 133 333 133
339 133 339 133
345 133 344 133
350 133 349 133
356 133 356 133
361 133 362 133
377 133 382 133
388 133 388 133
394 133 394 133
410 133 411 133
415 133 416 133
421 133 421 133
426 133 426 133
432 133 431 133
437 133 437 134
442 133 442 133
448 133 447 133
453 133 452 134
459 133 458 133
464 133 464 133
323 139 323 138
329 139 328 139
334 139 333 139
339 139 339 139
345 139 343 139
350 139 350 139
356 139 362 138
361 139 367 138
372 139 378 138
377 139 382 139
388 139 388 139
394 139 394 139
437 139 437 139
442 139 442 139
448 139 447 138
453 139 453 138
459 139 459 138
464 139 464 138
323 144 324 144
329 144 329 144
334 144 334 144
339 144 338 145
345 144 344 144
350 144 350 144
383 144 388 144
448 144 448 144
453 144 453 144
459 144 458 144
464 144 463 144
318 149 318 149
323 149 324 150
329 149 329 151
334 149 334 151
339 149 339 150
345 149 344 150
350 149 350 149
383 149 389 148
388 149 393 148
448 149 448 149
453 149 453 149
464 149 464 149
318 155 318 160
323 155 323 160
329 155 329 156
334 155 334 156
361 155 360 155
399 155 400 154
404 155 405 153
437 155 437 154
442 155 442 154
323 160 323 165
329 160 328 164
334 160 334 161
339 160 338 160
345 160 344 160
350 160 349 161
356 160 355 161
366 160 367 160
372 160 373 160
377 160 378 160
383 160 383 160
394 160 395 160
399 160 400 160
404 160 405 159
410 160 411 160
415 160 416 160
426 160 425 160
432 160 431 160
437 160 437 160
442 160 442 159
448 160 447 160
329 166 328 170
339 166 337 166
345 166 343 166
350 166 349 166
356 166 355 166
361 166 361 166
366 166 366 166
372 166 372 166
377 166 378 165
383 166 384 166
388 166 389 165
394 166 394 165
399 166 400 165
404 166 404 165
410 166 411 166
415 166 415 165
421 166 420 165
426 166 425 166
432 166 431 166
437 166 437 166
442 166 443 165
453 166 453 166
334 171 334 175
339 171 338 171
345 171 343 172
350 171 350 172
356 171 356 171
361 171 361 172
366 171 367 172
372 171 372 172
377 171 378 171
388 171 389 171
394 171 395 171
399 171 400 171
404 171 404 170
410 171 409 171
415 171 415 170
421 171 420 171
426 171 426 172
432 171 431 172
437 171 437 172
448 171 448 170
339 176 340 177
345 176 344 176
350 176 350 177
356 176 356 177
361 176 361 178
366 176 366 177
372 176 372 177
388 176 389 177
394 176 395 176
399 176 399 176
404 176 404 176
410 176 409 176
415 176 415 175
421 176 421 176
426 176 426 177
432 176 431 177
437 176 437 176
442 176 442 175
448 176 447 175
453 176 453 177
318 182 318 184
339 182 339 182
345 182 345 182
350 182 351 182
356 182 355 183
361 182 361 182
366 182 366 182
372 182 371 182
388 182 389 182
394 182 395 182
399 182 400 181
404 182 404 181
410 182 409 181
415 182 414 181
421 182 421 181
426 182 426 182
432 182 430 182
437 182 437 181
442 182 442 182
448 182 447 181
339 187 339 188
350 187 351 187
356 187 355 188
361 187 361 187
366 187 367 188
372 187 371 187
377 187 377 187
388 187 389 187
394 187 394 187
399 187 399 187
404 187 403 187
410 187 410 187
415 187 415 186
421 187 420 186
426 187 426 187
432 187 431 187
437 187 436 188
442 187 442 187
448 187 447 187
453 187 453 187
339 193 339 193
356 193 356 192
361 193 361 193
366 193 366 193
372 193 372 193
377 193 377 193
383 193 383 193
388 193 389 193
394 193 394 193
399 193 399 193
404 193 403 193
410 193 410 192
415 193 416 192
421 193 421 191
426 193 426 192
432 193 431 192
437 193 437 193
442 193 442 193
448 193 447 193
453 193 453 193
329 198 329 208
339 198 339 204
345 198 344 203
350 198 349 203
356 198 356 199
361 198 362 198
366 198 366 198
372 198 372 198
377 198 378 198
383 198 382 198
388 198 388 198
394 198 394 198
399 198 399 199
404 198 404 199
410 198 409 198
415 198 415 198
421 198 421 197
426 198 427 197
432 198 433 198
437 198 438 197
442 198 444 197
448 198 448 198
345 204 345 209
356 204 355 205
361 204 362 202
366 204 366 204
372 204 372 203
377 204 377 203
383 204 383 204
388 204 388 204
394 204 394 204
399 204 399 204
404 204 403 203
410 204 409 204
415 204 416 203
421 204 421 203
426 204 428 202
432 204 433 202
448 204 449 204
339 209 339 210
350 209 351 210
356 209 356 210
361 209 362 209
366 209 367 208
372 209 372 209
377 209 378 209
383 209 383 209
388 209 389 210
394 209 394 210
399 209 399 209
404 209 403 209
410 209 409 209
415 209 415 208
421 209 421 208
426 209 427 208
432 209 433 207
437 209 438 208
442 209 444 209
318 214 317 219
339 214 339 215
345 214 345 214
350 214 351 215
356 214 356 214
361 214 361 214
366 214 367 214
372 214 373 214
377 214 378 215
383 214 383 214
388 214 388 214
394 214 393 215
399 214 399 215
404 214 403 214
410 214 408 214
415 214 415 213
421 214 421 213
426 214 427 214
432 214 432 214
437 214 438 213
442 214 443 214
459 214 459 216
464 214 464 216
318 220 317 226
323 220 323 225
339 220 339 220
345 220 345 220
350 220 351 220
356 220 355 220
361 220 361 220
366 220 367 220
372 220 373 219
377 220 378 219
383 220 383 220
388 220 388 219
394 220 394 220
399 220 400 219
404 220 404 219
410 220 409 218
415 220 414 219
421 220 421 218
426 220 427 219
432 220 433 219
437 220 438 218
442 220 443 219
312 225 312 232
318 225 317 232
323 225 323 231
339 225 339 225
345 225 345 225
350 225 351 225
356 225 356 226
361 225 361 225
366 225 367 224
372 225 373 225
377 225 378 224
383 225 383 225
388 225 387 225
394 225 394 224
399 225 399 224
404 225 404 224
410 225 409 224
415 225 416 224
421 225 421 225
426 225 426 225
432 225 433 225
437 225 439 224
442 225 443 225
453 225 455 226
459 225 459 226
339 231 346 230
350 231 351 231
356 231 355 231
361 231 361 230
366 231 367 230
372 231 373 229
383 231 383 230
388 231 387 231
394 231 395 229
399 231 400 229
404 231 404 230
410 231 410 229
415 231 416 230
421 231 420 231
426 231 426 230
432 231 432 230
437 231 438 230
345 236 345 235
350 236 350 236
356 236 355 236
361 236 360 236
366 236 366 236
372 236 373 234
377 236 377 232
383 236 382 237
388 236 388 236
394 236 394 235
399 236 399 235
404 236 404 236
410 236 410 237
415 236 415 236
421 236 419 237
426 236 425 236
432 236 431 237
437 236 437 237
459 236 460 236
464 236 464 235
323 242 323 258
329 242 329 258
334 242 334 258
339 242 340 237
345 242 346 241
350 242 350 240
356 242 355 240
361 242 360 241
366 242 366 240
372 242 372 241
377 242 377 242
383 242 382 243
388 242 388 242
394 242 394 242
399 242 399 242
404 242 404 242
410 242 410 242
415 242 414 241
421 242 420 241
426 242 425 242
432 242 431 242
437 242 437 241
442 242 441 241
329 247 329 265
345 247 349 248
356 247 355 245
372 247 372 247
377 247 377 247
383 247 382 248
388 247 388 247
394 247 394 248
399 247 400 247
404 247 404 248
410 247 409 248
415 247 415 247
421 247 419 247
426 247 425 248
432 247 431 248
437 247 436 246
442 247 441 246
350 252 350 252
356 252 356 252
366 252 367 257
372 252 372 253
377 252 378 254
383 252 383 254
388 252 388 252
394 252 394 252
399 252 400 252
404 252 405 252
410 252 409 253
415 252 413 253
432 252 430 252
442 252 441 252
464 252 465 247
339 258 344 262
345 258 345 258
350 258 350 258
383 258 383 259
404 258 405 257
410 258 410 257
426 258 425 258
432 258 430 257
350 263 350 263
415 263 416 278
426 263 425 263
334 269 334 280
339 269 345 274
356 269 356 269
361 269 362 270
383 269 382 279
334 274 334 285
339 274 351 279
356 274 356 275
361 274 362 280
366 274 367 280
377 274 378 262
383 274 382 264
437 274 438 285
356 279 356 283
361 279 364 284
366 279 368 285
372 279 370 268
377 279 377 269
383 279 383 269
459 279 459 290
339 285 340 291
345 285 346 289
350 285 351 289
356 285 356 289
361 285 363 289
372 285 371 273
377 285 377 274
383 285 384 275
388 285 389 274
404 285 405 274
307 290 307 289
339 290 340 295
372 290 371 279
377 290 377 279
383 290 383 284
410 290 410 279
356 296 357 296
383 296 383 289
404 296 405 286
410 296 410 285
318 301 318 296
339 301 340 301
350 301 350 302
366 301 365 300
372 301 372 295
377 301 377 295
383 301 383 295
394 301 394 301
318 307 317 302
323 307 323 302
334 307 334 301
345 307 344 307
388 307 388 312
312 312 311 310
323 312 323 307
329 312 328 306
334 312 334 306
366 312 365 307
372 312 371 308
377 312 377 306
383 312 382 308
394 312 393 311
399 312 399 317
437 312 432 302
318 317 317 313
323 317 323 313
329 317 329 311
334 317 334 313
339 317 338 313
372 317 372 311
377 317 377 317
383 317 382 318
388 317 387 319
394 317 393 318
404 317 405 306
312 323 312 319
318 323 317 321
323 323 323 321
329 323 329 318
339 323 339 321
345 323 346 322
372 323 372 321
377 323 377 322
383 323 383 323
388 323 388 324
394 323 393 324
399 323 399 323
404 323 405 323
410 323 410 323
437 323 431 317
318 328 318 327
323 328 323 327
329 328 329 324
334 328 334 324
339 328 340 328
345 328 346 328
350 328 351 328
361 328 355 327
366 328 367 328
372 328 372 328
377 328 378 328
383 328 383 328
388 328 388 328
399 328 398 329
404 328 404 328
410 328 410 328
415 328 415 329
421 328 421 329
426 328 427 329
432 328 432 328
442 328 442 328
448 328 446 329
312 334 312 329
318 334 317 332
323 334 323 332
329 334 329 333
334 334 334 333
339 334 340 334
345 334 346 334
350 334 351 334
356 334 356 333
361 334 361 333
366 334 366 333
377 334 378 334
383 334 383 333
388 334 388 333
399 334 398 334
404 334 405 334
410 334 409 334
415 334 414 334
421 334 420 334
426 334 427 334
432 334 432 334
437 334 436 334
442 334 442 334
448 334 447 334
312 339 312 340
318 339 317 339
323 339 323 339
329 339 329 339
334 339 334 339
356 339 356 339
366 339 367 339
377 339 378 339
388 339 389 339
415 339 414 339
421 339 419 339
426 339 426 339
432 339 433 339
437 339 436 339
459 339 459 339
464 339 464 339
307 344 307 344
312 344 313 345
318 344 318 345
323 344 324 345
329 344 329 345
334 344 334 345
339 344 339 345
345 344 345 345
350 344 351 345
356 344 356 345
394 344 393 345
399 344 398 344
404 344 404 345
410 344 411 345
415 344 415 344
421 344 420 345
426 344 427 345
432 344 432 345
437 344 437 344
453 344 454 345
459 344 460 344
464 344 465 344
307 350 307 349
318 350 318 350
323 350 324 350
329 350 329 350
334 350 335 351
339 350 339 351
345 350 345 350
350 350 351 350
356 350 356 350
361 350 361 350
366 350 367 350
372 350 372 350
383 350 384 350
388 350 388 350
394 350 394 350
399 350 398 350
404 350 405 350
410 350 410 350
415 350 415 350
421 350 421 350
426 350 426 350
432 350 431 350
437 350 437 349
442 350 442 349
448 350 448 349
453 350 453 349
459 350 459 349
464 350 465 350
318 355 318 355
323 355 323 355
329 355 329 355
334 355 333 355
339 355 338 356
345 355 344 356
350 355 350 356
356 355 357 356
361 355 362 355
366 355 366 356
372 355 373 355
377 355 378 355
388 355 388 355
394 355 393 355
399 355 400 355
404 355 404 355
410 355 410 355
415 355 415 355
421 355 421 355
426 355 426 355
432 355 431 355
442 355 442 355
448 355 448 354
453 355 452 355
459 355 459 355
464 355 465 355
329 361 327 361
334 361 340 362
345 361 343 362
350 361 349 361
356 361 356 361
361 361 361 361
366 361 366 361
372 361 371 361
377 361 377 361
383 361 382 360
388 361 388 361
394 361 394 361
399 361 399 360
404 361 405 360
410 361 409 361
415 361 415 361
421 361 421 361
426 361 427 361
432 361 432 361
437 361 436 361
442 361 442 361
448 361 448 360
453 361 454 361
459 361 458 360
464 361 464 360
