473 64 529 110
413 75 460 48
418 75 470 52
440 75 491 68
445 75 495 74
451 75 500 80
424 80 476 59
429 80 480 64
445 80 491 77
451 80 494 84
396 97 442 52
505 97 519 139
511 97 523 144
369 113 389 77
429 119 301 210
511 119 461 198
407 124 433 100
511 124 456 201
413 129 421 125
511 129 449 207
391 135 409 123
418 135 420 137
445 135 427 160
380 140 401 70
418 140 412 142
402 151 388 122
407 151 393 127
385 157 349 118
391 157 371 111
402 157 382 126
418 162 407 177
500 162 435 186
500 168 423 196
407 173 370 120
413 173 373 127
445 173 401 169
413 179 369 133
418 179 373 139
424 179 378 146
484 184 338 203
413 190 361 140
418 190 365 146
505 195 455 231
434 200 363 167
533 222 420 237
462 250 364 302
434 260 351 165
445 266 315 158
413 277 303 157
473 277 326 172
478 277 330 179
484 277 335 184
555 277 388 318
462 282 391 228
473 282 319 177
478 282 322 183
489 282 338 192
478 288 316 187
489 288 332 197
407 310 264 213
413 310 271 220
456 310 281 253
