1.000000000000000000e+00 0.000000000000000000e+00 0.000000000000000000e+00 -3.619798645377159119e-02
0.000000000000000000e+00 1.000000000000000000e+00 0.000000000000000000e+00 -1.327119767665863037e-03
0.000000000000000000e+00 0.000000000000000000e+00 1.000000000000000000e+00 -2.960163652896881104e-01
0.000000000000000000e+00 0.000000000000000000e+00 0.000000000000000000e+00 1.000000000000000000e+00
9.899796247482299805e-01 1.372633278369903564e-01 3.315090388059616089e-02 -4.941753298044204712e-02
-1.352775841951370239e-01 9.892160296440124512e-01 -5.613785237073898315e-02 2.804594486951828003e-02
-4.049911350011825562e-02 5.109074339270591736e-02 9.978725314140319824e-01 -2.959697842597961426e-01
0.000000000000000000e+00 0.000000000000000000e+00 0.000000000000000000e+00 1.000000000000000000e+00
9.694789052009582520e-01 2.394720762968063354e-01 5.257052555680274963e-02 -5.550379678606987000e-02
-2.334768325090408325e-01 9.671917557716369629e-01 -1.001429259777069092e-01 5.294857546687126160e-02
-7.482724636793136597e-02 8.481243997812271118e-02 9.935832619667053223e-01 -2.938130199909210205e-01
0.000000000000000000e+00 0.000000000000000000e+00 0.000000000000000000e+00 1.000000000000000000e+00
9.376696944236755371e-01 3.421703577041625977e-01 6.078488379716873169e-02 -5.670395493507385254e-02
-3.306442499160766602e-01 9.322183728218078613e-01 -1.471159458160400391e-01 7.604960352182388306e-02
-1.070035696029663086e-01 1.178479418158531189e-01 9.872497916221618652e-01 -2.899681627750396729e-01
0.000000000000000000e+00 0.000000000000000000e+00 0.000000000000000000e+00 1.000000000000000000e+00
8.956559300422668457e-01 4.434925913810729980e-01 3.338657319545745850e-02 -4.340619966387748718e-02
-4.324394762516021729e-01 8.859503269195556641e-01 -1.675945371389389038e-01 8.909180760383605957e-02
-1.039058119058609009e-01 1.356693506240844727e-01 9.852905273437500000e-01 -2.893532514572143555e-01
0.000000000000000000e+00 0.000000000000000000e+00 0.000000000000000000e+00 1.000000000000000000e+00
8.262503743171691895e-01 5.629447102546691895e-01 2.008499950170516968e-02 -3.317222744226455688e-02
-5.495243668556213379e-01 8.133654594421386719e-01 -1.909433901309967041e-01 1.028369739651679993e-01
-1.238270848989486694e-01 1.467298269271850586e-01 9.813955426216125488e-01 -2.881235778331756592e-01
0.000000000000000000e+00 0.000000000000000000e+00 0.000000000000000000e+00 1.000000000000000000e+00
7.482995390892028809e-01 6.629369854927062988e-01 -2.370912395417690277e-02 -1.261053793132305145e-02
-6.558613777160644531e-01 7.340081334114074707e-01 -1.762886345386505127e-01 1.024012342095375061e-01
-9.946563094854354858e-02 1.474665850400924683e-01 9.840529561042785645e-01 -2.914375364780426025e-01
0.000000000000000000e+00 0.000000000000000000e+00 0.000000000000000000e+00 1.000000000000000000e+00
6.878212690353393555e-01 7.240580320358276367e-01 -5.140025541186332703e-02 -5.998814958729781210e-05
-7.241422533988952637e-01 6.795545816421508789e-01 -1.175732687115669250e-01 8.337117731571197510e-02
-5.020062252879142761e-02 1.180905178189277649e-01 9.917331933975219727e-01 -2.991120815277099609e-01
0.000000000000000000e+00 0.000000000000000000e+00 0.000000000000000000e+00 1.000000000000000000e+00
5.860276222229003906e-01 8.102118968963623047e-01 -1.132889930158853531e-02 -9.566388092935085297e-03
-8.086349368095397949e-01 5.838791131973266602e-01 -7.207502424716949463e-02 6.900580972433090210e-02
-5.178132653236389160e-02 5.139889195561408997e-02 9.973348379135131836e-01 -3.067930042743682861e-01
0.000000000000000000e+00 0.000000000000000000e+00 0.000000000000000000e+00 1.000000000000000000e+00
5.008135437965393066e-01 8.652799129486083984e-01 -2.181999944150447845e-02 -1.405506161972880363e-03
-8.645905256271362305e-01 4.989066421985626221e-01 -5.979276448488235474e-02 6.526485830545425415e-02
-4.085136204957962036e-02 4.881037771701812744e-02 9.979728460311889648e-01 -3.103168308734893799e-01
0.000000000000000000e+00 0.000000000000000000e+00 0.000000000000000000e+00 1.000000000000000000e+00
4.084110856056213379e-01 9.122985601425170898e-01 -3.019626438617706299e-02 5.923615768551826477e-03
-9.127819538116455078e-01 4.083767235279083252e-01 -7.578983437269926071e-03 4.636697098612785339e-02
5.417155101895332336e-03 3.065795078873634338e-02 9.995152354240417480e-01 -3.151164650917053223e-01
0.000000000000000000e+00 0.000000000000000000e+00 0.000000000000000000e+00 1.000000000000000000e+00
2.921531498432159424e-01 9.558030366897583008e-01 -3.296731412410736084e-02 1.180845219641923904e-02
-9.555852413177490234e-01 2.931369543075561523e-01 3.045366331934928894e-02 3.256495669484138489e-02
3.877164795994758606e-02 2.260595373809337616e-02 9.989923834800720215e-01 -3.179419040679931641e-01
0.000000000000000000e+00 0.000000000000000000e+00 0.000000000000000000e+00 1.000000000000000000e+00
1.804802417755126953e-01 9.820970296859741211e-01 -5.396621301770210266e-02 2.368821017444133759e-02
-9.815849065780639648e-01 1.833347231149673462e-01 5.365928635001182556e-02 2.345221117138862610e-02
6.259249895811080933e-02 4.328798130154609680e-02 9.970999956130981445e-01 -3.186016380786895752e-01
0.000000000000000000e+00 0.000000000000000000e+00 0.000000000000000000e+00 1.000000000000000000e+00
9.642402827739715576e-02 9.926145672798156738e-01 -7.361281663179397583e-02 3.324819728732109070e-02
-9.909312129020690918e-01 1.026875674724578857e-01 8.666347712278366089e-02 1.146961934864521027e-02
9.358252584934234619e-02 6.458879262208938599e-02 9.935141801834106445e-01 -3.179574906826019287e-01
0.000000000000000000e+00 0.000000000000000000e+00 0.000000000000000000e+00 1.000000000000000000e+00
1.956337317824363708e-02 9.972081184387207031e-01 -7.206483930349349976e-02 3.739694133400917053e-02
-9.972640275955200195e-01 2.460208907723426819e-02 6.970921158790588379e-02 1.890711486339569092e-02
7.128754258155822754e-02 7.050389796495437622e-02 9.949608445167541504e-01 -3.123102486133575439e-01
0.000000000000000000e+00 0.000000000000000000e+00 0.000000000000000000e+00 1.000000000000000000e+00
-8.524016290903091431e-02 9.077680110931396484e-01 -4.107199013233184814e-01 1.554074138402938843e-01
-9.902756810188293457e-01 -3.169886395335197449e-02 1.354601681232452393e-01 -2.375983865931630135e-03
1.099469587206840515e-01 4.182726442813873291e-01 9.016425013542175293e-01 -2.765778303146362305e-01
0.000000000000000000e+00 0.000000000000000000e+00 0.000000000000000000e+00 1.000000000000000000e+00
-1.634518355131149292e-01 8.863220214843750000e-01 -4.332621991634368896e-01 1.648773699998855591e-01
-9.765235185623168945e-01 -8.289719372987747192e-02 1.988193541765213013e-01 -2.536154724657535553e-02
1.403018236160278320e-01 4.555881917476654053e-01 8.790645599365234375e-01 -2.701475322246551514e-01
0.000000000000000000e+00 0.000000000000000000e+00 0.000000000000000000e+00 1.000000000000000000e+00
-1.347537338733673096e-01 8.253844380378723145e-01 -5.482534766197204590e-01 1.950442641973495483e-01
-9.908232092857360840e-01 -1.181314066052436829e-01 6.568735092878341675e-02 1.786595582962036133e-02
-1.054863631725311279e-02 5.520737171173095703e-01 8.337283134460449219e-01 -2.479148954153060913e-01
0.000000000000000000e+00 0.000000000000000000e+00 0.000000000000000000e+00 1.000000000000000000e+00
-8.721473067998886108e-02 7.550864219665527344e-01 -6.497982740402221680e-01 2.170632481575012207e-01
-9.943908452987670898e-01 -2.680975198745727539e-02 1.023115217685699463e-01 9.186885319650173187e-03
5.983312800526618958e-02 6.550768613815307617e-01 7.531893849372863770e-01 -2.320234924554824829e-01
0.000000000000000000e+00 0.000000000000000000e+00 0.000000000000000000e+00 1.000000000000000000e+00
-4.985726252198219299e-02 5.838082432746887207e-01 -8.103593587875366211e-01 2.638554871082305908e-01
-9.850161671638488770e-01 1.053802743554115295e-01 1.365221440792083740e-01 -1.124672475270926952e-03
1.650987565517425537e-01 8.050238490104675293e-01 5.698064565658569336e-01 -1.746310591697692871e-01
0.000000000000000000e+00 0.000000000000000000e+00 0.000000000000000000e+00 1.000000000000000000e+00
-1.200171932578086853e-01 4.422808289527893066e-01 -8.888103365898132324e-01 2.871141135692596436e-01
-9.859477877616882324e-01 5.169174820184707642e-02 1.588562279939651489e-01 -1.228006184101104736e-02
1.162030622363090515e-01 8.953856229782104492e-01 4.298617839813232422e-01 -1.251676827669143677e-01
0.000000000000000000e+00 0.000000000000000000e+00 0.000000000000000000e+00 1.000000000000000000e+00
-1.924906373023986816e-01 3.363678455352783203e-01 -9.218481183052062988e-01 2.990886569023132324e-01
-9.744552373886108398e-01 4.522870853543281555e-02 2.199788093566894531e-01 -3.185549378395080566e-02
1.156877800822257996e-01 9.406434297561645508e-01 3.190694153308868408e-01 -9.072899818420410156e-02
0.000000000000000000e+00 0.000000000000000000e+00 0.000000000000000000e+00 1.000000000000000000e+00
-2.779136598110198975e-01 2.080496102571487427e-01 -9.378055334091186523e-01 3.076213598251342773e-01
-9.581878185272216797e-01 9.186331182718276978e-03 2.859919071197509766e-01 -5.382464081048965454e-02
6.811545044183731079e-02 9.780752658843994141e-01 1.967977881431579590e-01 -4.972614720463752747e-02
0.000000000000000000e+00 0.000000000000000000e+00 0.000000000000000000e+00 1.000000000000000000e+00
-1.832134574651718140e-01 -8.190106749534606934e-01 -5.437412858009338379e-01 1.769844144582748413e-01
-9.472528100013732910e-01 -8.690018439665436745e-04 3.204858303070068359e-01 -6.324585527181625366e-02
-2.629536688327789307e-01 5.737782120704650879e-01 -7.756507992744445801e-01 2.734468281269073486e-01
0.000000000000000000e+00 0.000000000000000000e+00 0.000000000000000000e+00 1.000000000000000000e+00
-1.733853965997695923e-01 -8.628196120262145996e-01 -4.748480021953582764e-01 1.538181900978088379e-01
-9.676011800765991211e-01 5.938725918531417847e-02 2.453991919755935669e-01 -3.939519450068473816e-02
-1.835352927446365356e-01 5.020123720169067383e-01 -8.451618552207946777e-01 2.906412482261657715e-01
0.000000000000000000e+00 0.000000000000000000e+00 0.000000000000000000e+00 1.000000000000000000e+00
-9.242895990610122681e-02 -8.398832082748413086e-01 -5.348386168479919434e-01 1.656524986028671265e-01
-9.892433285713195801e-01 1.629653573036193848e-02 1.453673988580703735e-01 -4.622304812073707581e-03
-1.133757531642913818e-01 5.425217151641845703e-01 -8.323550224304199219e-01 2.823961675167083740e-01
0.000000000000000000e+00 0.000000000000000000e+00 0.000000000000000000e+00 1.000000000000000000e+00
2.208825387060642242e-02 -8.507335782051086426e-01 -5.251318216323852539e-01 1.529368311166763306e-01
-9.990727901458740234e-01 -3.819808363914489746e-02 1.985960826277732849e-02 3.734736517071723938e-02
-3.695436567068099976e-02 5.242064595222473145e-01 -8.507889509201049805e-01 2.829295396804809570e-01
0.000000000000000000e+00 0.000000000000000000e+00 0.000000000000000000e+00 1.000000000000000000e+00
5.398101732134819031e-02 -8.500145673751831055e-01 -5.239852070808410645e-01 1.493705809116363525e-01
-9.945670962333679199e-01 1.004198216833174229e-03 -1.040894314646720886e-01 7.749853283166885376e-02
8.900377899408340454e-02 5.267574191093444824e-01 -8.453426361083984375e-01 2.729619443416595459e-01
0.000000000000000000e+00 0.000000000000000000e+00 0.000000000000000000e+00 1.000000000000000000e+00
2.976005524396896362e-02 -8.610404133796691895e-01 -5.076651573181152344e-01 1.480986028909683228e-01
-9.825987219810485840e-01 6.795594841241836548e-02 -1.728601455688476562e-01 9.133272618055343628e-02
1.833385974168777466e-01 5.039752721786499023e-01 -8.440352082252502441e-01 2.688152790069580078e-01
0.000000000000000000e+00 0.000000000000000000e+00 0.000000000000000000e+00 1.000000000000000000e+00
-4.046056047081947327e-02 -8.656349182128906250e-01 -4.990367293357849121e-01 1.532488018274307251e-01
-9.951420426368713379e-01 7.977361977100372314e-02 -5.769235640764236450e-02 5.412007123231887817e-02
8.975052088499069214e-02 4.942786991596221924e-01 -8.646582961082458496e-01 2.904737293720245361e-01
0.000000000000000000e+00 0.000000000000000000e+00 0.000000000000000000e+00 1.000000000000000000e+00
-4.425422847270965576e-02 -8.729234933853149414e-01 -4.858458638191223145e-01 1.473364233970642090e-01
-9.922695755958557129e-01 -1.803260482847690582e-02 1.227820366621017456e-01 -3.270678920671343803e-03
-1.159404218196868896e-01 4.875237941741943359e-01 -8.653777837753295898e-01 3.086270391941070557e-01
0.000000000000000000e+00 0.000000000000000000e+00 0.000000000000000000e+00 1.000000000000000000e+00
1.384031027555465698e-01 -8.596569299697875977e-01 -4.917665123939514160e-01 1.349642425775527954e-01
-9.836645722389221191e-01 -1.770300567150115967e-01 3.262307122349739075e-02 2.447444945573806763e-02
-1.151021793484687805e-01 4.792182147502899170e-01 -8.701159954071044922e-01 3.121016621589660645e-01
0.000000000000000000e+00 0.000000000000000000e+00 0.000000000000000000e+00 1.000000000000000000e+00
2.306095361709594727e-01 -8.042975068092346191e-01 -5.476536750793457031e-01 1.391319036483764648e-01
-9.438508749008178711e-01 -3.217316865921020508e-01 7.506040483713150024e-02 1.004371419548988342e-02
-2.365685105323791504e-01 4.995938241481781006e-01 -8.333312869071960449e-01 3.056167066097259521e-01
0.000000000000000000e+00 0.000000000000000000e+00 0.000000000000000000e+00 1.000000000000000000e+00
3.364083170890808105e-01 -7.338128685951232910e-01 -5.902101397514343262e-01 1.379637271165847778e-01
-9.086572527885437012e-01 -4.175403118133544922e-01 1.214500982314348221e-03 3.183563798666000366e-02
-2.473279088735580444e-01 5.358902215957641602e-01 -8.072484135627746582e-01 2.923022806644439697e-01
0.000000000000000000e+00 0.000000000000000000e+00 0.000000000000000000e+00 1.000000000000000000e+00
3.622109591960906982e-01 -7.222576141357421875e-01 -5.891921520233154297e-01 1.351537704467773438e-01
-9.176295995712280273e-01 -3.872472941875457764e-01 -8.941577374935150146e-02 6.172771379351615906e-02
-1.635818928480148315e-01 5.730473995208740234e-01 -8.030300736427307129e-01 2.829130291938781738e-01
0.000000000000000000e+00 0.000000000000000000e+00 0.000000000000000000e+00 1.000000000000000000e+00
3.709496557712554932e-01 -7.122128605842590332e-01 -5.959438681602478027e-01 1.368529349565505981e-01
-9.246035814285278320e-01 -3.431146144866943359e-01 -1.654695868492126465e-01 8.614089339971542358e-02
-8.662757277488708496e-02 6.123929619789123535e-01 -7.857931256294250488e-01 2.711493074893951416e-01
0.000000000000000000e+00 0.000000000000000000e+00 0.000000000000000000e+00 1.000000000000000000e+00
5.378655195236206055e-01 -6.112392544746398926e-01 -5.805912613868713379e-01 1.264007091522216797e-01
-8.391624689102172852e-01 -4.540877044200897217e-01 -2.993499934673309326e-01 1.228591129183769226e-01
-8.066517859697341919e-02 6.482207775115966797e-01 -7.571673989295959473e-01 2.604920566082000732e-01
0.000000000000000000e+00 0.000000000000000000e+00 0.000000000000000000e+00 1.000000000000000000e+00
6.855413317680358887e-01 -4.160365760326385498e-01 -5.974500775337219238e-01 1.272995024919509888e-01
-7.051777243614196777e-01 -5.834662318229675293e-01 -4.028540253639221191e-01 1.518373489379882812e-01
-1.809899657964706421e-01 6.974816322326660156e-01 -6.933698654174804688e-01 2.555236816406250000e-01
0.000000000000000000e+00 0.000000000000000000e+00 0.000000000000000000e+00 1.000000000000000000e+00
7.053430676460266113e-01 -3.419289290904998779e-01 -6.209473013877868652e-01 1.308836191892623901e-01
-6.487769484519958496e-01 -6.643420457839965820e-01 -3.711303770542144775e-01 1.409643888473510742e-01
-2.856213152408599854e-01 6.646306514739990234e-01 -6.904247403144836426e-01 2.650282084941864014e-01
0.000000000000000000e+00 0.000000000000000000e+00 0.000000000000000000e+00 1.000000000000000000e+00
7.550848722457885742e-01 -2.573555111885070801e-01 -6.030049920082092285e-01 1.298411935567855835e-01
-5.675871372222900391e-01 -7.169551849365234375e-01 -4.047463536262512207e-01 1.436187326908111572e-01
-3.281639516353607178e-01 6.478757858276367188e-01 -6.874336004257202148e-01 2.632783651351928711e-01
0.000000000000000000e+00 0.000000000000000000e+00 0.000000000000000000e+00 1.000000000000000000e+00
7.464748620986938477e-01 -2.536813914775848389e-01 -6.151592731475830078e-01 1.405060887336730957e-01
-5.411152243614196777e-01 -7.694552540779113770e-01 -3.393143117427825928e-01 1.156920492649078369e-01
-3.872593343257904053e-01 5.861613750457763672e-01 -7.116493582725524902e-01 2.746351361274719238e-01
0.000000000000000000e+00 0.000000000000000000e+00 0.000000000000000000e+00 1.000000000000000000e+00
7.341706752777099609e-01 -3.434411883354187012e-01 -5.856974124908447266e-01 1.398632824420928955e-01
-5.820289254188537598e-01 -7.625440359115600586e-01 -2.824324071407318115e-01 9.369369596242904663e-02
-3.496212065219879150e-01 5.482470989227294922e-01 -7.597304582595825195e-01 2.872261404991149902e-01
0.000000000000000000e+00 0.000000000000000000e+00 0.000000000000000000e+00 1.000000000000000000e+00
8.112574219703674316e-01 -1.824529170989990234e-01 -5.554930567741394043e-01 1.342374086380004883e-01
-5.271143317222595215e-01 -6.393364667892456055e-01 -5.598208904266357422e-01 1.816585510969161987e-01
-2.530060708522796631e-01 7.469668984413146973e-01 -6.148398518562316895e-01 2.470076531171798706e-01
0.000000000000000000e+00 0.000000000000000000e+00 0.000000000000000000e+00 1.000000000000000000e+00
8.474699258804321289e-01 -1.020710393786430359e-01 -5.209375619888305664e-01 1.224204376339912415e-01
-4.755023419857025146e-01 -5.822280645370483398e-01 -6.594747304916381836e-01 2.142835408449172974e-01
-2.359915077686309814e-01 8.065921068191528320e-01 -5.419560074806213379e-01 2.223066091537475586e-01
0.000000000000000000e+00 0.000000000000000000e+00 0.000000000000000000e+00 1.000000000000000000e+00
8.799569606781005859e-01 -4.746223986148834229e-02 -4.726764261722564697e-01 1.052523404359817505e-01
-4.268665611743927002e-01 -5.156413912773132324e-01 -7.428985238075256348e-01 2.420188784599304199e-01
-2.084720879793167114e-01 8.554886579513549805e-01 -4.740025997161865234e-01 1.984655559062957764e-01
0.000000000000000000e+00 0.000000000000000000e+00 0.000000000000000000e+00 1.000000000000000000e+00
8.738794922828674316e-01 1.503114104270935059e-01 -4.623212814331054688e-01 1.052546128630638123e-01
-3.676334321498870850e-01 -4.179189503192901611e-01 -8.307759165763854980e-01 2.714810967445373535e-01
-3.180880546569824219e-01 8.959628939628601074e-01 -3.099512755870819092e-01 1.505855917930603027e-01
0.000000000000000000e+00 0.000000000000000000e+00 0.000000000000000000e+00 1.000000000000000000e+00
9.497600197792053223e-01 -2.633237540721893311e-01 -1.691648066043853760e-01 5.787252448499202728e-04
-2.489640563726425171e-01 -3.080950379371643066e-01 -9.182013273239135742e-01 2.942758798599243164e-01
1.896654218435287476e-01 9.141870141029357910e-01 -3.581745326519012451e-01 1.352432519197463989e-01
0.000000000000000000e+00 0.000000000000000000e+00 0.000000000000000000e+00 1.000000000000000000e+00
9.699543118476867676e-01 -1.972056478261947632e-01 -1.424728482961654663e-01 -8.460117504000663757e-03
-1.864374727010726929e-01 -2.262829393148422241e-01 -9.560529589653015137e-01 3.036514520645141602e-01
1.562998592853546143e-01 9.538900852203369141e-01 -2.562505602836608887e-01 1.024888679385185242e-01
0.000000000000000000e+00 0.000000000000000000e+00 0.000000000000000000e+00 1.000000000000000000e+00
9.812660813331604004e-01 -1.392569988965988159e-01 -1.331327557563781738e-01 -1.099351607263088226e-02
-1.494943946599960327e-01 -1.144819632172584534e-01 -9.821126461029052734e-01 3.099685311317443848e-01
1.215247213840484619e-01 9.836161136627197266e-01 -1.331553906202316284e-01 6.237491965293884277e-02
0.000000000000000000e+00 0.000000000000000000e+00 0.000000000000000000e+00 1.000000000000000000e+00
9.611641764640808105e-01 -2.471643388271331787e-01 -1.227737367153167725e-01 -1.554483734071254730e-02
-1.403594166040420532e-01 -5.476595833897590637e-02 -9.885851740837097168e-01 3.104001283645629883e-01
2.376190572977066040e-01 9.674245715141296387e-01 -8.733093738555908203e-02 3.963730484247207642e-02
0.000000000000000000e+00 0.000000000000000000e+00 0.000000000000000000e+00 1.000000000000000000e+00
9.939955472946166992e-01 5.085673928260803223e-02 -9.688691794872283936e-02 -2.197182737290859222e-02
-9.854967147111892700e-02 3.126815333962440491e-02 -9.946409463882446289e-01 3.090566694736480713e-01
-4.755473881959915161e-02 9.982165098190307617e-01 3.609230369329452515e-02 1.171714160591363907e-02
0.000000000000000000e+00 0.000000000000000000e+00 0.000000000000000000e+00 1.000000000000000000e+00
9.963150024414062500e-01 5.743161961436271667e-02 -6.370427459478378296e-02 -3.261953964829444885e-02
-7.051534950733184814e-02 1.256428509950637817e-01 -9.895664453506469727e-01 3.037241995334625244e-01
-4.882854595780372620e-02 9.904114603996276855e-01 1.292296648025512695e-01 -2.247571572661399841e-02
0.000000000000000000e+00 0.000000000000000000e+00 0.000000000000000000e+00 1.000000000000000000e+00
9.852547645568847656e-01 4.655859991908073425e-02 -1.646364331245422363e-01 -3.968920093029737473e-03
-1.700694411993026733e-01 1.613995879888534546e-01 -9.721249938011169434e-01 3.057976663112640381e-01
-1.868852600455284119e-02 9.857900142669677734e-01 1.669378429651260376e-01 -2.509223297238349915e-02
0.000000000000000000e+00 0.000000000000000000e+00 0.000000000000000000e+00 1.000000000000000000e+00
7.911149859428405762e-01 6.003081798553466797e-01 -1.173349320888519287e-01 1.891068182885646820e-03
-2.707108557224273682e-01 1.716100275516510010e-01 -9.472410678863525391e-01 3.081526756286621094e-01
-5.485005974769592285e-01 7.811400294303894043e-01 2.982730865478515625e-01 -3.573548421263694763e-02
0.000000000000000000e+00 0.000000000000000000e+00 0.000000000000000000e+00 1.000000000000000000e+00
5.395302176475524902e-01 8.419663906097412109e-01 5.397886852733790874e-04 -8.564666844904422760e-03
-3.738063871860504150e-01 2.401087135076522827e-01 -8.958886265754699707e-01 3.071839213371276855e-01
-7.544374465942382812e-01 4.831572771072387695e-01 4.442783296108245850e-01 -7.217548042535781860e-02
0.000000000000000000e+00 0.000000000000000000e+00 0.000000000000000000e+00 1.000000000000000000e+00
9.066447019577026367e-01 3.200987577438354492e-01 -2.748301923274993896e-01 4.134733229875564575e-02
-3.804133534431457520e-01 3.385762572288513184e-01 -8.606106042861938477e-01 3.010279238224029541e-01
-1.824296116828918457e-01 8.848180174827575684e-01 4.287385046482086182e-01 -9.122698754072189331e-02
0.000000000000000000e+00 0.000000000000000000e+00 0.000000000000000000e+00 1.000000000000000000e+00
8.840762376785278320e-01 2.070640921592712402e-01 -4.189677238464355469e-01 8.545204997062683105e-02
-4.671723544597625732e-01 4.157773554325103760e-01 -7.803067564964294434e-01 2.869397401809692383e-01
1.262366864830255508e-02 8.855806589126586914e-01 4.643134176731109619e-01 -1.160610243678092957e-01
0.000000000000000000e+00 0.000000000000000000e+00 0.000000000000000000e+00 1.000000000000000000e+00
8.729024529457092285e-01 1.861533522605895996e-01 -4.509867429733276367e-01 9.582955390214920044e-02
-4.792117178440093994e-01 5.007432103157043457e-01 -7.208410501480102539e-01 2.692763209342956543e-01
9.164147824048995972e-02 8.453420996665954590e-01 5.263069272041320801e-01 -1.431679427623748779e-01
0.000000000000000000e+00 0.000000000000000000e+00 0.000000000000000000e+00 1.000000000000000000e+00
8.647331595420837402e-01 1.669476330280303955e-01 -4.736714661121368408e-01 1.031881868839263916e-01
-4.749585092067718506e-01 5.784056782722473145e-01 -6.632205247879028320e-01 2.533085346221923828e-01
1.632510870695114136e-01 7.984828948974609375e-01 5.794594287872314453e-01 -1.621554046869277954e-01
0.000000000000000000e+00 0.000000000000000000e+00 0.000000000000000000e+00 1.000000000000000000e+00
8.506673574447631836e-01 1.281164586544036865e-01 -5.098537802696228027e-01 1.119841933250427246e-01
-4.507144391536712646e-01 6.769473552703857422e-01 -5.818919539451599121e-01 2.290097624063491821e-01
2.705941796302795410e-01 7.247954010963439941e-01 6.336011290550231934e-01 -1.853600889444351196e-01
0.000000000000000000e+00 0.000000000000000000e+00 0.000000000000000000e+00 1.000000000000000000e+00
8.347002267837524414e-01 1.357103288173675537e-01 -5.337211489677429199e-01 1.210842058062553406e-01
-4.482947885990142822e-01 7.303422689437866211e-01 -5.153934955596923828e-01 2.092862874269485474e-01
3.198550343513488770e-01 6.694639921188354492e-01 6.704558730125427246e-01 -2.017245143651962280e-01
0.000000000000000000e+00 0.000000000000000000e+00 0.000000000000000000e+00 1.000000000000000000e+00
8.077164292335510254e-01 1.714195013046264648e-01 -5.641000270843505859e-01 1.339428573846817017e-01
-4.529037177562713623e-01 7.929674983024597168e-01 -4.075295925140380859e-01 1.774953901767730713e-01
3.774544000625610352e-01 5.846518874168395996e-01 7.181296944618225098e-01 -2.224673926830291748e-01
0.000000000000000000e+00 0.000000000000000000e+00 0.000000000000000000e+00 1.000000000000000000e+00
7.792137265205383301e-01 2.307803779840469360e-01 -5.827229022979736328e-01 1.439136862754821777e-01
-4.643682539463043213e-01 8.370015621185302734e-01 -2.894662916660308838e-01 1.421667039394378662e-01
4.209365546703338623e-01 4.961539804935455322e-01 7.593700885772705078e-01 -2.411676943302154541e-01
0.000000000000000000e+00 0.000000000000000000e+00 0.000000000000000000e+00 1.000000000000000000e+00
7.565631866455078125e-01 2.874594032764434814e-01 -5.873491168022155762e-01 1.489136964082717896e-01
-4.621490836143493652e-01 8.705004453659057617e-01 -1.692542135715484619e-01 1.052439510822296143e-01
4.626341164112091064e-01 3.994946479797363281e-01 7.914379239082336426e-01 -2.565155327320098877e-01
0.000000000000000000e+00 0.000000000000000000e+00 0.000000000000000000e+00 1.000000000000000000e+00
7.430105805397033691e-01 3.643604815006256104e-01 -5.614055991172790527e-01 1.434709131717681885e-01
-4.412326216697692871e-01 8.973911404609680176e-01 -1.543447491712868214e-03 5.270893126726150513e-02
5.032377839088439941e-01 2.488571405410766602e-01 8.275390267372131348e-01 -2.729637026786804199e-01
0.000000000000000000e+00 0.000000000000000000e+00 0.000000000000000000e+00 1.000000000000000000e+00
7.284420132637023926e-01 4.004532396793365479e-01 -5.558866262435913086e-01 1.410288959741592407e-01
-3.750324845314025879e-01 9.120977520942687988e-01 1.656149029731750488e-01 -5.173323675990104675e-03
5.733440518379211426e-01 8.783484995365142822e-02 8.145930767059326172e-01 -2.708281874656677246e-01
0.000000000000000000e+00 0.000000000000000000e+00 0.000000000000000000e+00 1.000000000000000000e+00
7.215626835823059082e-01 4.176418185234069824e-01 -5.521985292434692383e-01 1.387824565172195435e-01
-2.996041476726531982e-01 9.073815345764160156e-01 2.947804331779479980e-01 -5.186609178781509399e-02
6.241673231124877930e-01 -4.726151004433631897e-02 7.798597216606140137e-01 -2.628183960914611816e-01
0.000000000000000000e+00 0.000000000000000000e+00 0.000000000000000000e+00 1.000000000000000000e+00
7.183703184127807617e-01 4.455057680606842041e-01 -5.342925786972045898e-01 1.325732469558715820e-01
-2.406656891107559204e-01 8.797665238380432129e-01 4.099886417388916016e-01 -9.157963097095489502e-02
6.527051925659179688e-01 -1.659377217292785645e-01 7.392161488533020020e-01 -2.514744400978088379e-01
0.000000000000000000e+00 0.000000000000000000e+00 0.000000000000000000e+00 1.000000000000000000e+00
7.140541672706604004e-01 4.702317118644714355e-01 -5.186601877212524414e-01 1.279163807630538940e-01
-1.645059138536453247e-01 8.328025341033935547e-01 5.285617113113403320e-01 -1.352930814027786255e-01
6.804881095886230469e-01 -2.920988202095031738e-01 6.720221042633056641e-01 -2.323793768882751465e-01
0.000000000000000000e+00 0.000000000000000000e+00 0.000000000000000000e+00 1.000000000000000000e+00
6.955227851867675781e-01 4.972473084926605225e-01 -5.186453461647033691e-01 1.286999434232711792e-01
-9.544242918491363525e-02 7.793831229209899902e-01 6.192355751991271973e-01 -1.699098497629165649e-01
7.121366858482360840e-01 -3.811915814876556396e-01 5.895372033119201660e-01 -2.081162780523300171e-01
0.000000000000000000e+00 0.000000000000000000e+00 0.000000000000000000e+00 1.000000000000000000e+00
7.107747793197631836e-01 5.027123093605041504e-01 -4.920155405998229980e-01 1.193194240331649780e-01
-3.299363330006599426e-02 7.225187420845031738e-01 6.905635595321655273e-01 -1.981417983770370483e-01
7.026453614234924316e-01 -4.746017754077911377e-01 5.301344990730285645e-01 -1.899630576372146606e-01
0.000000000000000000e+00 0.000000000000000000e+00 0.000000000000000000e+00 1.000000000000000000e+00
7.141433954238891602e-01 5.147678256034851074e-01 -4.743554592132568359e-01 1.135028824210166931e-01
1.687378436326980591e-02 6.647951006889343262e-01 7.468349933624267578e-01 -2.209424525499343872e-01
6.997959017753601074e-01 -5.413514375686645508e-01 4.660730957984924316e-01 -1.714748740196228027e-01
0.000000000000000000e+00 0.000000000000000000e+00 0.000000000000000000e+00 1.000000000000000000e+00
7.433657050132751465e-01 5.073017477989196777e-01 -4.359495937824249268e-01 9.956116229295730591e-02
6.027708202600479126e-02 5.982975959777832031e-01 7.990034222602844238e-01 -2.421591132879257202e-01
6.661636233329772949e-01 -6.202296018600463867e-01 4.141753613948822021e-01 -1.567663103342056274e-01
0.000000000000000000e+00 0.000000000000000000e+00 0.000000000000000000e+00 1.000000000000000000e+00
8.221364021301269531e-01 4.447588920593261719e-01 -3.553606569766998291e-01 6.863601505756378174e-02
9.946140646934509277e-02 5.023999810218811035e-01 8.588955402374267578e-01 -2.683534026145935059e-01
5.605345368385314941e-01 -7.414739727973937988e-01 3.688049614429473877e-01 -1.394907981157302856e-01
0.000000000000000000e+00 0.000000000000000000e+00 0.000000000000000000e+00 1.000000000000000000e+00
8.736872673034667969e-01 3.945827484130859375e-01 -2.845608592033386230e-01 4.428460076451301575e-02
1.217197030782699585e-01 3.890239596366882324e-01 9.131509661674499512e-01 -2.906599938869476318e-01
4.710145890712738037e-01 -8.324449062347412109e-01 2.918567657470703125e-01 -1.122895777225494385e-01
0.000000000000000000e+00 0.000000000000000000e+00 0.000000000000000000e+00 1.000000000000000000e+00
8.896002769470214844e-01 3.715342581272125244e-01 -2.656577527523040771e-01 3.653790429234504700e-02
1.563151627779006958e-01 2.988546788692474365e-01 9.414091706275939941e-01 -3.037141263484954834e-01
4.291586875915527344e-01 -8.790037631988525391e-01 2.077845931053161621e-01 -8.537184447050094604e-02
0.000000000000000000e+00 0.000000000000000000e+00 0.000000000000000000e+00 1.000000000000000000e+00
8.931168913841247559e-01 3.659744262695312500e-01 -2.615443468093872070e-01 3.429358452558517456e-02
1.936068832874298096e-01 2.120785564184188843e-01 9.578825831413269043e-01 -3.132607936859130859e-01
4.060284197330474854e-01 -9.061376452445983887e-01 1.185558214783668518e-01 -5.620250105857849121e-02
0.000000000000000000e+00 0.000000000000000000e+00 0.000000000000000000e+00 1.000000000000000000e+00
9.617132544517517090e-01 1.551791131496429443e-01 -2.258924096822738647e-01 1.752010546624660492e-02
2.098124325275421143e-01 1.133847907185554504e-01 9.711450934410095215e-01 -3.208647072315216064e-01
1.763143390417098999e-01 -9.813582301139831543e-01 7.648511976003646851e-02 -3.036598488688468933e-02
0.000000000000000000e+00 0.000000000000000000e+00 0.000000000000000000e+00 1.000000000000000000e+00
9.806980490684509277e-01 5.893912911415100098e-02 -1.864338070154190063e-01 -2.009623567573726177e-04
1.851123720407485962e-01 2.718570828437805176e-02 9.823411703109741211e-01 -3.269474506378173828e-01
6.296671181917190552e-02 -9.978912472724914551e-01 1.575065776705741882e-02 -1.961468486115336418e-03
0.000000000000000000e+00 0.000000000000000000e+00 0.000000000000000000e+00 1.000000000000000000e+00
9.551100730895996094e-01 2.506738901138305664e-01 -1.578848361968994141e-01 -8.022023364901542664e-03
1.798175573348999023e-01 -6.699901819229125977e-02 9.814158082008361816e-01 -3.309094011783599854e-01
2.354371994733810425e-01 -9.657503962516784668e-01 -1.090670600533485413e-01 3.366719186305999756e-02
0.000000000000000000e+00 0.000000000000000000e+00 0.000000000000000000e+00 1.000000000000000000e+00
9.833821058273315430e-01 1.430096477270126343e-02 -1.809820085763931274e-01 2.066284650936722755e-04
1.814295202493667603e-01 -1.131510213017463684e-01 9.768723845481872559e-01 -3.316107094287872314e-01
-6.508051883429288864e-03 -9.934747219085693359e-01 -1.138653457164764404e-01 5.541720613837242126e-02
0.000000000000000000e+00 0.000000000000000000e+00 0.000000000000000000e+00 1.000000000000000000e+00
9.900000095367431641e-01 1.820650883018970490e-02 -1.398871541023254395e-01 -1.203721389174461365e-02
1.408357620239257812e-01 -7.080918550491333008e-02 9.874975681304931641e-01 -3.327946960926055908e-01
8.073628880083560944e-03 -9.973237514495849609e-01 -7.266519963741302490e-02 3.844755887985229492e-02
0.000000000000000000e+00 0.000000000000000000e+00 0.000000000000000000e+00 1.000000000000000000e+00
9.565091729164123535e-01 2.827046513557434082e-01 -7.189152389764785767e-02 -3.124876320362091064e-02
5.723422020673751831e-02 5.977921932935714722e-02 9.965691566467285156e-01 -3.290063142776489258e-01
2.860325574874877930e-01 -9.573424458503723145e-01 4.099901020526885986e-02 -1.649631373584270477e-02
0.000000000000000000e+00 0.000000000000000000e+00 0.000000000000000000e+00 1.000000000000000000e+00
8.833929896354675293e-01 4.655203521251678467e-01 -5.391789227724075317e-02 -3.092059493064880371e-02
-4.124070331454277039e-02 1.918316185474395752e-01 9.805609583854675293e-01 -3.156825304031372070e-01
4.668143093585968018e-01 -8.639970421791076660e-01 1.886612623929977417e-01 -7.519327849149703979e-02
0.000000000000000000e+00 0.000000000000000000e+00 0.000000000000000000e+00 1.000000000000000000e+00
7.931854724884033203e-01 6.060576438903808594e-01 -5.959237739443778992e-02 -2.098120748996734619e-02
-1.685628443956375122e-01 3.125288486480712891e-01 9.348327517509460449e-01 -2.902826666831970215e-01
5.851867794990539551e-01 -7.314504981040954590e-01 3.500520288944244385e-01 -1.337285786867141724e-01
0.000000000000000000e+00 0.000000000000000000e+00 0.000000000000000000e+00 1.000000000000000000e+00
9.461944103240966797e-01 2.052032947540283203e-01 2.502147555351257324e-01 -1.232214123010635376e-01
-3.139239251613616943e-01 3.944179117679595947e-01 8.636472821235656738e-01 -2.555922269821166992e-01
7.853413373231887817e-02 -8.957265019416809082e-01 4.376142024993896484e-01 -1.377158612012863159e-01
0.000000000000000000e+00 0.000000000000000000e+00 0.000000000000000000e+00 1.000000000000000000e+00
8.848147392272949219e-01 3.854860961437225342e-01 2.617313563823699951e-01 -1.190252378582954407e-01
-4.396629333496093750e-01 5.047587752342224121e-01 7.429096698760986328e-01 -2.067066133022308350e-01
1.542702615261077881e-01 -7.724111080169677734e-01 6.161019802093505859e-01 -1.960590034723281860e-01
0.000000000000000000e+00 0.000000000000000000e+00 0.000000000000000000e+00 1.000000000000000000e+00
8.049809336662292480e-01 5.275020003318786621e-01 2.715647220611572266e-01 -1.118531450629234314e-01
-5.749548673629760742e-01 5.806319117546081543e-01 5.764487981796264648e-01 -1.452395915985107422e-01
1.463988274335861206e-01 -6.201674938201904297e-01 7.706874608993530273e-01 -2.408556491136550903e-01
0.000000000000000000e+00 0.000000000000000000e+00 0.000000000000000000e+00 1.000000000000000000e+00
7.399635910987854004e-01 6.008058190345764160e-01 3.024661540985107422e-01 -1.119441762566566467e-01
-6.692262291908264160e-01 6.122831106185913086e-01 4.210049808025360107e-01 -9.081972390413284302e-02
6.774755567312240601e-02 -5.139467120170593262e-01 8.551424741744995117e-01 -2.606015503406524658e-01
0.000000000000000000e+00 0.000000000000000000e+00 0.000000000000000000e+00 1.000000000000000000e+00
6.566752195358276367e-01 7.193611264228820801e-01 2.264889627695083618e-01 -7.653198391199111938e-02
-7.520830631256103516e-01 6.022823452949523926e-01 2.676320970058441162e-01 -3.954964131116867065e-02
5.611388012766838074e-02 -3.460858464241027832e-01 9.365230202674865723e-01 -2.806011140346527100e-01
0.000000000000000000e+00 0.000000000000000000e+00 0.000000000000000000e+00 1.000000000000000000e+00
6.869448423385620117e-01 7.028282880783081055e-01 1.847674697637557983e-01 -6.461676210165023804e-02
-7.265391349792480469e-01 6.587100625038146973e-01 1.955549567937850952e-01 -1.383276470005512238e-02
1.573343575000762939e-02 -2.685763537883758545e-01 9.631298780441284180e-01 -2.837949097156524658e-01
0.000000000000000000e+00 0.000000000000000000e+00 0.000000000000000000e+00 1.000000000000000000e+00
6.936228871345520020e-01 6.949269771575927734e-01 1.896404325962066650e-01 -6.655389815568923950e-02
-7.132388949394226074e-01 6.994293928146362305e-01 4.569948837161064148e-02 3.188615664839744568e-02
-1.008822619915008545e-01 -1.669571846723556519e-01 9.807894825935363770e-01 -2.786502242088317871e-01
0.000000000000000000e+00 0.000000000000000000e+00 0.000000000000000000e+00 1.000000000000000000e+00
6.759454607963562012e-01 7.178472876548767090e-01 1.667116880416870117e-01 -5.809348076581954956e-02
-7.237847447395324707e-01 6.892299652099609375e-01 -3.312801197171211243e-02 5.360196530818939209e-02
-1.386835128068923950e-01 -9.827069193124771118e-02 9.854489564895629883e-01 -2.748183608055114746e-01
0.000000000000000000e+00 0.000000000000000000e+00 0.000000000000000000e+00 1.000000000000000000e+00
6.593194603919982910e-01 7.347970604896545410e-01 1.592822074890136719e-01 -5.420424789190292358e-02
-7.320375442504882812e-01 6.756922006607055664e-01 -8.695296943187713623e-02 6.784164160490036011e-02
-1.715185493230819702e-01 -5.927081033587455750e-02 9.833963513374328613e-01 -2.703968882560729980e-01
0.000000000000000000e+00 0.000000000000000000e+00 0.000000000000000000e+00 1.000000000000000000e+00
5.810117721557617188e-01 7.976495623588562012e-01 1.618035882711410522e-01 -4.765753448009490967e-02
-7.618523240089416504e-01 6.029525399208068848e-01 -2.367049157619476318e-01 1.105330735445022583e-01
-2.863674759864807129e-01 1.425787247717380524e-02 9.580137729644775391e-01 -2.559087574481964111e-01
0.000000000000000000e+00 0.000000000000000000e+00 0.000000000000000000e+00 1.000000000000000000e+00
5.798407196998596191e-01 7.958757281303405762e-01 1.742595136165618896e-01 -5.027897283434867859e-02
-6.802366375923156738e-01 5.906350016593933105e-01 -4.340832233428955078e-01 1.652953475713729858e-01
-4.484001398086547852e-01 1.331613659858703613e-01 8.838582038879394531e-01 -2.235057353973388672e-01
0.000000000000000000e+00 0.000000000000000000e+00 0.000000000000000000e+00 1.000000000000000000e+00
5.973442792892456055e-01 7.808146476745605469e-01 1.830527335405349731e-01 -5.530931055545806885e-02
-6.101009845733642578e-01 5.905746817588806152e-01 -5.282028913497924805e-01 1.899926066398620605e-01
-5.205348730087280273e-01 2.038382887840270996e-01 8.291522264480590820e-01 -2.020186185836791992e-01
0.000000000000000000e+00 0.000000000000000000e+00 0.000000000000000000e+00 1.000000000000000000e+00
6.640770435333251953e-01 7.268792390823364258e-01 1.750659644603729248e-01 -5.812925845384597778e-02
-4.988448321819305420e-01 6.051707267761230469e-01 -6.204208731651306152e-01 2.126198410987854004e-01
-5.569159388542175293e-01 3.246764540672302246e-01 7.644800543785095215e-01 -1.758413612842559814e-01
0.000000000000000000e+00 0.000000000000000000e+00 0.000000000000000000e+00 1.000000000000000000e+00
7.345692515373229980e-01 6.606115698814392090e-01 1.549192965030670166e-01 -5.771858990192413330e-02
-3.964382708072662354e-01 6.031349897384643555e-01 -6.921448707580566406e-01 2.282656580209732056e-01
-5.506764054298400879e-01 4.470124244689941406e-01 7.049363255500793457e-01 -1.546627730131149292e-01
0.000000000000000000e+00 0.000000000000000000e+00 0.000000000000000000e+00 1.000000000000000000e+00
8.015657067298889160e-01 5.858594179153442383e-01 1.194194778800010681e-01 -5.303515866398811340e-02
-3.635627627372741699e-01 6.361426711082458496e-01 -6.805475354194641113e-01 2.238148748874664307e-01
-4.746729433536529541e-01 5.020869374275207520e-01 7.229068279266357422e-01 -1.635082066059112549e-01
0.000000000000000000e+00 0.000000000000000000e+00 0.000000000000000000e+00 1.000000000000000000e+00
8.737974166870117188e-01 4.785624444484710693e-01 8.634880930185317993e-02 -5.085052922368049622e-02
-3.040247857570648193e-01 6.761953830718994141e-01 -6.710647344589233398e-01 2.162684947252273560e-01
-3.795351982116699219e-01 5.601222515106201172e-01 7.363529205322265625e-01 -1.718967258930206299e-01
0.000000000000000000e+00 0.000000000000000000e+00 0.000000000000000000e+00 1.000000000000000000e+00
8.965427279472351074e-01 4.403909742832183838e-01 4.761538654565811157e-02 -4.096497595310211182e-02
-2.577149271965026855e-01 6.060189008712768555e-01 -7.525449991226196289e-01 2.318790555000305176e-01
-3.602698743343353271e-01 6.624174714088439941e-01 6.568171977996826172e-01 -1.464136689901351929e-01
0.000000000000000000e+00 0.000000000000000000e+00 0.000000000000000000e+00 1.000000000000000000e+00
8.657591342926025391e-01 4.938601255416870117e-01 8.101433515548706055e-02 -4.819052293896675110e-02
-2.659164667129516602e-01 5.910850167274475098e-01 -7.615160346031188965e-01 2.337832450866699219e-01
-4.239689409732818604e-01 6.377465128898620605e-01 6.430630087852478027e-01 -1.379359215497970581e-01
0.000000000000000000e+00 0.000000000000000000e+00 0.000000000000000000e+00 1.000000000000000000e+00
7.464008927345275879e-01 6.592698097229003906e-01 9.082673490047454834e-02 -4.098457470536231995e-02
-3.647970557212829590e-01 5.194650888442993164e-01 -7.727088332176208496e-01 2.359029054641723633e-01
-5.566051006317138672e-01 5.436169505119323730e-01 6.282287836074829102e-01 -1.299272030591964722e-01
0.000000000000000000e+00 0.000000000000000000e+00 0.000000000000000000e+00 1.000000000000000000e+00
7.175140380859375000e-01 6.882144808769226074e-01 1.073984056711196899e-01 -4.314417392015457153e-02
-3.072989881038665771e-01 4.511360228061676025e-01 -8.378804922103881836e-01 2.502966225147247314e-01
-6.250928640365600586e-01 5.681867599487304688e-01 5.351837277412414551e-01 -9.839491546154022217e-02
0.000000000000000000e+00 0.000000000000000000e+00 0.000000000000000000e+00 1.000000000000000000e+00
7.170867323875427246e-01 6.904338598251342773e-01 9.532722830772399902e-02 -3.901358321309089661e-02
-2.341127097606658936e-01 3.674265742301940918e-01 -9.001048803329467773e-01 2.631741464138031006e-01
-6.564888954162597656e-01 6.231360435485839844e-01 4.251161217689514160e-01 -6.186442822217941284e-02
0.000000000000000000e+00 0.000000000000000000e+00 0.000000000000000000e+00 1.000000000000000000e+00
5.824943780899047852e-01 8.011622428894042969e-01 1.372563391923904419e-01 -4.157815501093864441e-02
-1.621310710906982422e-01 2.799860835075378418e-01 -9.462140798568725586e-01 2.714720964431762695e-01
-7.965008020401000977e-01 5.289109945297241211e-01 2.929837107658386230e-01 -1.871596090495586395e-02
0.000000000000000000e+00 0.000000000000000000e+00 0.000000000000000000e+00 1.000000000000000000e+00
6.162731051445007324e-01 7.813137173652648926e-01 9.877412766218185425e-02 -3.236007690429687500e-02
-1.090744659304618835e-01 2.088942229747772217e-01 -9.718364477157592773e-01 2.748494148254394531e-01
-7.799427509307861328e-01 5.881427526473999023e-01 2.139571756124496460e-01 8.754005655646324158e-03
0.000000000000000000e+00 0.000000000000000000e+00 0.000000000000000000e+00 1.000000000000000000e+00
9.827157258987426758e-01 -1.848855167627334595e-01 -9.322695434093475342e-03 -5.654981359839439392e-02
5.241463892161846161e-03 7.812912017107009888e-02 -9.969295859336853027e-01 2.724065780639648438e-01
1.850461959838867188e-01 9.796495437622070312e-01 7.774775475263595581e-02 1.321008149534463882e-02
0.000000000000000000e+00 0.000000000000000000e+00 0.000000000000000000e+00 1.000000000000000000e+00
9.824208617210388184e-01 1.804088056087493896e-01 4.797597229480743408e-02 -5.924099311232566833e-02
4.778457432985305786e-02 5.409383215010166168e-03 -9.988430142402648926e-01 2.679170668125152588e-01
-1.804596334695816040e-01 9.835767745971679688e-01 -3.306543687358498573e-03 5.880164355039596558e-02
0.000000000000000000e+00 0.000000000000000000e+00 0.000000000000000000e+00 1.000000000000000000e+00
8.896797895431518555e-01 4.345452785491943359e-01 1.401443481445312500e-01 -7.329322397708892822e-02
2.012393474578857422e-01 -9.767770022153854370e-02 -9.746596813201904297e-01 2.507737278938293457e-01
-4.098446667194366455e-01 8.953373432159423828e-01 -1.743494570255279541e-01 1.233320683240890503e-01
0.000000000000000000e+00 0.000000000000000000e+00 0.000000000000000000e+00 1.000000000000000000e+00
7.300086319446563721e-02 9.764890074729919434e-01 -2.028289735317230225e-01 9.863539040088653564e-02
3.625084459781646729e-01 -2.154408842325210571e-01 -9.067373871803283691e-01 2.179723680019378662e-01
-9.291167259216308594e-01 -7.334764581173658371e-03 -3.697126805782318115e-01 1.799914091825485229e-01
0.000000000000000000e+00 0.000000000000000000e+00 0.000000000000000000e+00 1.000000000000000000e+00
1.496809422969818115e-01 9.592869877815246582e-01 -2.395073473453521729e-01 1.036615148186683655e-01
5.181960463523864746e-01 -2.824132740497589111e-01 -8.072887063026428223e-01 1.771139204502105713e-01
-8.420618772506713867e-01 -3.276198869571089745e-03 -5.393704771995544434e-01 2.309177070856094360e-01
0.000000000000000000e+00 0.000000000000000000e+00 0.000000000000000000e+00 1.000000000000000000e+00
1.505852788686752319e-01 9.472130537033081055e-01 -2.830393910408020020e-01 1.147047728300094604e-01
5.855813622474670410e-01 -3.161357939243316650e-01 -7.464264035224914551e-01 1.534778475761413574e-01
-7.965034842491149902e-01 -5.334193259477615356e-02 -6.022757887840270996e-01 2.460427880287170410e-01
0.000000000000000000e+00 0.000000000000000000e+00 0.000000000000000000e+00 1.000000000000000000e+00
1.667145639657974243e-01 9.255267381668090820e-01 -3.400093615055084229e-01 1.275935620069503784e-01
6.552003026008605957e-01 -3.616782724857330322e-01 -6.632511615753173828e-01 1.233415901660919189e-01
-7.368304729461669922e-01 -1.122005581855773926e-01 -6.667020916938781738e-01 2.610051333904266357e-01
0.000000000000000000e+00 0.000000000000000000e+00 0.000000000000000000e+00 1.000000000000000000e+00
1.916644573211669922e-01 9.032201766967773438e-01 -3.840032219886779785e-01 1.323618441820144653e-01
7.180318236351013184e-01 -3.957776725292205811e-01 -5.725295543670654297e-01 9.368246793746948242e-02
-6.691001057624816895e-01 -1.659930199384689331e-01 -7.243971228599548340e-01 2.721374332904815674e-01
0.000000000000000000e+00 0.000000000000000000e+00 0.000000000000000000e+00 1.000000000000000000e+00
1.460865288972854614e-01 9.104740023612976074e-01 -3.869049549102783203e-01 1.343508064746856689e-01
7.958353161811828613e-01 -3.404740691184997559e-01 -5.007227659225463867e-01 7.315683364868164062e-02
-5.876263976097106934e-01 -2.347638010978698730e-01 -7.743259072303771973e-01 2.796654105186462402e-01
0.000000000000000000e+00 0.000000000000000000e+00 0.000000000000000000e+00 1.000000000000000000e+00
5.893345177173614502e-02 9.217501282691955566e-01 -3.832806050777435303e-01 1.369644403457641602e-01
8.563072085380554199e-01 -2.440222799777984619e-01 -4.551822245121002197e-01 6.153151020407676697e-02
-5.130931138992309570e-01 -3.013804256916046143e-01 -8.036818504333496094e-01 2.825536131858825684e-01
0.000000000000000000e+00 0.000000000000000000e+00 0.000000000000000000e+00 1.000000000000000000e+00
2.456670440733432770e-02 9.124793410301208496e-01 -4.083837568759918213e-01 1.456723362207412720e-01
9.114248752593994141e-01 -1.882809996604919434e-01 -3.658618927001953125e-01 3.225090354681015015e-02
-4.107325375080108643e-01 -3.632229864597320557e-01 -8.362820148468017578e-01 2.852506935596466064e-01
0.000000000000000000e+00 0.000000000000000000e+00 0.000000000000000000e+00 1.000000000000000000e+00
-2.229321002960205078e-02 9.079160690307617188e-01 -4.185591340065002441e-01 1.490391939878463745e-01
9.530004858970642090e-01 -1.072311475872993469e-01 -2.833585739135742188e-01 4.690531175583600998e-03
-3.021483421325683594e-01 -4.052038490772247314e-01 -8.628538846969604492e-01 2.899085581302642822e-01
0.000000000000000000e+00 0.000000000000000000e+00 0.000000000000000000e+00 1.000000000000000000e+00
-8.487792313098907471e-02 8.995507955551147461e-01 -4.284894764423370361e-01 1.556164920330047607e-01
9.780116081237792969e-01 -7.002926431596279144e-03 -2.084327787160873413e-01 -1.731474511325359344e-02
-1.904967576265335083e-01 -4.367592632770538330e-01 -8.791767358779907227e-01 2.864909470081329346e-01
0.000000000000000000e+00 0.000000000000000000e+00 0.000000000000000000e+00 1.000000000000000000e+00
-6.773290038108825684e-02 8.943282961845397949e-01 -4.422543048858642578e-01 1.561972349882125854e-01
9.953359961509704590e-01 3.005273267626762390e-02 -9.166678786277770996e-02 -5.273761972784996033e-02
-6.868928670883178711e-02 -4.464002549648284912e-01 -8.921929597854614258e-01 2.828676998615264893e-01
0.000000000000000000e+00 0.000000000000000000e+00 0.000000000000000000e+00 1.000000000000000000e+00
-1.077768625691533089e-03 9.050282239913940430e-01 -4.253502190113067627e-01 1.448625773191452026e-01
9.921895265579223633e-01 5.402350425720214844e-02 1.124326661229133606e-01 -1.122435331344604492e-01
1.247334852814674377e-01 -4.219067990779876709e-01 -8.980178833007812500e-01 2.743435800075531006e-01
0.000000000000000000e+00 0.000000000000000000e+00 0.000000000000000000e+00 1.000000000000000000e+00
1.908428780734539032e-02 9.084311723709106445e-01 -4.175983965396881104e-01 1.413917988538742065e-01
9.599516987800598145e-01 1.001190245151519775e-01 2.616654932498931885e-01 -1.550541967153549194e-01
2.795146703720092773e-01 -4.058679044246673584e-01 -8.701393008232116699e-01 2.570553421974182129e-01
0.000000000000000000e+00 0.000000000000000000e+00 0.000000000000000000e+00 1.000000000000000000e+00
2.343716472387313843e-02 9.251904487609863281e-01 -3.787780702114105225e-01 1.298610121011734009e-01
9.041502475738525391e-01 1.420485377311706543e-01 4.029078185558319092e-01 -1.943450272083282471e-01
4.265712797641754150e-01 -3.519152104854583740e-01 -8.331817984580993652e-01 2.382815629243850708e-01
0.000000000000000000e+00 0.000000000000000000e+00 0.000000000000000000e+00 1.000000000000000000e+00
-4.590015113353729248e-01 7.768665552139282227e-01 4.310398995876312256e-01 -9.316898882389068604e-02
8.168063759803771973e-01 1.781467795372009277e-01 5.487176775932312012e-01 -2.335401326417922974e-01
3.494921624660491943e-01 6.039385199546813965e-01 -7.163194417953491211e-01 2.215119004249572754e-01
0.000000000000000000e+00 0.000000000000000000e+00 0.000000000000000000e+00 1.000000000000000000e+00
-5.470786690711975098e-01 7.416716814041137695e-01 3.881087005138397217e-01 -7.592397183179855347e-02
7.316767573356628418e-01 1.984570920467376709e-01 6.521227955818176270e-01 -2.599772512912750244e-01
4.066382050514221191e-01 6.407323479652404785e-01 -6.512355208396911621e-01 1.995433121919631958e-01
0.000000000000000000e+00 0.000000000000000000e+00 0.000000000000000000e+00 1.000000000000000000e+00
-6.394045948982238770e-01 6.777967214584350586e-01 3.629782199859619141e-01 -6.450265645980834961e-02
6.491378545761108398e-01 2.228895723819732666e-01 7.272832393646240234e-01 -2.782991230487823486e-01
4.120459556579589844e-01 7.006510496139526367e-01 -5.825001001358032227e-01 1.794703304767608643e-01
0.000000000000000000e+00 0.000000000000000000e+00 0.000000000000000000e+00 1.000000000000000000e+00
-7.394818663597106934e-01 5.764245390892028809e-01 3.477078378200531006e-01 -5.580312758684158325e-02
5.688726305961608887e-01 2.589216828346252441e-01 7.806046009063720703e-01 -2.909193038940429688e-01
3.599304556846618652e-01 7.750445604324340820e-01 -5.193799138069152832e-01 1.640271097421646118e-01
0.000000000000000000e+00 0.000000000000000000e+00 0.000000000000000000e+00 1.000000000000000000e+00
-6.272472739219665527e-01 7.754122018814086914e-01 7.277235388755798340e-02 2.738345973193645477e-02
4.744862914085388184e-01 3.063746988773345947e-01 8.252254128456115723e-01 -3.000295758247375488e-01
6.175945997238159180e-01 5.521502494812011719e-01 -5.600951313972473145e-01 1.585676074028015137e-01
0.000000000000000000e+00 0.000000000000000000e+00 0.000000000000000000e+00 1.000000000000000000e+00
1.117210760712623596e-01 9.274442195892333984e-01 -3.568825125694274902e-01 1.195358783006668091e-01
3.642321527004241943e-01 2.959211766719818115e-01 8.830432295799255371e-01 -3.142231404781341553e-01
9.245827198028564453e-01 -2.286428660154342651e-01 -3.047443032264709473e-01 4.662231728434562683e-02
0.000000000000000000e+00 0.000000000000000000e+00 0.000000000000000000e+00 1.000000000000000000e+00
1.540859341621398926e-01 9.336659908294677734e-01 -3.233033120632171631e-01 1.061976701021194458e-01
2.266378998756408691e-01 2.850886285305023193e-01 9.313216209411621094e-01 -3.249577879905700684e-01
9.617135524749755859e-01 -2.167760282754898071e-01 -1.676761060953140259e-01 -3.349851176608353853e-04
0.000000000000000000e+00 0.000000000000000000e+00 0.000000000000000000e+00 1.000000000000000000e+00
1.536939889192581177e-01 9.392163157463073730e-01 -3.070024847984313965e-01 9.983338415622711182e-02
1.656308621168136597e-01 2.818106114864349365e-01 9.450654983520507812e-01 -3.286878168582916260e-01
9.741374850273132324e-01 -1.960999071598052979e-01 -1.122506707906723022e-01 -1.990334689617156982e-02
0.000000000000000000e+00 0.000000000000000000e+00 0.000000000000000000e+00 1.000000000000000000e+00
2.511516213417053223e-01 9.320344328880310059e-01 -2.612180113792419434e-01 7.859403640031814575e-02
2.042279094457626343e-01 2.127682268619537354e-01 9.555211663246154785e-01 -3.374808728694915771e-01
9.461572766304016113e-01 -2.933287024497985840e-01 -1.369103044271469116e-01 -1.233379822224378586e-02
0.000000000000000000e+00 0.000000000000000000e+00 0.000000000000000000e+00 1.000000000000000000e+00
-7.253877520561218262e-01 6.758647561073303223e-01 1.304579973220825195e-01 1.236527785658836365e-02
3.175782263278961182e-01 1.604567021131515503e-01 9.345573782920837402e-01 -3.390266001224517822e-01
6.107015013694763184e-01 7.193470597267150879e-01 -3.310328722000122070e-01 8.342925459146499634e-02
0.000000000000000000e+00 0.000000000000000000e+00 0.000000000000000000e+00 1.000000000000000000e+00
-1.673752963542938232e-01 9.858931303024291992e-01 -5.414341576397418976e-04 2.002807520329952240e-02
4.487098753452301025e-01 7.666660845279693604e-02 8.903827071189880371e-01 -3.346823453903198242e-01
8.778640627861022949e-01 1.487852185964584351e-01 -4.552121460437774658e-01 1.008971408009529114e-01
0.000000000000000000e+00 0.000000000000000000e+00 0.000000000000000000e+00 1.000000000000000000e+00
-3.556916117668151855e-01 8.890244364738464355e-01 2.883036434650421143e-01 -6.254431605339050293e-02
5.941454768180847168e-01 -2.302689291536808014e-02 8.040275573730468750e-01 -3.177448511123657227e-01
7.214391827583312988e-01 4.572802186012268066e-01 -5.200191140174865723e-01 1.365630030632019043e-01
0.000000000000000000e+00 0.000000000000000000e+00 0.000000000000000000e+00 1.000000000000000000e+00
-2.311214953660964966e-01 9.013851284980773926e-01 3.661792576313018799e-01 -9.601041674613952637e-02
6.925073266029357910e-01 -1.119520515203475952e-01 7.126708626747131348e-01 -2.961550951004028320e-01
6.833860278129577637e-01 4.182955324649810791e-01 -5.983412265777587891e-01 1.641861796379089355e-01
0.000000000000000000e+00 0.000000000000000000e+00 0.000000000000000000e+00 1.000000000000000000e+00
6.887207180261611938e-02 9.744188785552978516e-01 2.139253616333007812e-01 -6.534232199192047119e-02
7.612784504890441895e-01 -1.899202466011047363e-01 6.199879646301269531e-01 -2.728686332702636719e-01
6.447569131851196289e-01 1.201569437980651855e-01 -7.548844218254089355e-01 2.156404703855514526e-01
0.000000000000000000e+00 0.000000000000000000e+00 0.000000000000000000e+00 1.000000000000000000e+00
1.381175816059112549e-01 9.645144939422607422e-01 2.250235080718994141e-01 -7.335089147090911865e-02
8.014549612998962402e-01 -2.423279881477355957e-01 5.467604398727416992e-01 -2.538501620292663574e-01
5.818877816200256348e-01 1.048290133476257324e-01 -8.064842820167541504e-01 2.369756400585174561e-01
0.000000000000000000e+00 0.000000000000000000e+00 0.000000000000000000e+00 1.000000000000000000e+00
2.259732484817504883e-01 9.453358054161071777e-01 2.351074963808059692e-01 -8.322025835514068604e-02
8.192924857139587402e-01 -3.149968683719635010e-01 4.790994524955749512e-01 -2.350318133831024170e-01
5.269681215286254883e-01 8.435823768377304077e-02 -8.456873893737792969e-01 2.540227770805358887e-01
0.000000000000000000e+00 0.000000000000000000e+00 0.000000000000000000e+00 1.000000000000000000e+00
3.506869077682495117e-01 9.225605726242065430e-01 1.609365493059158325e-01 -6.773566454648971558e-02
8.316972851753234863e-01 -3.858024775981903076e-01 3.992936015129089355e-01 -2.120666801929473877e-01
4.304622709751129150e-01 -6.176464259624481201e-03 -9.025872349739074707e-01 2.795206606388092041e-01
0.000000000000000000e+00 0.000000000000000000e+00 0.000000000000000000e+00 1.000000000000000000e+00
4.610406458377838135e-01 8.872424364089965820e-01 1.557502057403326035e-02 -2.714048884809017181e-02
8.462249040603637695e-01 -4.448741972446441650e-01 2.932403683662414551e-01 -1.804811656475067139e-01
2.671042680740356445e-01 -1.220158338546752930e-01 -9.559116959571838379e-01 3.087737858295440674e-01
0.000000000000000000e+00 0.000000000000000000e+00 0.000000000000000000e+00 1.000000000000000000e+00
5.326163768768310547e-01 6.668928861618041992e-01 -5.211271643638610840e-01 1.439999788999557495e-01
8.279330730438232422e-01 -5.383165478706359863e-01 1.572957485914230347e-01 -1.369233429431915283e-01
-1.756321936845779419e-01 -5.152367949485778809e-01 -8.388590812683105469e-01 2.980586290359497070e-01
0.000000000000000000e+00 0.000000000000000000e+00 0.000000000000000000e+00 1.000000000000000000e+00
5.117405056953430176e-01 6.856759190559387207e-01 -5.176581144332885742e-01 1.459686756134033203e-01
8.077917695045471191e-01 -5.891891121864318848e-01 1.813372969627380371e-02 -9.052617847919464111e-02
-2.925646603107452393e-01 -4.274399578571319580e-01 -8.553954362869262695e-01 3.134039938449859619e-01
0.000000000000000000e+00 0.000000000000000000e+00 0.000000000000000000e+00 1.000000000000000000e+00
4.902874231338500977e-01 7.005566954612731934e-01 -5.184964537620544434e-01 1.485087424516677856e-01
7.705439925193786621e-01 -6.264162063598632812e-01 -1.177481636404991150e-01 -4.464140534400939941e-02
-4.072838127613067627e-01 -3.417939245700836182e-01 -8.469337821006774902e-01 3.209842145442962646e-01
0.000000000000000000e+00 0.000000000000000000e+00 0.000000000000000000e+00 1.000000000000000000e+00
4.259834587574005127e-01 7.302833199501037598e-01 -5.340641140937805176e-01 1.597463041543960571e-01
7.390987277030944824e-01 -6.213489770889282227e-01 -2.601129114627838135e-01 4.183050710707902908e-03
-5.217964053153991699e-01 -2.839222550392150879e-01 -8.044357299804687500e-01 3.167058527469635010e-01
0.000000000000000000e+00 0.000000000000000000e+00 0.000000000000000000e+00 1.000000000000000000e+00
3.655322790145874023e-01 7.867766022682189941e-01 -4.973619282245635986e-01 1.536389887332916260e-01
6.971523761749267578e-01 -5.854628682136535645e-01 -4.137765467166900635e-01 5.825220048427581787e-02
-6.167369484901428223e-01 -1.954885274171829224e-01 -7.625088095664978027e-01 3.115005493164062500e-01
0.000000000000000000e+00 0.000000000000000000e+00 0.000000000000000000e+00 1.000000000000000000e+00
2.835302650928497314e-01 8.563007116317749023e-01 -4.316941499710083008e-01 1.398602724075317383e-01
6.746269464492797852e-01 -4.980424642562866211e-01 -5.448227524757385254e-01 1.038434952497482300e-01
-6.815341114997863770e-01 -1.367587894201278687e-01 -7.188934087753295898e-01 3.019585013389587402e-01
0.000000000000000000e+00 0.000000000000000000e+00 0.000000000000000000e+00 1.000000000000000000e+00
1.513529121875762939e-01 9.146812558174133301e-01 -3.747666478157043457e-01 1.310325860977172852e-01
6.123008131980895996e-01 -3.843920528888702393e-01 -6.908907890319824219e-01 1.608391106128692627e-01
-7.760022878646850586e-01 -1.249017789959907532e-01 -6.182389855384826660e-01 2.764872312545776367e-01
0.000000000000000000e+00 0.000000000000000000e+00 0.000000000000000000e+00 1.000000000000000000e+00
-3.871468827128410339e-02 9.564597606658935547e-01 -2.892845273017883301e-01 1.173869669437408447e-01
5.350650548934936523e-01 -2.246574908494949341e-01 -8.143919706344604492e-01 2.107379138469696045e-01
-8.439232110977172852e-01 -1.863150894641876221e-01 -5.030706524848937988e-01 2.433559894561767578e-01
0.000000000000000000e+00 0.000000000000000000e+00 0.000000000000000000e+00 1.000000000000000000e+00
6.228156685829162598e-01 7.086117267608642578e-01 3.316174149513244629e-01 -1.473224014043807983e-01
4.609915316104888916e-01 1.008589193224906921e-02 -8.873469829559326172e-01 2.454918175935745239e-01
-6.321291923522949219e-01 7.055266499519348145e-01 -3.203823566436767578e-01 1.803849786520004272e-01
0.000000000000000000e+00 0.000000000000000000e+00 0.000000000000000000e+00 1.000000000000000000e+00
6.088908314704895020e-01 6.871843338012695312e-01 3.962700068950653076e-01 -1.707384437322616577e-01
3.485749959945678711e-01 2.169512361288070679e-01 -9.118264913558959961e-01 2.660890817642211914e-01
-7.125638127326965332e-01 6.933325529098510742e-01 -1.074356660246849060e-01 1.117530167102813721e-01
0.000000000000000000e+00 0.000000000000000000e+00 0.000000000000000000e+00 1.000000000000000000e+00
5.894137024879455566e-01 6.792206168174743652e-01 4.373223185539245605e-01 -1.851060688495635986e-01
2.553329765796661377e-01 3.569633662700653076e-01 -8.985444307327270508e-01 2.709171473979949951e-01
-7.664180397987365723e-01 6.412772536277770996e-01 3.697166219353675842e-02 6.489368528127670288e-02
0.000000000000000000e+00 0.000000000000000000e+00 0.000000000000000000e+00 1.000000000000000000e+00
6.767171621322631836e-01 5.957846045494079590e-01 4.325444996356964111e-01 -1.873511672019958496e-01
2.462840378284454346e-01 3.704713881015777588e-01 -8.955978155136108398e-01 2.723338305950164795e-01
-6.938285231590270996e-01 7.125950455665588379e-01 1.039720773696899414e-01 4.265949130058288574e-02
0.000000000000000000e+00 0.000000000000000000e+00 0.000000000000000000e+00 1.000000000000000000e+00
7.410968542098999023e-01 5.292717218399047852e-01 4.130943119525909424e-01 -1.842540502548217773e-01
1.770546436309814453e-01 4.394313395023345947e-01 -8.806542754173278809e-01 2.765020430088043213e-01
-6.476320028305053711e-01 7.257904410362243652e-01 2.319511026144027710e-01 9.453768841922283173e-03
0.000000000000000000e+00 0.000000000000000000e+00 0.000000000000000000e+00 1.000000000000000000e+00
7.857198715209960938e-01 4.915326833724975586e-01 3.755530416965484619e-01 -1.743198484182357788e-01
9.099889546632766724e-02 5.086675286293029785e-01 -8.561405539512634277e-01 2.764716446399688721e-01
-6.118525862693786621e-01 7.068613171577453613e-01 3.549410700798034668e-01 -3.333813697099685669e-02
0.000000000000000000e+00 0.000000000000000000e+00 0.000000000000000000e+00 1.000000000000000000e+00
7.766722440719604492e-01 4.682904481887817383e-01 4.212886393070220947e-01 -1.883163899183273315e-01
3.407589718699455261e-02 6.365980505943298340e-01 -7.704423666000366211e-01 2.570835947990417480e-01
-6.289823651313781738e-01 6.127369999885559082e-01 4.784707725048065186e-01 -7.674328237771987915e-02
0.000000000000000000e+00 0.000000000000000000e+00 0.000000000000000000e+00 1.000000000000000000e+00
7.616310119628906250e-01 4.683438837528228760e-01 4.478528499603271484e-01 -1.956842839717864990e-01
-2.900768071413040161e-03 6.935763955116271973e-01 -7.203767895698547363e-01 2.440651506185531616e-01
-6.480045318603515625e-01 5.473620891571044922e-01 5.296080708503723145e-01 -9.582421183586120605e-02
0.000000000000000000e+00 0.000000000000000000e+00 0.000000000000000000e+00 1.000000000000000000e+00
8.251740932464599609e-01 4.068195223808288574e-01 3.918994367122650146e-01 -1.832335591316223145e-01
-5.544234439730644226e-02 7.487553358078002930e-01 -6.605231761932373047e-01 2.293567508459091187e-01
-5.621507763862609863e-01 5.233188867568969727e-01 6.404088139533996582e-01 -1.423317492008209229e-01
0.000000000000000000e+00 0.000000000000000000e+00 0.000000000000000000e+00 1.000000000000000000e+00
8.230976462364196777e-01 3.955662548542022705e-01 4.074769914150238037e-01 -1.883529126644134521e-01
-9.941020607948303223e-02 8.067964911460876465e-01 -5.824061632156372070e-01 2.078936249017715454e-01
-5.591312646865844727e-01 4.388697445392608643e-01 7.033956646919250488e-01 -1.679250597953796387e-01
0.000000000000000000e+00 0.000000000000000000e+00 0.000000000000000000e+00 1.000000000000000000e+00
8.365326523780822754e-01 3.666258156299591064e-01 4.071834683418273926e-01 -1.898451149463653564e-01
-1.224717125296592712e-01 8.494617342948913574e-01 -5.132399797439575195e-01 1.864696592092514038e-01
-5.340538620948791504e-01 3.794734179973602295e-01 7.555038332939147949e-01 -1.907125115394592285e-01
0.000000000000000000e+00 0.000000000000000000e+00 0.000000000000000000e+00 1.000000000000000000e+00
8.616070747375488281e-01 3.082830309867858887e-01 4.032302796840667725e-01 -1.906107962131500244e-01
-1.510118991136550903e-01 9.141426682472229004e-01 -3.762159347534179688e-01 1.429633349180221558e-01
-4.845910668373107910e-01 2.632576823234558105e-01 8.341862559318542480e-01 -2.266972213983535767e-01
0.000000000000000000e+00 0.000000000000000000e+00 0.000000000000000000e+00 1.000000000000000000e+00
9.320067763328552246e-01 2.039320617914199829e-01 2.996246516704559326e-01 -1.601589620113372803e-01
-1.370024532079696655e-01 9.635760784149169922e-01 -2.296765744686126709e-01 9.392759948968887329e-02
-3.355496227741241455e-01 1.730107367038726807e-01 9.259986877441406250e-01 -2.703482210636138916e-01
0.000000000000000000e+00 0.000000000000000000e+00 0.000000000000000000e+00 1.000000000000000000e+00
9.594235420227050781e-01 1.332005709409713745e-01 2.485232949256896973e-01 -1.450565904378890991e-01
-1.002610623836517334e-01 9.849423170089721680e-01 -1.408397853374481201e-01 6.172628700733184814e-02
-2.635411620140075684e-01 1.102077811956405640e-01 9.583318233489990234e-01 -2.872468531131744385e-01
0.000000000000000000e+00 0.000000000000000000e+00 0.000000000000000000e+00 1.000000000000000000e+00
9.753730893135070801e-01 6.769571453332901001e-02 2.099149674177169800e-01 -1.339005976915359497e-01
-5.074068158864974976e-02 9.950764179229736328e-01 -8.513588458299636841e-02 3.859278559684753418e-02
-2.146448343992233276e-01 7.238805294036865234e-02 9.740059971809387207e-01 -2.963910102844238281e-01
0.000000000000000000e+00 0.000000000000000000e+00 0.000000000000000000e+00 1.000000000000000000e+00
9.837722778320312500e-01 -1.425924152135848999e-02 1.788534522056579590e-01 -1.264357566833496094e-01
1.581790484488010406e-02 9.998484849929809570e-01 -7.291601039469242096e-03 2.819376997649669647e-03
-1.787223368883132935e-01 1.000237744301557541e-02 9.838485121726989746e-01 -3.045500814914703369e-01
0.000000000000000000e+00 0.000000000000000000e+00 0.000000000000000000e+00 1.000000000000000000e+00
9.803544282913208008e-01 -7.265139371156692505e-02 1.833754926919937134e-01 -1.286844611167907715e-01
6.639010459184646606e-02 9.969891309738159180e-01 4.006418958306312561e-02 -2.030549012124538422e-02
-1.857340931892395020e-01 -2.710274234414100647e-02 9.822261333465576172e-01 -3.055627048015594482e-01
0.000000000000000000e+00 0.000000000000000000e+00 0.000000000000000000e+00 1.000000000000000000e+00
9.747789502143859863e-01 -1.651079058647155762e-01 1.501496434211730957e-01 -1.185868158936500549e-01
1.501273363828659058e-01 9.829427599906921387e-01 1.062315106391906738e-01 -5.214211344718933105e-02
-1.651282161474227905e-01 -8.101066946983337402e-02 9.829394817352294922e-01 -3.108820915222167969e-01
0.000000000000000000e+00 0.000000000000000000e+00 0.000000000000000000e+00 1.000000000000000000e+00
9.607976078987121582e-01 -2.533314824104309082e-01 1.126548722386360168e-01 -1.083974987268447876e-01
2.324274033308029175e-01 9.574908018112182617e-01 1.708476245403289795e-01 -8.190311491489410400e-02
-1.511470675468444824e-01 -1.379659026861190796e-01 9.788360595703125000e-01 -3.127740025520324707e-01
0.000000000000000000e+00 0.000000000000000000e+00 0.000000000000000000e+00 1.000000000000000000e+00
9.382943511009216309e-01 -3.315428495407104492e-01 9.840218722820281982e-02 -1.054991558194160461e-01
3.020412027835845947e-01 9.241864681243896484e-01 2.337739616632461548e-01 -1.086492985486984253e-01
-1.684481054544448853e-01 -1.896272152662277222e-01 9.672986268997192383e-01 -3.091581761837005615e-01
0.000000000000000000e+00 0.000000000000000000e+00 0.000000000000000000e+00 1.000000000000000000e+00
9.217171072959899902e-01 -3.852223157882690430e-01 4.518073797225952148e-02 -8.960360288619995117e-02
3.550033569335937500e-01 8.848094940185546875e-01 3.018022477626800537e-01 -1.359303295612335205e-01
-1.562373340129852295e-01 -2.621370255947113037e-01 9.522994160652160645e-01 -3.069408535957336426e-01
0.000000000000000000e+00 0.000000000000000000e+00 0.000000000000000000e+00 1.000000000000000000e+00
8.847270011901855469e-01 -4.652370810508728027e-01 -2.850297652184963226e-02 -6.380075216293334961e-02
4.383529722690582275e-01 8.096981048583984375e-01 3.901735246181488037e-01 -1.761947572231292725e-01
-1.584445387125015259e-01 -3.576914370059967041e-01 9.203000664710998535e-01 -2.992847561836242676e-01
0.000000000000000000e+00 0.000000000000000000e+00 0.000000000000000000e+00 1.000000000000000000e+00
8.377287387847900391e-01 -5.400673151016235352e-01 -8.085587620735168457e-02 -4.445889964699745178e-02
5.146862268447875977e-01 7.313721776008605957e-01 4.474287927150726318e-01 -2.045996934175491333e-01
-1.825060844421386719e-01 -4.164393544197082520e-01 8.906568288803100586e-01 -2.899189293384552002e-01
0.000000000000000000e+00 0.000000000000000000e+00 0.000000000000000000e+00 1.000000000000000000e+00
8.025355339050292969e-01 -5.835251212120056152e-01 -1.242377758026123047e-01 -2.889282628893852234e-02
5.591861605644226074e-01 6.631243228912353516e-01 4.975707530975341797e-01 -2.287790775299072266e-01
-2.079600393772125244e-01 -4.687902629375457764e-01 8.584802150726318359e-01 -2.797913849353790283e-01
0.000000000000000000e+00 0.000000000000000000e+00 0.000000000000000000e+00 1.000000000000000000e+00
7.619240880012512207e-01 -6.195476055145263672e-01 -1.887652426958084106e-01 -1.029130909591913223e-02
6.119517087936401367e-01 5.932072997093200684e-01 5.230870246887207031e-01 -2.445653378963470459e-01
-2.121005058288574219e-01 -5.140677690505981445e-01 8.311122655868530273e-01 -2.743645608425140381e-01
0.000000000000000000e+00 0.000000000000000000e+00 0.000000000000000000e+00 1.000000000000000000e+00
8.610348701477050781e-01 -5.081959366798400879e-01 1.886031404137611389e-02 -8.641298860311508179e-02
4.809634387493133545e-01 8.258220553398132324e-01 2.944350540637969971e-01 -1.354515403509140015e-01
-1.652060151100158691e-01 -2.444476932287216187e-01 9.554853439331054688e-01 -3.084425628185272217e-01
0.000000000000000000e+00 0.000000000000000000e+00 0.000000000000000000e+00 1.000000000000000000e+00
8.852781653404235840e-01 -4.586416482925415039e-01 7.700914889574050903e-02 -1.058274284005165100e-01
4.418841600418090820e-01 8.811687827110290527e-01 1.681661605834960938e-01 -8.469562977552413940e-02
-1.449860930442810059e-01 -1.148446798324584961e-01 9.827460646629333496e-01 -3.131874203681945801e-01
0.000000000000000000e+00 0.000000000000000000e+00 0.000000000000000000e+00 1.000000000000000000e+00
9.176041483879089355e-01 -3.763540089130401611e-01 1.279063671827316284e-01 -1.227563619613647461e-01
3.748454451560974121e-01 9.263644814491271973e-01 3.659899160265922546e-02 -3.096311353147029877e-02
-1.322621107101440430e-01 1.436174102127552032e-02 9.911106824874877930e-01 -3.108085691928863525e-01
0.000000000000000000e+00 0.000000000000000000e+00 0.000000000000000000e+00 1.000000000000000000e+00
9.433976411819458008e-01 -2.949227392673492432e-01 1.517274528741836548e-01 -1.295242458581924438e-01
3.062490820884704590e-01 9.502353668212890625e-01 -5.713264644145965576e-02 1.018978655338287354e-02
-1.273270398378372192e-01 1.003652587532997131e-01 9.867697954177856445e-01 -3.046920001506805420e-01
0.000000000000000000e+00 0.000000000000000000e+00 0.000000000000000000e+00 1.000000000000000000e+00
9.362541437149047852e-01 -2.022916525602340698e-01 2.872391641139984131e-01 -1.696842014789581299e-01
2.510426640510559082e-01 9.571800827980041504e-01 -1.441662162542343140e-01 4.634317755699157715e-02
-2.457758933305740356e-01 2.070855200290679932e-01 9.469475746154785156e-01 -2.772340476512908936e-01
0.000000000000000000e+00 0.000000000000000000e+00 0.000000000000000000e+00 1.000000000000000000e+00
9.391723275184631348e-01 -1.332696378231048584e-01 3.165351152420043945e-01 -1.750937402248382568e-01
2.045084983110427856e-01 9.574402570724487305e-01 -2.036771774291992188e-01 7.020083069801330566e-02
-2.759194374084472656e-01 2.560221254825592041e-01 9.264562129974365234e-01 -2.662023305892944336e-01
0.000000000000000000e+00 0.000000000000000000e+00 0.000000000000000000e+00 1.000000000000000000e+00
9.338627457618713379e-01 -4.566828534007072449e-02 3.547037243843078613e-01 -1.839010566473007202e-01
1.455491781234741211e-01 9.544915556907653809e-01 -2.603100240230560303e-01 9.366019070148468018e-02
-3.266737759113311768e-01 2.947206795215606689e-01 8.980110883712768555e-01 -2.520400583744049072e-01
0.000000000000000000e+00 0.000000000000000000e+00 0.000000000000000000e+00 1.000000000000000000e+00
