418 130 407 88
446 135 443 85
452 140 465 133
424 146 412 100
424 152 412 106
446 152 459 145
391 162 388 110
336 168 338 132
457 168 470 152
457 174 470 158
336 179 336 139
347 184 354 140
369 190 397 171
347 196 366 176
364 206 370 195
369 206 375 196
364 212 371 202
369 212 375 202
369 218 376 208
506 218 540 224
364 223 370 208
369 223 375 214
496 228 532 247
501 228 539 236
501 234 538 242
374 240 380 227
474 245 507 251
501 245 538 249
506 245 544 248
413 250 440 244
468 250 501 257
474 250 507 257
484 250 514 260
490 250 520 259
484 256 512 265
490 256 519 265
496 256 524 266
386 262 408 275
490 262 518 271
424 267 463 275
430 267 470 268
424 272 462 280
