438 137 452 135
444 137 463 136
456 137 477 137
414 149 417 151
450 149 461 149
456 149 470 151
396 155 403 155
414 155 417 158
450 155 461 154
456 155 468 156
396 161 402 162
408 161 409 162
414 161 416 164
420 161 423 164
438 161 441 160
444 161 448 160
450 161 460 160
456 161 468 162
396 167 395 168
402 167 403 169
408 167 408 170
414 167 415 170
420 167 422 171
444 167 447 166
450 167 459 167
390 173 393 174
402 173 401 175
408 173 409 176
414 173 415 176
420 173 420 176
426 173 426 177
450 173 452 176
456 173 465 175
378 179 374 181
390 179 393 179
402 179 400 182
408 179 407 183
414 179 413 182
420 179 420 182
432 179 430 184
456 179 457 183
342 185 333 185
384 185 385 185
396 185 392 187
402 185 398 188
408 185 404 188
414 185 412 188
420 185 419 188
432 185 427 191
438 185 433 191
474 185 476 190
330 191 325 188
336 191 331 189
372 191 358 195
384 191 373 196
396 191 391 193
402 191 397 194
408 191 402 194
420 191 413 196
426 191 418 197
432 191 425 197
438 191 430 198
462 191 461 200
474 191 475 197
480 191 481 196
498 191 507 193
324 197 314 194
330 197 325 195
336 197 330 195
342 197 337 196
372 197 357 200
384 197 385 196
396 197 389 200
402 197 396 200
408 197 401 201
420 197 412 201
426 197 418 203
432 197 423 203
438 197 428 204
444 197 442 206
366 203 351 206
372 203 358 207
378 203 369 206
396 203 389 205
402 203 395 206
408 203 400 207
420 203 411 207
426 203 417 208
432 203 422 208
438 203 428 209
474 203 475 204
492 203 499 205
498 203 508 207
504 203 514 207
384 209 375 210
390 209 381 211
396 209 386 212
402 209 394 212
408 209 399 213
420 209 410 213
426 209 416 214
432 209 423 214
438 209 427 215
474 209 473 217
348 215 338 213
360 215 350 213
372 215 361 216
378 215 367 215
384 215 375 217
390 215 380 218
402 215 391 218
408 215 397 218
414 215 403 219
420 215 409 219
426 215 416 220
444 215 440 223
354 221 342 217
360 221 348 221
366 221 355 221
372 221 360 222
378 221 367 222
384 221 374 222
396 221 384 223
402 221 390 224
408 221 396 224
414 221 402 225
426 221 414 226
474 221 463 229
300 227 305 214
360 227 347 226
366 227 353 227
378 227 365 228
384 227 372 228
390 227 378 230
402 227 389 230
408 227 394 230
444 227 438 238
462 227 449 234
468 227 456 234
288 233 293 217
294 233 299 220
300 233 304 220
354 233 340 229
360 233 346 230
366 233 352 232
384 233 368 234
390 233 375 234
396 233 381 235
432 233 425 243
438 233 431 245
444 233 438 245
462 233 449 239
252 239 246 225
258 239 253 224
270 239 263 225
282 239 285 223
294 239 298 224
300 239 303 227
318 239 316 228
330 239 327 228
378 239 367 242
390 239 373 241
396 239 379 241
378 245 366 247
384 245 372 248
276 251 276 235
288 251 289 237
384 251 370 254
300 257 294 245
348 257 339 250
372 257 352 253
378 257 357 254
306 263 298 250
312 263 312 245
366 263 351 257
276 269 267 252
300 269 294 252
318 269 314 252
330 269 311 261
336 269 317 261
390 269 367 267
396 269 373 269
282 275 272 259
378 281 362 275
390 281 366 278
318 287 304 273
324 287 311 273
330 287 317 273
306 293 289 276
312 293 294 278
318 293 301 278
324 293 311 278
336 293 322 279
312 299 295 283
318 299 301 283
330 299 316 284
324 305 306 290
330 305 313 290
318 311 302 292
