444 190 458 185
417 194 427 188
420 194 433 188
424 194 437 188
427 194 440 188
431 194 444 188
434 194 448 188
437 194 451 188
441 194 454 188
444 194 458 188
454 194 466 188
397 197 409 191
400 197 412 191
407 197 421 191
410 197 424 191
417 197 430 191
424 197 437 191
431 197 444 191
437 197 451 191
454 197 468 192
380 200 386 194
386 200 395 195
397 200 407 195
414 200 427 195
434 200 448 194
454 200 468 195
363 204 376 196
397 204 410 198
400 204 417 196
414 204 427 198
420 204 433 198
424 204 437 198
427 204 441 198
431 204 444 198
434 204 448 198
437 204 451 198
454 204 467 198
352 207 362 200
363 207 376 199
366 207 379 199
369 207 381 199
373 207 385 200
376 207 389 200
380 207 392 199
383 207 395 201
390 207 400 201
403 207 419 200
414 207 427 201
427 207 441 201
431 207 445 201
434 207 448 201
437 207 454 201
448 207 461 202
451 207 464 202
454 207 467 202
349 211 358 204
356 211 365 204
359 211 369 204
363 211 376 202
369 211 381 203
373 211 385 203
380 211 392 204
386 211 396 204
407 211 423 203
414 211 428 204
417 211 430 205
420 211 434 203
424 211 437 204
427 211 441 204
431 211 445 204
437 211 454 205
444 211 458 205
448 211 461 205
356 214 362 207
363 214 375 206
369 214 378 207
373 214 381 207
380 214 392 208
420 214 434 206
431 214 444 208
434 214 448 208
437 214 454 209
441 214 458 208
444 214 461 208
451 214 465 209
458 214 472 209
359 217 364 211
403 217 396 215
407 217 398 215
410 217 424 210
414 217 427 210
424 217 437 210
444 217 458 212
451 217 465 212
458 217 472 212
417 221 431 214
424 221 438 214
448 221 461 215
454 221 469 216
352 224 364 218
359 224 368 218
417 224 430 218
444 224 457 219
448 224 461 219
451 224 465 219
346 228 358 222
380 228 385 219
417 228 430 222
420 228 434 222
427 228 440 222
454 228 469 223
356 231 368 225
458 231 472 227
383 234 394 228
400 234 403 229
403 234 407 229
349 238 361 229
352 238 365 229
356 238 368 230
397 238 399 233
400 238 403 233
403 238 406 232
414 238 430 229
454 238 468 233
349 241 361 232
352 241 365 232
373 241 385 236
458 241 471 236
349 245 361 236
393 245 399 239
400 245 406 236
454 245 467 240
383 248 383 247
386 248 387 247
393 248 399 243
397 248 402 242
400 248 406 240
458 248 469 243
461 248 472 244
349 251 361 246
352 251 365 245
376 251 378 251
380 251 381 251
393 251 399 246
397 251 402 246
400 251 405 243
403 251 408 243
434 251 440 240
393 255 398 251
397 255 401 250
400 255 405 250
407 255 412 247
417 255 423 251
427 255 437 244
434 255 441 244
397 258 401 254
403 258 407 254
407 258 412 254
410 258 416 254
414 258 420 254
417 258 422 254
424 258 430 254
427 258 433 254
434 258 436 255
437 258 443 254
373 262 377 257
390 262 395 257
393 262 398 258
400 262 404 258
427 262 433 258
380 265 382 260
383 265 388 260
386 265 392 260
390 265 396 260
393 265 398 261
403 265 408 261
380 268 382 264
383 268 388 264
386 268 392 264
393 268 398 265
397 268 401 265
380 272 381 268
383 272 384 268
386 272 392 268
390 272 395 268
393 272 398 268
380 275 381 273
386 275 392 271
390 275 395 271
380 279 380 277
383 279 384 277
431 279 436 275
386 282 388 281
407 282 411 281
427 282 432 279
380 285 381 285
383 285 384 285
424 285 428 281
380 289 381 288
383 289 384 289
414 289 419 285
417 289 422 285
441 289 441 286
444 289 443 286
410 292 415 289
414 292 418 289
417 292 421 288
427 292 430 289
431 292 433 289
434 292 437 289
444 292 446 289
373 296 377 292
407 296 412 292
410 296 415 292
414 296 418 292
420 296 425 292
427 296 430 292
437 296 440 292
441 296 443 292
444 296 446 292
448 296 450 292
451 296 454 292
454 296 458 292
458 296 461 293
461 296 465 293
373 299 377 295
376 299 380 295
407 299 412 295
410 299 415 296
414 299 418 295
417 299 422 295
427 299 429 295
431 299 433 295
437 299 441 295
441 299 443 295
444 299 446 296
448 299 450 295
451 299 454 295
454 299 457 296
461 299 464 296
363 302 364 298
369 302 373 299
373 302 376 299
376 302 380 299
393 302 398 299
397 302 402 299
407 302 412 299
410 302 415 298
414 302 419 299
417 302 422 299
427 302 429 299
431 302 433 299
434 302 436 298
437 302 440 298
441 302 443 298
444 302 446 299
448 302 450 299
451 302 453 299
454 302 458 300
458 302 460 300
461 302 463 300
373 306 375 302
376 306 380 302
386 306 391 302
393 306 398 302
403 306 405 303
410 306 412 303
414 306 415 303
420 306 422 302
424 306 425 302
427 306 429 303
431 306 432 303
434 306 436 302
441 306 443 303
444 306 446 303
448 306 449 303
451 306 454 304
454 306 457 304
458 306 460 303
461 306 463 303
465 306 466 303
373 309 375 306
376 309 377 306
380 309 381 306
383 309 388 306
386 309 391 305
393 309 395 306
397 309 398 306
400 309 402 306
403 309 405 307
407 309 408 307
410 309 412 306
414 309 415 306
420 309 422 306
424 309 425 306
427 309 428 306
431 309 432 307
434 309 436 305
437 309 439 306
444 309 444 307
448 309 447 309
451 309 453 307
454 309 457 307
458 309 459 306
465 309 465 307
373 313 374 309
376 313 377 309
380 313 381 309
390 313 391 309
397 313 395 309
400 313 399 309
407 313 408 310
410 313 411 310
414 313 414 309
420 313 421 310
427 313 427 309
431 313 430 309
434 313 433 309
437 313 439 309
444 313 443 311
451 313 450 312
458 313 457 311
461 313 460 311
376 316 378 316
390 316 388 313
393 316 392 312
397 316 396 313
400 316 398 313
403 316 401 313
407 316 407 313
410 316 410 313
417 316 416 313
420 316 421 313
427 316 427 313
431 316 430 313
434 316 433 313
437 316 436 313
441 316 440 313
444 316 443 313
448 316 446 314
454 316 453 315
458 316 456 314
461 316 460 314
465 316 463 315
386 319 384 316
393 319 392 315
397 319 395 316
400 319 398 316
403 319 405 317
410 319 410 317
414 319 412 317
417 319 415 317
420 319 419 317
424 319 422 317
427 319 426 316
431 319 430 316
434 319 432 316
437 319 436 316
441 319 440 316
444 319 443 316
448 319 446 317
451 319 449 317
465 319 462 318
397 323 395 319
400 323 398 319
403 323 405 320
410 323 409 320
414 323 412 320
417 323 415 320
420 323 418 320
424 323 421 321
427 323 426 319
431 323 429 319
434 323 432 320
437 323 436 320
441 323 440 320
444 323 443 320
448 323 445 320
393 326 391 323
407 326 404 326
431 326 429 323
434 326 432 323
437 326 436 324
441 326 440 324
451 326 446 324
454 326 450 324
458 326 453 324
397 330 394 326
441 330 439 327
448 330 443 327
451 330 446 327
