412 141 375 83
433 141 395 77
454 141 435 64
407 146 370 90
417 146 377 90
423 146 384 88
433 146 404 82
438 146 411 81
454 146 436 71
423 151 386 94
433 151 405 89
438 151 412 87
444 151 419 84
454 151 434 80
470 151 443 69
475 151 451 65
438 157 414 94
454 157 435 86
438 162 417 99
444 162 403 102
449 162 409 102
428 167 415 166
555 173 443 185
555 178 446 191
549 183 354 183
555 183 361 181
518 188 334 189
544 188 348 187
560 188 369 186
539 194 343 196
555 194 363 190
539 199 345 201
544 199 352 199
549 199 359 197
555 199 365 196
560 199 371 194
592 199 456 197
460 204 475 126
491 204 304 213
592 204 456 204
597 204 463 200
460 209 476 130
491 209 305 220
497 209 319 209
502 209 324 208
544 209 363 211
549 209 370 209
586 209 452 214
592 209 458 213
597 209 465 208
534 215 461 152
549 215 370 214
555 215 374 222
560 215 381 219
534 220 462 159
512 225 421 156
518 236 453 168
465 241 391 231
534 241 368 229
539 241 374 228
581 241 445 259
534 252 372 238
592 252 468 245
539 257 382 250
586 257 457 277
597 257 476 248
470 262 399 228
518 262 366 270
581 262 464 253
586 262 471 251
470 268 400 234
534 268 388 269
555 268 403 272
560 268 406 278
586 268 473 257
528 273 383 272
549 273 400 280
586 273 474 264
592 273 481 262
454 278 390 254
502 278 425 265
470 283 400 259
502 283 387 291
544 283 328 243
570 283 456 294
502 289 388 297
528 289 402 287
576 289 464 298
581 289 470 296
486 294 354 280
581 294 473 281
481 299 349 287
507 299 449 250
481 305 329 294
465 310 352 317
470 310 358 317
512 310 441 296
570 310 487 277
507 315 436 305
570 315 489 283
465 320 353 323
534 320 462 313
481 326 406 330
507 326 439 313
534 326 454 316
481 331 408 336
502 331 433 321
523 336 422 332
528 341 443 333
