490 120 466 12
519 125 496 13
549 125 528 6
554 125 534 4
475 130 479 30
499 130 462 28
504 130 454 41
549 130 530 13
554 130 536 10
529 135 517 19
549 135 524 22
495 140 465 53
529 140 519 27
554 140 536 27
455 145 426 70
509 145 484 53
485 150 534 141
499 150 474 66
519 150 497 51
534 150 518 44
544 150 534 37
455 155 429 78
563 155 566 39
573 160 574 35
440 165 434 66
485 165 475 74
499 165 487 43
509 165 484 87
563 165 576 65
573 165 579 46
499 170 509 41
504 170 499 69
549 170 552 61
554 170 558 57
568 170 571 49
406 174 413 110
455 174 493 129
573 174 580 53
563 179 580 87
495 184 493 90
554 184 564 70
480 189 479 94
490 189 488 97
495 189 496 95
558 189 587 100
568 189 592 89
450 194 477 144
455 194 482 142
480 194 482 102
499 194 511 96
411 199 419 106
450 199 480 151
465 199 457 87
470 199 465 86
475 199 473 89
490 199 491 105
416 204 444 144
480 204 487 114
485 204 494 112
568 204 590 108
421 209 433 117
558 209 584 115
563 209 591 114
568 209 598 112
485 214 489 123
519 214 557 90
563 214 594 120
490 219 498 126
544 219 580 122
568 219 606 123
406 224 467 190
421 224 442 137
544 224 571 81
563 224 597 135
504 229 556 121
426 234 450 157
499 234 553 131
504 234 559 127
544 234 582 126
465 238 468 124
499 238 557 138
534 238 580 137
544 238 585 133
549 238 591 131
445 243 486 180
465 243 470 129
544 243 588 139
490 248 533 159
495 248 539 156
509 248 555 156
529 248 576 147
504 253 552 164
509 253 558 162
534 253 584 151
514 258 581 151
450 263 530 185
465 263 548 175
504 263 569 167
450 268 531 193
455 268 539 190
499 268 564 176
504 268 571 172
495 273 555 188
499 273 568 181
504 273 574 179
495 278 564 192
499 278 572 189
