400 151 412 145
400 157 413 152
406 157 418 154
400 162 411 158
406 162 419 160
389 168 405 163
434 179 440 178
440 179 445 182
412 185 412 191
428 185 434 188
434 185 440 187
440 185 445 188
490 185 512 175
395 190 391 169
412 190 411 196
423 190 420 198
479 190 499 176
490 190 510 181
389 196 384 173
395 196 390 174
428 196 426 200
434 196 431 193
440 196 438 194
462 196 463 198
484 196 502 185
339 202 333 206
350 202 341 208
356 202 347 209
406 202 399 209
412 202 406 208
417 202 413 206
423 202 418 207
428 202 425 207
440 202 437 200
445 202 443 201
462 202 460 204
468 202 468 205
473 202 475 208
333 207 327 210
339 207 333 211
350 207 341 214
356 207 346 215
361 207 352 215
395 207 386 214
400 207 393 214
423 207 417 213
428 207 424 214
468 207 468 213
344 213 335 218
350 213 341 219
356 213 346 220
361 213 352 222
378 213 371 217
384 213 378 217
395 213 385 220
400 213 391 220
406 213 397 219
428 213 422 220
356 218 345 226
361 218 350 227
389 218 377 225
395 218 385 225
400 218 390 226
406 218 395 226
412 218 401 226
417 218 407 227
384 224 369 229
389 224 376 231
395 224 382 232
400 224 389 232
406 224 394 232
412 224 400 232
311 230 307 226
316 230 312 226
361 230 350 234
372 230 356 236
378 230 362 236
384 230 369 236
389 230 374 237
395 230 380 238
400 230 386 238
423 230 408 235
305 235 299 231
372 235 355 241
378 235 361 242
384 235 367 242
389 235 373 243
395 235 379 244
412 235 399 241
311 241 305 238
384 241 366 248
395 241 375 249
400 241 381 250
406 241 386 251
305 246 298 244
333 246 302 259
339 246 307 259
361 246 349 247
367 246 354 247
372 246 352 251
378 246 360 250
406 246 386 257
283 252 277 248
300 252 290 250
339 252 306 264
361 252 349 252
367 252 346 258
378 252 360 255
389 252 367 256
395 252 372 257
406 252 384 262
412 252 393 257
372 258 352 261
378 258 358 260
389 258 366 260
395 258 371 261
400 258 376 263
412 258 391 265
417 258 398 265
272 263 266 254
277 263 270 253
288 263 283 255
300 263 296 256
389 263 364 267
406 263 377 268
412 263 383 270
272 269 263 259
277 269 268 261
294 269 288 262
300 269 295 264
288 274 276 269
294 274 282 269
300 274 293 270
311 274 300 265
412 274 381 277
417 274 387 279
428 274 466 218
311 280 298 270
316 280 306 271
412 280 382 282
417 280 387 284
423 280 393 286
288 286 278 280
311 286 298 277
316 286 305 278
356 286 310 240
417 286 386 290
423 286 392 290
305 291 293 284
311 291 299 285
316 291 305 285
322 291 311 285
389 291 369 282
395 291 376 282
249 297 254 270
339 297 330 282
350 297 323 236
395 297 374 289
406 297 381 294
333 302 316 294
255 308 260 278
350 308 347 282
406 308 379 301
328 314 300 309
333 314 307 310
361 314 354 286
367 314 334 249
361 319 327 254
367 319 356 293
372 319 361 294
395 319 408 267
389 325 423 254
372 330 365 306
367 342 397 272
372 342 402 274
294 347 282 313
328 353 462 166
322 370 305 329
333 375 316 337
