455 150 440 160
465 150 448 159
470 150 453 158
465 155 449 163
470 155 454 163
479 155 464 162
465 160 447 169
470 160 455 168
474 160 460 167
470 165 455 174
474 165 460 173
484 165 470 171
489 165 476 171
493 165 483 171
503 165 493 170
460 169 447 182
465 169 453 182
470 169 457 181
484 169 469 177
489 169 476 176
493 169 483 175
498 169 488 175
503 169 492 175
508 169 498 175
460 174 448 188
465 174 453 186
470 174 458 185
479 174 465 181
484 174 469 181
489 174 474 181
508 174 499 180
517 174 504 178
522 174 513 178
465 179 453 191
474 179 461 186
479 179 465 186
484 179 470 185
498 179 499 191
531 179 517 179
470 184 457 195
474 184 461 191
479 184 466 190
531 184 517 185
541 184 532 185
451 188 439 198
455 188 443 198
460 188 449 198
465 188 453 197
479 188 462 196
531 188 519 190
541 188 529 190
546 188 533 189
460 193 449 202
474 193 463 206
489 193 466 199
512 193 496 197
527 193 510 195
541 193 530 194
546 193 534 194
460 198 449 206
484 198 477 204
498 198 486 202
508 198 491 202
512 198 496 201
436 203 426 213
441 203 431 213
460 203 449 211
484 203 478 208
498 203 486 207
431 207 421 217
436 207 427 218
441 207 431 218
508 207 502 210
536 207 525 210
541 207 530 210
393 212 385 224
398 212 389 224
431 212 423 222
436 212 427 223
451 212 440 221
455 212 446 220
460 212 451 220
484 212 479 213
489 212 483 218
503 212 498 215
508 212 502 215
512 212 506 215
531 212 520 215
536 212 525 215
541 212 530 214
393 217 386 228
441 217 435 226
451 217 442 226
455 217 447 225
465 217 454 215
470 217 458 215
484 217 479 217
527 217 517 220
531 217 521 220
536 217 526 219
541 217 530 219
546 217 536 218
393 222 387 233
398 222 391 233
417 222 409 233
446 222 437 230
470 222 459 220
474 222 463 219
484 222 479 222
489 222 484 221
493 222 489 221
498 222 494 221
503 222 498 221
508 222 502 220
531 222 521 224
536 222 526 224
389 226 382 240
393 226 387 238
422 226 414 237
436 226 431 234
441 226 435 234
451 226 443 235
455 226 448 235
460 226 453 234
470 226 460 228
479 226 474 228
489 226 488 225
493 226 492 225
503 226 499 226
512 226 498 234
527 226 517 229
531 226 521 229
541 226 531 229
546 226 537 228
393 231 387 243
398 231 392 242
417 231 409 243
427 231 419 241
436 231 429 239
441 231 434 239
446 231 439 239
451 231 443 239
455 231 448 239
460 231 452 239
465 231 457 237
484 231 480 232
508 231 493 241
512 231 498 240
527 231 516 234
536 231 528 233
541 231 533 232
389 236 383 248
398 236 392 248
422 236 415 246
431 236 423 245
436 236 429 244
441 236 435 243
446 236 439 244
451 236 444 244
455 236 449 244
460 236 452 243
465 236 458 242
474 236 470 241
489 236 480 241
493 236 486 241
498 236 491 240
522 236 512 238
536 236 527 237
412 241 406 252
431 241 424 251
436 241 430 249
441 241 435 248
446 241 440 248
451 241 444 248
455 241 449 248
460 241 453 247
465 241 458 246
474 241 471 245
479 241 475 245
484 241 480 244
498 241 490 246
508 241 499 250
512 241 509 239
531 241 524 242
403 245 397 257
408 245 402 257
412 245 407 257
436 245 430 255
441 245 435 253
446 245 440 253
451 245 445 253
455 245 449 253
460 245 454 252
479 245 475 249
498 245 490 250
503 245 495 254
512 245 505 254
398 250 392 261
403 250 397 261
408 250 402 261
412 250 407 261
417 250 412 261
436 250 430 260
441 250 436 258
446 250 440 258
455 250 450 258
474 250 471 253
479 250 475 254
484 250 481 252
489 250 486 251
493 250 486 254
517 250 515 249
403 255 397 266
408 255 401 266
412 255 406 265
417 255 412 265
441 255 436 263
446 255 441 263
451 255 445 263
470 255 466 257
474 255 471 257
484 255 480 257
489 255 487 260
493 255 491 259
408 260 402 270
412 260 407 270
441 260 436 268
446 260 441 267
451 260 446 267
455 260 451 267
474 260 471 261
479 260 476 261
484 260 480 261
489 260 487 264
493 260 491 263
403 265 398 272
436 265 431 273
441 265 436 273
446 265 441 272
451 265 446 272
455 265 450 271
470 265 465 271
474 265 471 271
493 265 491 268
408 269 401 276
422 269 418 279
427 269 421 275
441 269 437 279
451 269 446 276
455 269 451 276
474 269 472 274
489 269 484 275
408 274 403 281
436 274 432 283
441 274 436 283
446 274 441 282
455 274 451 281
460 274 455 280
465 274 459 279
470 274 465 279
474 274 472 279
479 274 477 278
360 279 360 289
365 279 365 289
370 279 370 288
379 279 376 288
384 279 379 288
441 279 436 287
455 279 451 286
460 279 455 285
465 279 465 284
470 279 468 284
474 279 473 283
370 284 370 292
379 284 376 292
384 284 380 292
408 284 409 289
412 284 413 289
422 284 428 293
451 284 446 291
455 284 450 290
460 284 455 289
474 284 473 287
374 288 376 296
384 288 381 296
389 288 390 296
393 288 394 296
408 288 410 294
412 288 414 294
417 288 417 293
451 288 443 296
455 288 451 295
460 288 455 294
479 288 479 290
374 293 376 301
379 293 381 301
384 293 385 300
389 293 390 301
393 293 394 301
403 293 404 300
408 293 411 300
412 293 415 299
417 293 418 298
422 293 423 298
451 293 443 301
455 293 447 301
465 293 466 295
470 293 471 295
374 298 377 305
379 298 381 306
384 298 385 305
389 298 390 304
393 298 395 304
398 298 400 304
403 298 405 304
412 298 415 304
417 298 419 303
422 298 423 303
431 298 433 302
460 298 462 300
408 303 410 308
412 303 415 308
417 303 420 308
422 303 423 308
408 307 410 312
412 307 416 312
417 307 420 312
422 307 424 312
431 307 433 312
