502 140 411 118
479 151 389 145
531 157 463 121
508 169 433 142
514 169 439 140
485 174 417 149
514 174 442 147
519 174 449 144
537 174 459 131
479 180 403 164
491 180 419 157
496 180 428 154
514 180 444 154
537 180 463 137
543 180 471 135
537 186 475 143
554 186 488 135
560 186 496 134
433 192 361 203
473 192 396 184
491 192 424 165
548 192 485 146
554 192 492 141
560 192 498 140
438 197 368 208
444 197 374 205
525 197 458 167
548 197 488 154
566 197 507 144
433 203 363 218
438 203 368 214
444 203 376 210
473 203 411 193
496 203 429 179
502 203 437 176
548 203 491 160
410 209 344 235
415 209 345 243
433 209 366 226
438 209 372 221
444 209 379 217
491 209 430 196
496 209 433 185
502 209 443 189
537 209 480 172
404 215 339 245
421 215 356 240
427 215 362 237
433 215 368 233
450 215 387 215
467 215 410 212
496 215 437 193
508 215 449 188
514 215 458 182
519 215 466 179
415 221 348 252
421 221 357 247
433 221 375 228
438 221 381 226
450 221 390 222
456 221 396 220
462 221 406 223
467 221 413 220
473 221 418 217
496 221 440 201
502 221 445 197
508 221 453 195
514 221 461 190
519 221 469 187
525 221 475 184
410 226 344 260
496 226 443 207
502 226 449 207
519 226 471 195
473 232 418 227
479 232 425 224
502 232 453 211
398 244 351 273
415 244 370 257
421 244 377 253
479 244 431 237
386 250 340 281
392 250 346 278
415 250 373 265
421 250 381 261
462 250 400 250
467 250 409 247
473 250 418 244
479 250 424 242
485 250 441 242
496 250 457 236
363 255 320 297
369 255 325 295
386 255 342 287
392 255 349 283
410 255 369 275
415 255 376 272
462 255 403 257
467 255 412 255
473 255 419 251
479 255 426 249
491 255 452 246
496 255 460 241
502 255 465 238
363 261 322 303
369 261 328 301
375 261 337 296
381 261 343 293
398 261 360 286
404 261 366 283
410 261 371 281
415 261 378 279
427 261 388 275
444 261 408 267
381 267 347 299
386 267 353 297
404 267 369 291
415 267 378 287
421 267 385 285
479 267 429 275
485 267 448 258
491 267 451 262
386 273 355 305
427 273 395 290
352 278 322 323
358 278 328 320
398 278 366 300
421 278 396 298
392 284 363 312
398 284 370 308
358 290 335 331
369 290 343 330
381 290 356 326
386 290 363 322
392 290 369 320
404 290 381 312
404 296 383 319
410 296 390 315
323 302 308 351
358 302 341 345
410 302 392 323
311 307 296 359
323 307 311 359
329 307 320 356
363 307 350 349
317 313 308 362
352 313 340 358
334 319 324 362
352 319 341 365
340 325 333 367
340 330 338 372
369 336 375 366
363 342 370 373
358 354 370 387
363 354 376 384
