468 84 457 81
450 90 444 88
456 90 448 87
468 90 457 87
475 90 462 87
481 90 468 86
487 90 480 88
456 96 448 93
475 96 462 92
481 96 468 92
493 96 488 95
475 102 463 99
487 102 474 98
493 102 488 102
499 102 494 101
505 102 499 100
468 109 456 106
475 109 463 104
493 109 488 107
468 115 456 112
475 115 462 110
487 115 475 108
493 115 488 112
505 115 498 112
511 115 500 108
517 115 506 109
523 115 525 116
468 121 455 118
475 121 462 117
481 121 470 115
505 121 498 118
511 121 505 119
517 121 512 120
523 121 524 121
530 121 530 121
536 121 536 121
462 127 449 124
468 127 454 124
475 127 467 125
481 127 472 124
505 127 499 125
511 127 504 125
517 127 512 126
523 127 518 126
530 127 525 126
536 127 535 126
542 127 541 127
450 133 437 131
456 133 443 130
462 133 449 131
468 133 455 130
475 133 467 130
481 133 473 130
511 133 505 131
517 133 512 132
523 133 518 132
530 133 525 132
536 133 534 131
542 133 541 132
450 139 437 137
456 139 442 137
468 139 456 137
475 139 462 137
487 139 481 133
499 139 487 133
505 139 499 133
523 139 518 138
530 139 525 139
536 139 534 139
432 145 430 137
450 145 437 143
456 145 443 142
462 145 448 142
468 145 455 142
475 145 462 143
481 145 474 138
487 145 481 138
499 145 487 138
505 145 499 139
517 145 511 144
523 145 518 144
530 145 525 144
450 151 437 148
456 151 443 148
462 151 448 149
468 151 455 149
475 151 462 149
493 151 480 143
511 151 505 146
517 151 511 150
523 151 519 150
530 151 526 150
536 151 536 146
426 157 423 149
450 157 436 154
505 157 505 151
523 157 519 156
426 164 422 155
438 164 428 157
468 164 455 157
475 164 460 157
481 164 467 157
505 164 505 157
511 164 511 157
432 170 423 162
438 170 428 162
456 170 443 162
462 170 455 163
475 170 460 163
487 170 487 156
505 170 504 162
511 170 510 164
523 170 517 177
426 176 416 169
432 176 422 168
456 176 442 169
462 176 449 169
426 182 415 179
438 182 424 178
444 182 430 176
450 182 436 175
481 182 471 180
487 182 479 180
499 182 496 180
426 188 414 185
438 188 424 185
450 188 437 182
475 188 473 187
481 188 479 188
487 188 484 188
493 188 490 187
499 188 497 188
505 188 503 187
511 188 512 181
420 194 408 192
426 194 414 192
438 194 424 192
444 194 430 189
450 194 437 188
456 194 443 188
462 194 449 189
468 194 460 192
475 194 473 194
481 194 478 193
493 194 486 193
499 194 497 193
505 194 503 194
511 194 512 187
408 200 398 193
414 200 403 194
420 200 408 198
432 200 417 198
438 200 425 198
444 200 431 198
450 200 437 194
456 200 442 195
462 200 449 195
481 200 472 198
487 200 479 199
493 200 486 200
499 200 496 200
505 200 503 200
395 206 387 204
401 206 393 204
414 206 403 201
438 206 424 204
444 206 431 204
468 206 460 205
475 206 465 205
481 206 473 205
487 206 480 206
493 206 490 207
499 206 496 207
505 206 502 207
383 212 377 210
395 212 387 211
401 212 392 211
408 212 398 211
414 212 403 210
420 212 409 211
426 212 416 210
444 212 433 210
450 212 440 211
456 212 446 211
462 212 454 211
468 212 460 212
475 212 465 211
481 212 473 211
487 212 480 212
493 212 489 213
499 212 496 213
389 218 382 216
401 218 392 217
408 218 397 218
414 218 403 217
420 218 409 216
426 218 415 217
432 218 422 217
450 218 440 218
456 218 447 217
462 218 454 217
468 218 460 218
475 218 465 218
481 218 474 218
487 218 483 219
493 218 489 219
389 224 381 223
395 224 386 222
401 224 391 223
408 224 396 223
438 224 428 220
444 224 435 220
450 224 441 223
456 224 448 224
462 224 454 223
468 224 465 226
481 224 475 224
487 224 482 224
493 224 490 226
389 231 379 230
395 231 385 229
401 231 389 230
420 231 408 226
426 231 414 226
432 231 421 226
438 231 428 226
444 231 433 226
450 231 440 229
456 231 448 229
462 231 455 230
468 231 464 230
475 231 470 230
481 231 476 231
487 231 483 232
389 237 377 236
395 237 383 236
426 237 414 232
432 237 420 236
438 237 427 232
444 237 433 233
450 237 440 235
456 237 447 236
462 237 455 237
468 237 464 236
475 237 470 236
481 237 478 237
389 243 377 242
395 243 383 242
426 243 415 243
432 243 420 242
438 243 427 242
444 243 434 242
450 243 441 242
456 243 446 243
462 243 455 243
468 243 462 243
475 243 470 242
481 243 478 243
389 249 377 249
414 249 403 243
426 249 415 249
432 249 421 249
438 249 428 249
444 249 435 248
450 249 441 249
456 249 446 249
462 249 455 250
475 249 471 250
359 255 351 260
395 255 384 254
426 255 415 255
432 255 421 256
438 255 429 255
444 255 435 255
450 255 441 255
456 255 447 256
462 255 455 257
475 255 471 257
389 261 377 260
395 261 384 259
401 261 391 260
408 261 397 261
414 261 403 261
420 261 410 261
426 261 415 260
432 261 422 262
438 261 429 261
444 261 435 261
450 261 445 261
456 261 450 262
462 261 459 261
468 261 467 261
395 267 384 266
401 267 391 267
414 267 404 268
420 267 410 267
426 267 416 267
432 267 422 267
438 267 429 268
444 267 435 268
450 267 445 267
456 267 451 268
462 267 460 267
468 267 466 267
389 273 378 272
395 273 384 272
401 273 390 273
408 273 397 273
414 273 404 273
420 273 410 272
426 273 416 273
432 273 423 273
438 273 429 273
444 273 436 273
450 273 445 274
456 273 452 274
462 273 459 274
383 279 371 280
389 279 378 279
395 279 383 278
401 279 390 279
408 279 397 279
414 279 403 279
420 279 410 279
426 279 416 279
432 279 426 280
438 279 432 280
444 279 438 280
450 279 444 280
456 279 452 280
462 279 459 280
389 286 377 286
395 286 383 284
401 286 390 284
408 286 397 285
414 286 403 285
420 286 416 287
426 286 421 287
432 286 426 286
438 286 433 286
444 286 437 287
450 286 445 287
456 286 453 287
340 292 340 279
389 292 376 292
395 292 383 291
401 292 391 291
408 292 398 291
414 292 403 291
420 292 409 292
426 292 421 293
432 292 427 293
438 292 434 293
444 292 438 293
450 292 445 293
389 298 376 297
395 298 384 297
401 298 391 298
408 298 397 297
414 298 403 298
420 298 409 298
426 298 421 299
432 298 427 299
438 298 433 299
444 298 439 299
450 298 446 300
389 304 377 303
395 304 385 304
401 304 391 303
408 304 397 303
414 304 403 304
420 304 410 306
426 304 420 306
432 304 427 306
444 304 439 306
389 310 376 310
395 310 384 310
401 310 391 310
408 310 396 311
414 310 403 310
420 310 414 312
426 310 419 313
432 310 426 313
359 316 352 311
377 316 370 316
383 316 378 316
395 316 384 316
401 316 391 317
408 316 397 317
414 316 407 318
420 316 415 318
426 316 421 318
432 316 427 319
346 322 338 324
377 322 370 322
383 322 377 322
389 322 384 322
395 322 390 323
408 322 396 323
414 322 407 324
420 322 414 324
426 322 421 325
371 328 363 329
377 328 371 329
383 328 376 329
389 328 382 329
395 328 388 329
408 328 401 329
414 328 408 329
420 328 415 330
371 334 363 335
383 334 375 337
389 334 381 336
395 334 388 337
401 334 393 335
408 334 402 335
414 334 409 336
365 340 359 335
371 340 363 342
377 340 370 342
383 340 376 342
389 340 381 342
395 340 387 342
401 340 394 342
408 340 402 341
414 340 413 342
340 346 331 343
346 346 338 343
359 346 351 343
365 346 357 347
371 346 364 347
377 346 370 348
383 346 377 348
389 346 383 348
395 346 388 348
401 346 394 348
408 346 401 349
346 353 337 349
353 353 345 354
359 353 351 354
365 353 357 353
371 353 364 353
377 353 371 354
383 353 377 354
389 353 383 354
395 353 389 354
401 353 394 354
359 359 352 360
365 359 357 360
371 359 364 360
377 359 371 360
383 359 377 361
389 359 383 360
395 359 388 360
401 359 394 360
