502 122 486 103
497 127 481 110
502 127 486 110
508 127 493 109
486 132 471 115
492 132 477 115
497 132 482 115
502 132 487 119
508 132 495 118
518 132 502 111
481 138 465 122
486 138 472 121
492 138 478 122
497 138 482 121
518 138 502 117
524 138 507 117
529 138 514 116
476 143 460 128
481 143 466 128
486 143 472 127
492 143 478 127
497 143 482 127
502 143 488 126
513 143 500 124
524 143 507 122
529 143 514 121
465 149 449 135
470 149 455 134
476 149 460 134
481 149 466 133
492 149 478 132
497 149 483 132
502 149 488 131
518 149 503 128
534 149 520 124
540 149 526 127
476 154 462 139
492 154 477 137
497 154 483 137
508 154 492 137
513 154 497 135
518 154 503 134
524 154 511 132
534 154 521 130
459 159 448 143
492 159 478 143
508 159 492 142
513 159 497 142
529 159 514 136
534 159 519 136
540 159 525 135
545 159 530 135
551 159 538 138
449 165 438 150
454 165 443 149
459 165 448 148
465 165 453 148
476 165 463 147
497 165 484 145
508 165 492 148
513 165 497 148
534 165 522 140
540 165 526 141
545 165 530 142
551 165 537 144
556 165 543 145
443 170 433 156
449 170 438 155
454 170 443 154
459 170 448 153
465 170 453 152
476 170 463 152
486 170 475 150
492 170 480 150
497 170 485 150
502 170 485 155
508 170 492 154
513 170 503 147
529 170 517 147
534 170 522 147
540 170 527 147
545 170 532 147
556 170 544 151
438 175 427 162
443 175 433 161
449 175 438 160
454 175 444 160
459 175 448 159
470 175 458 159
476 175 463 157
497 175 480 162
502 175 487 161
508 175 492 161
518 175 509 153
534 175 523 151
540 175 528 152
545 175 534 151
556 175 544 156
433 181 423 168
438 181 428 167
443 181 434 165
449 181 439 165
454 181 444 165
459 181 449 165
470 181 458 165
513 181 499 160
518 181 504 161
534 181 523 156
540 181 528 157
545 181 534 157
551 181 538 158
427 186 418 174
433 186 422 174
438 186 428 172
443 186 435 171
449 186 438 171
454 186 444 170
470 186 466 157
476 186 472 155
502 186 488 167
508 186 495 167
513 186 500 167
518 186 505 167
540 186 528 162
551 186 539 163
417 191 409 179
422 191 415 179
433 191 423 178
438 191 428 179
443 191 434 178
449 191 438 179
476 191 475 162
508 191 495 173
513 191 500 173
518 191 505 173
524 191 510 173
534 191 524 169
540 191 529 170
545 191 536 169
551 191 541 169
411 197 404 184
417 197 410 184
422 197 416 184
433 197 423 185
438 197 429 184
443 197 434 183
454 197 441 188
476 197 474 168
481 197 480 167
502 197 488 179
508 197 494 179
513 197 501 179
518 197 505 179
540 197 529 176
411 202 404 191
417 202 409 192
422 202 415 191
427 202 422 191
433 202 430 190
438 202 435 189
454 202 441 193
486 202 478 181
492 202 483 181
508 202 495 184
513 202 501 183
518 202 507 184
524 202 513 183
534 202 525 182
540 202 530 183
411 207 404 197
417 207 410 197
427 207 422 197
481 207 472 188
486 207 478 187
492 207 483 187
513 207 502 188
518 207 507 188
524 207 513 188
411 213 402 203
422 213 414 202
427 213 419 202
438 213 430 197
443 213 436 195
481 213 473 192
486 213 478 192
492 213 482 192
518 213 508 195
524 213 514 195
411 218 402 209
417 218 408 206
433 218 425 204
438 218 430 203
443 218 435 203
476 218 467 199
481 218 473 198
486 218 478 198
492 218 483 198
497 218 489 198
508 218 501 197
513 218 503 202
518 218 510 200
422 224 414 211
427 224 419 210
433 224 425 209
438 224 432 209
443 224 437 208
449 224 442 208
470 224 462 206
476 224 468 205
481 224 473 205
486 224 478 204
492 224 483 203
497 224 488 204
502 224 496 203
400 229 394 216
411 229 402 218
417 229 409 217
422 229 414 215
427 229 420 215
433 229 427 216
438 229 432 215
443 229 437 214
449 229 443 213
454 229 448 213
459 229 454 213
465 229 459 211
476 229 469 210
481 229 475 210
486 229 479 210
492 229 484 209
497 229 489 209
502 229 496 209
395 234 391 221
400 234 395 222
411 234 402 223
417 234 408 223
422 234 414 226
427 234 420 222
433 234 427 221
438 234 433 220
443 234 438 219
449 234 443 218
454 234 448 218
459 234 454 218
465 234 460 217
476 234 469 217
481 234 475 217
486 234 478 216
492 234 485 216
497 234 491 216
502 234 496 219
508 234 503 219
379 240 374 230
384 240 379 229
390 240 386 228
395 240 391 227
400 240 396 227
411 240 401 230
417 240 409 229
427 240 421 227
433 240 428 226
438 240 433 225
443 240 439 224
449 240 444 224
454 240 449 223
459 240 454 223
465 240 459 222
476 240 469 223
486 240 478 221
492 240 485 223
497 240 492 225
502 240 498 225
374 245 369 236
379 245 374 235
384 245 380 235
390 245 387 233
395 245 391 234
406 245 396 236
411 245 403 235
417 245 409 235
422 245 415 233
433 245 428 231
438 245 434 230
443 245 439 230
449 245 444 230
454 245 449 230
459 245 455 228
465 245 460 228
476 245 473 229
481 245 478 229
492 245 488 228
497 245 492 231
368 250 364 242
379 250 375 242
384 250 380 241
390 250 387 240
395 250 391 241
406 250 397 242
411 250 404 241
443 250 440 236
449 250 443 236
454 250 449 235
459 250 456 235
470 250 465 235
476 250 473 235
481 250 480 234
363 256 359 249
368 256 367 247
379 256 375 247
384 256 381 248
390 256 387 247
395 256 392 247
400 256 397 247
411 256 405 247
443 256 439 242
449 256 445 242
454 256 450 241
459 256 456 241
465 256 461 241
470 256 467 241
476 256 473 241
486 256 481 241
363 261 361 254
368 261 369 254
384 261 381 253
390 261 386 253
395 261 380 264
417 261 416 244
438 261 433 249
443 261 440 248
449 261 444 247
454 261 450 247
459 261 456 247
470 261 466 247
476 261 473 247
358 266 356 258
363 266 363 261
368 266 370 260
390 266 375 271
411 266 405 258
417 266 416 250
427 266 423 254
438 266 433 255
443 266 439 253
449 266 445 254
454 266 450 253
459 266 456 253
352 272 352 263
358 272 357 263
363 272 364 267
411 272 410 258
417 272 416 257
454 272 451 258
347 277 347 269
352 277 351 269
358 277 357 268
406 277 405 263
411 277 410 264
417 277 415 262
427 277 425 263
433 277 431 263
438 277 435 263
443 277 442 262
449 277 447 262
454 277 452 264
342 283 342 274
347 283 348 275
352 283 351 275
358 283 358 274
363 283 366 278
400 283 400 269
406 283 405 269
411 283 410 269
417 283 415 269
427 283 425 268
433 283 431 269
438 283 436 269
443 283 442 268
449 283 447 268
454 283 452 271
342 288 341 282
347 288 348 281
352 288 353 280
358 288 359 279
395 288 394 276
406 288 405 275
411 288 411 275
422 288 420 275
427 288 424 275
433 288 430 274
438 288 436 274
443 288 442 274
449 288 459 259
336 293 335 292
342 293 341 293
347 293 347 287
352 293 353 286
358 293 360 286
395 293 395 282
400 293 400 282
406 293 406 281
417 293 414 281
422 293 419 281
427 293 424 280
433 293 430 280
438 293 437 280
443 293 442 278
449 293 460 264
331 299 329 299
336 299 335 299
342 299 341 299
347 299 348 299
352 299 354 297
395 299 395 289
400 299 400 288
406 299 407 287
417 299 415 287
422 299 420 287
427 299 426 287
433 299 431 286
438 299 437 286
331 304 330 305
336 304 335 305
342 304 342 305
347 304 347 303
352 304 355 303
358 304 360 297
374 304 379 289
390 304 390 294
395 304 395 293
400 304 401 293
411 304 408 293
417 304 415 293
422 304 420 293
427 304 426 293
433 304 432 293
438 304 438 293
331 309 331 311
336 309 336 310
363 309 360 303
368 309 366 303
374 309 373 302
406 309 404 299
411 309 409 299
417 309 415 299
422 309 421 299
427 309 426 299
342 315 343 312
347 315 348 311
352 315 355 310
363 315 362 309
368 315 368 308
374 315 374 306
379 315 380 307
411 315 410 305
417 315 416 305
422 315 422 305
325 320 328 318
331 320 333 317
336 320 338 317
342 320 343 318
347 320 349 317
352 320 354 315
363 320 362 315
368 320 369 314
379 320 380 312
411 320 410 312
417 320 417 312
325 325 328 323
331 325 333 322
342 325 345 322
347 325 350 322
358 325 358 321
363 325 363 320
368 325 369 319
379 325 381 318
400 325 403 318
411 325 410 321
325 331 328 328
331 331 334 328
336 331 338 323
358 331 359 326
384 331 387 323
395 331 394 324
400 331 403 323
325 336 328 335
336 336 340 329
342 336 346 330
347 336 352 328
352 336 352 333
358 336 359 332
368 336 371 327
374 336 376 327
379 336 381 329
384 336 387 329
395 336 394 331
331 341 334 336
358 341 359 337
368 341 372 333
379 341 381 335
384 341 387 335
390 341 393 336
331 347 333 342
336 347 340 342
342 347 345 341
347 347 351 340
358 347 358 344
374 347 376 342
379 347 382 341
384 347 388 341
336 352 340 348
342 352 347 346
347 352 353 345
352 352 363 338
363 352 365 346
368 352 371 345
374 352 377 348
379 352 382 349
342 358 347 352
347 358 353 350
352 358 359 350
363 358 365 352
368 358 372 352
374 358 378 354
342 363 347 358
358 363 360 358
363 363 366 358
