407 190 384 91
424 195 407 96
483 213 446 97
505 213 470 81
478 222 457 86
483 226 462 91
375 248 376 168
380 248 382 164
375 253 379 174
380 253 385 172
384 253 392 169
407 253 416 160
469 253 469 140
384 257 393 176
402 257 411 168
415 257 404 164
384 262 395 184
393 262 402 180
398 262 408 177
402 262 414 175
411 262 428 171
433 262 448 164
375 266 386 195
402 266 417 181
407 266 425 180
447 266 456 167
398 271 406 192
402 271 419 189
407 271 427 187
415 271 433 184
420 271 439 183
433 271 448 179
402 275 422 196
411 275 430 192
415 275 436 190
424 275 444 188
429 275 449 187
438 275 456 185
447 275 464 181
407 280 426 201
411 280 432 199
420 280 441 197
424 280 445 196
433 280 453 193
438 280 458 191
407 284 427 208
411 284 434 207
415 284 440 205
424 284 448 202
371 289 393 236
375 289 400 234
380 289 406 231
384 289 413 228
411 289 437 214
415 289 442 211
424 289 452 209
366 293 389 246
380 293 409 238
366 298 402 257
380 298 414 250
357 302 398 271
371 302 410 261
375 302 415 259
384 302 423 256
357 307 400 279
375 307 417 266
384 307 426 263
389 307 431 261
362 311 409 298
326 329 386 359
366 329 426 327
366 334 430 333
