458 108 401 94
412 154 386 161
440 154 422 148
406 159 387 177
412 159 389 167
418 159 394 172
418 171 401 171
435 171 413 163
446 171 426 157
384 176 375 198
401 176 391 182
412 176 398 178
418 176 403 175
423 176 410 173
429 176 417 171
440 176 424 167
452 176 433 160
497 176 466 134
503 176 472 129
509 176 478 128
366 182 365 213
412 182 401 183
418 182 407 180
423 182 413 178
435 182 421 176
440 182 427 173
446 182 433 169
509 182 481 133
366 188 368 218
395 188 394 188
401 188 398 195
412 188 404 192
418 188 410 187
423 188 416 184
435 188 423 183
440 188 429 180
446 188 435 174
497 188 475 138
503 188 479 143
401 194 401 201
412 194 407 198
418 194 412 194
423 194 419 190
435 194 427 188
440 194 433 186
463 194 440 165
469 194 445 163
475 194 451 160
492 194 457 156
349 199 359 234
361 199 368 230
366 199 373 227
372 199 379 223
395 199 396 206
412 199 411 202
418 199 417 200
423 199 421 196
435 199 431 193
440 199 436 191
463 199 443 172
469 199 450 169
480 199 454 165
338 205 352 247
344 205 357 243
349 205 362 240
361 205 371 235
366 205 376 231
372 205 381 227
384 205 391 218
395 205 400 212
401 205 405 210
440 205 439 197
446 205 444 194
463 205 447 177
326 211 346 257
338 211 355 253
344 211 359 249
349 211 364 245
361 211 373 241
366 211 378 238
378 211 385 235
395 211 403 219
401 211 408 218
406 211 413 215
418 211 422 209
423 211 426 206
469 211 465 184
338 216 357 258
344 216 361 255
349 216 367 251
366 216 381 243
384 216 394 232
389 216 399 230
395 216 406 226
401 216 411 223
412 216 420 218
418 216 425 214
423 216 429 211
469 216 468 189
315 222 343 267
326 222 350 265
355 222 375 250
372 222 389 243
384 222 398 238
389 222 404 235
395 222 409 232
401 222 414 229
412 222 422 224
418 222 427 220
315 228 342 276
321 228 348 273
344 228 367 263
349 228 373 260
361 228 382 256
366 228 386 253
372 228 392 249
384 228 401 244
389 228 406 240
395 228 411 237
401 228 416 235
412 228 425 229
326 233 356 276
338 233 363 269
344 233 369 267
349 233 376 265
355 233 381 263
366 233 389 257
372 233 394 255
384 233 403 249
389 233 408 246
395 233 413 243
406 233 422 238
292 239 318 313
344 239 373 273
355 239 384 268
366 239 392 262
372 239 397 261
315 245 347 289
384 245 407 257
389 245 413 255
395 245 420 252
401 245 426 248
406 245 433 234
440 245 461 219
304 251 338 303
309 251 343 300
321 251 351 294
344 251 376 280
349 251 384 280
355 251 389 277
366 251 398 272
372 251 403 269
378 251 408 264
389 251 416 259
395 251 422 256
406 251 435 239
275 256 316 323
281 256 323 321
304 256 341 309
309 256 346 306
344 256 379 288
349 256 385 286
355 256 392 281
366 256 400 277
372 256 406 274
378 256 411 271
270 262 314 331
275 262 319 329
281 262 326 326
287 262 331 322
304 262 343 315
338 262 377 296
344 262 382 294
355 262 391 291
372 262 408 279
389 262 420 267
395 262 426 263
401 262 434 251
406 262 442 249
275 268 323 333
281 268 329 330
287 268 334 328
298 268 341 324
321 268 369 311
326 268 373 307
338 268 381 302
384 268 418 278
389 268 425 275
395 268 430 272
401 268 438 258
258 273 310 343
366 273 406 289
372 273 411 287
384 273 420 283
389 273 428 281
395 273 434 278
401 273 438 275
258 279 313 349
264 279 318 346
275 279 326 342
281 279 332 339
287 279 381 354
298 279 388 348
321 279 372 319
326 279 324 310
332 279 331 306
384 279 423 287
389 279 431 286
395 279 436 283
401 279 441 281
264 285 324 351
281 285 335 344
287 285 384 359
304 285 363 333
315 285 370 328
332 285 334 311
366 285 409 298
372 285 414 296
384 285 428 293
389 285 434 291
395 285 439 288
287 290 346 347
292 290 353 343
298 290 359 339
304 290 365 337
315 290 371 334
321 290 377 331
366 290 412 302
372 290 421 300
275 296 332 354
281 296 337 352
292 296 356 349
298 296 361 345
309 296 368 342
315 296 374 339
361 296 360 299
372 296 424 308
378 296 429 305
281 302 351 360
287 302 349 355
366 302 422 317
372 302 427 314
378 302 432 311
292 308 359 359
304 308 368 353
309 308 373 350
355 308 416 326
361 308 422 323
292 313 361 363
309 313 375 355
287 319 365 370
309 319 379 361
304 325 374 366
309 330 381 369
315 330 388 367
315 336 391 372
321 336 398 371
326 336 405 367
304 342 382 379
309 342 386 377
315 342 395 378
321 342 403 377
