1 0 0 -0.04542167112231255 
0 1 0 0.0009935460984706879 
0 0 1 -0.2875000238418579 
0 0 0 1 

0.9967743158340454 0.07852330803871155 0.01658421754837036 -0.0490323044359684 
-0.07824042439460754 0.9967883825302124 -0.01706911809742451 0.009408029727637768 
-0.01787128113210201 0.01571649871766567 0.9997167587280273 -0.293156772851944 
0 0 0 1 

0.985954225063324 0.1641365140676498 0.03087644092738628 -0.05154646188020706 
-0.1624395698308945 0.9853898286819458 -0.05118681862950325 0.02489094436168671 
-0.03882699459791183 0.04545227810740471 0.998211681842804 -0.2925980687141418 
0 0 0 1 

0.9662652611732483 0.2550956308841705 0.03546081110835075 -0.05066851526498795 
-0.2518213093280792 0.9646546840667725 -0.07763459533452988 0.03779576346278191 
-0.05401173606514931 0.06608579307794571 0.9963510036468506 -0.291892021894455 
0 0 0 1 

0.9361343383789062 0.3482544124126434 0.04869508370757103 -0.05172600969672203 
-0.3406013548374176 0.9324334859848022 -0.1206579133868217 0.05589483305811882 
-0.0874246284365654 0.09636636823415756 0.9914990663528442 -0.2892483174800873 
0 0 0 1 

0.8941408395767212 0.4469266533851624 0.02772532217204571 -0.04234463348984718 
-0.4394076466560364 0.8876489996910095 -0.1378409713506699 0.06497348099946976 
-0.08621517568826675 0.1110665202140808 0.9900662302970886 -0.2900567650794983 
0 0 0 1 

0.8458299040794373 0.5331864356994629 0.01684578694403172 -0.0359979122877121 
-0.5236549377441406 0.8359055519104004 -0.1644599735736847 0.07709728926420212 
-0.1017693728208542 0.1302837431430817 0.9862399101257324 -0.288752019405365 
0 0 0 1 

0.7934247255325317 0.6086110472679138 -0.008349350653588772 -0.02522855624556541 
-0.6009089350700378 0.7810530066490173 -0.1698959022760391 0.08229037374258041 
-0.0968792513012886 0.1398168057203293 0.985426664352417 -0.2895555794239044 
0 0 0 1 

0.7243934273719788 0.6886510848999023 -0.03183700144290924 -0.0127402525395155 
-0.6837129592895508 0.7117524743080139 -0.1610735803842545 0.08256136626005173 
-0.08826348930597305 0.1384480148553848 0.9864287376403809 -0.2907043099403381 
0 0 0 1 

0.6590762734413147 0.751382052898407 -0.03229919821023941 -0.008370252326130867 
-0.7477874159812927 0.6501336693763733 -0.134684756398201 0.07655900716781616 
-0.08020095527172089 0.112920455634594 0.9903619289398193 -0.2937591075897217 
0 0 0 1 

