341 153 352 153
296 165 335 169
336 165 351 161
341 165 357 160
336 170 357 165
324 176 341 174
330 176 347 173
336 176 357 171
235 181 290 180
319 181 337 180
324 181 341 179
330 181 347 179
336 181 356 177
324 187 341 185
369 204 393 191
212 210 260 215
223 210 270 220
369 210 392 200
206 215 254 220
313 221 336 225
201 226 249 231
201 232 249 237
212 232 263 237
201 238 249 245
206 238 259 243
212 238 263 241
201 243 254 251
195 249 248 257
201 249 253 257
206 249 259 257
229 249 279 246
195 254 247 262
201 254 253 262
206 254 259 262
375 254 398 225
369 260 392 230
375 260 397 231
381 260 403 231
195 266 245 265
369 266 391 238
375 266 397 238
381 266 404 237
386 266 408 237
201 271 254 273
358 271 376 252
375 271 397 247
381 271 402 246
386 271 412 242
375 277 397 253
381 277 402 251
386 277 409 247
392 277 417 247
398 277 423 247
201 283 255 282
240 283 290 266
375 283 398 259
381 283 403 258
392 283 418 252
398 283 424 251
364 288 386 266
369 288 392 266
381 288 409 251
403 288 434 257
409 288 439 258
235 294 280 273
240 294 285 273
381 294 412 257
386 294 419 257
398 294 430 259
403 294 434 262
409 294 439 263
414 294 443 263
235 299 279 278
240 299 285 278
375 299 406 263
381 299 412 263
386 299 418 264
392 299 424 264
414 299 444 267
308 305 326 282
375 305 408 268
381 305 413 269
386 305 417 269
392 305 423 269
403 305 438 273
409 305 442 278
420 305 450 279
291 311 314 284
296 311 319 284
308 311 325 286
313 311 329 286
347 311 381 272
358 311 392 273
369 311 403 273
375 311 408 273
381 311 414 273
386 311 419 273
392 311 424 273
280 316 306 289
285 316 310 289
347 316 383 278
353 316 387 278
358 316 392 278
364 316 398 278
369 316 404 278
375 316 408 278
386 316 419 279
392 316 427 282
398 316 432 283
403 316 438 282
409 316 442 284
285 322 310 293
291 322 314 293
296 322 319 294
308 322 331 292
324 322 366 279
330 322 366 282
336 322 373 279
341 322 378 283
353 322 388 283
358 322 393 284
364 322 399 283
386 322 422 288
392 322 427 287
398 322 432 287
403 322 437 287
409 322 443 293
414 322 448 289
285 328 310 298
291 328 314 298
330 328 367 287
336 328 372 288
341 328 381 289
347 328 386 288
353 328 391 288
358 328 396 288
364 328 402 289
381 328 417 292
386 328 422 293
392 328 427 292
398 328 433 292
403 328 438 292
274 333 300 303
280 333 305 303
285 333 310 302
296 333 325 302
319 333 355 293
324 333 362 293
330 333 367 293
336 333 376 295
341 333 382 294
347 333 386 294
353 333 391 293
358 333 396 293
364 333 402 294
369 333 407 294
375 333 412 297
381 333 417 297
386 333 422 297
392 333 428 297
398 333 433 299
403 333 438 299
409 333 444 300
319 339 356 299
330 339 372 302
336 339 376 302
341 339 382 302
347 339 386 299
353 339 392 299
358 339 397 299
364 339 402 299
369 339 408 300
375 339 412 302
381 339 417 302
386 339 422 303
392 339 428 303
398 339 433 304
403 339 439 304
291 344 331 313
324 344 367 309
330 344 372 308
336 344 377 309
341 344 382 307
347 344 387 307
353 344 392 307
358 344 396 308
364 344 403 308
369 344 407 307
375 344 412 307
381 344 418 308
386 344 422 309
392 344 428 309
398 344 433 310
330 350 373 315
336 350 378 315
341 350 382 313
347 350 387 313
353 350 392 313
358 350 397 314
364 350 401 314
369 350 406 314
375 350 413 314
381 350 417 314
386 350 423 314
324 356 371 323
341 356 381 319
347 356 386 319
364 356 407 319
369 356 412 319
375 356 418 319
381 356 422 320
386 356 427 320
392 356 432 320
330 361 382 329
364 361 408 325
369 361 412 326
375 361 418 326
381 361 423 325
386 361 429 325
347 367 391 335
353 367 396 333
358 367 402 333
364 367 408 333
375 367 418 330
381 367 423 330
308 373 361 351
313 373 366 350
336 373 386 341
347 373 391 341
353 373 397 339
358 373 403 339
364 373 408 339
369 373 413 340
330 378 381 351
336 378 386 349
353 378 401 346
