459 251 591 183
469 256 588 191
419 261 578 174
355 271 548 138
365 271 556 156
399 271 558 162
404 271 562 167
355 281 529 145
464 281 564 232
464 286 559 235
384 301 526 154
424 305 531 197
409 310 550 219
434 310 489 181
355 315 470 145
384 320 525 192
469 340 554 244
434 345 412 218
429 350 406 212
369 355 504 158
325 360 463 143
459 365 494 252
469 365 493 267
345 375 475 158
469 375 487 271
474 375 491 281
439 380 519 211
464 380 480 268
469 380 481 274
474 380 485 284
464 385 474 270
469 385 478 281
474 385 480 286
469 390 472 283
474 390 475 289
439 400 511 215
444 400 513 220
454 400 521 231
459 400 484 265
449 405 512 228
454 405 515 235
399 410 448 238
459 410 511 243
474 410 439 308
409 415 497 243
399 420 377 236
409 434 473 254
360 439 402 187
394 449 379 243
374 454 361 221
389 454 370 239
394 454 373 245
374 459 363 208
419 474 372 275
