511 133 508 165
452 144 461 137
559 144 550 197
564 144 556 201
559 149 548 203
564 149 553 208
564 154 550 213
570 154 555 216
398 160 445 126
377 170 417 121
393 170 436 131
398 170 441 134
404 170 446 137
575 170 554 235
377 176 414 127
393 176 434 136
398 176 439 139
404 176 443 142
484 176 494 175
586 176 568 241
382 181 425 134
398 181 437 145
484 181 489 172
586 181 563 247
366 186 386 135
377 186 414 133
382 186 422 138
430 186 454 138
430 192 451 143
436 192 457 147
350 197 365 132
527 197 521 226
559 197 522 241
564 197 527 244
570 197 532 247
564 202 524 251
570 202 529 252
575 202 537 255
511 208 505 256
581 208 540 265
372 213 381 148
420 213 436 160
500 213 481 220
382 219 411 155
414 219 391 199
506 219 483 230
511 219 489 232
372 224 348 197
377 224 368 148
382 224 373 150
388 224 377 152
393 224 375 188
420 224 395 208
511 224 486 237
516 224 492 242
522 224 497 245
527 224 527 259
372 229 385 181
543 229 511 273
559 229 511 279
366 235 350 192
430 235 435 175
436 235 441 178
516 235 487 247
532 235 499 268
538 235 504 275
527 240 490 271
548 240 511 289
409 245 416 181
538 245 498 290
543 245 450 279
548 245 509 293
361 251 341 208
398 251 388 225
489 251 471 237
527 251 488 291
463 256 455 237
532 256 485 300
409 261 404 205
414 261 409 207
436 261 421 204
447 267 432 227
382 272 344 179
414 278 374 219
447 278 426 239
420 283 375 232
409 288 357 226
425 288 385 248
430 288 391 249
404 294 343 224
409 294 347 228
414 294 369 247
420 294 376 249
425 294 382 253
430 294 387 255
436 294 397 260
393 299 333 228
398 299 339 231
409 299 361 250
414 299 366 252
430 299 382 261
436 299 389 265
441 299 397 267
398 304 335 238
404 304 341 241
409 304 347 243
414 304 362 258
430 304 379 267
436 304 386 270
441 304 397 276
447 304 405 279
404 310 336 251
414 310 359 265
420 310 365 267
425 310 372 270
430 310 376 273
436 310 383 277
420 315 356 270
