471 122 380 99
453 127 379 194
459 127 382 189
471 127 384 104
471 133 388 107
471 139 403 112
418 145 373 170
424 145 375 165
400 169 380 202
430 169 394 174
453 169 408 159
377 175 372 222
394 175 380 212
406 175 387 207
412 175 391 203
418 175 393 197
424 175 392 186
430 175 398 178
447 175 413 162
453 175 417 157
394 181 386 215
400 181 389 211
424 181 397 192
436 181 410 177
442 181 415 173
453 181 420 162
394 186 390 217
400 186 394 213
406 186 398 211
412 186 399 201
436 186 415 182
442 186 419 177
447 186 422 171
506 186 453 111
512 186 458 106
335 192 358 271
359 192 376 259
371 192 381 244
377 192 384 240
382 192 388 235
388 192 391 229
394 192 396 224
400 192 400 220
406 192 403 215
436 192 421 185
442 192 424 180
459 192 429 165
471 192 431 151
500 192 453 196
329 198 359 279
335 198 363 274
353 198 374 264
365 198 381 254
371 198 386 248
377 198 389 243
382 198 393 237
388 198 396 232
394 198 401 228
400 198 404 223
412 198 410 210
418 198 414 206
424 198 417 202
436 198 430 191
459 198 432 169
465 198 431 159
495 198 459 199
506 198 463 194
324 204 360 289
329 204 364 284
335 204 369 279
341 204 374 274
347 204 378 269
359 204 383 263
365 204 387 258
371 204 390 251
377 204 394 245
382 204 398 240
388 204 402 235
394 204 405 230
400 204 408 226
406 204 411 219
412 204 415 214
418 204 419 209
424 204 422 204
436 204 419 194
312 210 358 303
318 210 362 297
324 210 365 292
329 210 368 287
335 210 374 282
341 210 379 278
347 210 382 272
353 210 386 267
365 210 391 260
371 210 395 255
377 210 399 250
382 210 403 245
388 210 406 239
406 210 416 222
412 210 420 218
418 210 424 213
424 210 426 208
430 210 436 197
436 210 438 192
453 210 432 179
483 210 465 171
312 216 362 306
318 216 366 301
341 216 382 281
353 216 390 270
359 216 393 265
365 216 398 261
377 216 405 253
382 216 408 248
400 216 418 231
406 216 422 226
412 216 425 221
418 216 429 216
424 216 431 211
430 216 440 201
465 216 463 176
324 222 371 296
347 222 391 280
353 222 395 274
388 222 415 245
394 222 419 241
400 222 423 235
406 222 427 226
418 222 433 220
424 222 437 216
430 222 441 211
276 228 345 342
282 228 350 340
288 228 352 331
300 228 364 317
306 228 367 311
347 228 398 284
353 228 400 278
365 228 404 272
382 228 416 255
388 228 420 250
394 228 424 245
400 228 427 240
465 228 466 182
270 234 345 360
288 234 357 335
294 234 364 324
300 234 367 320
306 234 371 316
318 234 376 312
353 234 404 283
382 234 421 259
388 234 424 254
394 234 427 250
400 234 430 245
412 234 440 218
276 240 353 358
282 240 357 353
288 240 361 349
312 240 377 319
335 240 400 294
359 240 414 282
365 240 419 278
371 240 424 274
382 240 425 262
388 240 428 258
394 240 431 253
406 240 436 248
253 246 345 368
288 246 366 344
318 246 382 315
347 246 408 292
353 246 412 289
365 246 425 282
371 246 429 278
382 246 434 269
388 246 432 262
253 251 350 371
282 251 415 356
306 251 379 328
347 251 413 296
353 251 417 291
359 251 420 288
365 251 431 285
371 251 435 281
377 251 438 275
400 251 447 265
418 251 444 247
353 257 421 294
359 257 425 290
388 257 442 272
253 263 357 377
259 263 411 380
264 263 414 376
282 263 421 361
288 263 424 357
329 263 413 305
365 263 436 289
371 263 439 286
377 263 443 282
388 263 449 274
394 263 453 270
400 263 456 265
412 263 462 250
300 269 400 355
306 269 389 336
312 269 392 332
347 269 431 304
353 269 436 300
359 269 441 295
371 269 444 290
377 269 447 285
388 269 454 278
394 269 456 273
259 275 380 380
300 275 403 358
312 275 409 343
324 275 415 324
329 275 419 319
341 275 433 312
347 275 436 307
353 275 440 303
359 275 444 298
371 275 450 293
377 275 452 289
388 275 457 281
264 281 389 380
276 281 392 374
312 281 412 347
329 281 374 323
382 281 459 291
282 287 402 371
288 287 405 367
300 287 410 361
329 287 424 323
365 287 450 335
329 293 428 327
282 299 408 377
300 299 416 366
306 304 424 364
312 304 427 360
300 322 440 379
318 322 453 372
300 328 447 382
