404 141 370 126
404 146 371 131
409 151 382 120
441 162 392 122
409 167 383 197
414 167 394 201
511 167 455 102
516 167 464 121
479 173 422 132
516 173 466 128
452 199 413 143
382 210 470 339
500 216 461 114
495 221 462 138
452 232 413 156
463 242 438 242
430 248 417 241
468 248 443 217
345 253 363 236
430 253 420 249
457 253 437 235
441 258 428 251
468 264 465 163
452 269 440 175
414 275 411 186
420 275 417 183
436 275 430 186
463 275 472 266
355 285 425 336
334 291 416 346
345 291 421 344
350 296 378 346
361 296 385 345
361 301 386 349
334 307 379 279
350 307 430 362
425 307 451 236
318 312 370 290
329 312 377 286
334 312 382 285
312 317 365 315
382 317 421 198
318 323 374 298
361 323 413 288
382 323 422 204
377 328 429 288
312 339 371 378
318 339 381 373
323 339 388 370
