280 149 278 138
245 154 214 178
260 154 252 156
275 154 265 149
295 154 286 139
245 159 222 181
265 159 259 157
275 159 268 153
280 159 271 150
245 164 236 175
260 164 256 162
275 164 274 155
280 164 281 152
290 164 285 147
245 169 238 178
250 169 244 176
255 169 253 169
260 169 259 166
265 169 264 164
290 169 289 153
305 169 299 147
369 169 309 127
250 174 250 177
255 174 255 174
260 174 261 171
265 174 267 168
270 174 273 165
270 179 274 170
275 179 282 166
290 179 292 159
369 179 335 131
250 183 256 185
255 183 260 182
260 183 266 179
270 183 277 175
275 183 284 171
285 183 291 167
290 183 295 164
374 183 342 132
389 183 355 127
394 183 360 124
399 183 365 120
408 183 370 115
245 188 254 193
250 188 258 190
255 188 264 187
260 188 269 183
265 188 274 180
275 188 286 176
280 188 292 173
300 188 287 161
374 188 346 138
379 188 351 134
389 188 358 130
394 188 362 127
399 188 367 124
408 188 374 119
413 188 380 116
418 188 386 114
250 193 261 194
255 193 267 191
260 193 272 188
265 193 277 185
270 193 282 182
280 193 296 178
413 193 382 121
255 198 270 195
260 198 275 192
265 198 280 190
270 198 285 186
275 198 292 184
324 198 306 148
404 198 372 131
408 198 376 129
270 203 287 190
275 203 293 187
300 203 312 176
320 203 306 157
324 203 310 154
339 203 323 148
413 203 385 130
433 203 396 123
241 208 254 216
245 208 261 211
250 208 269 205
255 208 274 202
260 208 280 199
265 208 285 197
324 208 316 159
418 208 392 130
236 213 251 224
241 213 257 221
245 213 264 216
250 213 269 213
255 213 277 206
260 213 282 203
265 213 287 200
270 213 293 197
275 213 298 194
280 213 304 190
305 213 320 181
315 213 306 166
349 213 333 154
423 213 399 126
236 218 255 228
241 218 260 225
250 218 271 217
260 218 286 207
265 218 290 204
270 218 295 201
275 218 300 198
285 218 310 193
290 218 314 190
300 218 319 187
310 218 325 183
329 218 328 165
354 218 341 156
418 218 396 135
423 218 401 131
241 223 265 223
250 223 276 217
280 223 308 199
290 223 317 194
236 228 260 234
241 228 268 227
245 228 273 224
250 228 278 221
310 228 330 190
315 228 332 188
344 228 348 175
245 233 276 228
250 233 282 225
255 233 287 222
260 233 294 218
270 233 305 212
275 233 310 209
280 233 314 207
290 233 320 202
300 233 326 198
310 233 332 195
315 233 335 192
324 233 340 189
418 233 406 151
236 238 267 238
241 238 274 234
270 238 308 217
275 238 314 213
290 238 324 206
300 238 329 202
310 238 335 199
315 238 338 196
231 243 265 245
236 243 270 242
241 243 277 238
245 243 282 234
250 243 288 232
255 243 293 228
260 243 298 226
270 243 312 221
275 243 316 218
290 243 327 211
329 243 327 175
231 248 267 249
236 248 273 246
241 248 280 243
245 248 286 239
250 248 291 236
255 248 296 233
260 248 300 230
245 253 289 243
250 253 293 240
260 253 303 236
275 253 320 225
290 253 332 217
413 253 410 165
418 253 414 162
231 258 273 256
255 258 300 239
265 258 312 238
270 258 318 235
275 258 323 231
413 258 412 171
236 262 281 258
241 262 286 254
245 262 293 251
250 262 297 247
255 262 302 243
265 262 317 242
270 262 321 239
300 262 340 219
305 262 344 216
231 267 276 261
255 267 307 248
260 267 312 247
300 267 343 224
305 267 347 221
329 267 353 203
226 272 274 269
231 272 279 266
236 272 284 264
241 272 290 260
245 272 295 257
260 272 315 251
265 272 321 248
270 272 325 245
320 272 353 218
408 272 415 185
413 272 420 181
241 277 293 264
245 277 298 262
275 277 329 248
300 277 350 234
315 277 357 224
404 277 413 194
226 282 278 275
231 282 283 272
236 282 287 269
245 282 302 266
250 282 313 259
255 282 317 256
260 282 323 253
354 282 353 226
399 282 410 201
404 282 416 198
408 282 422 195
226 287 291 280
231 287 286 277
236 287 300 274
241 287 306 271
245 287 311 267
260 287 326 257
320 287 367 239
354 287 355 230
221 292 267 281
270 292 338 241
231 297 302 284
236 297 306 281
241 297 311 277
245 297 316 274
250 297 321 271
255 297 327 267
260 297 332 264
265 297 336 260
320 297 372 244
389 297 411 210
394 297 420 203
231 302 307 286
245 302 318 280
250 302 323 276
255 302 330 271
260 302 335 268
265 302 340 265
324 302 377 241
374 302 388 225
236 307 315 287
245 307 322 282
250 307 330 277
260 307 341 270
315 307 374 247
384 307 414 216
389 307 420 213
216 312 275 315
226 312 280 303
300 312 368 253
379 312 411 223
384 312 418 221
226 317 284 308
236 317 315 297
241 317 321 293
245 317 326 290
250 317 331 286
255 317 338 282
295 317 368 261
315 317 378 253
320 317 382 252
359 317 398 235
221 322 282 318
231 322 293 310
245 322 329 294
250 322 333 292
260 322 344 284
265 322 350 281
280 322 359 272
285 322 362 266
315 322 381 258
354 322 399 241
260 327 342 292
305 327 377 264
231 332 291 319
250 332 338 300
320 332 386 265
354 332 404 246
359 337 388 270
245 342 314 319
339 342 368 285
280 346 361 295
349 346 390 274
