449 202 561 277
432 208 557 269
443 208 556 276
449 208 554 281
393 213 575 221
399 213 573 227
349 224 565 177
415 224 572 232
443 235 534 289
377 241 550 222
382 241 547 228
443 241 528 288
366 257 533 225
410 257 500 289
404 269 482 252
443 269 501 283
443 274 478 279
443 280 472 277
443 291 463 275
454 302 469 284
360 313 483 154
460 318 450 283
438 324 436 249
438 341 483 193
465 346 418 277
393 352 457 253
382 368 390 166
393 368 492 260
454 368 408 262
460 385 381 257
460 390 376 257
465 402 357 253
465 418 346 249
382 424 357 198
393 424 355 205
404 424 358 226
415 424 363 200
421 424 362 207
454 424 341 240
393 429 354 209
393 435 347 208
399 435 346 217
410 435 343 230
393 440 366 148
404 440 340 213
399 446 334 206
