353 205 344 184
358 210 348 190
373 210 369 189
348 220 342 201
414 225 412 206
429 245 440 216
434 245 448 216
424 250 432 222
429 250 440 221
439 250 452 218
337 256 325 237
429 256 439 227
434 256 447 225
439 256 452 223
444 256 457 222
332 261 316 252
342 261 327 243
424 261 432 233
429 261 438 232
444 261 457 227
450 261 467 227
342 266 327 248
419 266 426 238
424 266 432 238
429 266 438 238
434 266 446 238
439 266 451 234
444 266 458 234
450 266 467 232
455 266 472 232
460 266 478 233
465 266 483 233
342 271 326 258
419 271 426 244
424 271 433 245
429 271 439 243
434 271 446 243
439 271 452 240
444 271 459 239
450 271 466 239
455 271 472 237
460 271 478 237
465 271 483 238
470 271 489 237
419 276 426 253
424 276 433 249
429 276 439 249
434 276 446 249
439 276 453 247
450 276 466 245
455 276 472 244
460 276 478 243
465 276 484 242
470 276 489 243
475 276 499 245
419 281 426 258
439 281 452 254
444 281 458 253
455 281 472 250
460 281 477 249
465 281 484 248
470 281 488 248
383 286 373 274
414 286 419 264
419 286 426 263
424 286 432 261
434 286 446 259
439 286 452 260
444 286 457 260
460 286 477 255
465 286 483 254
470 286 488 253
475 286 493 254
358 291 339 289
388 291 383 278
398 291 396 276
404 291 403 275
409 291 411 274
424 291 432 268
444 291 457 264
450 291 463 263
460 291 476 261
465 291 481 261
470 291 487 260
480 291 499 259
358 296 340 295
398 296 398 281
409 296 410 279
414 296 419 275
419 296 424 275
429 296 436 274
434 296 446 271
439 296 452 270
444 296 458 269
450 296 463 269
455 296 469 269
460 296 477 269
470 296 487 265
475 296 492 265
506 296 521 265
398 301 400 286
404 301 404 285
409 301 414 285
419 301 424 281
424 301 431 280
429 301 440 276
434 301 446 276
439 301 451 276
444 301 457 275
450 301 463 275
455 301 468 275
460 301 476 275
465 301 482 274
470 301 487 275
480 301 495 271
495 301 510 271
500 301 515 270
358 306 339 305
398 306 399 291
404 306 405 290
409 306 411 289
419 306 426 287
424 306 431 286
429 306 437 285
434 306 442 285
439 306 450 282
444 306 456 281
450 306 461 281
460 306 473 280
465 306 478 281
470 306 488 281
516 306 520 270
526 306 530 277
358 312 340 315
368 312 353 305
373 312 357 304
393 312 395 291
398 312 398 297
404 312 405 297
409 312 411 296
414 312 417 295
419 312 426 292
424 312 432 292
429 312 437 292
434 312 442 291
439 312 449 290
444 312 455 287
450 312 461 287
455 312 467 287
460 312 472 286
465 312 477 286
470 312 483 286
475 312 488 286
480 312 495 286
485 312 500 285
495 312 499 276
500 312 504 276
506 312 510 275
511 312 515 275
526 312 528 282
536 312 535 282
398 317 398 305
404 317 405 302
409 317 413 301
419 317 425 299
424 317 431 297
429 317 437 298
434 317 442 297
439 317 449 296
444 317 456 294
450 317 461 294
455 317 467 292
460 317 472 292
465 317 477 292
470 317 482 292
475 317 489 292
480 317 494 292
485 317 498 292
495 317 509 292
500 317 504 282
526 317 528 286
398 322 398 310
404 322 404 310
409 322 409 310
414 322 419 306
419 322 424 306
424 322 430 305
429 322 437 303
434 322 442 302
439 322 448 302
444 322 453 301
450 322 461 300
455 322 467 300
460 322 471 300
465 322 477 301
470 322 482 298
500 322 505 291
506 322 514 297
521 322 523 290
368 327 352 321
404 327 404 315
409 327 414 313
414 327 419 312
419 327 424 311
424 327 430 310
434 327 441 308
439 327 447 307
444 327 453 308
450 327 458 307
455 327 464 306
460 327 470 306
465 327 476 305
485 327 492 301
521 327 525 303
368 332 352 326
404 332 404 321
409 332 409 321
414 332 416 318
419 332 424 317
429 332 435 316
434 332 441 313
439 332 447 313
444 332 452 313
450 332 458 312
455 332 463 312
460 332 468 311
465 332 473 311
475 332 482 308
480 332 487 306
495 332 498 303
373 337 357 332
398 337 403 328
404 337 409 327
414 337 416 323
419 337 426 323
424 337 429 322
429 337 435 322
434 337 440 321
439 337 446 321
444 337 451 321
450 337 457 319
455 337 462 318
460 337 466 317
465 337 472 316
475 337 477 312
480 337 483 312
485 337 487 311
490 337 492 311
511 337 514 312
378 342 368 338
383 342 374 338
398 342 404 333
404 342 408 333
414 342 414 328
419 342 426 329
424 342 429 329
429 342 434 328
434 342 440 327
439 342 445 327
444 342 451 327
450 342 456 327
455 342 461 327
460 342 466 327
475 342 477 317
480 342 483 317
485 342 488 317
490 342 492 316
495 342 498 314
378 347 369 342
383 347 377 343
388 347 387 343
398 347 403 338
404 347 408 338
409 347 413 338
414 347 419 337
419 347 426 334
429 347 433 333
434 347 439 332
444 347 451 333
450 347 456 332
455 347 461 332
460 347 465 332
480 347 483 322
485 347 488 322
378 352 368 347
388 352 387 348
398 352 399 343
404 352 404 342
409 352 410 342
414 352 418 342
419 352 423 339
429 352 430 339
434 352 437 339
439 352 444 339
450 352 455 338
455 352 460 338
460 352 465 337
470 352 473 338
475 352 478 333
480 352 483 333
485 352 487 328
495 352 497 328
393 358 394 348
398 358 399 348
404 358 404 348
409 358 409 348
414 358 415 348
419 358 421 347
424 358 426 348
434 358 437 344
439 358 444 345
444 358 449 344
450 358 454 343
455 358 460 343
465 358 468 343
470 358 473 343
475 358 477 343
485 358 487 333
490 358 492 333
398 363 399 353
404 363 404 354
409 363 409 354
414 363 418 354
424 363 426 353
429 363 431 353
434 363 437 352
439 363 443 352
444 363 449 350
450 363 454 349
455 363 460 349
460 363 465 348
470 363 473 349
475 363 477 348
485 363 488 339
404 368 403 360
409 368 409 362
424 368 425 360
429 368 431 359
434 368 437 359
439 368 442 358
444 368 447 359
450 368 451 359
455 368 461 354
460 368 462 358
465 368 465 358
475 368 476 355
404 373 403 369
409 373 409 368
424 373 425 365
429 373 431 365
434 373 436 365
439 373 441 365
444 373 445 365
450 373 451 365
455 373 456 364
460 373 461 364
465 373 466 364
470 373 466 370
475 373 471 371
429 378 430 371
434 378 435 371
439 378 440 371
444 378 445 370
450 378 450 371
455 378 454 374
465 378 462 374
470 378 467 375
429 383 428 379
434 383 433 379
439 383 438 378
444 383 444 379
450 383 449 379
455 383 454 379
465 383 462 380
470 383 467 380
434 388 435 385
455 388 455 385
465 388 456 389
470 388 466 386
475 388 467 389
480 388 470 389
444 393 441 396
450 393 435 395
460 393 452 395
465 393 456 395
470 393 461 395
