318 278 296 146
322 278 299 146
353 278 319 129
362 278 327 129
367 278 331 128
469 278 429 130
474 278 433 130
295 283 279 148
304 283 286 147
313 283 292 147
425 283 352 126
429 283 355 126
465 283 422 142
474 283 434 132
331 287 304 154
465 287 423 147
398 292 334 135
447 292 381 132
451 292 386 132
469 292 428 151
393 296 331 140
407 296 341 139
425 296 356 137
447 296 382 136
451 296 386 136
286 301 269 164
376 301 328 141
398 301 335 144
425 301 357 142
442 301 389 148
451 301 386 141
393 305 332 148
425 305 358 146
438 305 386 152
451 305 388 145
277 310 262 170
380 310 324 154
398 310 336 152
425 310 357 151
429 310 361 150
438 310 386 157
469 310 432 151
277 314 262 174
282 314 265 174
380 314 324 158
389 314 329 157
398 314 346 156
402 314 349 156
429 314 361 154
469 314 431 155
277 318 262 178
282 318 266 178
367 318 317 163
371 318 321 162
380 318 324 162
389 318 330 161
393 318 333 160
407 318 352 161
429 318 362 159
433 318 366 158
460 318 398 159
469 318 431 159
277 323 262 181
282 323 266 181
367 323 317 167
371 323 321 166
380 323 325 165
389 323 330 165
393 323 333 164
398 323 337 164
407 323 342 164
411 323 346 163
420 323 358 164
433 323 366 162
438 323 370 162
376 327 322 169
384 327 327 169
389 327 330 169
393 327 332 169
398 327 337 168
407 327 342 168
411 327 347 167
416 327 351 166
420 327 355 166
429 327 363 164
433 327 367 166
438 327 371 165
442 327 377 165
451 327 388 166
456 327 394 166
376 332 322 174
384 332 327 174
389 332 331 173
393 332 333 172
398 332 337 172
407 332 342 171
411 332 346 171
416 332 351 170
420 332 355 170
429 332 363 170
433 332 367 169
438 332 371 170
442 332 376 169
451 332 388 170
456 332 394 171
353 336 315 170
367 336 314 182
371 336 318 181
376 336 322 179
384 336 327 178
389 336 331 178
393 336 333 177
411 336 347 175
416 336 351 174
420 336 356 174
425 336 360 174
429 336 363 174
433 336 367 174
438 336 372 174
442 336 376 174
447 336 382 174
451 336 387 174
456 336 392 174
367 341 314 186
371 341 319 185
380 341 323 182
384 341 327 181
389 341 330 181
393 341 333 180
398 341 337 180
402 341 341 179
407 341 345 179
420 341 356 178
425 341 360 178
429 341 364 179
442 341 378 178
447 341 383 178
451 341 388 177
456 341 404 192
367 345 314 190
384 345 328 185
389 345 331 184
393 345 334 184
398 345 338 184
416 345 352 183
420 345 356 183
425 345 360 183
429 345 364 183
433 345 369 183
438 345 373 183
442 345 379 183
447 345 384 182
451 345 391 186
371 350 319 190
376 350 323 190
384 350 328 189
389 350 331 188
393 350 335 188
398 350 338 188
402 350 341 187
411 350 350 187
429 350 367 188
433 350 371 187
442 350 379 187
447 350 384 186
451 350 391 189
456 350 395 189
371 354 319 195
376 354 323 194
380 354 327 194
389 354 331 193
393 354 334 192
398 354 338 192
433 354 371 191
438 354 375 191
447 354 384 193
456 354 396 193
460 354 410 209
367 359 316 198
371 359 320 199
376 359 323 198
380 359 326 198
389 359 331 197
393 359 335 196
411 359 347 195
438 359 375 196
442 359 379 195
451 359 389 197
362 363 311 203
367 363 317 203
371 363 321 203
376 363 324 202
384 363 329 202
389 363 332 201
393 363 335 200
407 363 344 198
438 363 376 199
442 363 380 199
447 363 385 199
451 363 393 198
456 363 396 201
367 368 317 206
371 368 320 207
376 368 324 207
384 368 328 205
389 368 332 204
411 368 349 202
416 368 353 202
420 368 357 201
433 368 369 200
438 368 376 203
442 368 380 202
447 368 385 203
456 368 397 205
460 368 402 205
367 372 317 210
371 372 321 211
376 372 324 211
411 372 349 206
416 372 353 205
420 372 357 205
438 372 377 206
442 372 380 206
447 372 384 206
451 372 388 206
456 372 397 210
367 376 317 215
371 376 320 215
389 376 332 211
393 376 337 211
407 376 345 210
411 376 349 209
416 376 353 208
420 376 358 207
438 376 377 210
442 376 381 209
447 376 385 209
451 376 389 209
456 376 397 214
460 376 405 214
304 381 288 230
362 381 313 219
367 381 317 219
389 381 332 215
393 381 336 214
398 381 341 214
402 381 345 212
411 381 349 213
416 381 353 211
447 381 385 214
451 381 389 214
465 381 406 217
304 385 288 234
313 385 293 232
322 385 297 233
398 385 342 218
433 385 370 216
438 385 373 214
442 385 377 214
451 385 390 218
456 385 398 221
465 385 406 221
309 390 289 236
313 390 292 237
393 390 342 221
438 390 373 218
456 390 398 225
460 390 402 225
465 390 410 226
304 394 290 242
460 394 402 229
469 394 431 228
438 399 375 224
456 399 396 233
460 399 400 234
367 403 318 240
380 403 325 234
425 403 357 236
438 403 375 227
447 403 424 237
456 403 395 237
460 403 400 237
465 403 407 237
367 408 318 244
384 408 326 239
393 408 333 238
402 408 339 237
407 408 343 237
420 408 354 241
425 408 358 240
433 408 368 239
451 408 391 239
456 408 394 242
460 408 400 241
465 408 407 241
367 412 318 247
384 412 326 243
402 412 339 241
407 412 343 241
425 412 358 244
429 412 362 244
442 412 424 244
460 412 403 242
469 412 433 248
358 417 310 248
367 417 314 248
433 417 367 245
442 417 424 248
456 417 396 248
460 417 400 250
465 417 405 250
358 421 310 252
367 421 314 252
411 421 347 249
425 421 359 249
429 421 363 249
433 421 367 249
442 421 425 252
451 421 388 255
456 421 392 255
460 421 400 253
367 425 314 256
384 425 322 253
398 425 335 252
416 425 351 252
429 425 363 252
433 425 367 252
438 425 381 248
465 425 429 261
384 430 323 257
425 430 360 257
433 430 420 260
380 434 319 260
384 434 322 260
411 434 347 261
425 434 360 261
433 434 368 262
384 439 323 264
389 439 327 266
411 439 349 265
425 439 360 265
429 439 365 265
433 439 369 265
389 448 339 278
411 448 352 278
