0.8409582376480103 0.5292057394981384 0.1128288358449936 -0.08498230576515198 
-0.5396845936775208 0.835392951965332 0.1042062565684319 -0.02726375870406628 
-0.03910981863737106 -0.1485251188278198 0.9881349802017212 -0.2874261736869812 
0 0 0 1 

0.8481965661048889 0.5199686884880066 0.1009704321622849 -0.08510050922632217 
-0.5292409062385559 0.8241767883300781 0.2015850245952606 -0.06039373949170113 
0.02160045877099037 -0.2244214117527008 0.9742527604103088 -0.2875617444515228 
0 0 0 1 

0.8503115177154541 0.5227351188659668 0.06097586080431938 -0.07571554929018021 
-0.5174475908279419 0.8092741966247559 0.2780702412128448 -0.08874478936195374 
0.09601099789142609 -0.2679981291294098 0.9586234092712402 -0.288029670715332 
0 0 0 1 

0.8486250042915344 0.5286497473716736 0.01910677552223206 -0.0650358721613884 
-0.4982345700263977 0.7866199612617493 0.3646798133850098 -0.1195302382111549 
0.177758127450943 -0.3189960718154907 0.9309369325637817 -0.2847189903259277 
0 0 0 1 

0.857537567615509 0.5138023495674133 -0.02522509358823299 -0.05424430966377258 
-0.4494824111461639 0.7722322344779968 0.4490241408348083 -0.1516749411821365 
0.2501893937587738 -0.3737168312072754 0.8931634426116943 -0.2791331708431244 
0 0 0 1 

0.9247835874557495 -0.2176908701658249 0.312067061662674 -0.05489872023463249 
0.1388987749814987 0.9567089676856995 0.2557636499404907 -0.09531189501285553 
-0.3542347848415375 -0.1931802481412888 0.9149857759475708 -0.2271562814712524 
0 0 0 1 

0.8998416662216187 -0.2556781768798828 0.3534310162067413 -0.06947307288646698 
0.1620108634233475 0.9481510519981384 0.2734262943267822 -0.1032662466168404 
-0.4050151705741882 -0.1887806504964828 0.8946084976196289 -0.2172046601772308 
0 0 0 1 

0.9082635641098022 -0.2716704905033112 0.3182016611099243 -0.06225793063640594 
0.1816713064908981 0.9411607980728149 0.2849768400192261 -0.1084321364760399 
-0.3768987655639648 -0.2010259181261063 0.9041768312454224 -0.2154324501752853 
0 0 0 1 

0.914849579334259 -0.270050048828125 0.3002052307128906 -0.06062066927552223 
0.1779142618179321 0.9369818568229675 0.300684928894043 -0.114278756082058 
-0.362486869096756 -0.2216706424951553 0.9052432179450989 -0.2132406979799271 
0 0 0 1 

0.875258207321167 -0.2156208604574203 0.4329324960708618 -0.07535694539546967 
0.1083305925130844 0.9597817063331604 0.2590048909187317 -0.07862373441457748 
-0.4713675677776337 -0.1797962784767151 0.8634151816368103 -0.2033044099807739 
0 0 0 1 

