306 60 303 90
312 60 309 91
318 60 314 92
306 66 302 96
312 66 307 97
306 73 299 102
324 73 313 101
331 73 319 100
318 79 306 105
312 85 298 109
318 85 304 110
331 85 313 110
312 97 296 115
398 97 341 126
312 103 288 121
318 103 294 123
392 103 334 132
300 110 272 123
312 110 285 127
318 110 291 129
324 110 298 130
337 110 305 132
343 110 312 133
349 110 319 137
355 110 324 138
374 110 330 140
398 110 339 139
294 116 265 127
318 116 291 135
324 116 297 136
337 116 305 138
343 116 311 139
349 116 317 141
355 116 323 143
294 122 262 133
318 122 290 141
417 122 350 151
435 122 367 157
441 122 376 157
324 128 297 146
331 128 302 148
343 128 308 148
435 128 356 151
306 134 269 142
318 134 292 150
324 134 299 153
331 134 305 154
411 134 338 168
435 134 356 158
306 140 271 151
318 140 290 156
324 140 297 159
331 140 305 160
429 140 352 164
257 147 197 160
263 147 215 149
275 147 229 154
257 153 196 166
263 153 213 156
269 153 212 163
361 153 280 197
257 159 194 173
269 159 210 171
448 165 359 175
257 171 191 188
250 177 187 184
257 177 190 194
454 184 361 189
460 184 366 191
454 190 359 194
460 190 364 196
454 196 357 201
460 196 364 203
374 270 285 262
380 276 290 268
411 276 327 265
380 282 289 274
404 282 301 278
435 288 384 315
349 294 264 283
435 294 382 322
361 301 271 291
380 301 282 296
423 301 361 324
429 301 371 332
318 307 244 315
343 313 257 317
361 313 270 319
404 313 321 338
411 313 327 340
331 319 248 321
343 319 256 324
349 319 261 326
355 319 267 327
368 319 275 327
374 319 282 329
380 319 294 333
386 319 301 336
392 319 308 338
398 319 314 341
404 319 319 345
411 319 327 347
312 325 240 325
324 325 246 326
337 325 253 328
349 325 260 332
355 325 266 333
361 325 272 334
380 325 293 340
386 325 300 342
392 325 306 345
398 325 312 347
343 331 257 336
349 331 264 338
368 331 279 343
386 331 298 349
398 331 316 355
331 338 250 338
349 338 263 344
368 338 281 350
380 338 294 355
386 338 300 358
