366 81 484 134
378 81 493 155
462 88 505 221
410 101 477 193
417 101 480 200
372 107 379 170
372 120 452 147
385 126 346 218
404 126 448 197
366 133 434 148
366 139 426 152
443 139 459 223
462 139 457 235
436 145 448 216
443 145 452 226
468 145 443 248
359 152 405 153
366 152 407 158
410 152 423 199
436 152 436 226
372 158 402 163
385 158 408 181
391 158 410 189
398 158 413 196
462 158 436 243
404 165 410 206
404 171 404 208
366 178 452 166
398 178 392 197
366 184 443 168
449 184 475 227
462 190 289 287
449 210 382 248
391 222 360 211
443 229 366 246
366 235 335 188
436 235 365 263
353 242 322 180
359 242 326 185
366 242 328 192
372 242 331 200
385 242 335 212
423 242 353 238
430 242 355 242
443 242 351 252
449 242 358 261
353 248 317 182
359 248 319 188
366 248 321 195
372 248 323 202
410 248 336 229
417 248 339 235
423 248 342 243
430 248 345 248
443 248 347 256
449 248 350 263
353 255 309 184
359 255 312 191
372 255 316 204
385 255 323 219
391 255 326 225
410 255 329 232
417 255 331 238
423 255 334 245
443 255 341 258
449 255 343 266
346 261 299 183
353 261 302 188
359 261 306 196
378 261 311 208
404 261 321 235
417 261 324 242
423 261 327 247
449 261 332 264
346 267 293 185
353 267 296 191
398 267 311 230
404 267 313 236
417 267 318 249
449 267 325 265
455 267 331 279
346 274 286 188
353 274 289 194
404 274 306 239
449 274 322 275
455 274 325 282
391 280 306 233
404 280 301 241
410 280 311 248
417 280 314 254
423 280 317 260
436 280 320 266
449 280 317 277
455 280 319 284
404 287 294 245
417 287 307 258
430 287 304 265
391 293 293 239
430 293 298 266
436 293 301 275
449 293 304 283
455 293 307 289
346 300 281 193
385 300 284 236
346 306 265 198
378 306 280 230
391 306 280 245
378 312 274 231
398 312 281 250
353 319 275 255
391 319 272 250
378 325 266 234
385 325 270 243
340 332 252 199
378 332 259 236
385 332 263 245
340 338 245 202
359 338 245 219
378 338 253 240
385 338 256 246
346 344 233 210
366 344 243 230
378 344 247 241
385 344 249 247
366 351 235 232
385 351 242 249
340 357 223 211
346 357 227 218
353 357 233 225
449 357 264 299
436 364 254 295
449 364 257 302
