395 102 377 76
420 102 397 76
399 106 382 81
403 106 387 78
424 106 402 78
458 106 442 72
462 106 447 72
416 110 404 82
462 110 447 77
369 115 342 98
395 115 387 93
416 115 398 83
433 115 412 87
445 115 439 83
450 115 442 83
462 115 452 86
471 115 453 78
369 119 371 82
373 119 375 83
416 119 397 87
450 119 443 86
454 119 447 87
373 123 362 92
382 123 367 92
433 123 413 92
441 123 402 147
462 123 453 92
373 127 361 97
382 127 366 97
403 127 382 92
433 127 414 97
475 127 458 87
484 127 463 88
373 132 362 102
395 132 377 97
403 132 382 97
412 132 391 97
437 132 422 102
441 132 426 103
458 132 438 142
462 132 427 148
475 132 458 91
479 132 463 92
488 132 469 92
492 132 483 107
390 136 371 108
395 136 377 102
403 136 382 101
437 136 422 107
441 136 426 107
479 136 463 97
492 136 483 112
395 140 377 107
407 140 387 102
488 140 479 118
344 144 336 107
441 144 438 106
445 144 443 107
450 144 449 107
344 149 337 112
378 149 367 122
412 149 392 122
450 149 449 111
462 149 423 158
467 149 428 164
501 149 487 131
361 153 351 133
399 153 377 123
445 153 444 116
450 153 450 116
496 153 474 148
335 157 326 118
373 157 343 168
445 157 443 122
496 157 474 152
331 161 322 121
356 161 346 138
352 166 342 142
356 166 347 143
412 166 403 103
412 170 403 107
513 170 493 147
327 174 317 133
335 174 328 132
356 174 347 151
390 174 383 108
395 174 383 128
399 174 387 128
407 174 397 108
475 174 432 172
335 178 328 137
390 178 383 112
395 178 388 111
424 178 422 112
331 183 322 143
344 183 327 162
365 183 386 173
458 183 432 183
403 187 387 136
407 187 392 137
407 191 393 142
420 191 417 123
441 191 438 178
479 191 448 157
407 195 397 152
416 195 403 152
420 195 408 152
475 195 442 162
479 195 447 163
484 195 451 162
496 195 479 133
416 199 403 156
420 199 407 156
458 199 464 127
488 199 472 138
416 204 403 161
428 204 412 162
513 204 493 177
462 208 452 147
492 208 478 128
501 208 467 187
505 208 472 186
437 212 418 182
441 212 423 182
496 212 462 192
496 216 478 173
437 221 419 187
441 221 424 188
445 221 428 189
450 221 428 193
437 225 419 192
441 225 424 192
403 233 357 178
475 246 443 203
488 250 469 269
407 255 408 212
458 255 427 207
382 259 387 214
386 259 392 214
416 259 428 203
365 263 351 218
378 263 372 219
382 263 387 218
450 263 449 198
378 267 372 223
386 267 393 223
403 267 353 203
450 267 449 203
458 272 428 228
