250 67 409 150
262 67 417 153
329 67 444 160
378 67 483 169
207 73 366 148
220 73 374 150
226 73 379 151
311 73 449 166
317 73 454 167
323 73 461 169
347 73 468 172
408 73 524 178
207 79 365 153
214 79 370 154
317 79 453 174
323 79 459 175
408 79 525 185
232 85 420 166
402 85 514 197
366 98 499 194
207 104 334 277
335 104 484 197
366 104 498 200
384 158 508 218
335 165 411 231
341 165 418 232
335 171 409 238
390 177 382 258
238 183 475 268
262 183 474 232
280 183 489 235
232 189 468 271
238 189 473 274
262 189 475 240
268 189 480 239
280 189 486 242
226 195 458 277
232 195 466 278
220 201 448 282
238 201 471 282
250 201 478 282
232 207 463 287
238 207 470 288
268 207 479 254
305 207 354 282
317 207 362 284
220 213 446 292
226 213 454 292
232 213 462 292
238 213 468 294
317 213 361 290
220 219 445 296
226 219 451 298
232 219 460 298
238 219 467 300
250 219 475 297
323 219 373 292
214 225 438 301
220 225 444 302
226 225 450 304
232 225 457 306
238 225 464 308
293 225 337 293
317 225 358 298
220 231 443 309
226 231 449 311
256 231 478 313
232 237 457 315
238 237 463 316
244 237 470 317
396 237 466 325
226 244 450 319
232 244 456 321
238 244 463 322
390 244 459 329
396 244 466 330
207 250 429 307
220 250 445 325
390 250 457 336
396 250 465 338
390 256 456 344
207 262 431 322
214 262 438 332
220 262 443 334
226 262 451 335
378 262 447 348
220 268 443 339
226 268 449 341
384 268 455 350
366 274 431 352
372 274 440 355
378 274 446 357
384 274 454 357
390 274 460 359
372 280 438 360
378 280 446 362
384 280 454 363
390 280 459 366
359 286 430 365
372 286 437 367
378 286 444 369
384 286 451 371
390 286 457 373
256 292 321 338
378 292 442 376
384 292 449 377
384 298 446 384
250 304 469 375
268 304 401 359
366 304 430 387
262 310 393 365
268 310 400 366
329 310 434 379
390 310 456 402
244 317 314 354
268 317 398 372
274 317 405 373
287 323 408 390
299 323 416 390
262 329 366 387
287 329 407 396
353 329 441 406
262 335 364 393
280 335 385 398
287 335 392 400
