373 161 343 163
361 164 333 175
358 167 335 179
376 167 350 169
382 167 357 163
348 176 333 189
373 176 356 186
370 179 351 187
355 182 340 196
370 182 352 191
407 186 373 177
392 207 387 209
355 210 344 208
382 220 370 206
379 223 367 211
382 223 371 210
386 223 376 208
382 226 373 215
401 226 398 230
364 232 385 219
410 232 397 216
364 235 387 224
407 235 396 221
410 235 400 220
407 238 397 226
414 238 402 225
417 244 407 227
379 248 384 235
376 251 382 240
379 251 385 239
376 254 383 244
370 257 375 242
382 257 390 240
361 260 373 252
370 260 377 247
364 266 378 254
382 269 391 250
367 272 384 258
376 272 388 257
382 272 392 254
367 276 385 262
376 276 390 260
