265 146 266 143
270 146 271 143
275 146 276 143
280 146 281 143
285 146 286 143
250 151 252 147
255 151 256 148
260 151 261 148
265 151 266 148
270 151 272 148
275 151 276 148
280 151 281 148
290 151 285 147
295 151 295 148
300 151 301 148
305 151 305 148
310 151 310 148
320 151 320 148
324 151 325 148
245 156 247 153
250 156 252 152
255 156 257 152
260 156 261 153
265 156 266 153
270 156 271 153
275 156 276 153
280 156 281 153
295 156 295 153
300 156 300 153
305 156 305 153
315 156 316 153
320 156 320 152
324 156 325 153
329 156 329 153
334 156 334 153
339 156 339 152
245 161 247 158
250 161 251 158
255 161 256 158
260 161 261 158
265 161 266 158
270 161 271 158
275 161 276 157
280 161 281 158
290 161 285 156
295 161 291 155
305 161 305 159
315 161 316 157
320 161 321 157
324 161 325 157
329 161 329 157
334 161 334 157
339 161 339 157
344 161 344 157
349 161 350 158
354 161 355 157
359 161 360 158
250 166 251 163
255 166 256 163
260 166 260 163
265 166 265 163
270 166 271 163
275 166 276 162
280 166 281 162
295 166 291 159
300 166 300 163
305 166 305 163
310 166 311 162
315 166 316 162
320 166 320 162
324 166 325 162
329 166 330 163
339 166 339 161
349 166 349 163
354 166 355 163
359 166 359 163
364 166 364 163
369 166 369 163
250 171 251 168
255 171 255 168
260 171 260 168
265 171 265 168
270 171 271 168
275 171 276 167
300 171 301 169
305 171 306 168
310 171 311 168
315 171 316 167
324 171 326 168
329 171 330 169
349 171 350 169
354 171 355 169
359 171 359 168
364 171 364 168
369 171 369 168
374 171 374 168
379 171 379 168
250 176 251 173
255 176 255 173
260 176 261 173
265 176 266 172
270 176 271 172
275 176 276 172
280 176 281 172
290 176 286 167
295 176 292 167
305 176 306 172
310 176 311 172
315 176 316 173
329 176 331 173
339 176 340 177
354 176 355 173
359 176 359 173
364 176 364 173
369 176 369 173
374 176 374 173
379 176 379 172
384 176 384 173
389 176 389 172
250 180 252 178
255 180 257 177
260 180 261 177
265 180 266 177
270 180 271 177
275 180 276 177
280 180 280 177
290 180 286 174
295 180 302 182
305 180 306 176
310 180 311 176
315 180 316 177
320 180 320 177
324 180 326 176
349 180 350 178
354 180 354 178
359 180 360 177
364 180 364 177
369 180 369 177
374 180 374 177
379 180 379 177
384 180 384 177
389 180 389 177
394 180 395 177
399 180 400 177
404 180 404 177
408 180 409 177
250 185 252 183
255 185 257 182
260 185 261 182
265 185 266 182
270 185 271 182
275 185 276 182
280 185 280 181
290 185 286 181
305 185 306 181
310 185 310 181
315 185 315 181
344 185 344 187
349 185 350 183
354 185 354 183
359 185 359 182
364 185 364 182
369 185 370 182
374 185 374 182
379 185 379 182
384 185 385 182
389 185 389 181
394 185 395 182
399 185 399 182
404 185 405 182
408 185 409 182
413 185 414 182
418 185 419 182
423 185 424 182
250 190 252 187
255 190 257 186
260 190 261 187
265 190 266 187
270 190 271 187
275 190 276 187
280 190 280 187
290 190 286 186
300 190 301 186
305 190 305 186
315 190 315 186
320 190 320 187
324 190 324 186
334 190 334 188
344 190 344 192
349 190 350 191
354 190 354 188
359 190 359 188
364 190 364 187
369 190 370 187
374 190 375 187
379 190 379 186
384 190 385 186
389 190 390 186
394 190 395 187
399 190 399 187
404 190 404 187
408 190 409 187
413 190 414 187
418 190 419 187
423 190 424 187
428 190 429 187
250 195 251 192
255 195 256 191
260 195 261 192
265 195 266 192
270 195 271 193
275 195 276 192
285 195 280 191
290 195 286 192
300 195 301 191
305 195 305 191
310 195 311 192
315 195 316 192
320 195 320 191
324 195 325 192
329 195 329 191
334 195 334 193
344 195 344 196
354 195 354 193
359 195 359 192
364 195 364 192
369 195 370 192
374 195 375 191
379 195 380 191
384 195 385 191
389 195 389 192
394 195 393 192
399 195 399 192
404 195 404 192
408 195 410 192
413 195 414 192
418 195 419 192
423 195 424 192
428 195 429 192
433 195 434 192
250 200 251 197
255 200 256 197
260 200 262 197
265 200 266 197
270 200 271 197
275 200 276 198
285 200 279 195
290 200 286 197
300 200 301 196
310 200 311 197
315 200 316 196
320 200 320 196
324 200 325 196
329 200 329 197
334 200 334 198
354 200 354 198
359 200 359 197
364 200 364 196
369 200 370 197
374 200 375 196
379 200 380 196
384 200 385 197
389 200 389 197
413 200 415 197
418 200 420 197
423 200 424 196
428 200 429 197
433 200 434 197
245 205 247 201
250 205 252 202
255 205 257 202
260 205 262 201
265 205 266 202
270 205 271 202
275 205 276 202
285 205 280 200
290 205 286 200
310 205 311 202
315 205 315 201
320 205 320 200
324 205 325 202
329 205 330 202
334 205 334 204
339 205 339 204
344 205 344 203
349 205 349 203
354 205 354 202
359 205 360 202
364 205 365 202
369 205 370 202
374 205 375 202
379 205 380 202
384 205 384 202
418 205 419 201
423 205 424 201
428 205 429 201
241 210 242 206
245 210 247 206
250 210 251 207
255 210 256 206
260 210 261 207
265 210 266 206
270 210 270 207
280 210 276 205
285 210 281 205
290 210 287 205
295 210 295 207
300 210 301 207
305 210 306 207
310 210 311 206
315 210 316 206
320 210 320 206
324 210 325 207
334 210 335 208
339 210 339 208
344 210 344 208
349 210 349 208
354 210 355 207
359 210 360 207
364 210 365 207
369 210 370 208
374 210 375 207
379 210 379 207
384 210 384 207
423 210 424 207
241 215 241 212
245 215 246 212
250 215 251 212
255 215 256 212
260 215 261 211
265 215 266 211
270 215 270 212
290 215 286 210
300 215 301 212
305 215 307 211
310 215 311 211
315 215 316 211
320 215 320 211
324 215 325 212
329 215 330 212
334 215 334 212
344 215 344 213
349 215 349 213
354 215 354 213
359 215 359 212
364 215 365 213
369 215 370 212
374 215 374 212
379 215 379 212
241 220 241 217
245 220 246 217
250 220 251 216
255 220 256 217
260 220 260 217
265 220 265 216
270 220 270 216
280 220 276 214
285 220 281 215
295 220 295 217
300 220 301 216
305 220 306 216
310 220 311 216
315 220 316 216
320 220 321 216
324 220 325 216
329 220 330 217
349 220 349 218
354 220 354 217
364 220 365 217
369 220 370 217
374 220 374 217
241 225 242 221
245 225 246 222
250 225 251 222
255 225 255 221
260 225 260 222
265 225 265 221
270 225 270 222
285 225 281 221
290 225 286 220
300 225 300 220
305 225 306 221
310 225 311 220
315 225 316 221
320 225 320 221
324 225 326 221
329 225 330 222
334 225 335 222
339 225 339 222
349 225 350 222
359 225 360 221
364 225 365 222
369 225 369 222
241 230 241 226
245 230 246 226
250 230 251 226
255 230 255 226
260 230 260 226
265 230 265 226
270 230 271 226
280 230 277 222
290 230 291 222
295 230 296 225
300 230 301 226
305 230 306 225
310 230 311 225
315 230 316 226
320 230 320 226
324 230 325 226
329 230 330 226
334 230 335 226
349 230 350 226
369 230 369 227
418 230 419 227
241 235 242 231
245 235 246 231
250 235 251 231
255 235 257 230
260 235 261 230
275 235 277 226
285 235 286 227
290 235 292 227
295 235 295 231
300 235 301 231
305 235 306 230
310 235 311 230
315 235 315 230
320 235 321 231
324 235 325 231
329 235 330 231
334 235 335 231
339 235 340 232
344 235 345 232
349 235 350 232
354 235 354 236
364 235 365 231
418 235 419 231
231 240 232 236
236 240 236 237
241 240 242 236
245 240 246 236
250 240 251 236
255 240 257 235
260 240 261 235
265 240 267 233
270 240 271 231
275 240 277 230
285 240 287 232
290 240 291 232
295 240 295 236
300 240 301 235
305 240 306 235
310 240 311 235
315 240 316 236
320 240 320 235
324 240 325 236
329 240 330 236
334 240 334 237
339 240 340 236
344 240 345 236
349 240 350 241
364 240 365 235
418 240 419 237
231 245 231 241
236 245 237 241
241 245 242 241
245 245 246 241
250 245 251 241
255 245 256 241
265 245 266 237
270 245 272 236
275 245 276 237
280 245 281 237
285 245 286 237
290 245 290 240
295 245 295 240
300 245 301 241
305 245 305 240
310 245 310 240
320 245 320 241
324 245 325 241
329 245 330 241
334 245 335 242
339 245 341 246
349 245 350 246
413 245 414 241
418 245 419 242
231 250 232 246
236 250 236 246
241 250 242 246
245 250 246 246
250 250 251 246
255 250 256 245
260 250 261 243
265 250 266 242
275 250 276 243
280 250 282 241
295 250 295 245
300 250 301 246
305 250 305 246
310 250 310 245
315 250 315 245
320 250 320 245
329 250 330 247
334 250 335 247
339 250 339 251
344 250 345 250
359 250 360 247
364 250 365 246
413 250 414 246
418 250 419 247
231 255 231 251
236 255 236 251
241 255 241 251
245 255 246 251
250 255 251 251
255 255 256 250
260 255 261 250
265 255 266 250
270 255 271 248
275 255 276 248
280 255 281 248
285 255 286 250
290 255 290 250
295 255 295 250
300 255 301 250
305 255 305 250
310 255 310 250
315 255 316 251
320 255 320 251
324 255 325 251
329 255 330 252
334 255 335 252
344 255 344 256
354 255 354 256
413 255 414 250
418 255 419 251
231 260 232 256
236 260 237 256
241 260 241 256
245 260 246 256
250 260 251 256
255 260 256 256
260 260 261 255
265 260 266 255
270 260 271 255
275 260 276 255
280 260 281 255
295 260 296 255
300 260 301 256
305 260 306 255
310 260 310 256
315 260 315 256
320 260 320 256
324 260 325 257
329 260 330 256
334 260 335 257
339 260 340 257
349 260 350 261
359 260 360 256
364 260 364 256
408 260 409 256
413 260 414 256
418 260 419 256
231 264 231 261
236 264 236 260
241 264 241 261
245 264 246 261
250 264 251 260
255 264 257 260
260 264 261 260
265 264 267 260
270 264 272 260
275 264 277 260
285 264 286 259
290 264 291 259
295 264 296 259
300 264 301 260
305 264 306 260
310 264 311 260
315 264 315 261
320 264 320 261
324 264 325 261
329 264 331 260
334 264 335 261
339 264 340 261
344 264 345 261
354 264 355 261
359 264 359 260
364 264 364 261
408 264 409 261
413 264 414 261
418 264 419 261
231 269 231 265
236 269 236 266
241 269 241 266
245 269 247 266
250 269 251 265
255 269 257 265
260 269 261 265
265 269 266 266
270 269 271 265
275 269 276 265
280 269 281 265
285 269 286 265
290 269 291 265
295 269 296 264
300 269 301 265
305 269 306 264
310 269 311 265
315 269 316 265
320 269 321 265
324 269 325 266
329 269 331 266
334 269 335 266
339 269 340 266
344 269 345 266
349 269 349 267
364 269 364 266
404 269 404 266
408 269 409 266
413 269 414 266
418 269 419 266
231 274 231 271
236 274 236 271
241 274 241 271
245 274 246 271
250 274 252 271
255 274 256 271
260 274 261 271
265 274 266 270
270 274 271 270
275 274 276 270
280 274 281 270
285 274 286 270
290 274 291 270
295 274 296 269
300 274 301 269
305 274 306 269
310 274 311 269
315 274 316 270
320 274 320 269
324 274 325 271
329 274 330 271
334 274 336 270
339 274 340 270
344 274 344 272
349 274 350 271
354 274 355 266
364 274 365 271
404 274 404 271
408 274 409 272
413 274 414 271
418 274 419 270
221 279 222 276
226 279 227 276
231 279 232 276
236 279 237 276
241 279 242 276
245 279 246 276
250 279 251 276
255 279 256 276
260 279 261 276
265 279 265 276
270 279 271 276
275 279 276 275
280 279 281 275
285 279 286 275
290 279 291 275
295 279 296 274
300 279 301 274
305 279 306 274
310 279 311 275
320 279 321 275
324 279 325 276
329 279 330 275
334 279 336 275
339 279 341 275
344 279 345 277
349 279 350 277
359 279 359 276
364 279 365 275
399 279 399 276
408 279 409 276
413 279 414 276
418 279 419 275
423 279 424 275
221 284 222 281
226 284 227 281
231 284 232 281
236 284 237 280
241 284 242 281
245 284 247 281
250 284 251 281
255 284 256 281
260 284 261 281
265 284 265 281
270 284 271 281
275 284 275 281
280 284 281 281
285 284 286 281
290 284 291 280
295 284 296 280
300 284 301 280
305 284 305 280
310 284 310 280
315 284 315 281
320 284 320 281
324 284 325 281
329 284 331 280
334 284 335 280
339 284 340 281
344 284 345 282
349 284 350 280
354 284 355 279
359 284 360 279
364 284 364 279
394 284 394 281
399 284 399 280
404 284 404 280
408 284 409 281
413 284 413 281
418 284 419 280
216 289 217 285
221 289 222 285
226 289 227 285
231 289 232 285
236 289 237 285
241 289 241 285
245 289 247 285
250 289 251 286
255 289 256 287
260 289 260 286
265 289 265 286
270 289 270 286
275 289 276 285
280 289 281 285
285 289 285 286
290 289 290 286
295 289 295 286
300 289 300 285
305 289 305 286
310 289 310 286
315 289 315 286
320 289 320 286
324 289 325 286
329 289 330 285
334 289 335 285
339 289 340 286
344 289 345 286
349 289 350 285
354 289 355 284
359 289 360 285
364 289 364 285
389 289 389 286
394 289 395 285
399 289 400 285
404 289 405 285
408 289 409 286
413 289 414 286
216 294 217 291
221 294 222 290
226 294 227 290
231 294 231 290
236 294 236 291
241 294 241 291
245 294 247 290
250 294 251 291
255 294 256 291
260 294 260 291
265 294 264 291
270 294 270 291
275 294 275 291
280 294 280 291
285 294 285 291
290 294 290 291
295 294 295 290
300 294 300 291
305 294 305 291
310 294 310 291
315 294 315 291
320 294 320 291
324 294 325 291
329 294 330 291
334 294 335 290
339 294 340 291
344 294 345 291
349 294 350 290
354 294 355 289
364 294 364 290
369 294 370 291
384 294 384 290
389 294 389 290
394 294 394 291
399 294 399 290
404 294 404 291
408 294 409 290
216 299 216 296
221 299 222 296
226 299 226 295
231 299 231 295
236 299 236 295
241 299 241 295
245 299 246 295
250 299 251 296
255 299 256 295
260 299 260 295
265 299 264 295
270 299 270 296
275 299 275 296
280 299 281 296
285 299 285 296
290 299 290 296
295 299 295 295
300 299 301 295
305 299 306 295
310 299 311 296
315 299 316 295
320 299 320 295
324 299 325 295
329 299 329 295
334 299 335 295
339 299 340 296
344 299 345 296
349 299 350 295
354 299 355 295
359 299 360 295
364 299 365 296
369 299 370 296
374 299 374 295
379 299 380 295
384 299 385 295
389 299 389 295
394 299 394 295
399 299 399 295
404 299 404 296
216 304 217 301
221 304 221 301
226 304 227 300
231 304 231 300
236 304 236 300
241 304 241 300
245 304 246 300
250 304 251 300
255 304 256 300
260 304 260 301
265 304 265 301
270 304 271 301
275 304 276 301
280 304 280 300
285 304 286 300
290 304 290 301
295 304 296 300
300 304 301 300
305 304 306 300
310 304 311 300
315 304 316 300
320 304 320 301
324 304 324 301
329 304 329 301
334 304 335 301
339 304 340 301
344 304 345 301
349 304 350 301
354 304 355 300
359 304 360 300
364 304 365 300
369 304 370 301
374 304 374 300
379 304 379 300
384 304 385 300
389 304 389 300
394 304 394 300
399 304 399 301
404 304 404 301
216 309 216 306
221 309 221 306
226 309 226 305
231 309 231 305
236 309 236 305
241 309 242 305
245 309 247 305
250 309 252 305
255 309 256 305
260 309 261 305
265 309 266 306
270 309 271 305
275 309 276 305
280 309 280 305
285 309 285 305
290 309 290 305
295 309 296 305
300 309 301 305
305 309 305 305
310 309 311 305
315 309 316 305
320 309 321 306
324 309 325 306
329 309 330 306
334 309 335 306
339 309 340 306
344 309 345 306
349 309 350 306
354 309 355 305
359 309 360 305
364 309 365 306
369 309 369 305
374 309 374 305
379 309 380 305
384 309 385 305
389 309 390 305
394 309 395 305
399 309 399 306
221 314 221 311
226 314 226 310
231 314 230 309
236 314 236 309
241 314 242 310
245 314 247 310
255 314 256 310
260 314 262 310
265 314 266 310
270 314 271 310
275 314 275 310
280 314 280 310
285 314 285 310
290 314 290 310
295 314 296 310
300 314 301 310
305 314 306 310
310 314 311 310
315 314 315 311
320 314 320 310
324 314 326 310
329 314 331 310
334 314 335 310
339 314 340 311
344 314 345 310
349 314 350 310
354 314 355 310
359 314 360 310
364 314 365 310
369 314 369 310
374 314 374 310
379 314 380 310
384 314 385 310
389 314 390 310
394 314 395 311
221 319 221 315
226 319 226 315
231 319 230 314
245 319 247 314
250 319 252 314
285 319 286 315
290 319 290 316
295 319 296 315
300 319 301 315
310 319 311 315
315 319 315 315
320 319 320 316
324 319 326 315
329 319 330 316
334 319 335 316
339 319 340 316
344 319 345 315
349 319 350 315
354 319 355 315
359 319 360 315
364 319 365 315
369 319 369 315
374 319 374 315
379 319 379 315
384 319 385 315
389 319 390 316
226 324 225 319
236 324 235 318
241 324 241 319
285 324 286 320
290 324 291 320
295 324 296 320
310 324 310 320
315 324 315 320
320 324 320 321
324 324 325 321
329 324 330 320
334 324 335 320
339 324 340 320
344 324 345 320
349 324 350 319
354 324 355 320
359 324 360 320
364 324 364 320
369 324 369 320
374 324 373 321
379 324 379 321
231 329 230 324
250 329 253 324
265 329 276 325
285 329 286 324
290 329 290 325
295 329 295 325
305 329 302 324
324 329 324 325
329 329 330 325
334 329 335 326
339 329 341 326
344 329 346 325
349 329 350 325
354 329 355 325
359 329 360 325
369 329 369 326
245 334 247 330
250 334 253 330
255 334 258 330
265 334 275 330
280 334 281 330
285 334 286 330
290 334 290 330
295 334 295 331
305 334 306 330
310 334 312 329
315 334 316 330
324 334 325 330
329 334 330 330
334 334 335 330
339 334 340 330
344 334 344 330
349 334 349 330
354 334 355 330
359 334 361 330
364 334 364 331
260 339 271 335
280 339 280 335
290 339 290 335
305 339 307 335
310 339 314 335
315 339 319 335
320 339 324 335
329 339 331 334
334 339 335 335
339 339 345 335
344 339 349 334
349 339 354 334
359 339 361 335
300 343 304 340
305 343 309 340
315 343 319 340
324 343 326 340
339 343 344 339
344 343 349 339
349 343 354 338
285 348 291 345
290 348 295 346
295 348 299 346
305 348 308 345
310 348 314 345
315 348 319 345
324 348 329 345
334 348 339 345
339 348 345 345
