270 146 272 139
255 151 257 143
260 151 261 143
290 151 279 142
295 151 301 143
315 151 315 143
320 151 320 143
324 151 324 143
250 156 253 148
255 156 257 148
260 156 262 148
265 156 267 149
290 156 301 151
300 156 305 148
320 156 321 148
324 156 326 148
329 156 330 148
334 156 334 148
339 156 339 147
250 161 252 153
255 161 257 153
260 161 262 153
265 161 267 153
275 161 269 151
285 161 275 152
290 161 301 157
324 161 326 153
329 161 330 152
339 161 340 152
344 161 345 153
250 166 252 158
255 166 257 158
260 166 262 157
265 166 266 158
280 166 270 156
305 166 305 158
310 166 311 158
354 166 354 158
369 166 364 156
255 171 257 163
260 171 262 162
265 171 267 162
305 171 305 163
310 171 311 163
354 171 356 163
359 171 360 162
364 171 365 163
369 171 369 163
255 176 257 167
260 176 262 167
265 176 267 167
270 176 273 168
285 176 274 162
295 176 301 167
305 176 306 168
310 176 310 167
324 176 328 166
344 176 349 168
354 176 356 167
359 176 360 167
364 176 365 168
374 176 374 168
379 176 379 168
384 176 384 168
389 176 388 167
250 180 252 173
255 180 258 172
260 180 262 172
265 180 268 172
270 180 273 172
285 180 275 167
290 180 296 177
295 180 301 177
305 180 306 171
329 180 330 172
349 180 351 172
364 180 365 173
369 180 369 173
374 180 374 173
379 180 380 173
384 180 384 173
394 180 395 172
399 180 399 172
404 180 405 172
408 180 409 172
250 185 252 178
255 185 258 177
260 185 263 176
265 185 268 177
270 185 273 176
285 185 276 173
290 185 296 181
295 185 301 181
320 185 321 177
354 185 356 177
359 185 361 177
364 185 365 178
369 185 369 180
389 185 389 178
394 185 396 177
399 185 400 177
404 185 405 177
408 185 409 177
413 185 414 177
418 185 419 177
423 185 424 177
250 190 252 182
255 190 258 182
260 190 262 181
265 190 268 181
270 190 272 182
290 190 296 186
295 190 301 187
334 190 335 182
359 190 361 182
364 190 365 182
374 190 375 183
379 190 380 182
384 190 389 181
389 190 393 181
399 190 400 182
404 190 405 182
408 190 410 182
413 190 414 182
418 190 419 182
423 190 424 182
428 190 429 182
250 195 252 187
255 195 257 186
260 195 262 186
265 195 267 186
270 195 272 187
290 195 297 192
320 195 321 186
339 195 344 190
349 195 350 190
359 195 361 187
364 195 365 187
369 195 370 187
374 195 375 187
384 195 384 188
389 195 389 187
394 195 395 187
399 195 398 188
408 195 410 188
413 195 415 187
418 195 419 187
423 195 424 187
428 195 429 187
433 195 434 187
250 200 253 192
255 200 257 192
260 200 262 192
265 200 267 192
270 200 271 192
320 200 321 192
324 200 326 192
339 200 341 192
364 200 365 191
369 200 370 191
374 200 375 192
389 200 390 192
413 200 415 192
418 200 419 191
423 200 424 191
428 200 429 191
433 200 434 191
250 205 253 196
255 205 258 197
260 205 263 197
265 205 267 198
290 205 297 202
310 205 311 196
315 205 316 196
320 205 321 196
324 205 326 197
334 205 334 197
339 205 340 198
344 205 345 197
349 205 350 200
359 205 360 197
364 205 365 197
369 205 370 197
379 205 379 198
384 205 384 199
418 205 419 196
423 205 424 196
428 205 429 195
241 210 243 201
245 210 248 201
250 210 252 202
255 210 257 202
260 210 262 202
265 210 267 202
270 210 271 202
280 210 276 198
285 210 281 197
290 210 296 207
315 210 316 202
320 210 321 201
324 210 326 201
329 210 331 202
364 210 365 203
369 210 370 203
374 210 375 203
379 210 379 202
384 210 385 204
423 210 424 200
241 215 242 207
245 215 247 207
250 215 252 207
255 215 257 206
260 215 262 206
265 215 267 207
280 215 276 203
315 215 316 207
320 215 321 206
324 215 326 205
329 215 331 207
359 215 360 207
364 215 365 208
369 215 370 207
374 215 375 207
379 215 380 209
241 220 243 212
245 220 248 212
250 220 252 212
255 220 256 211
260 220 260 211
275 220 270 207
280 220 276 208
305 220 307 211
315 220 316 212
320 220 321 211
324 220 326 211
329 220 331 212
364 220 365 212
374 220 375 214
241 225 243 217
245 225 248 217
250 225 252 217
255 225 256 217
260 225 261 217
280 225 277 211
300 225 301 216
305 225 306 216
315 225 316 216
320 225 321 216
324 225 326 216
329 225 331 217
349 225 351 216
364 225 364 217
369 225 369 217
241 230 242 222
245 230 247 222
250 230 252 222
255 230 256 222
260 230 261 221
285 230 281 216
300 230 299 221
305 230 306 220
310 230 311 220
315 230 316 221
320 230 321 220
324 230 326 221
329 230 331 221
334 230 336 221
339 230 340 221
344 230 346 220
349 230 351 221
354 230 355 221
364 230 364 224
369 230 370 224
418 230 419 220
245 235 247 227
250 235 252 227
255 235 257 227
260 235 261 226
275 235 269 220
280 235 278 222
285 235 283 222
290 235 290 221
295 235 295 221
300 235 300 226
305 235 306 225
310 235 311 225
315 235 316 225
320 235 321 225
324 235 326 226
329 235 331 226
334 235 335 227
339 235 340 225
344 235 346 226
349 235 351 226
364 235 364 230
418 235 419 225
241 240 242 232
245 240 247 232
250 240 252 232
255 240 257 231
280 240 277 226
285 240 282 230
290 240 289 226
295 240 295 226
300 240 301 231
310 240 311 230
315 240 316 230
320 240 321 230
324 240 326 231
329 240 331 231
334 240 335 231
339 240 340 230
344 240 346 236
349 240 351 236
354 240 356 225
418 240 420 229
236 245 238 236
241 245 243 236
245 245 247 236
250 245 252 237
255 245 257 236
290 245 290 232
295 245 296 232
310 245 311 235
320 245 321 235
324 245 326 236
329 245 331 236
334 245 336 235
349 245 350 241
354 245 356 241
364 245 365 235
418 245 419 234
231 250 233 241
236 250 237 241
241 250 243 240
245 250 247 242
250 250 252 242
255 250 257 241
265 250 268 235
275 250 277 235
285 250 286 236
295 250 295 237
334 250 336 241
339 250 340 245
344 250 346 245
349 250 350 245
354 250 356 245
364 250 364 246
413 250 414 239
418 250 419 238
231 255 232 246
236 255 238 246
241 255 243 246
245 255 248 246
250 255 252 246
255 255 257 245
260 255 261 245
265 255 268 239
270 255 273 239
275 255 277 240
280 255 283 239
290 255 290 241
295 255 296 239
300 255 300 240
305 255 306 240
310 255 312 239
329 255 331 247
334 255 336 246
339 255 340 250
344 255 345 250
349 255 350 251
364 255 365 250
413 255 415 244
418 255 419 243
236 260 238 251
241 260 243 251
245 260 248 251
250 260 252 250
265 260 268 246
270 260 272 246
275 260 277 246
280 260 282 247
295 260 296 245
305 260 306 244
310 260 312 244
315 260 316 244
320 260 320 244
329 260 331 250
334 260 336 252
339 260 340 254
344 260 345 255
349 260 350 255
354 260 355 256
359 260 360 255
364 260 365 255
408 260 409 250
413 260 415 249
418 260 419 249
231 264 233 257
236 264 237 256
241 264 243 256
245 264 247 255
250 264 252 255
255 264 259 251
260 264 263 251
270 264 273 251
275 264 277 254
285 264 286 252
290 264 292 252
295 264 297 250
300 264 301 250
305 264 307 250
310 264 312 250
315 264 316 250
320 264 321 250
329 264 331 255
334 264 336 256
344 264 345 259
349 264 350 260
354 264 355 260
359 264 360 259
364 264 365 259
408 264 409 255
413 264 414 255
418 264 419 255
236 269 237 261
241 269 242 260
245 269 248 261
250 269 253 260
255 269 258 260
260 269 262 260
270 269 271 260
275 269 277 259
280 269 281 259
285 269 286 257
290 269 293 256
295 269 298 256
300 269 302 256
305 269 307 256
310 269 312 255
320 269 322 255
329 269 331 262
334 269 336 261
339 269 340 261
344 269 344 263
349 269 349 264
364 269 365 264
404 269 405 260
408 269 410 260
413 269 414 260
418 269 419 259
226 274 227 266
231 274 232 266
236 274 237 266
241 274 242 266
245 274 247 266
250 274 253 265
255 274 257 266
260 274 262 266
265 274 267 265
270 274 272 265
275 274 277 265
280 274 282 264
285 274 287 264
290 274 292 262
295 274 297 261
300 274 302 261
305 274 307 261
310 274 312 261
320 274 321 264
324 274 326 266
329 274 331 266
334 274 336 266
339 274 340 266
364 274 366 268
404 274 404 265
408 274 409 265
413 274 414 266
418 274 419 265
221 279 223 272
226 279 227 271
231 279 232 270
236 279 237 271
241 279 242 271
245 279 247 272
250 279 252 271
255 279 256 271
260 279 261 271
265 279 266 271
270 279 270 271
275 279 276 270
280 279 282 269
285 279 287 269
290 279 292 269
295 279 296 267
300 279 301 267
305 279 307 266
310 279 312 267
315 279 317 267
320 279 322 269
324 279 326 270
329 279 331 270
334 279 336 270
339 279 340 271
344 279 345 271
349 279 350 271
359 279 360 271
399 279 400 269
404 279 405 270
408 279 409 270
413 279 414 270
418 279 418 270
221 284 222 276
226 284 227 276
231 284 233 275
236 284 237 276
241 284 242 276
245 284 247 276
250 284 252 275
255 284 256 276
260 284 261 276
265 284 266 275
270 284 271 275
275 284 276 274
280 284 282 274
285 284 287 274
290 284 292 274
295 284 296 275
300 284 301 275
305 284 307 274
310 284 311 275
315 284 316 275
320 284 322 274
324 284 326 274
329 284 331 275
334 284 336 275
339 284 340 276
344 284 345 276
349 284 350 275
354 284 354 275
359 284 360 275
364 284 365 276
394 284 394 275
399 284 400 275
404 284 404 275
408 284 408 276
413 284 413 276
418 284 417 275
216 289 217 281
221 289 222 281
226 289 227 280
231 289 232 280
236 289 237 280
241 289 242 280
245 289 248 280
250 289 251 281
255 289 256 282
260 289 261 281
265 289 266 280
270 289 271 280
275 289 276 279
280 289 282 279
285 289 286 280
290 289 290 280
295 289 296 280
300 289 300 280
305 289 306 280
315 289 316 281
320 289 321 280
324 289 326 280
329 289 331 280
334 289 336 280
339 289 340 280
344 289 345 281
349 289 350 280
354 289 355 279
359 289 360 280
364 289 365 281
389 289 390 280
394 289 394 280
399 289 399 281
404 289 404 281
408 289 408 281
413 289 413 280
216 294 217 287
221 294 222 286
226 294 228 286
231 294 232 285
236 294 237 285
241 294 242 285
245 294 247 285
250 294 251 286
255 294 255 286
265 294 262 286
275 294 275 285
280 294 281 285
285 294 285 286
290 294 291 285
295 294 295 284
300 294 300 284
305 294 306 285
310 294 311 286
315 294 316 286
320 294 322 285
324 294 326 284
329 294 331 285
334 294 336 285
339 294 340 286
344 294 345 285
349 294 350 285
354 294 355 285
364 294 365 286
369 294 370 286
384 294 385 285
389 294 390 286
394 294 394 286
399 294 399 286
404 294 404 286
408 294 408 286
216 299 217 292
226 299 227 290
231 299 232 290
236 299 237 290
241 299 242 290
245 299 247 290
250 299 252 291
255 299 256 291
265 299 262 291
270 299 267 291
275 299 272 289
280 299 281 291
285 299 287 289
290 299 292 289
295 299 295 289
305 299 307 290
310 299 311 290
315 299 316 290
320 299 321 289
324 299 325 290
329 299 329 291
334 299 335 290
339 299 340 290
344 299 345 291
349 299 350 290
354 299 356 290
359 299 360 290
364 299 365 290
369 299 370 290
374 299 374 290
379 299 380 290
384 299 386 290
389 299 390 290
394 299 394 291
399 299 399 291
404 299 404 291
216 304 217 296
221 304 222 296
226 304 227 295
231 304 232 294
236 304 237 295
241 304 242 295
245 304 247 295
250 304 252 295
260 304 260 296
265 304 265 296
270 304 270 296
275 304 276 296
280 304 281 295
285 304 287 294
290 304 292 294
295 304 296 294
300 304 302 295
305 304 307 295
310 304 311 294
315 304 316 294
320 304 320 295
324 304 325 296
334 304 335 296
339 304 340 296
344 304 345 296
349 304 351 296
354 304 356 296
359 304 360 296
364 304 365 296
369 304 370 295
374 304 375 295
379 304 380 295
384 304 385 295
389 304 390 295
394 304 395 296
399 304 399 296
404 304 404 295
216 309 218 305
221 309 222 301
226 309 228 300
231 309 233 300
236 309 237 300
241 309 242 300
245 309 248 300
250 309 252 300
260 309 261 301
265 309 266 301
270 309 271 301
275 309 276 300
280 309 281 300
285 309 286 300
290 309 291 299
295 309 296 300
300 309 302 300
305 309 306 300
310 309 312 299
315 309 316 300
320 309 320 300
324 309 326 301
329 309 330 301
334 309 335 301
339 309 340 301
344 309 345 301
349 309 351 301
354 309 356 301
359 309 360 301
364 309 365 301
369 309 370 301
374 309 375 300
379 309 380 300
384 309 385 300
389 309 390 300
394 309 395 301
399 309 399 301
221 314 222 306
226 314 228 306
231 314 233 306
241 314 243 305
245 314 248 305
250 314 252 305
255 314 257 304
260 314 263 305
270 314 271 305
275 314 276 305
280 314 281 305
285 314 286 305
290 314 291 305
295 314 297 305
300 314 302 304
305 314 307 304
310 314 312 305
315 314 316 305
320 314 321 305
324 314 326 305
329 314 331 305
334 314 336 305
339 314 340 306
344 314 345 306
349 314 350 305
354 314 355 305
359 314 360 306
364 314 365 305
369 314 369 305
374 314 375 305
379 314 381 305
384 314 386 305
389 314 390 305
394 314 395 306
221 319 221 310
226 319 228 311
241 319 243 310
245 319 248 309
260 319 262 310
265 319 267 310
270 319 271 310
280 319 281 309
285 319 287 310
290 319 292 310
295 319 296 310
305 319 306 310
315 319 317 310
320 319 321 310
324 319 326 310
329 319 331 310
334 319 336 310
339 319 340 310
344 319 345 310
349 319 349 311
354 319 355 311
359 319 360 311
364 319 365 311
369 319 370 310
374 319 375 310
379 319 380 310
384 319 386 311
389 319 391 311
236 324 237 315
241 324 243 315
265 324 272 318
280 324 281 315
285 324 287 314
290 324 292 314
300 324 301 314
310 324 311 315
315 324 316 315
320 324 321 315
324 324 326 315
329 324 330 315
334 324 336 314
339 324 340 315
344 324 345 315
349 324 350 315
354 324 355 316
359 324 360 316
364 324 365 315
369 324 370 316
374 324 375 316
379 324 376 318
231 329 230 320
236 329 236 320
241 329 242 320
245 329 248 320
250 329 254 320
255 329 258 320
260 329 261 321
280 329 281 319
285 329 286 319
290 329 291 319
300 329 296 319
334 329 336 319
339 329 340 320
344 329 345 321
349 329 351 321
354 329 356 320
359 329 361 320
369 329 370 321
236 334 234 325
241 334 242 326
250 334 253 325
275 334 277 325
280 334 282 324
285 334 286 324
290 334 291 325
320 334 322 324
334 334 331 329
339 334 336 328
349 334 350 327
354 334 355 327
359 334 361 325
245 339 243 330
250 339 252 330
255 339 256 330
265 339 272 330
275 339 277 329
280 339 281 329
285 339 287 330
290 339 291 330
295 339 296 330
310 339 315 330
354 339 355 333
359 339 360 333
285 343 287 335
295 343 296 334
349 343 351 337
334 348 346 340
