245 151 212 175
250 151 219 175
255 151 241 161
260 151 247 158
265 151 254 155
270 151 259 152
275 151 264 149
280 151 281 142
285 151 287 140
255 156 245 165
260 156 252 162
265 156 257 159
270 156 262 156
275 156 267 154
245 161 234 175
250 161 241 172
270 161 265 160
280 161 280 153
250 166 244 176
255 166 250 173
260 166 255 169
275 166 278 159
285 166 288 154
260 171 262 171
270 171 269 167
374 171 331 125
250 176 253 178
270 176 276 169
275 176 282 166
369 176 334 131
250 180 257 183
255 180 260 181
270 180 278 174
374 180 342 133
389 180 355 126
394 180 361 123
399 180 366 120
408 180 371 115
255 185 263 186
265 185 273 182
290 185 285 170
369 185 338 138
389 185 358 129
394 185 363 126
399 185 367 123
408 185 373 120
413 185 380 117
418 185 385 115
255 190 266 191
265 190 276 186
270 190 282 182
354 190 337 147
374 190 348 139
413 190 382 122
418 190 388 118
250 195 262 201
255 195 267 197
265 195 278 190
275 195 291 182
280 195 300 184
300 195 291 168
305 195 295 165
408 195 372 130
413 195 384 127
418 195 390 123
433 195 394 120
250 200 264 207
270 200 287 190
275 200 295 186
305 200 297 169
320 200 305 157
324 200 309 154
334 200 316 151
413 200 383 131
241 205 253 215
245 205 259 212
255 205 273 203
265 205 283 197
275 205 299 192
280 205 305 189
315 205 305 166
364 205 345 147
241 210 257 222
245 210 263 217
250 210 269 213
255 210 274 208
260 210 281 206
265 210 286 202
270 210 294 197
280 210 308 194
359 210 347 161
423 210 399 128
245 215 266 221
250 215 272 216
255 215 278 213
260 215 282 210
265 215 290 205
270 215 297 201
275 215 303 199
315 215 308 171
359 215 343 155
369 215 352 159
241 220 262 226
260 220 284 215
270 220 300 206
275 220 306 204
310 220 324 185
241 225 265 230
245 225 271 226
250 225 277 223
255 225 282 221
270 225 304 211
275 225 308 209
280 225 315 206
295 225 317 197
310 225 328 191
364 225 353 172
241 230 268 234
245 230 274 230
250 230 279 228
255 230 288 222
260 230 294 218
295 230 319 203
300 230 325 199
310 230 331 195
320 230 338 190
260 235 292 226
265 235 302 221
270 235 308 218
300 235 329 203
310 235 334 199
315 235 337 197
418 235 408 159
236 240 269 242
241 240 276 239
270 240 310 222
300 240 333 208
231 245 267 250
236 245 272 247
241 245 279 243
245 245 285 240
250 245 290 238
255 245 295 234
275 245 320 226
285 245 328 221
290 245 331 218
300 245 336 212
241 250 282 247
245 250 288 244
250 250 294 242
255 250 298 238
270 250 315 228
280 250 325 230
285 250 330 227
413 250 409 166
418 250 414 170
231 255 273 257
236 255 278 254
245 255 291 249
275 255 323 238
280 255 328 235
231 260 275 261
236 260 282 257
241 260 287 254
260 260 308 241
329 260 352 205
236 264 284 262
241 264 288 259
245 264 294 256
250 264 300 252
260 264 311 246
413 264 417 184
418 264 421 181
231 269 279 266
255 269 310 252
260 269 314 250
265 269 319 248
275 269 326 244
295 269 340 241
339 269 363 211
408 269 415 192
413 269 421 190
226 274 278 275
231 274 282 270
236 274 286 267
241 274 292 264
245 274 298 262
250 274 304 257
255 274 313 259
275 274 328 248
329 274 362 220
408 274 417 197
413 274 423 194
221 279 264 276
245 279 301 266
255 279 318 257
408 279 420 203
221 284 267 281
226 284 291 282
231 284 296 278
236 284 301 275
241 284 306 272
245 284 311 268
260 284 326 257
295 284 355 239
315 284 365 233
231 289 299 282
236 289 303 279
241 289 307 276
245 289 313 272
265 289 332 255
324 289 373 236
394 289 413 202
231 294 284 286
250 294 321 271
255 294 326 268
260 294 331 265
265 294 336 260
270 294 340 256
275 294 345 253
320 294 372 245
324 294 375 241
339 294 349 243
389 294 410 210
394 294 418 207
216 299 267 305
241 299 316 282
245 299 320 279
250 299 323 276
255 299 329 272
260 299 335 269
265 299 339 264
270 299 344 262
305 299 367 247
374 299 387 225
394 299 420 212
216 304 270 310
236 304 313 289
241 304 317 286
250 304 327 279
255 304 333 276
260 304 336 272
265 304 341 269
305 304 369 251
315 304 374 248
320 304 377 246
359 304 392 228
369 304 397 225
216 309 275 316
221 309 280 311
226 309 280 303
231 309 286 299
260 309 339 277
379 309 411 224
384 309 418 222
231 314 291 304
241 314 319 293
245 314 325 290
265 314 346 277
295 314 367 260
305 314 373 257
315 314 378 254
324 314 384 252
359 314 397 236
260 319 345 284
265 319 349 281
275 319 355 277
305 319 375 262
315 319 380 259
324 319 387 256
334 319 391 252
354 319 399 241
364 319 405 237
231 324 288 313
260 324 348 289
231 329 291 320
236 329 296 316
250 329 336 296
354 329 404 246
270 334 351 293
245 339 314 320
250 339 319 317
359 339 394 267
280 343 360 296
285 343 364 294
339 348 387 279
