224 163 213 172
229 163 218 168
233 163 223 165
238 163 229 162
263 163 262 145
268 163 266 143
224 168 215 176
229 168 220 173
243 168 246 157
278 168 274 143
224 173 218 180
229 173 223 178
243 173 248 161
248 173 253 159
258 173 261 156
263 173 266 153
268 173 270 150
278 173 274 147
288 173 288 142
238 178 241 171
243 178 250 165
253 178 258 162
258 178 262 160
263 178 267 157
268 178 272 154
288 178 290 146
292 178 294 144
229 182 230 183
233 182 238 179
238 182 243 176
243 182 249 172
248 182 254 170
253 182 260 167
258 182 264 164
278 182 278 153
396 182 372 121
224 187 229 187
229 187 233 186
263 187 271 164
268 187 276 162
278 187 281 158
292 187 292 153
248 192 261 174
258 192 269 171
263 192 274 168
268 192 279 166
273 192 285 164
297 192 301 155
302 192 307 153
406 192 381 124
415 192 392 118
430 192 396 117
229 197 237 194
238 197 252 185
243 197 257 182
263 197 276 172
268 197 281 170
273 197 286 168
292 197 295 159
411 197 389 126
415 197 394 122
224 202 234 201
229 202 240 198
258 202 273 177
292 202 297 163
411 202 391 131
415 202 395 128
420 202 398 121
229 207 242 203
238 207 256 193
248 207 266 187
253 207 271 185
263 207 280 180
268 207 285 178
273 207 290 175
356 207 348 153
420 207 400 126
425 207 404 132
233 212 252 200
238 212 257 197
248 212 266 192
258 212 277 186
263 212 282 184
268 212 287 181
273 212 292 179
283 212 299 176
288 212 303 174
292 212 308 172
229 217 247 209
238 217 259 202
248 217 268 198
263 217 284 189
322 217 314 156
233 222 255 211
238 222 260 207
258 222 281 193
268 222 291 190
273 222 295 187
283 222 302 184
332 222 327 156
233 227 257 216
248 227 272 204
253 227 277 201
258 227 283 198
263 227 288 195
268 227 292 194
273 227 297 192
327 227 325 162
248 232 273 209
253 232 279 206
258 232 285 203
288 232 311 190
322 232 322 168
233 237 260 222
243 237 270 216
248 237 275 213
253 237 280 211
263 237 289 204
278 237 302 198
312 237 316 175
322 237 324 172
327 237 329 170
233 241 262 227
258 241 287 211
263 241 291 208
273 241 302 203
288 241 315 197
322 241 326 176
327 241 331 175
238 246 271 224
248 246 279 221
253 246 283 218
258 246 289 215
263 246 293 213
273 246 304 208
278 246 310 205
292 246 321 199
302 246 327 196
327 246 333 180
229 251 259 236
233 251 265 232
243 251 275 228
248 251 280 226
253 251 285 223
258 251 291 220
278 251 300 210
292 251 323 204
302 251 330 201
307 251 324 190
268 256 297 218
273 256 302 216
415 256 415 169
238 261 276 236
248 261 283 232
253 261 289 230
258 261 295 226
273 261 310 219
292 261 327 211
317 261 344 204
411 261 413 176
415 261 417 175
233 266 271 245
243 266 281 239
248 266 286 238
253 266 290 235
297 266 331 214
302 266 336 212
327 266 338 191
332 266 343 189
238 271 277 246
278 271 313 223
307 271 342 215
317 271 348 212
415 271 422 180
224 276 251 247
243 276 284 245
248 276 289 242
268 276 310 233
411 276 419 187
415 276 424 185
233 281 274 256
238 281 280 253
253 281 286 252
317 281 352 220
327 281 357 217
401 281 409 197
411 281 421 192
415 281 426 190
224 286 262 262
229 286 269 259
253 286 290 258
258 286 293 254
273 286 316 229
278 286 318 235
317 286 354 224
322 286 358 222
332 286 364 221
342 286 369 216
406 286 419 200
411 286 424 197
219 291 254 266
229 291 271 264
233 291 276 262
253 291 292 262
258 291 297 260
263 291 299 250
317 291 357 229
322 291 361 227
337 291 369 224
396 291 412 204
224 296 270 272
229 296 273 269
273 296 319 250
317 296 360 235
327 296 365 233
342 296 375 227
391 296 409 213
396 296 414 209
401 296 421 204
243 301 285 265
263 301 316 257
268 301 321 255
273 301 326 251
297 301 347 241
337 301 373 233
342 301 378 233
386 301 406 220
396 301 418 214
219 305 274 285
233 305 277 275
238 305 282 272
243 305 287 270
248 305 303 270
253 305 308 267
263 305 318 262
268 305 323 259
283 305 337 255
288 305 341 252
322 305 366 237
352 305 386 235
376 305 398 230
386 305 409 224
396 305 420 219
238 310 299 276
283 310 338 259
292 310 347 250
297 310 352 248
342 310 381 240
386 310 415 224
214 315 258 298
258 315 316 272
263 315 322 269
268 315 327 267
273 315 332 263
292 315 349 253
297 315 353 252
302 315 358 250
312 315 365 247
322 315 370 245
342 315 384 244
361 315 396 240
371 315 401 236
376 315 405 233
386 315 414 231
391 315 419 228
224 320 269 299
229 320 292 290
233 320 297 287
238 320 303 283
243 320 308 281
258 320 318 276
263 320 324 274
273 320 335 269
292 320 351 259
297 320 355 257
307 320 362 253
322 320 372 249
332 320 378 247
361 320 398 244
366 320 403 241
376 320 408 238
386 320 415 235
219 325 266 307
224 325 272 304
243 325 310 286
248 325 315 283
258 325 320 281
263 325 326 278
312 325 368 254
332 325 381 253
366 325 400 248
219 330 269 314
233 330 281 301
238 330 286 298
243 330 313 291
258 330 322 286
292 330 353 266
297 330 358 264
307 330 365 261
312 330 369 259
322 330 375 256
332 330 383 258
337 330 388 256
352 330 396 251
371 330 406 248
376 330 411 245
263 335 330 285
268 335 335 281
283 335 345 276
302 335 363 268
307 335 367 266
317 335 373 262
322 335 377 261
352 335 398 256
268 340 337 285
273 340 342 283
297 340 358 275
302 340 364 273
312 340 370 270
317 340 375 268
322 340 380 266
258 345 328 300
263 345 334 296
268 345 339 293
278 345 348 283
288 345 354 279
297 345 362 281
302 345 367 278
317 345 378 273
258 350 331 304
288 350 354 292
292 350 359 290
337 350 389 269
268 355 351 302
273 355 356 299
327 355 387 277
