441 77 424 65
447 77 431 64
458 77 442 62
447 83 429 69
452 83 440 69
464 83 448 66
469 83 454 65
441 88 429 76
447 88 435 75
452 88 442 74
458 88 448 73
469 88 456 70
475 88 461 68
481 88 468 69
413 94 399 83
418 94 405 87
424 94 411 86
475 94 462 73
430 100 418 87
447 100 432 88
430 105 418 91
452 105 439 94
486 105 489 91
492 105 495 90
498 105 502 91
424 111 409 108
447 111 435 102
464 111 454 92
486 111 479 88
492 111 496 97
498 111 487 85
418 117 406 115
424 117 411 114
475 117 460 92
481 117 465 90
486 117 480 93
430 122 416 115
435 122 422 112
464 122 461 119
469 122 455 99
475 122 462 97
424 128 414 129
464 128 449 108
475 128 457 105
515 128 509 100
413 134 393 133
418 134 400 131
435 134 420 126
464 134 460 126
469 134 469 130
475 134 475 128
515 134 511 106
520 134 521 112
413 139 395 139
430 139 415 133
435 139 422 132
441 139 428 131
464 139 461 133
475 139 452 119
498 139 493 112
503 139 499 110
509 139 507 115
407 145 389 148
413 145 396 145
418 145 403 138
430 145 417 140
435 145 423 138
441 145 429 137
447 145 435 136
464 145 462 138
503 145 500 117
351 151 341 171
356 151 348 169
503 151 502 124
345 156 337 179
356 156 349 176
390 156 379 157
418 156 406 151
452 156 442 143
464 156 452 141
407 162 394 160
413 162 400 158
418 162 412 158
452 162 444 149
458 162 450 149
351 168 350 184
356 168 357 182
396 168 388 162
452 168 446 155
458 168 452 154
464 168 459 152
469 168 467 150
475 168 474 149
492 168 485 140
503 168 497 136
509 168 504 135
418 173 416 170
458 173 453 160
469 173 469 157
492 173 487 145
509 173 506 143
526 173 517 133
351 179 350 191
385 179 377 178
396 179 389 169
452 179 448 167
481 179 475 157
486 179 481 155
492 179 487 153
498 179 494 150
520 179 516 148
305 185 317 191
328 185 339 194
447 185 443 170
464 185 448 191
469 185 470 165
475 185 475 164
486 185 481 160
492 185 489 159
498 185 496 157
520 185 518 153
526 185 526 145
300 190 311 200
328 190 341 200
373 190 372 186
379 190 378 184
469 190 472 171
475 190 478 170
481 190 484 168
492 190 491 165
498 190 497 164
288 196 300 208
294 196 308 208
300 196 315 207
305 196 322 206
311 196 326 208
317 196 332 207
385 196 386 185
458 196 465 178
469 196 474 176
475 196 480 175
481 196 484 175
486 196 490 173
498 196 500 169
283 202 296 217
288 202 303 216
294 202 310 215
300 202 316 214
305 202 322 212
379 202 381 192
385 202 387 189
396 202 401 194
407 202 420 196
447 202 454 189
481 202 485 180
486 202 492 179
498 202 500 177
277 207 291 226
283 207 299 224
288 207 306 223
294 207 312 222
300 207 318 221
305 207 324 219
385 207 386 195
441 207 437 212
447 207 456 194
469 207 474 186
492 207 495 185
277 213 292 233
283 213 300 230
288 213 307 228
294 213 314 228
300 213 319 227
305 213 325 225
311 213 332 224
317 213 338 222
385 213 388 202
464 213 470 198
469 213 476 192
481 213 484 196
277 218 293 239
283 218 306 236
294 218 315 233
300 218 321 233
305 218 327 231
379 218 383 205
402 218 413 213
407 218 420 211
464 218 471 205
300 224 322 238
305 224 330 238
311 224 336 236
317 224 341 235
351 224 354 209
379 224 384 210
385 224 390 209
469 224 478 206
294 230 323 246
300 230 328 244
305 230 335 243
402 230 415 226
430 230 446 217
294 235 323 253
300 235 329 251
305 235 337 250
317 235 342 242
334 235 363 243
396 235 410 233
402 235 416 232
435 235 439 240
469 235 481 219
317 241 343 248
334 241 364 248
356 241 374 227
402 241 419 240
447 241 452 237
469 241 481 224
317 247 345 254
322 247 352 255
334 247 366 253
351 247 368 241
368 247 383 232
396 247 411 247
402 247 419 246
413 247 431 234
435 247 466 213
447 247 464 229
452 247 470 228
322 252 354 261
328 252 361 259
339 252 372 257
351 252 381 254
396 252 413 253
402 252 419 252
418 252 449 225
424 252 455 223
447 252 466 235
317 258 341 263
322 258 347 261
328 258 360 264
334 258 368 264
345 258 376 260
356 258 389 259
396 258 414 259
402 258 420 259
418 258 450 231
424 258 456 230
322 264 348 267
328 264 362 269
334 264 369 269
339 264 375 269
345 264 380 266
356 264 390 264
362 264 397 263
402 264 419 267
407 264 425 263
322 269 349 276
328 269 364 276
334 269 370 275
339 269 376 274
351 269 385 273
362 269 397 269
368 269 404 267
390 269 410 273
402 269 419 272
407 269 425 272
334 275 372 281
339 275 377 280
351 275 386 279
356 275 393 277
362 275 399 275
368 275 404 274
339 281 378 286
345 281 385 285
351 281 391 283
345 286 386 291
362 286 400 283
368 286 407 283
418 286 447 274
356 292 395 291
362 292 402 291
379 292 412 281
356 298 398 298
362 298 404 296
368 298 409 295
373 298 408 288
379 298 413 287
385 298 420 284
362 303 404 302
368 303 411 301
379 303 415 293
385 303 421 292
396 303 435 285
379 309 417 301
385 309 422 300
396 309 437 291
373 315 413 309
379 315 418 307
368 320 408 320
373 320 414 316
379 320 420 314
379 326 420 321
