492 124 467 96
508 124 481 94
487 129 466 100
513 129 485 99
519 129 492 98
476 135 455 108
482 135 461 109
492 135 469 107
482 140 460 114
513 140 486 105
519 140 493 104
524 140 499 103
529 140 503 103
466 145 445 122
471 145 450 121
476 145 455 122
503 145 469 120
508 145 482 112
519 145 493 110
524 145 499 109
529 145 504 108
466 151 446 127
471 151 451 126
492 151 463 128
498 151 469 126
513 151 483 125
540 151 514 113
482 156 458 134
498 156 469 132
503 156 476 131
513 156 484 132
519 156 494 121
540 156 522 126
450 161 434 137
455 161 439 136
471 161 451 135
487 161 465 133
513 161 489 128
535 161 508 128
551 161 533 130
444 167 429 145
450 167 434 142
455 167 438 142
460 167 446 141
476 167 457 140
540 167 523 132
545 167 528 132
556 167 541 136
444 172 429 149
450 172 433 149
455 172 439 148
466 172 447 148
471 172 454 147
476 172 459 146
545 172 528 137
551 172 534 137
556 172 541 142
439 177 423 157
450 177 435 156
466 177 448 154
471 177 454 153
423 182 410 166
428 182 416 165
444 182 429 162
418 188 405 173
423 188 411 172
545 188 533 163
412 193 401 180
418 193 406 179
407 198 397 184
412 198 401 185
418 198 407 184
423 198 412 184
423 204 414 190
476 204 464 171
482 204 468 170
487 204 481 158
492 204 480 169
434 209 420 190
471 209 458 178
476 209 462 177
482 209 467 176
487 209 473 176
492 209 482 175
418 214 410 203
423 214 417 203
434 214 421 196
471 214 457 185
476 214 462 183
487 214 475 182
492 214 483 181
407 220 396 206
423 220 417 208
434 220 421 202
444 220 434 193
466 220 452 192
476 220 463 190
482 220 470 190
487 220 477 189
492 220 483 188
402 225 391 212
407 225 396 211
412 225 402 210
439 225 429 200
444 225 434 199
450 225 440 198
476 225 465 197
482 225 471 196
487 225 477 196
492 225 485 194
503 225 497 199
396 230 385 219
402 230 391 218
407 230 397 217
439 230 429 206
444 230 434 206
466 230 455 199
471 230 460 203
476 230 466 203
482 230 472 202
487 230 478 202
492 230 485 202
498 230 492 205
396 236 386 223
402 236 392 224
412 236 404 217
434 236 425 212
439 236 430 212
444 236 435 212
476 236 467 209
482 236 474 209
487 236 485 211
492 236 492 212
407 241 398 224
412 241 405 222
423 241 413 222
428 241 420 220
434 241 425 219
455 241 447 212
460 241 453 212
476 241 469 215
487 241 486 217
492 241 492 218
498 241 499 217
396 246 387 232
418 246 407 228
423 246 413 227
428 246 420 226
434 246 426 225
439 246 432 222
444 246 437 221
450 246 443 219
455 246 449 220
460 246 454 218
471 246 468 221
476 246 473 221
487 246 488 225
396 252 388 238
418 252 407 234
423 252 414 233
439 252 431 228
444 252 438 227
450 252 444 226
455 252 450 225
460 252 455 225
466 252 463 227
471 252 469 227
476 252 475 228
359 257 357 253
365 257 364 254
370 257 370 245
375 257 376 244
396 257 389 244
439 257 431 234
444 257 438 233
450 257 445 233
455 257 450 231
460 257 457 234
466 257 464 233
471 257 470 233
359 262 360 261
418 262 414 242
444 262 440 238
450 262 446 239
455 262 451 238
460 262 458 241
466 262 464 240
471 262 471 240
412 268 409 248
418 268 414 246
434 268 431 239
439 268 435 245
444 268 441 245
450 268 447 245
455 268 454 248
460 268 459 247
466 268 465 248
375 273 373 259
407 273 404 255
412 273 410 253
418 273 415 252
439 273 436 251
444 273 443 251
450 273 448 251
460 273 462 255
380 278 378 264
407 278 405 260
412 278 410 259
418 278 415 258
439 278 437 258
444 278 446 257
343 284 348 275
359 284 359 273
407 284 405 267
412 284 411 265
418 284 417 266
423 284 423 265
428 284 428 264
434 284 434 264
439 284 441 264
444 284 447 264
450 284 454 268
349 289 355 281
391 289 386 283
407 289 406 272
412 289 412 272
418 289 417 272
423 289 424 271
428 289 430 271
434 289 437 271
439 289 443 271
444 289 449 274
450 289 454 274
343 294 349 286
349 294 354 287
370 294 379 271
375 294 385 270
396 294 398 276
407 294 407 279
412 294 413 277
418 294 419 278
423 294 426 278
428 294 433 278
434 294 438 278
439 294 443 278
444 294 451 280
343 300 349 292
365 300 373 277
370 300 379 277
391 300 393 283
412 300 413 284
418 300 420 283
423 300 427 284
428 300 433 285
338 305 339 308
386 305 388 290
391 305 393 288
396 305 399 288
418 305 421 290
423 305 427 291
365 310 370 297
370 310 375 296
380 310 384 296
386 310 389 295
391 310 394 294
396 310 400 294
402 310 406 298
407 310 412 296
327 315 333 316
365 315 370 303
370 315 376 303
375 315 381 301
386 315 389 302
391 315 395 301
402 315 404 304
327 321 334 322
333 321 340 321
359 321 365 309
365 321 370 309
370 321 376 308
380 321 385 308
386 321 390 309
327 326 336 328
333 326 340 327
349 326 355 318
354 326 361 317
359 326 365 317
375 326 379 314
380 326 385 313
386 326 390 314
396 326 402 313
322 331 330 333
349 331 356 323
354 331 361 323
359 331 366 323
370 331 374 321
375 331 379 321
380 331 386 320
386 331 392 320
327 337 338 339
349 337 355 330
354 337 361 328
359 337 366 329
370 337 375 328
375 337 380 327
380 337 386 326
338 342 345 339
343 342 350 337
375 342 380 334
380 342 387 332
349 347 357 339
354 347 362 337
370 347 380 339
343 353 352 346
349 353 357 345
354 353 363 343
359 353 368 344
365 353 374 347
370 353 382 347
338 358 345 352
343 358 352 351
349 358 358 350
359 358 369 354
365 358 375 354
