410 29 414 34
415 29 419 34
421 29 425 34
426 29 431 34
432 29 437 35
437 29 442 34
344 34 350 53
421 34 426 41
426 34 430 41
432 34 436 41
437 34 442 41
442 34 447 41
323 40 323 60
361 40 363 60
366 40 367 61
377 40 376 60
426 40 431 51
432 40 436 50
437 40 442 50
442 40 447 47
448 40 453 47
453 40 458 46
459 40 464 46
470 40 474 44
344 45 351 67
355 45 358 66
361 45 364 66
366 45 368 66
432 45 436 57
437 45 442 56
442 45 448 55
448 45 453 53
453 45 458 53
459 45 464 52
475 45 480 50
306 51 302 73
317 51 322 68
344 51 350 73
350 51 357 72
355 51 363 71
361 51 368 72
442 51 448 63
448 51 453 61
453 51 458 59
459 51 463 59
464 51 469 58
480 51 485 55
306 56 311 74
312 56 317 72
323 56 327 72
328 56 333 72
339 56 345 78
344 56 352 77
350 56 357 77
399 56 391 76
410 56 403 70
459 56 463 66
464 56 469 64
470 56 474 64
475 56 480 63
480 56 486 62
486 56 492 61
306 61 311 78
317 61 347 83
323 61 353 82
410 61 406 75
421 61 418 79
448 61 454 78
453 61 458 75
459 61 463 72
464 61 469 71
470 61 474 69
475 61 481 69
480 61 482 72
491 61 498 67
317 67 346 88
323 67 351 87
415 67 413 82
448 67 453 91
470 67 472 78
480 67 482 77
491 67 497 73
290 72 294 90
361 72 369 99
393 72 390 81
410 72 407 87
415 72 413 88
421 72 418 87
442 72 449 97
448 72 454 97
453 72 459 97
475 72 478 83
480 72 482 84
290 78 294 95
312 78 340 100
350 78 357 106
355 78 363 106
361 78 369 105
366 78 381 110
393 78 391 87
404 78 401 86
410 78 407 91
415 78 413 92
421 78 419 91
426 78 424 92
442 78 442 96
448 78 453 103
470 78 470 91
480 78 481 89
339 83 345 111
344 83 351 111
350 83 356 111
355 83 363 111
415 83 414 96
426 83 424 96
432 83 431 98
475 83 476 96
491 83 494 90
296 89 301 112
312 89 318 114
317 89 323 113
344 89 350 116
350 89 355 116
355 89 360 116
361 89 366 116
366 89 371 117
415 89 414 102
421 89 419 101
442 89 442 103
475 89 476 101
486 89 489 97
285 94 286 113
296 94 301 118
301 94 307 118
306 94 313 119
312 94 317 119
344 94 350 121
350 94 355 121
355 94 360 122
366 94 372 122
372 94 377 122
393 94 397 120
426 94 426 107
432 94 432 109
437 94 437 109
442 94 442 109
448 94 448 114
453 94 455 113
486 94 488 101
497 94 498 95
301 99 306 123
306 99 312 124
312 99 317 124
317 99 322 125
344 99 349 126
350 99 354 126
355 99 360 127
361 99 366 127
366 99 372 127
372 99 377 127
388 99 393 127
393 99 398 127
410 99 408 109
415 99 415 109
421 99 421 109
426 99 427 113
432 99 433 114
437 99 438 114
442 99 443 114
459 99 461 124
491 99 494 101
497 99 500 101
290 105 296 128
301 105 305 127
306 105 312 129
317 105 321 130
323 105 327 129
334 105 338 130
355 105 360 132
361 105 365 131
366 105 371 132
372 105 377 132
377 105 383 133
383 105 388 133
393 105 398 132
421 105 425 120
437 105 438 119
442 105 443 119
464 105 466 129
486 105 488 112
491 105 493 111
497 105 500 105
502 105 505 105
296 110 299 133
301 110 305 133
306 110 310 133
312 110 315 134
317 110 320 134
323 110 327 134
366 110 371 137
372 110 377 138
377 110 382 138
383 110 388 139
388 110 393 138
432 110 432 120
491 110 494 119
497 110 499 111
290 116 294 136
306 116 310 139
312 116 315 139
317 116 325 139
339 116 344 141
350 116 355 143
361 116 366 140
372 116 376 143
377 116 382 143
383 116 388 144
388 116 394 145
393 116 399 144
399 116 403 144
404 116 409 143
426 116 427 125
432 116 432 126
437 116 438 126
442 116 443 126
453 116 456 136
502 116 506 112
290 121 295 142
296 121 301 142
312 121 318 144
317 121 325 145
323 121 330 145
334 121 339 145
339 121 344 146
344 121 350 146
355 121 360 146
366 121 371 148
372 121 377 149
377 121 382 150
383 121 389 150
388 121 394 150
393 121 399 150
399 121 403 149
404 121 409 148
432 121 433 131
442 121 442 130
502 121 505 117
285 127 288 146
290 127 296 147
296 127 301 146
301 127 307 147
306 127 312 147
334 127 338 152
339 127 344 151
344 127 349 151
350 127 355 151
355 127 360 151
383 127 388 155
388 127 394 155
393 127 399 155
399 127 403 155
410 127 414 153
459 127 462 152
470 127 473 147
290 132 296 151
296 132 301 152
301 132 307 152
306 132 312 151
328 132 333 156
334 132 339 156
339 132 343 156
344 132 349 155
350 132 355 156
355 132 359 156
361 132 365 157
377 132 376 155
388 132 392 160
393 132 398 159
399 132 403 160
442 132 445 158
448 132 448 136
470 132 474 154
285 138 289 157
290 138 294 156
296 138 301 156
301 138 307 156
306 138 312 156
328 138 333 160
339 138 343 160
344 138 349 160
350 138 355 161
355 138 361 161
361 138 365 161
366 138 370 161
383 138 387 165
388 138 393 165
393 138 398 165
399 138 403 165
442 138 449 163
459 138 462 160
464 138 467 159
470 138 473 159
285 143 289 162
290 143 294 161
296 143 299 163
306 143 313 162
334 143 338 164
344 143 349 165
350 143 355 166
355 143 361 166
361 143 366 166
366 143 370 167
377 143 378 166
383 143 388 171
388 143 393 171
437 143 441 171
442 143 449 170
475 143 477 141
285 148 289 167
290 148 294 167
296 148 299 168
317 148 315 168
334 148 339 169
339 148 344 169
344 148 349 171
350 148 354 171
355 148 360 171
361 148 366 172
399 148 403 176
404 148 409 177
480 148 484 146
285 154 289 173
290 154 294 173
296 154 299 173
306 154 311 174
317 154 322 175
323 154 328 175
328 154 333 175
334 154 338 175
339 154 344 175
350 154 355 176
361 154 365 176
366 154 370 176
383 154 383 172
393 154 398 181
399 154 404 181
404 154 409 182
410 154 414 182
432 154 435 180
306 159 310 179
312 159 316 180
317 159 322 179
323 159 328 180
328 159 333 180
334 159 338 181
339 159 344 181
344 159 349 180
355 159 360 180
361 159 365 182
366 159 370 183
415 159 419 187
432 159 435 187
285 165 289 182
290 165 294 182
296 165 299 181
306 165 310 185
312 165 316 185
317 165 321 185
323 165 328 185
328 165 333 186
334 165 338 186
339 165 343 186
344 165 349 185
350 165 354 185
355 165 360 186
372 165 376 185
415 165 419 193
421 165 424 193
426 165 428 181
453 165 456 175
459 165 462 175
290 170 294 187
296 170 299 187
301 170 305 187
306 170 310 190
312 170 315 191
317 170 321 190
323 170 328 191
328 170 333 192
334 170 337 192
339 170 343 191
344 170 349 191
350 170 354 191
355 170 360 191
361 170 365 191
366 170 370 191
388 170 389 189
421 170 424 198
442 170 445 181
448 170 451 181
453 170 457 181
459 170 462 182
464 170 467 180
290 176 294 192
301 176 305 192
312 176 315 197
317 176 322 198
323 176 328 196
328 176 333 197
339 176 343 197
344 176 349 196
350 176 354 196
355 176 360 196
361 176 365 197
366 176 371 197
372 176 376 197
383 176 383 195
404 176 409 200
410 176 414 201
415 176 419 201
432 176 434 193
442 176 446 185
448 176 452 186
453 176 457 187
459 176 463 187
464 176 469 186
290 181 294 198
296 181 300 198
301 181 305 197
306 181 310 197
339 181 344 202
344 181 348 202
350 181 354 201
355 181 359 202
361 181 365 202
366 181 371 202
372 181 376 202
383 181 385 202
393 181 397 204
399 181 403 204
404 181 408 205
410 181 413 206
415 181 419 205
421 181 424 206
432 181 435 199
437 181 439 198
442 181 447 191
448 181 452 192
453 181 457 192
459 181 463 192
296 187 300 203
301 187 305 202
306 187 310 201
312 187 315 203
317 187 321 202
323 187 326 203
344 187 349 207
350 187 354 207
355 187 360 206
361 187 365 207
366 187 371 207
377 187 381 208
383 187 386 208
388 187 391 208
393 187 397 209
399 187 403 211
404 187 408 211
410 187 414 211
415 187 419 210
421 187 425 211
426 187 429 211
432 187 434 204
437 187 439 204
442 187 447 196
448 187 452 197
453 187 457 197
459 187 463 197
464 187 469 198
296 192 300 208
301 192 305 207
306 192 311 207
312 192 316 208
317 192 322 208
323 192 328 207
344 192 350 213
355 192 360 211
361 192 366 211
366 192 370 212
377 192 381 213
383 192 386 213
388 192 391 213
393 192 397 215
399 192 403 216
404 192 408 217
410 192 414 216
415 192 419 216
421 192 424 216
426 192 429 216
432 192 435 216
437 192 440 216
448 192 451 202
453 192 457 203
459 192 464 203
306 197 310 213
312 197 316 212
323 197 327 213
355 197 356 219
361 197 366 217
372 197 375 218
377 197 381 218
383 197 386 218
388 197 392 219
393 197 398 221
399 197 403 221
404 197 408 221
410 197 413 222
415 197 419 221
421 197 424 222
426 197 430 221
432 197 435 221
448 197 451 217
301 203 305 219
312 203 315 219
317 203 322 220
323 203 327 219
328 203 332 219
355 203 361 223
361 203 366 223
372 203 375 223
377 203 381 223
383 203 386 224
388 203 392 224
399 203 402 226
404 203 407 226
410 203 413 226
415 203 419 226
421 203 425 227
426 203 430 226
290 208 295 220
306 208 310 224
312 208 316 224
328 208 332 225
366 208 369 227
377 208 381 229
383 208 386 229
388 208 391 230
393 208 397 230
404 208 407 231
415 208 419 232
421 208 424 232
437 208 441 219
296 214 299 224
301 214 307 230
312 214 316 230
317 214 322 230
323 214 326 230
372 214 375 233
377 214 381 234
383 214 386 234
388 214 391 235
393 214 397 235
399 214 403 234
410 214 413 234
437 214 441 225
442 214 448 225
334 219 338 236
339 219 345 237
366 219 369 239
372 219 376 239
377 219 381 240
383 219 386 240
388 219 391 240
393 219 397 240
399 219 402 240
404 219 407 240
415 219 418 239
437 219 440 231
442 219 448 231
350 225 355 242
366 225 370 244
372 225 375 244
377 225 381 245
383 225 386 244
388 225 392 245
393 225 397 245
399 225 402 245
404 225 407 245
432 225 434 238
437 225 441 237
355 230 359 247
388 230 391 249
393 230 396 249
399 230 402 250
432 230 436 242
328 235 329 246
334 235 335 246
377 235 380 252
383 235 385 252
399 235 419 243
388 241 390 255
393 241 395 254
399 241 401 254
328 246 330 254
