416 170 361 231
422 170 362 224
440 170 358 209
520 176 402 115
520 182 407 117
318 195 360 331
336 195 363 298
342 195 364 292
354 195 366 284
361 201 373 280
373 201 376 267
422 201 384 222
361 207 380 280
367 207 380 275
373 207 381 268
379 207 382 262
311 213 374 341
361 213 385 282
373 213 387 270
379 213 389 264
416 213 395 236
471 213 416 173
379 219 395 265
354 225 403 291
361 225 405 285
354 231 409 293
361 231 411 286
465 231 428 178
361 238 417 287
404 250 441 274
404 256 447 275
410 256 450 269
416 256 451 263
428 256 454 251
416 262 457 265
422 262 459 258
