508 139 518 167
514 139 525 167
526 139 538 169
483 145 499 173
496 145 506 173
514 145 517 180
539 145 554 188
514 152 517 186
520 152 523 187
539 152 550 194
489 158 453 189
539 158 548 200
477 164 491 205
483 164 497 205
471 170 484 214
483 170 497 212
532 170 537 212
539 170 543 211
465 176 477 221
508 176 517 217
471 182 483 222
477 182 489 221
483 182 496 221
496 182 509 223
532 182 535 217
354 188 363 228
361 188 370 229
367 188 376 229
532 188 534 222
268 195 280 230
299 195 313 232
318 195 324 233
330 195 338 234
354 195 364 233
361 195 371 235
367 195 376 235
373 195 382 236
459 195 471 233
471 195 483 230
287 201 293 236
367 201 376 239
281 207 289 238
354 207 363 242
361 207 370 242
465 207 470 240
471 207 475 241
483 207 487 242
489 207 495 243
268 213 274 249
275 213 282 244
281 213 288 243
287 213 300 242
293 213 306 243
299 213 312 243
311 213 324 245
318 213 331 245
330 213 342 245
336 213 349 245
361 213 370 247
465 213 468 246
471 213 474 247
477 213 481 246
275 219 282 247
287 219 299 248
318 219 330 250
324 219 337 249
348 219 355 248
465 219 467 251
489 219 496 228
268 225 274 253
281 225 288 250
287 225 293 251
293 225 305 251
299 225 311 252
305 225 318 252
336 225 350 254
348 225 355 255
354 225 361 255
361 225 368 255
367 225 374 255
416 225 412 256
275 231 280 257
281 231 287 257
287 231 293 257
293 231 299 258
299 231 310 258
305 231 318 258
311 231 323 258
318 231 329 260
324 231 335 260
330 231 344 260
336 231 350 259
348 231 355 261
354 231 360 260
361 231 367 259
373 231 381 247
379 231 387 247
410 231 406 260
416 231 413 262
465 231 468 259
268 238 273 262
275 238 279 262
281 238 286 262
287 238 292 262
293 238 298 262
299 238 305 264
336 238 350 265
348 238 355 265
373 238 381 255
379 238 386 254
471 238 488 249
275 244 279 267
281 244 285 267
287 244 291 267
293 244 297 268
299 244 303 269
373 244 375 261
379 244 382 261
385 244 389 261
514 244 509 266
281 250 284 273
361 250 329 276
391 250 393 266
489 250 481 265
275 256 279 276
287 256 290 276
299 256 302 276
305 256 309 276
361 256 329 282
397 256 398 273
489 256 481 272
496 256 487 272
502 256 493 274
275 262 279 279
281 262 283 282
397 262 397 279
489 262 482 279
502 262 492 283
281 268 283 287
287 268 291 283
361 268 328 290
410 268 423 252
453 268 463 284
459 268 467 284
465 268 473 284
489 268 486 286
287 274 292 289
299 274 297 289
305 274 303 289
311 274 322 262
318 274 330 262
459 274 467 290
465 274 473 291
489 274 486 293
299 281 296 294
305 281 310 295
