514 145 359 122
520 145 359 117
539 158 368 99
385 164 360 255
539 164 375 100
410 170 365 236
465 170 372 171
287 176 371 264
434 176 362 325
446 176 376 186
459 176 377 178
465 176 379 172
465 182 384 173
348 188 371 291
354 188 372 285
379 188 380 267
318 195 371 337
336 195 372 317
348 195 375 293
361 195 377 284
367 195 379 279
373 195 380 272
361 201 383 284
465 201 399 170
477 201 399 162
367 207 386 280
373 207 387 273
434 207 395 201
446 207 397 181
471 207 413 171
477 207 413 164
483 207 415 155
489 207 416 151
520 207 428 191
361 213 392 285
367 213 397 280
434 213 402 197
465 213 417 176
483 213 420 157
489 213 422 151
496 213 424 145
526 213 436 188
367 219 439 281
465 219 420 174
367 225 444 282
373 225 445 275
477 231 425 167
311 238 362 350
318 238 363 344
336 238 420 317
348 238 423 297
354 238 424 292
361 238 429 287
367 238 464 283
299 244 423 352
330 244 424 326
361 244 436 287
508 244 445 169
514 244 447 163
342 250 440 314
348 250 442 306
354 250 442 300
459 250 442 181
318 256 428 345
404 256 454 263
422 256 461 244
428 256 463 237
434 256 464 231
287 262 432 371
293 262 434 365
336 262 438 332
348 262 395 309
502 262 465 179
287 268 443 373
299 268 444 362
336 268 444 334
342 268 445 327
465 268 459 264
281 274 449 382
287 274 449 375
293 280 470 364
305 280 469 357
