477 158 364 154
502 158 366 141
508 158 366 136
514 158 369 129
428 164 357 215
483 164 366 149
508 164 375 137
336 170 353 302
416 170 361 231
422 170 362 224
440 170 358 209
465 170 371 169
471 170 370 164
477 170 369 156
483 170 371 150
539 170 383 100
299 176 345 342
305 176 347 335
311 176 348 329
446 176 375 191
459 176 375 176
465 176 376 170
471 176 376 166
520 176 402 115
262 182 346 374
281 182 348 362
287 182 350 356
293 182 351 350
299 182 351 342
305 182 352 337
453 182 380 185
520 182 407 117
318 188 356 323
520 188 404 191
262 195 351 376
318 195 360 331
330 195 361 304
336 195 363 298
342 195 364 292
354 195 366 284
367 195 373 274
477 195 397 161
483 195 398 155
514 195 409 199
520 195 412 193
354 201 371 285
361 201 373 280
373 201 376 267
422 201 384 222
361 207 380 280
367 207 380 275
373 207 381 268
379 207 382 262
465 207 407 176
471 207 409 171
477 207 412 163
483 207 414 158
520 207 428 196
311 213 374 341
342 213 371 307
361 213 385 282
373 213 387 270
379 213 389 264
416 213 395 236
434 213 398 196
465 213 414 177
471 213 416 173
483 213 419 159
311 219 379 342
318 219 380 336
324 219 382 330
354 219 391 290
379 219 395 265
465 219 420 178
477 219 423 168
268 225 398 381
336 225 383 323
354 225 403 291
361 225 405 285
268 231 405 382
336 231 390 318
354 231 409 293
361 231 411 286
465 231 428 178
268 238 413 383
287 238 386 365
318 238 392 338
348 238 413 301
354 238 415 294
361 238 417 287
268 244 417 385
305 244 405 348
311 244 406 342
318 244 407 336
336 244 414 315
348 250 426 305
354 250 429 297
361 250 423 289
404 250 441 274
281 256 427 374
299 256 411 355
305 256 412 348
311 256 413 342
324 256 414 337
336 256 417 328
342 256 419 317
404 256 447 275
410 256 450 269
416 256 451 263
428 256 454 251
299 262 421 358
305 262 419 350
311 262 420 345
336 262 425 325
342 262 426 318
404 262 434 280
410 262 435 273
416 262 457 265
422 262 459 258
293 268 427 366
299 268 428 359
305 268 430 354
311 268 427 347
324 268 428 338
336 268 431 325
342 268 431 318
281 274 438 383
287 274 440 377
299 274 437 354
311 274 437 349
287 280 451 379
293 280 452 372
311 280 454 351
