488 140 490 149
488 145 489 155
493 145 495 154
286 150 290 182
488 150 489 159
463 155 459 168
478 155 474 167
488 155 490 165
286 160 285 188
291 160 291 187
332 160 350 189
286 165 286 195
291 165 292 194
296 165 297 194
412 165 426 182
286 170 287 198
291 170 292 198
276 175 271 200
281 175 281 203
291 175 292 203
276 180 271 210
311 180 325 206
316 180 330 206
437 180 449 196
276 186 271 215
286 186 287 216
311 186 325 212
432 186 444 200
478 186 475 232
276 191 272 220
367 196 382 223
437 196 447 219
276 201 273 238
301 201 295 235
276 206 274 243
281 206 279 241
437 206 441 229
442 206 448 228
276 211 274 249
281 211 279 247
296 211 291 243
498 211 501 226
372 216 367 241
382 216 394 234
392 216 410 237
447 216 452 233
498 216 501 229
493 221 497 235
281 226 285 258
488 226 491 241
468 236 455 256
498 241 505 260
447 246 431 274
453 246 477 269
468 246 452 273
498 246 506 274
488 256 499 273
