504 157 493 128
510 163 499 134
515 163 504 133
298 168 292 200
309 168 298 197
499 168 492 143
510 168 499 139
520 168 510 137
510 173 500 144
515 173 506 143
520 173 511 142
504 189 498 171
520 194 516 169
510 205 506 194
293 210 291 238
288 221 286 246
293 221 293 245
298 221 297 245
283 231 281 240
288 242 288 251
293 242 293 250
510 242 507 239
293 247 295 263
298 247 298 255
293 252 294 267
298 252 299 267
309 252 307 266
293 258 295 273
298 258 300 273
304 258 306 273
499 258 496 250
499 268 494 264
504 268 498 267
494 274 488 271
499 274 493 270
504 274 498 272
510 274 505 268
