304 142 305 111
298 147 299 115
314 147 315 118
320 147 320 118
325 147 326 118
330 147 332 118
341 147 344 119
351 147 354 119
356 147 366 120
298 152 299 121
304 152 305 123
309 152 309 123
314 152 314 123
325 152 323 124
330 152 331 124
346 152 345 125
362 152 366 126
372 152 378 127
404 152 409 129
409 152 415 129
436 152 430 129
293 157 294 124
298 157 298 129
304 157 304 129
309 157 309 129
325 157 321 130
330 157 327 130
335 157 332 130
356 157 360 131
362 157 366 132
367 157 372 132
452 157 449 136
457 157 458 137
467 157 470 137
473 157 476 137
478 157 480 138
483 157 486 139
510 157 510 141
515 157 515 141
293 163 293 130
309 163 305 140
320 163 316 136
330 163 326 136
356 163 359 138
362 163 366 138
388 163 382 138
393 163 388 139
430 163 404 135
441 163 431 146
446 163 436 146
467 163 471 142
478 163 480 142
483 163 485 143
504 163 504 146
510 163 509 146
515 163 515 147
520 163 520 146
298 168 294 146
304 168 300 146
309 168 305 147
314 168 311 148
356 168 359 143
393 168 387 144
430 168 404 141
441 168 430 153
446 168 436 153
478 168 480 148
488 168 485 148
499 168 499 151
504 168 504 151
510 168 508 151
515 168 514 151
520 168 520 151
298 173 294 152
304 173 300 153
314 173 311 153
335 173 334 142
420 173 403 150
430 173 409 157
436 173 415 157
446 173 436 159
473 173 474 153
478 173 480 154
483 173 484 154
499 173 498 155
504 173 504 155
510 173 508 155
520 173 520 156
298 179 297 158
304 179 302 159
309 179 307 159
330 179 327 147
335 179 333 147
341 179 338 148
346 179 342 166
430 179 408 163
436 179 414 164
478 179 479 158
499 179 498 161
504 179 503 160
510 179 509 161
515 179 514 160
520 179 520 161
309 184 307 164
320 184 315 164
346 184 341 171
436 184 413 170
441 184 429 158
462 184 458 158
467 184 464 159
473 184 474 160
504 184 502 173
520 184 519 166
298 189 292 168
304 189 302 168
330 189 327 152
430 189 412 179
462 189 467 165
467 189 462 182
473 189 473 165
515 189 516 182
288 194 285 173
298 194 297 173
304 194 302 173
309 194 307 174
330 194 326 158
335 194 331 159
462 194 456 187
467 194 461 187
473 194 468 187
457 200 457 173
467 200 460 192
473 200 467 192
478 200 474 193
510 200 506 193
515 200 513 193
288 205 285 180
293 205 291 180
298 205 296 181
462 205 461 177
467 205 467 176
473 205 467 198
478 205 473 198
510 205 506 200
515 205 513 198
293 210 291 185
298 210 295 186
293 215 289 195
298 215 295 190
304 215 301 190
320 215 315 190
415 215 417 201
430 215 432 202
441 215 446 197
510 215 507 204
293 221 290 201
320 221 317 192
325 221 322 195
383 221 389 200
404 221 406 201
436 221 438 208
441 221 446 203
520 221 517 206
288 226 284 205
293 226 291 206
325 226 323 201
388 226 395 205
441 226 445 209
446 226 450 209
499 226 494 217
293 231 289 212
320 231 317 207
325 231 323 207
393 231 400 212
404 231 405 212
409 231 417 214
441 231 445 218
462 231 457 207
510 231 506 216
515 231 510 217
520 231 516 216
288 237 283 217
320 237 316 212
325 237 324 213
404 237 405 218
436 237 439 223
441 237 444 224
467 237 461 219
473 237 465 218
504 237 500 226
510 237 505 225
515 237 510 223
520 237 515 223
298 242 294 219
320 242 314 219
325 242 323 219
330 242 329 219
404 242 406 226
409 242 412 227
415 242 420 224
436 242 438 230
467 242 460 225
473 242 464 225
499 242 495 225
504 242 499 232
510 242 505 231
515 242 510 231
298 247 294 225
314 247 308 224
320 247 313 224
325 247 321 225
335 247 333 229
346 247 345 226
388 247 361 227
393 247 367 227
415 247 420 232
420 247 426 230
430 247 433 234
436 247 438 234
441 247 445 235
467 247 459 229
473 247 464 230
499 247 494 232
504 247 499 236
510 247 505 238
288 252 284 223
293 252 288 230
298 252 293 230
309 252 302 230
320 252 313 231
325 252 319 231
346 252 344 232
383 252 362 232
409 252 410 239
415 252 417 238
420 252 419 238
425 252 427 239
430 252 433 239
436 252 438 239
441 252 445 240
446 252 450 241
462 252 455 235
467 252 459 235
499 252 493 239
504 252 499 242
520 252 513 250
283 258 277 230
293 258 288 233
298 258 293 236
304 258 299 236
314 258 306 237
335 258 329 239
341 258 333 239
351 258 345 238
356 258 351 238
362 258 355 239
393 258 372 239
420 258 419 244
425 258 426 245
430 258 433 244
436 258 438 244
441 258 444 245
467 258 459 240
499 258 493 245
283 263 277 238
288 263 283 239
293 263 289 239
298 263 294 241
304 263 299 244
320 263 310 245
325 263 316 244
330 263 322 245
335 263 328 245
346 263 333 245
351 263 345 246
388 263 394 250
404 263 392 245
415 263 415 249
420 263 420 250
425 263 426 250
430 263 433 251
499 263 492 253
283 268 277 251
288 268 283 250
314 268 305 250
320 268 311 250
325 268 316 250
330 268 321 251
335 268 328 251
346 268 337 251
351 268 343 251
356 268 349 252
362 268 355 252
399 268 398 255
409 268 409 256
415 268 415 256
441 268 443 258
473 268 464 259
478 268 468 260
483 268 474 260
488 268 481 259
499 268 493 258
504 268 498 259
314 274 306 256
320 274 311 256
325 274 316 256
330 274 321 256
393 274 392 259
399 274 399 260
404 274 405 261
409 274 410 262
420 274 431 263
462 274 448 262
467 274 454 263
473 274 464 263
478 274 470 263
483 274 474 264
488 274 479 264
494 274 486 264
499 274 491 264
504 274 497 265
510 274 501 265
515 274 509 259
293 279 288 250
304 279 293 255
309 279 298 256
341 279 332 259
346 279 338 259
351 279 343 259
356 279 349 260
372 279 361 259
383 279 371 259
388 279 376 260
409 279 409 267
430 279 436 269
467 279 454 268
473 279 463 268
478 279 468 268
483 279 474 269
488 279 479 270
494 279 485 270
499 279 490 270
504 279 496 269
515 279 508 265
293 284 288 256
335 284 327 263
341 284 332 263
346 284 337 263
351 284 342 264
356 284 348 264
362 284 355 263
372 284 364 264
378 284 370 264
388 284 382 266
393 284 393 267
425 284 431 273
430 284 436 273
467 284 453 273
473 284 464 273
483 284 473 274
488 284 480 275
494 284 486 274
499 284 490 274
293 289 287 262
298 289 293 263
320 289 311 263
362 289 355 268
393 289 388 271
399 289 398 272
404 289 403 272
409 289 409 272
441 289 431 277
473 289 463 279
483 289 473 281
488 289 480 281
494 289 486 280
499 289 489 279
341 295 332 270
346 295 336 270
351 295 343 269
356 295 349 270
399 295 393 276
404 295 402 278
409 295 408 278
452 295 420 278
488 295 480 286
409 300 407 284
425 300 436 285
467 300 463 285
483 305 475 290
499 305 490 288
