546 8 392 82
462 14 339 127
528 14 406 87
474 20 348 125
504 26 365 107
450 32 330 178
492 32 366 116
589 38 459 85
577 56 458 97
510 62 382 152
486 75 373 170
498 81 388 164
516 81 396 157
522 81 401 153
498 87 394 169
504 87 397 166
516 87 400 161
522 87 405 157
486 93 383 178
498 93 398 173
504 93 401 170
516 93 405 165
522 93 409 160
534 93 422 147
468 99 378 209
480 99 382 186
498 99 400 177
504 99 404 173
516 99 409 169
522 99 417 160
534 99 422 156
595 99 472 108
510 105 408 179
516 105 412 172
613 105 482 100
528 111 427 162
565 111 467 148
571 111 445 151
613 111 485 104
528 117 430 165
534 117 434 162
565 117 471 153
571 117 449 155
589 129 481 143
468 135 383 240
486 135 414 218
589 135 484 148
595 147 489 151
583 153 484 166
522 159 452 212
589 159 491 166
577 165 488 170
559 171 484 184
577 171 494 175
583 171 497 170
492 177 431 245
577 177 498 178
444 189 434 266
522 189 457 236
456 195 447 262
552 195 488 215
