430 113 404 74
438 113 421 75
442 113 429 75
388 117 354 86
400 117 369 82
472 117 455 75
400 121 368 88
426 121 400 82
438 121 405 86
472 121 455 79
476 121 460 80
426 126 400 86
455 126 439 85
468 126 449 83
472 126 452 82
396 130 363 96
480 130 470 96
426 134 400 90
451 134 426 99
472 134 452 94
476 134 457 94
375 138 359 107
451 138 426 104
468 138 456 89
442 142 415 106
501 142 472 89
362 147 353 101
413 147 385 112
362 151 364 102
366 151 359 112
362 155 364 107
438 155 414 111
476 155 465 106
375 159 361 139
379 159 366 137
417 159 390 107
442 159 421 115
480 159 457 124
493 159 472 135
417 164 390 111
438 164 415 121
442 164 421 121
455 164 445 126
459 164 450 126
480 164 457 130
493 164 471 141
510 164 487 124
337 168 319 129
362 168 334 143
413 168 385 117
417 168 391 117
337 172 318 134
417 172 391 122
510 172 478 119
350 176 325 154
379 176 344 123
506 176 487 134
341 180 329 129
375 180 370 180
421 180 401 115
518 180 492 125
366 185 334 165
459 185 432 161
501 185 479 141
506 185 483 140
337 189 320 145
341 189 324 144
388 189 458 156
468 189 437 152
472 189 442 151
501 189 479 145
337 193 320 149
341 193 324 150
426 193 415 116
442 193 440 105
501 193 478 150
337 197 319 155
354 197 344 159
379 197 380 122
413 197 389 139
421 197 402 142
426 197 406 141
333 202 314 159
337 202 320 160
404 202 387 142
409 202 391 146
413 202 395 147
421 202 402 148
426 202 407 148
468 202 433 182
333 206 314 164
337 206 320 164
400 206 382 147
404 206 387 148
409 206 391 152
413 206 396 152
421 206 401 152
426 206 408 153
455 206 428 177
337 210 320 169
400 210 386 157
409 210 391 157
413 210 396 157
417 210 402 158
426 210 407 157
333 214 315 170
337 214 320 174
350 214 335 174
362 214 433 197
404 214 391 162
413 214 396 162
421 214 402 163
426 214 407 163
476 214 459 172
345 218 326 164
413 218 397 167
426 218 406 168
345 223 325 168
480 227 381 194
489 231 448 182
501 231 472 170
510 231 469 197
345 235 327 185
409 235 376 200
501 235 472 175
506 235 477 175
510 235 488 165
396 239 413 192
501 239 478 171
506 239 483 171
510 239 489 171
447 244 422 183
447 248 422 188
371 252 361 210
379 252 341 189
396 252 373 188
447 252 423 192
362 256 335 194
371 256 362 214
392 265 386 209
396 265 392 210
379 269 372 214
383 269 376 215
392 269 386 215
396 269 391 214
409 269 344 190
485 269 474 258
379 273 352 214
379 277 367 225
383 277 372 225
379 282 367 230
