492 88 419 78
498 88 425 74
486 94 414 87
492 94 422 84
480 100 409 99
450 130 395 144
510 130 463 112
444 136 391 156
450 136 398 152
498 136 444 113
498 142 445 118
432 148 380 176
438 148 388 174
450 148 402 159
462 148 415 151
432 154 385 183
444 154 398 171
450 154 405 167
456 154 412 164
474 154 425 149
438 160 394 183
444 160 402 177
462 160 420 161
504 160 465 140
510 160 472 137
444 166 403 185
462 166 422 168
468 166 429 165
426 172 391 193
432 172 398 188
450 172 414 183
456 172 420 178
462 172 426 175
468 172 433 170
546 172 505 141
552 172 509 137
371 178 342 224
395 178 365 220
426 178 393 199
432 178 400 195
438 178 408 191
450 178 417 189
462 178 430 182
468 178 437 177
486 178 453 169
510 178 474 155
516 178 481 152
522 178 487 149
365 184 338 235
371 184 344 233
377 184 352 227
407 184 375 220
413 184 382 216
420 184 389 212
426 184 396 207
432 184 404 202
438 184 410 199
450 184 420 194
456 184 426 191
462 184 432 188
480 184 444 175
510 184 478 161
365 190 341 242
371 190 347 239
377 190 354 236
401 190 371 230
407 190 379 225
413 190 386 222
420 190 391 219
426 190 399 215
432 190 406 209
450 190 424 200
468 190 441 188
474 190 446 193
480 190 449 183
486 190 455 179
492 190 462 176
498 190 469 173
371 196 351 245
377 196 357 242
401 196 379 232
413 196 390 228
438 196 416 211
456 196 432 202
462 196 437 199
474 196 449 200
480 196 454 192
486 196 460 188
492 196 466 183
395 202 375 238
426 202 405 223
432 202 413 220
438 202 418 217
444 202 425 213
456 202 435 209
462 202 440 208
480 202 457 200
395 208 377 244
401 208 385 241
407 208 392 238
413 208 398 235
426 208 408 228
432 208 415 226
438 208 421 223
444 208 427 219
456 208 437 216
474 208 454 211
335 214 321 280
377 214 364 258
395 214 380 252
407 214 394 243
420 214 405 238
426 214 412 236
432 214 418 232
450 214 434 227
462 214 446 218
480 214 463 214
359 220 345 267
377 220 367 264
395 220 383 258
407 220 397 250
444 220 429 238
480 220 465 220
341 227 331 283
353 227 339 279
365 227 355 271
413 227 406 252
426 227 414 247
432 227 423 242
468 227 460 223
299 233 290 314
305 233 297 309
311 233 299 315
377 233 373 274
383 233 379 273
395 233 390 267
401 233 397 264
407 233 403 260
413 233 410 258
426 233 418 254
432 233 426 249
468 233 462 231
474 233 459 243
371 239 369 284
383 239 381 278
407 239 406 267
413 239 413 264
426 239 421 259
432 239 427 255
438 239 435 252
335 245 334 302
365 245 365 295
407 245 409 272
413 245 416 270
432 245 432 262
456 245 454 255
329 251 329 313
359 251 360 307
401 251 402 280
420 251 424 268
401 257 405 285
407 257 411 283
420 257 423 278
426 257 431 276
432 257 437 272
438 257 443 269
420 263 426 284
426 263 433 282
432 263 439 280
377 269 387 303
420 269 430 291
432 269 441 285
347 275 355 337
377 275 389 310
365 281 377 325
407 281 420 314
311 287 330 357
317 287 336 355
335 287 352 347
347 287 365 341
389 287 407 324
341 293 363 351
347 293 368 349
359 293 380 343
323 299 344 363
317 305 343 370
329 305 353 366
353 323 385 379
