510 100 530 127
516 112 532 140
498 118 519 144
492 124 511 149
498 124 517 151
450 130 463 142
474 130 487 145
450 136 460 148
456 136 467 149
468 136 479 151
474 136 486 152
450 142 458 154
456 142 465 154
462 142 471 155
486 142 495 154
444 148 449 158
450 148 456 160
456 148 464 160
462 148 470 162
486 148 494 161
426 154 445 155
450 154 455 167
456 154 461 168
462 154 467 169
468 154 474 169
395 160 400 162
456 160 460 174
462 160 466 175
468 160 474 177
474 160 480 177
492 160 497 181
395 166 397 167
401 166 404 168
420 166 419 173
444 166 445 178
450 166 451 179
456 166 459 180
462 166 466 181
552 166 556 198
395 172 397 174
401 172 402 175
420 172 416 180
426 172 421 181
432 172 429 182
438 172 438 182
444 172 445 184
468 172 472 187
540 172 542 202
546 172 549 203
552 172 555 204
377 178 383 171
420 178 414 186
426 178 420 186
438 178 436 188
450 178 452 189
456 178 458 190
462 178 465 192
468 178 472 193
516 178 517 203
528 178 527 206
534 178 534 208
540 178 540 209
546 178 548 209
383 184 385 181
389 184 393 182
432 184 428 191
444 184 443 194
450 184 451 195
456 184 457 196
462 184 463 198
468 184 469 198
474 184 475 200
486 184 485 202
498 184 499 204
504 184 504 206
510 184 510 208
522 184 520 211
528 184 526 212
534 184 532 214
353 190 356 179
371 190 373 183
377 190 379 185
383 190 386 186
401 190 399 191
407 190 405 192
413 190 411 193
420 190 420 194
426 190 426 196
438 190 434 199
444 190 443 200
450 190 450 201
456 190 456 202
462 190 461 203
468 190 467 204
474 190 474 206
486 190 484 209
504 190 503 212
510 190 508 214
516 190 515 216
528 190 526 217
347 196 343 186
353 196 351 186
359 196 358 187
365 196 366 187
371 196 372 189
377 196 377 190
383 196 384 193
420 196 419 200
426 196 425 201
438 196 435 204
444 196 441 205
450 196 448 207
456 196 454 208
462 196 460 209
468 196 466 211
480 196 476 214
486 196 483 214
492 196 489 216
516 196 513 223
353 202 349 192
395 202 397 198
401 202 404 200
444 202 440 211
456 202 451 215
462 202 457 217
468 202 466 217
480 202 474 220
492 202 487 223
498 202 493 224
353 208 353 195
383 208 380 202
389 208 388 202
395 208 395 203
413 208 410 209
420 208 416 210
426 208 422 212
432 208 428 214
444 208 443 215
480 208 479 223
371 214 368 206
383 214 379 208
401 214 395 212
407 214 403 213
413 214 409 215
420 214 415 216
426 214 421 217
438 214 431 220
444 214 436 221
456 214 449 225
462 214 455 226
468 214 462 227
474 214 471 227
480 214 477 228
486 214 484 231
492 214 491 233
510 214 503 237
516 214 511 238
347 220 346 207
353 220 352 210
359 220 358 212
389 220 384 216
407 220 401 221
413 220 406 222
420 220 413 222
426 220 420 224
438 220 429 227
444 220 434 228
450 220 440 230
456 220 448 231
462 220 454 232
468 220 462 233
480 220 470 235
486 220 477 235
492 220 488 239
323 227 316 208
347 227 344 215
353 227 350 215
359 227 356 216
383 227 377 220
389 227 383 221
401 227 393 225
407 227 399 227
420 227 413 229
426 227 419 231
438 227 425 233
444 227 432 234
456 227 447 236
462 227 453 238
474 227 461 242
480 227 468 241
486 227 476 242
492 227 482 246
323 233 315 215
329 233 320 217
347 233 342 221
353 233 349 221
383 233 375 226
389 233 382 227
395 233 387 229
401 233 395 233
413 233 405 233
420 233 411 234
438 233 424 239
444 233 431 240
450 233 429 247
456 233 437 247
462 233 445 244
480 233 466 247
323 239 313 220
329 239 319 223
335 239 326 225
341 239 335 225
371 239 364 227
377 239 368 231
383 239 374 232
389 239 380 234
395 239 387 236
401 239 393 239
432 239 417 243
438 239 422 246
281 245 273 214
287 245 280 216
323 245 312 227
329 245 318 229
341 245 332 232
347 245 342 229
401 245 392 245
407 245 402 240
420 245 410 243
432 245 415 251
438 245 421 253
444 245 428 254
456 245 445 251
281 251 272 220
383 251 371 242
389 251 378 245
444 251 427 259
287 257 277 228
335 257 324 239
341 257 329 242
347 257 338 241
377 257 365 247
383 257 370 249
389 257 377 251
413 257 400 257
420 257 406 259
432 257 414 260
438 257 421 262
311 263 300 240
317 263 306 241
329 263 317 244
335 263 322 246
347 263 336 248
377 263 365 254
383 263 372 257
389 263 377 259
413 263 399 263
420 263 404 264
432 263 413 266
299 269 286 242
311 269 298 245
347 269 333 253
365 269 349 257
371 269 355 259
383 269 370 262
389 269 376 264
395 269 381 265
413 269 397 268
426 269 410 270
311 275 297 252
335 275 317 257
359 275 345 264
371 275 354 266
377 275 361 267
383 275 368 269
420 275 402 276
341 281 326 260
371 281 353 272
377 281 360 273
395 281 373 278
413 281 394 282
323 287 305 264
329 287 311 265
341 287 325 267
389 287 362 284
323 293 304 270
329 293 310 273
335 293 317 274
341 293 324 275
383 293 354 289
311 299 292 274
329 299 309 278
335 299 315 279
341 299 322 282
329 305 308 283
335 305 314 286
341 305 321 288
347 305 328 289
365 305 339 293
335 311 313 292
341 311 319 293
359 311 333 297
329 317 304 292
341 323 316 303
341 329 313 309
353 329 322 311
