397 135 362 194
404 135 368 191
381 138 340 216
362 145 346 205
365 145 350 203
365 151 326 243
362 154 356 212
365 154 328 246
362 158 359 216
365 158 331 250
400 161 374 213
391 170 382 246
365 173 372 291
372 173 377 288
378 173 362 264
365 177 375 295
378 177 364 267
388 180 383 257
356 183 368 302
359 186 373 304
369 186 351 274
413 186 412 277
369 192 354 279
410 196 399 264
420 196 410 264
375 199 362 281
375 202 363 285
378 202 368 282
381 202 372 280
385 202 377 277
394 202 386 272
397 202 391 269
458 202 453 202
372 205 366 290
378 205 372 288
381 205 376 284
397 205 388 277
385 208 393 304
394 208 387 283
397 208 391 282
397 212 393 285
385 215 382 298
397 215 397 290
404 215 402 288
394 218 396 297
397 218 399 295
381 221 402 317
410 224 408 289
416 224 413 287
404 227 406 296
407 227 410 293
416 227 425 286
378 231 383 309
381 231 388 307
394 231 399 306
404 231 409 300
416 231 427 289
420 231 431 287
423 231 434 285
378 234 387 314
381 234 390 311
397 234 404 305
410 234 420 301
413 234 425 297
416 234 429 294
420 234 433 291
423 234 437 289
439 234 457 279
442 234 460 277
381 237 395 316
394 237 403 310
397 237 406 309
404 237 411 306
410 237 422 305
413 237 427 302
416 237 431 298
378 240 394 324
394 240 406 314
397 240 409 313
404 240 415 310
413 240 429 306
416 240 434 303
420 240 439 301
394 243 408 319
410 243 426 309
397 250 415 321
416 250 442 305
420 250 446 303
439 250 461 287
420 253 451 302
391 256 413 328
400 256 422 323
413 256 445 310
416 256 448 308
388 259 412 336
391 259 415 333
407 259 440 320
394 262 433 330
