431 45 475 110
437 45 479 113
425 51 465 112
431 51 471 115
437 51 476 118
449 51 484 121
431 57 468 121
437 57 474 125
449 57 485 131
455 57 490 135
462 57 495 138
431 64 470 132
443 64 477 135
449 64 484 137
455 64 489 140
462 64 493 143
431 70 468 137
443 70 475 141
449 70 481 143
455 70 486 146
443 76 476 149
455 76 483 152
462 76 488 155
425 94 446 149
431 94 452 152
504 94 512 181
413 100 429 171
425 100 444 154
431 100 451 157
437 100 461 179
437 106 459 185
382 112 364 181
443 112 463 193
394 118 371 193
400 118 377 196
407 118 412 189
437 118 451 182
498 118 494 189
510 124 501 215
522 124 514 221
407 131 409 196
413 131 413 198
462 131 463 189
468 131 469 192
407 137 406 202
455 137 455 190
462 137 470 221
522 137 508 234
529 137 514 237
382 143 408 168
529 143 511 242
468 149 458 200
474 149 463 203
529 149 507 247
468 155 455 205
468 161 447 208
340 167 416 179
346 167 392 165
291 173 305 159
400 173 362 195
285 179 297 161
352 179 435 188
285 186 301 170
291 186 307 173
272 192 287 165
278 192 292 173
333 192 398 199
266 198 279 167
272 198 288 179
278 198 293 180
297 198 309 182
327 198 362 209
394 198 411 206
425 198 426 214
260 204 271 169
272 204 286 186
278 204 291 187
291 204 303 195
303 204 320 219
327 204 353 214
394 204 409 211
425 204 423 219
266 210 275 174
272 210 289 209
297 210 306 219
303 210 311 222
285 216 295 214
297 216 308 229
346 216 385 183
297 222 306 236
303 222 310 236
285 228 296 238
291 228 302 240
303 228 309 244
394 228 408 249
278 234 287 240
285 234 294 243
291 234 300 245
297 234 304 247
285 240 290 248
291 240 297 250
297 240 301 254
303 240 306 257
315 240 314 262
291 246 293 256
297 246 298 260
303 246 305 263
370 246 392 255
394 246 389 270
297 253 275 190
309 253 286 199
407 259 410 279
309 265 281 207
364 265 384 267
400 265 391 285
346 271 320 278
352 271 325 282
340 277 313 276
321 283 279 214
340 283 311 281
352 283 321 288
364 283 329 292
370 283 333 295
346 289 313 290
352 289 319 293
370 289 333 299
358 295 322 300
358 314 305 293
364 314 311 297
370 314 316 299
382 314 328 304
364 320 309 302
370 320 314 304
376 320 319 306
