444 107 426 140
449 107 431 140
423 112 408 143
428 112 413 143
434 112 419 143
444 112 432 144
449 112 437 144
455 112 442 145
460 112 448 146
465 112 454 146
449 117 426 149
455 117 442 149
460 117 447 150
465 117 454 151
407 128 407 149
391 133 397 148
402 133 402 154
407 133 407 153
391 138 397 153
407 149 408 164
413 149 413 164
413 154 413 170
418 154 418 168
523 154 521 166
550 154 543 167
407 159 408 172
413 159 413 176
418 159 418 173
423 159 425 173
545 159 537 172
407 165 408 177
418 165 418 183
423 165 424 183
523 165 525 171
402 170 401 183
407 170 408 182
418 170 417 189
428 170 430 184
434 170 423 190
518 170 519 183
550 170 559 179
555 170 563 179
397 175 396 187
402 175 401 187
413 175 413 184
449 175 450 189
455 175 463 186
460 175 469 185
502 175 509 182
508 175 514 183
539 175 536 210
545 175 554 185
550 175 559 185
386 180 385 190
407 180 407 188
413 180 412 190
444 180 451 196
455 180 463 190
460 180 468 192
465 180 474 193
534 180 549 183
545 180 540 222
555 180 551 218
381 186 373 192
386 186 384 194
391 186 390 195
397 186 399 194
407 186 406 194
449 186 446 207
455 186 463 197
465 186 469 196
481 186 498 174
513 186 575 224
550 186 542 228
555 186 548 228
597 186 599 214
386 191 385 199
391 191 389 199
418 191 411 200
465 191 467 202
476 191 493 181
555 191 547 233
597 191 598 219
603 191 604 219
407 196 399 204
413 196 405 204
418 196 411 204
428 196 433 217
449 196 450 224
465 196 468 208
481 196 496 192
497 196 509 192
555 196 570 185
560 196 574 185
476 202 491 193
555 202 569 191
571 202 573 229
608 202 590 259
613 202 595 258
529 207 541 216
560 207 575 196
592 207 596 208
481 212 495 226
502 212 506 255
539 212 545 223
555 212 563 217
603 212 555 280
555 217 563 223
460 223 467 221
555 223 562 230
486 228 494 242
513 228 523 249
518 228 528 249
534 228 535 245
539 228 539 244
545 228 544 245
555 228 562 235
576 228 566 251
449 233 455 229
465 233 471 236
486 233 493 248
492 233 499 250
539 233 539 250
545 233 545 250
571 233 506 237
608 233 607 243
460 239 466 237
513 239 523 260
529 239 535 261
545 239 544 256
529 244 535 267
571 244 566 268
592 244 601 237
597 244 607 237
608 244 606 258
571 249 566 275
576 249 572 276
608 249 605 266
571 254 567 282
576 254 571 282
603 254 600 271
576 260 571 286
597 260 587 287
603 260 601 275
566 265 578 274
597 265 588 292
513 270 510 266
566 270 579 281
571 270 584 281
592 270 593 282
497 276 520 284
502 276 532 290
508 276 538 289
566 276 578 287
486 281 504 295
497 281 521 291
502 281 532 294
508 281 538 296
560 281 544 301
566 281 548 302
571 281 555 303
486 286 503 300
508 286 537 302
566 286 549 308
486 291 479 299
502 291 532 306
571 291 570 309
513 307 524 329
