524 110 466 113
530 110 472 112
505 116 446 124
511 116 453 122
517 116 459 121
524 116 466 119
498 122 440 133
505 122 447 131
524 122 467 125
530 122 471 122
530 128 473 127
530 135 474 133
454 141 409 150
467 141 419 148
473 141 425 148
480 141 431 148
486 141 437 148
498 141 448 145
467 147 420 154
473 147 426 154
480 147 432 155
486 147 438 154
492 147 444 156
435 154 393 165
442 154 398 164
454 154 408 163
467 154 421 160
486 154 440 163
492 154 445 163
511 154 468 168
416 160 370 177
435 160 393 172
486 160 441 170
404 166 357 186
410 166 363 184
416 166 370 183
492 166 448 171
372 173 337 190
410 173 364 192
442 173 402 178
486 173 442 177
492 173 448 176
360 179 324 199
366 179 332 198
372 179 338 196
379 179 344 194
391 179 353 194
398 179 360 194
404 179 383 182
423 179 383 189
448 179 410 184
347 185 313 208
354 185 319 208
360 185 326 206
366 185 333 204
372 185 338 202
379 185 344 200
398 185 360 199
404 185 366 197
410 185 373 196
416 185 379 196
423 185 384 196
435 185 404 190
448 185 411 190
454 185 417 189
461 185 423 187
467 185 429 187
473 185 436 187
486 185 444 186
492 185 450 184
335 192 302 215
341 192 309 214
347 192 315 212
354 192 322 212
360 192 328 212
366 192 334 210
372 192 339 209
379 192 346 206
385 192 353 205
398 192 361 205
404 192 367 204
410 192 374 203
423 192 386 201
429 192 393 200
435 192 399 199
442 192 406 197
448 192 411 197
454 192 416 196
473 192 436 192
486 192 446 192
492 192 451 191
498 192 462 189
316 198 286 224
322 198 292 223
328 198 298 222
335 198 303 221
341 198 309 220
347 198 314 219
354 198 322 218
360 198 328 216
366 198 334 216
372 198 340 214
379 198 348 212
391 198 356 212
398 198 362 211
404 198 368 210
410 198 375 209
416 198 381 207
423 198 387 207
429 198 394 205
435 198 400 205
442 198 407 203
448 198 412 203
454 198 417 202
461 198 424 200
486 198 447 198
492 198 452 197
549 198 505 192
555 198 510 194
297 204 267 233
303 204 280 229
316 204 287 230
322 204 291 229
328 204 298 228
335 204 303 228
341 204 311 226
360 204 328 221
366 204 335 220
372 204 341 220
379 204 347 219
391 204 356 217
398 204 364 217
404 204 371 216
410 204 376 214
416 204 382 214
423 204 388 213
429 204 394 212
435 204 401 210
442 204 407 210
448 204 413 209
454 204 419 208
461 204 425 206
486 204 447 203
498 204 459 203
517 204 480 200
524 204 487 199
530 204 492 198
536 204 497 198
309 210 279 237
316 210 287 235
322 210 292 234
328 210 297 233
347 210 316 230
360 210 330 228
366 210 336 227
372 210 343 227
379 210 347 224
391 210 357 223
398 210 365 222
404 210 372 221
410 210 378 220
416 210 384 220
423 210 389 219
429 210 395 218
435 210 401 217
442 210 408 216
448 210 414 215
454 210 420 213
461 210 427 212
467 210 435 208
473 210 440 206
486 210 448 210
498 210 461 210
505 210 468 210
511 210 473 208
517 210 481 207
524 210 486 205
530 210 492 204
536 210 498 202
542 210 506 200
272 217 247 246
278 217 252 248
290 217 263 246
297 217 268 245
303 217 274 244
360 217 331 236
366 217 337 234
372 217 343 233
379 217 349 231
391 217 359 230
398 217 366 228
404 217 372 227
410 217 379 227
416 217 385 226
423 217 390 225
429 217 397 224
435 217 402 223
442 217 409 221
448 217 415 220
467 217 436 213
480 217 443 216
486 217 449 216
498 217 462 216
505 217 468 215
511 217 475 213
517 217 482 211
272 223 247 252
278 223 254 255
303 223 276 249
360 223 331 241
366 223 337 239
372 223 344 238
379 223 350 237
385 223 356 237
398 223 367 235
404 223 373 234
410 223 380 232
416 223 386 232
423 223 392 231
429 223 398 230
435 223 404 229
442 223 410 228
448 223 416 227
454 223 423 223
461 223 429 221
467 223 436 224
480 223 443 224
492 223 457 222
278 229 255 260
297 229 270 254
316 229 287 255
328 229 301 250
335 229 308 248
341 229 315 247
372 229 343 247
379 229 349 246
398 229 367 242
404 229 374 241
410 229 379 240
416 229 386 238
423 229 392 237
429 229 399 236
435 229 405 236
442 229 411 235
448 229 417 234
454 229 424 229
461 229 430 227
473 229 438 231
480 229 446 231
486 229 451 230
492 229 457 228
278 236 257 268
303 236 277 259
309 236 283 259
341 236 315 253
347 236 320 253
379 236 350 251
385 236 357 250
391 236 362 246
404 236 374 248
410 236 380 246
416 236 385 245
429 236 398 243
435 236 406 243
442 236 412 242
297 242 273 267
303 242 279 265
309 242 285 265
316 242 290 265
322 242 295 264
335 242 308 260
341 242 315 260
347 242 321 259
360 242 330 258
366 242 336 257
372 242 344 256
391 242 363 252
398 242 369 249
404 242 374 255
429 242 395 251
435 242 406 249
442 242 412 248
284 248 261 275
290 248 267 273
297 248 274 272
303 248 280 272
309 248 285 270
316 248 291 270
322 248 295 269
328 248 303 267
335 248 311 266
341 248 317 265
354 248 323 265
360 248 329 265
366 248 337 264
379 248 352 261
391 248 365 259
398 248 370 256
410 248 382 255
290 254 268 279
297 254 274 278
303 254 280 277
309 254 286 276
316 254 290 276
322 254 297 275
328 254 305 274
335 254 312 272
341 254 318 271
354 254 324 271
360 254 331 269
366 254 338 267
379 254 353 267
391 254 366 265
398 254 371 263
404 254 377 261
423 254 420 242
290 261 269 287
297 261 275 285
303 261 282 284
309 261 288 284
316 261 292 283
322 261 299 281
328 261 306 281
335 261 312 280
341 261 320 276
354 261 327 276
360 261 333 276
366 261 339 275
379 261 353 274
385 261 360 273
398 261 373 271
404 261 377 270
410 261 390 264
416 261 397 263
423 261 422 248
290 267 270 292
297 267 277 291
303 267 283 290
309 267 288 289
316 267 293 289
322 267 299 287
328 267 306 287
347 267 321 283
354 267 327 283
360 267 334 283
372 267 346 281
379 267 354 281
385 267 361 279
391 267 367 279
398 267 374 277
404 267 379 276
410 267 385 275
416 267 397 273
297 273 277 297
303 273 284 296
309 273 289 295
316 273 294 294
322 273 300 293
347 273 322 291
354 273 328 291
385 273 362 286
391 273 368 285
398 273 374 283
404 273 380 281
410 273 385 281
297 280 277 303
303 280 284 302
309 280 290 301
316 280 295 300
341 280 315 299
372 280 341 293
398 280 375 289
303 286 284 308
316 286 296 306
372 286 343 300
303 292 284 315
309 292 290 311
347 292 325 305
354 292 330 304
309 299 292 321
316 299 297 317
328 299 312 312
335 299 318 312
341 299 323 311
354 299 333 313
309 305 293 327
316 305 298 323
322 305 312 318
316 311 300 328
322 311 308 326
