578 95 629 79
506 125 441 95
512 125 448 93
500 131 435 102
506 131 442 101
512 131 449 99
518 131 457 96
512 137 450 107
494 143 436 110
524 143 468 116
590 143 623 111
488 149 433 126
584 149 618 119
590 149 625 117
596 149 632 113
596 161 630 138
405 167 380 146
447 167 383 158
459 167 453 114
566 167 609 143
351 173 358 150
405 173 381 153
453 173 423 142
477 173 410 159
548 173 525 133
357 179 359 156
393 179 401 142
447 179 412 167
542 179 534 153
357 185 359 164
453 185 445 144
357 190 361 171
363 190 369 169
429 190 400 179
459 190 485 151
542 190 538 160
363 196 371 176
459 196 432 186
584 196 532 168
363 202 371 183
369 202 378 182
387 202 397 162
578 202 541 168
411 208 435 164
363 214 368 194
363 220 369 201
423 220 432 178
363 226 370 206
381 226 389 196
399 226 405 192
405 226 411 191
411 226 419 189
417 226 426 186
459 226 460 172
554 226 549 180
614 226 633 153
381 232 392 202
399 232 408 199
405 232 414 197
411 232 419 196
417 232 426 193
453 232 455 180
459 232 461 178
465 232 467 176
471 232 481 174
554 232 526 192
560 232 531 190
572 232 565 181
578 232 552 188
381 238 395 208
554 238 527 200
560 238 532 199
566 238 540 198
381 244 396 217
399 250 410 213
477 250 457 223
518 250 507 211
459 256 498 206
488 256 467 229
494 256 473 227
500 256 479 226
