358 169 317 119
369 169 322 118
375 169 327 118
380 169 330 117
386 169 334 117
392 169 339 116
358 175 314 123
369 175 322 122
375 175 327 121
380 175 331 121
386 175 336 120
291 180 279 140
369 180 323 126
375 180 328 125
386 180 335 125
453 180 389 119
297 186 284 141
325 186 296 139
342 186 307 133
386 186 336 129
481 186 411 122
486 186 415 121
492 186 419 121
497 186 423 121
314 191 292 144
319 191 296 143
330 191 300 143
336 191 305 142
392 191 320 132
408 191 328 131
414 191 331 130
486 191 404 124
492 191 420 125
497 191 423 124
508 191 429 124
336 197 305 147
392 197 320 136
397 197 324 136
469 197 368 126
475 197 373 125
497 197 411 126
392 202 320 140
403 202 328 139
458 202 361 132
469 202 369 129
481 202 378 129
486 202 382 129
492 202 408 130
497 202 413 130
486 208 387 133
492 208 392 132
497 208 413 133
442 214 350 141
386 219 318 152
469 219 372 143
486 219 388 141
508 219 431 144
386 225 318 156
419 225 344 153
442 225 347 149
464 225 368 147
469 225 372 146
475 225 377 146
486 225 389 145
508 225 431 148
364 230 311 162
386 230 319 160
403 230 328 156
408 230 331 157
442 230 352 153
447 230 355 152
469 230 373 150
475 230 377 150
486 230 389 149
492 230 394 148
403 236 328 161
408 236 332 161
414 236 335 160
442 236 352 157
447 236 356 157
475 236 378 154
481 236 384 153
486 236 390 153
397 241 325 165
403 241 328 165
408 241 332 164
414 241 336 164
436 241 350 162
442 241 353 161
447 241 357 160
453 241 361 160
458 241 365 159
475 241 381 157
481 241 385 157
486 241 390 157
503 241 429 156
375 247 316 171
380 247 321 171
403 247 328 168
408 247 332 168
414 247 336 168
419 247 340 167
436 247 350 166
442 247 354 165
447 247 358 165
453 247 362 165
469 247 378 163
475 247 381 161
481 247 386 162
486 247 391 161
375 253 317 176
386 253 321 174
397 253 326 174
403 253 329 173
408 253 333 173
414 253 336 172
419 253 340 171
430 253 347 170
436 253 350 170
442 253 354 169
447 253 358 169
453 253 362 169
458 253 366 167
469 253 378 166
475 253 382 166
481 253 387 166
486 253 392 166
369 258 314 180
375 258 318 180
386 258 322 179
392 258 325 178
403 258 330 177
408 258 333 176
414 258 337 175
419 258 341 175
425 258 345 174
442 258 354 173
447 258 359 173
453 258 362 172
458 258 367 172
469 258 379 170
481 258 388 170
375 264 317 184
386 264 322 182
392 264 325 182
403 264 330 181
408 264 334 180
414 264 338 179
419 264 343 179
430 264 347 179
436 264 350 178
442 264 355 177
447 264 360 177
453 264 364 177
458 264 370 175
464 264 375 175
469 264 379 175
475 264 384 174
481 264 397 185
380 269 319 187
386 269 322 187
392 269 326 186
403 269 331 184
408 269 334 184
414 269 339 184
430 269 347 183
436 269 351 182
442 269 356 182
458 269 371 179
464 269 375 179
469 269 379 179
475 269 384 178
380 275 319 191
386 275 322 191
397 275 328 189
403 275 331 188
408 275 334 188
430 275 348 187
436 275 351 186
442 275 356 185
453 275 365 184
458 275 371 183
464 275 376 183
469 275 381 182
475 275 385 182
486 275 403 193
397 280 328 194
403 280 331 192
408 280 334 192
414 280 339 191
419 280 343 191
453 280 365 189
464 280 376 187
469 280 381 186
475 280 385 186
364 286 312 205
386 286 324 198
403 286 331 197
408 286 335 197
414 286 340 196
436 286 352 192
447 286 360 191
469 286 381 190
475 286 386 190
486 286 403 199
364 291 312 209
369 291 317 212
408 291 335 200
425 291 346 197
430 291 350 197
447 291 361 194
453 291 366 195
469 291 381 195
475 291 392 204
353 297 310 217
364 297 313 218
386 297 333 215
419 297 342 202
425 297 346 201
430 297 349 201
436 297 353 200
453 297 366 199
469 297 383 199
475 297 388 199
286 303 284 223
414 303 337 206
419 303 342 206
425 303 345 205
430 303 350 204
436 303 354 203
442 303 357 199
475 303 388 203
481 303 395 202
297 308 290 224
303 308 292 223
319 308 302 222
442 308 357 203
475 308 388 207
486 308 405 210
492 308 410 210
297 314 289 228
308 314 294 227
314 314 298 227
442 314 358 207
453 314 367 205
481 314 395 210
486 314 400 210
492 314 410 213
297 319 289 232
303 319 293 232
314 319 299 232
380 319 378 224
436 319 359 210
469 319 384 213
475 319 388 213
486 319 400 214
319 325 299 235
369 325 336 227
442 325 359 215
447 325 363 214
475 325 388 217
447 330 364 218
458 330 417 242
464 330 421 242
475 330 389 221
486 330 402 223
492 330 411 222
358 336 310 234
380 336 324 232
458 336 418 245
475 336 389 224
486 336 403 227
492 336 415 225
347 341 304 239
425 341 348 233
453 341 414 247
458 341 374 232
464 341 382 229
469 341 386 228
481 341 394 228
347 347 304 244
430 347 353 236
458 347 374 235
464 347 382 234
475 347 388 233
481 347 395 233
486 347 400 233
347 353 305 247
358 353 309 246
458 353 374 240
464 353 378 239
469 353 383 238
475 353 388 238
481 353 395 238
486 353 400 237
380 358 317 246
430 358 351 242
436 358 355 242
464 358 379 243
469 358 383 243
475 358 389 242
486 358 401 241
492 358 410 243
369 364 313 251
386 364 321 250
392 364 326 250
419 364 345 247
436 364 355 246
442 364 359 248
469 364 387 246
486 364 430 245
375 369 323 257
386 369 326 254
403 369 334 253
414 369 341 252
419 369 346 251
464 369 380 251
469 369 385 250
475 369 392 250
481 369 398 250
369 375 319 262
375 375 323 262
397 375 331 257
403 375 335 257
408 375 338 257
414 375 342 257
419 375 346 256
436 375 359 254
469 375 386 254
475 375 394 254
392 380 327 262
397 380 332 261
408 380 340 261
425 380 351 259
469 380 386 258
392 386 327 266
397 386 332 266
408 386 340 267
414 397 352 275
425 397 362 275
