0.9861215353012085 0.1630140393972397 0.03147199004888535 -0.05176267772912979 
-0.1613274961709976 0.9856207370758057 -0.05024999007582664 0.0246342197060585 
-0.03921094536781311 0.04447526857256889 0.9982407093048096 -0.2925441563129425 
0 0 0 1 

0.9665428996086121 0.2542160153388977 0.03419178351759911 -0.05039339512586594 
-0.2510347664356232 0.9648708701133728 -0.07749678939580917 0.0378606952726841 
-0.05269157886505127 0.06632064282894135 0.9964061379432678 -0.2919295430183411 
0 0 0 1 

0.8941657543182373 0.4470892250537872 0.02405650168657303 -0.04124550521373749 
-0.4399857819080353 0.8873724341392517 -0.1377772092819214 0.06507502496242523 
-0.082945816218853 0.1126111224293709 0.9901710748672485 -0.2901919782161713 
0 0 0 1 

0.8462864756584167 0.5325331687927246 0.01439925003796816 -0.03532074391841888 
-0.5232772827148438 0.8360384106636047 -0.1649859547615051 0.07729709148406982 
-0.09989889711141586 0.1320905685424805 0.9861907958984375 -0.2887670993804932 
0 0 0 1 

0.7950152158737183 0.6065201759338379 -0.009165862575173378 -0.02493573352694511 
-0.5990872383117676 0.7827238440513611 -0.1686348170042038 0.08184435218572617 
-0.09510610997676849 0.1395583897829056 0.9856359958648682 -0.2896773815155029 
0 0 0 1 

0.7239986658096313 0.6890571713447571 -0.03202874585986137 -0.01268693897873163 
-0.6841688752174377 0.7113913893699646 -0.1607324331998825 0.08253311365842819 
-0.08796892315149307 0.1382831186056137 0.9864782094955444 -0.2906958758831024 
0 0 0 1 

0.6506686210632324 0.7587922811508179 -0.0293996836990118 -0.008347769267857075 
-0.7545244693756104 0.6416760087013245 -0.1376389116048813 0.07788857817649841 
-0.08557431399822235 0.1117400899529457 0.9900460243225098 -0.2934122681617737 
0 0 0 1 

0.5504854917526245 0.8338297605514526 -0.04115133360028267 0.001435682643204927 
-0.8329049348831177 0.5451807379722595 -0.09511643648147583 0.06652028858661652 
-0.05687602981925011 0.08663536608219147 0.9946151971817017 -0.2983097732067108 
0 0 0 1 

0.4599949717521667 0.8836191296577454 -0.08730284124612808 0.0220295675098896 
-0.8878816962242126 0.4568149745464325 -0.05464515835046768 0.0542348176240921 
-0.008404266089200974 0.1026510968804359 0.9946818947792053 -0.302221953868866 
0 0 0 1 

0.4216078221797943 0.9016502499580383 -0.0962991937994957 0.02566155791282654 
-0.9067714214324951 0.4196303486824036 -0.04093603789806366 0.04992809519171715 
0.003499994520097971 0.1045803055167198 0.9945102334022522 -0.3035047650337219 
0 0 0 1 

