424 72 481 142
424 79 477 147
496 98 504 219
457 105 464 188
490 105 493 218
503 105 500 224
405 111 429 155
411 111 434 161
398 118 420 154
405 118 423 159
457 118 468 185
463 118 472 191
496 118 489 233
405 124 416 162
450 124 443 196
457 131 443 205
424 138 415 186
431 138 418 189
450 138 432 206
411 144 391 185
431 144 413 193
444 144 421 204
450 144 426 210
411 151 385 188
431 151 402 200
437 151 411 203
444 151 415 208
450 151 421 215
490 151 442 240
437 157 407 206
450 157 413 213
437 164 401 210
444 164 404 215
450 164 409 221
457 164 414 226
444 170 399 219
450 170 404 225
411 177 366 201
391 183 361 182
405 183 364 198
391 190 355 186
398 190 355 195
385 196 344 185
391 196 349 191
378 203 335 183
385 203 339 189
391 203 340 197
378 210 330 189
431 210 359 225
437 210 364 230
365 216 319 185
378 216 326 193
385 216 329 199
398 216 336 209
405 216 340 213
411 216 344 218
365 223 315 188
372 223 318 194
398 223 332 213
411 223 339 222
444 223 367 246
411 229 335 226
424 229 346 233
431 229 350 238
405 236 324 225
431 236 346 243
444 236 347 254
431 242 333 247
437 242 337 252
365 249 309 202
457 249 340 267
378 255 311 219
424 275 315 260
431 275 319 265
411 281 300 252
418 281 305 259
424 281 310 264
431 281 314 269
365 288 280 226
405 288 291 251
411 288 296 257
418 288 299 263
424 288 304 267
431 288 309 273
333 295 245 203
339 295 252 209
405 295 286 255
411 295 291 261
418 295 296 266
431 295 304 278
352 301 257 224
418 301 290 270
333 308 237 213
346 308 246 223
391 308 267 253
405 308 280 260
411 308 280 268
372 314 253 238
378 314 259 243
405 314 274 265
418 314 282 274
359 321 240 230
365 321 244 238
372 321 248 243
391 321 260 258
398 321 264 263
405 321 268 268
424 321 279 278
385 327 251 256
391 327 255 260
398 327 259 266
405 327 263 272
418 327 269 280
424 327 274 283
385 334 247 260
391 334 252 265
398 334 255 270
411 334 260 277
418 334 263 283
437 340 267 298
418 347 252 290
