424 72 481 142
431 72 485 149
424 79 477 147
431 79 480 152
411 92 449 149
411 98 341 178
496 98 504 219
509 98 509 226
516 98 513 232
405 105 435 151
457 105 464 188
490 105 493 218
503 105 500 224
509 105 503 229
405 111 429 155
411 111 434 161
509 111 497 234
398 118 420 154
405 118 423 159
418 118 436 167
457 118 468 185
463 118 472 191
496 118 489 233
509 118 492 238
405 124 416 162
431 124 431 180
437 124 434 185
444 124 439 191
450 124 443 196
424 131 421 180
431 131 425 184
437 131 429 189
444 131 434 194
457 131 443 205
411 138 396 182
424 138 415 186
431 138 418 189
437 138 423 194
444 138 428 199
450 138 432 206
457 138 437 211
463 138 439 216
503 138 464 234
405 144 384 178
411 144 391 185
431 144 413 193
437 144 417 199
444 144 421 204
450 144 426 210
463 144 431 215
476 144 442 233
411 151 385 188
431 151 402 200
437 151 411 203
444 151 415 208
450 151 421 215
483 151 435 229
490 151 442 240
437 157 407 206
450 157 413 213
490 157 436 244
437 164 401 210
444 164 404 215
450 164 409 221
457 164 414 226
444 170 399 219
450 170 404 225
411 177 366 201
391 183 361 182
405 183 364 198
391 190 355 186
398 190 355 195
385 196 344 185
391 196 349 191
378 203 335 183
385 203 339 189
391 203 340 197
437 203 370 227
444 203 373 232
476 203 431 249
378 210 330 189
431 210 359 225
437 210 364 230
365 216 319 185
378 216 326 193
385 216 329 199
398 216 336 209
405 216 340 213
411 216 344 218
365 223 315 188
372 223 318 194
378 223 321 199
398 223 332 213
405 223 336 218
411 223 339 222
444 223 367 246
385 229 321 210
398 229 327 217
405 229 331 222
411 229 335 226
424 229 346 233
431 229 350 238
398 236 321 219
405 236 324 225
411 236 329 230
418 236 333 235
424 236 343 238
431 236 346 243
444 236 347 254
457 236 351 259
463 236 355 266
372 242 313 208
431 242 333 247
437 242 337 252
444 242 342 258
463 242 350 270
470 242 355 277
365 249 309 202
437 249 332 256
457 249 340 267
463 249 346 274
359 255 299 202
365 255 304 208
372 255 307 213
378 255 311 219
457 255 336 271
463 255 340 277
359 262 297 211
365 262 302 216
352 268 287 212
359 268 293 216
378 268 303 224
411 268 320 245
431 268 323 260
457 268 329 276
463 268 333 283
352 275 282 216
424 275 315 260
431 275 319 265
437 275 323 271
457 275 323 280
346 281 268 207
365 281 285 222
372 281 289 227
398 281 293 242
405 281 297 248
411 281 300 252
418 281 305 259
424 281 310 264
431 281 314 269
437 281 318 274
346 288 262 211
365 288 280 226
372 288 284 231
391 288 282 240
398 288 287 246
405 288 291 251
411 288 296 257
418 288 299 263
424 288 304 267
431 288 309 273
457 288 312 288
333 295 245 203
339 295 252 209
346 295 258 215
352 295 261 220
359 295 271 225
365 295 275 230
391 295 277 244
398 295 281 250
405 295 286 255
411 295 291 261
418 295 296 266
424 295 300 271
431 295 304 278
333 301 240 206
339 301 246 214
346 301 252 218
352 301 257 224
391 301 272 248
418 301 290 270
326 308 232 206
333 308 237 213
346 308 246 223
385 308 261 247
391 308 267 253
398 308 276 256
405 308 280 260
411 308 280 268
339 314 241 219
372 314 253 238
378 314 259 243
385 314 257 251
405 314 274 265
418 314 282 274
346 321 237 224
359 321 240 230
365 321 244 238
372 321 248 243
378 321 251 247
391 321 260 258
398 321 264 263
405 321 268 268
424 321 279 278
378 327 245 251
385 327 251 256
391 327 255 260
398 327 259 266
405 327 263 272
418 327 269 280
424 327 274 283
385 334 247 260
391 334 252 265
398 334 255 270
411 334 260 277
418 334 263 283
424 334 267 287
418 340 257 286
424 340 260 291
437 340 267 298
385 347 245 270
418 347 252 290
431 347 256 297
