329 149 541 253
340 149 545 257
340 165 536 257
185 171 384 178
191 171 414 199
346 176 531 262
335 204 442 250
324 210 456 243
340 221 432 268
352 221 459 280
307 226 438 236
352 232 456 284
335 237 455 275
280 243 424 229
313 243 427 256
346 243 429 290
335 248 450 279
329 259 441 278
346 259 451 289
324 270 421 278
329 287 401 299
324 293 395 294
352 293 420 319
241 304 388 273
379 304 474 385
213 315 381 258
352 315 400 348
346 320 390 346
346 331 385 352
257 337 396 303
374 337 413 384
379 337 418 389
207 343 361 278
263 343 402 319
368 343 405 383
379 343 414 392
324 348 435 334
363 348 460 349
213 354 357 282
263 354 396 324
313 354 470 379
363 359 440 360
357 365 435 364
335 376 420 359
274 381 361 336
230 392 331 307
307 392 375 373
