490 123 489 132
471 135 474 141
483 135 483 142
446 142 444 152
464 142 461 154
477 142 474 154
483 142 482 149
408 148 404 158
414 148 412 158
420 148 418 158
427 148 423 158
446 148 442 160
452 148 449 160
471 148 468 160
408 154 403 164
414 154 411 164
420 154 417 164
446 154 442 163
464 154 461 166
382 160 381 169
389 160 386 169
401 160 398 170
414 160 409 170
420 160 416 171
471 160 468 173
376 167 374 175
382 167 380 175
389 167 386 175
395 167 391 176
401 167 396 177
408 167 403 177
414 167 409 177
420 167 415 177
427 167 422 178
446 167 441 176
458 167 453 173
338 173 340 178
370 173 366 182
382 173 379 182
389 173 386 182
395 173 390 183
401 173 396 184
408 173 402 184
414 173 408 184
420 173 415 183
427 173 422 183
458 173 453 179
464 173 458 186
471 173 465 186
351 179 353 186
364 179 359 187
370 179 365 188
376 179 371 188
382 179 378 188
389 179 385 189
395 179 391 189
408 179 402 190
414 179 409 190
420 179 414 190
433 179 427 190
439 179 432 190
458 179 451 190
464 179 458 191
471 179 465 191
332 186 328 192
345 186 340 193
357 186 353 193
364 186 359 194
370 186 365 195
376 186 371 195
382 186 377 195
389 186 385 195
395 186 391 194
401 186 397 195
408 186 402 196
414 186 409 196
427 186 418 197
433 186 424 197
439 186 433 197
345 192 340 200
351 192 346 200
357 192 352 200
370 192 363 201
376 192 370 201
382 192 376 201
389 192 384 201
395 192 391 201
401 192 397 200
408 192 402 202
414 192 407 203
427 192 417 203
433 192 424 204
439 192 432 202
351 198 345 206
357 198 352 205
364 198 357 206
382 198 376 207
389 198 383 208
401 198 397 207
408 198 402 207
414 198 407 208
427 198 417 210
433 198 423 208
439 198 430 208
502 198 496 206
508 198 502 207
515 198 508 207
275 204 274 206
332 204 327 210
338 204 332 210
345 204 339 212
351 204 346 212
364 204 358 213
370 204 362 214
376 204 368 214
382 204 375 214
389 204 382 214
395 204 390 213
401 204 396 213
408 204 401 212
414 204 407 213
427 204 417 215
433 204 423 212
439 204 428 213
483 204 472 216
490 204 479 216
496 204 489 213
238 211 238 211
269 211 269 212
275 211 275 214
294 211 289 215
332 211 327 216
338 211 332 216
351 211 345 218
357 211 353 218
364 211 357 218
370 211 362 219
376 211 368 220
382 211 374 220
389 211 381 220
395 211 388 221
408 211 400 218
414 211 407 220
427 211 416 221
433 211 422 219
439 211 427 219
446 211 434 221
471 211 459 218
477 211 466 221
483 211 472 222
490 211 478 223
502 211 503 218
244 217 244 217
275 217 276 220
301 217 294 220
357 217 351 225
364 217 356 225
370 217 362 226
376 217 369 226
382 217 375 226
389 217 381 226
427 217 415 227
452 217 440 227
477 217 466 227
483 217 473 228
238 223 237 223
244 223 243 224
294 223 288 227
307 223 299 228
357 223 350 231
370 223 359 231
376 223 368 232
382 223 374 233
389 223 381 232
452 223 439 234
477 223 465 234
238 230 237 228
244 230 243 230
332 230 326 234
364 230 352 237
370 230 357 238
376 230 368 238
382 230 375 238
389 230 382 238
446 230 432 240
452 230 438 240
282 236 275 238
338 236 333 240
364 236 351 244
370 236 356 246
382 236 375 245
433 236 419 247
439 236 425 247
446 236 431 246
458 236 444 245
244 242 243 244
282 242 280 244
370 242 357 254
433 242 418 252
439 242 425 252
244 249 244 249
250 249 248 250
256 249 255 249
320 249 312 254
351 249 342 254
401 249 413 246
420 249 406 258
427 249 412 258
263 255 260 255
282 255 274 258
345 255 338 256
351 255 341 258
382 255 369 264
389 255 374 265
420 255 405 263
256 261 253 263
269 261 263 262
275 261 268 262
282 261 274 262
288 261 280 264
345 261 338 262
256 268 254 270
269 268 262 268
275 268 269 267
345 268 337 269
351 268 342 269
269 274 263 274
275 280 268 277
288 280 280 278
313 280 316 276
275 286 267 283
313 286 316 282
263 293 255 287
269 293 261 289
282 293 273 289
301 293 297 288
275 299 267 296
282 299 272 295
