465 49 375 142
434 60 349 174
439 60 352 169
460 60 380 154
388 65 333 198
393 65 336 192
419 65 345 187
419 70 351 191
424 70 356 186
383 75 336 203
393 75 342 212
378 80 338 209
383 80 341 206
419 90 378 195
506 105 429 176
536 116 470 135
363 121 366 260
358 126 368 264
368 126 373 259
536 126 475 140
358 131 373 267
541 141 489 149
450 162 429 208
521 162 462 195
450 167 433 210
490 167 474 197
495 172 478 191
444 177 436 218
444 182 439 221
450 182 443 216
358 187 389 287
424 187 434 248
363 192 394 291
424 192 439 251
429 192 442 246
434 192 446 242
444 192 453 233
541 192 513 198
429 197 447 249
434 197 450 244
439 197 453 240
506 197 478 229
541 197 516 200
373 202 410 279
358 207 409 301
363 207 412 296
521 207 511 188
541 207 521 205
506 212 488 191
526 212 508 203
506 218 491 195
506 223 495 199
511 223 507 221
526 223 518 217
470 238 505 243
495 238 512 227
506 248 524 227
511 248 527 223
490 253 510 255
