488 125 495 159
444 144 432 173
463 150 457 182
400 156 390 176
406 156 398 174
413 156 404 176
419 156 409 177
463 156 456 187
482 156 476 191
368 163 351 174
375 163 358 176
387 163 372 179
394 163 381 181
406 163 390 183
419 163 408 184
425 163 414 185
451 163 442 189
457 163 449 191
463 163 455 194
469 163 462 195
476 163 469 196
368 169 349 182
375 169 356 183
381 169 361 184
387 169 368 185
394 169 375 187
400 169 381 187
406 169 388 189
413 169 395 192
444 169 434 195
451 169 440 195
457 169 448 197
463 169 455 200
469 169 461 201
495 169 492 209
375 175 353 188
381 175 359 190
387 175 366 191
394 175 372 193
400 175 379 194
406 175 385 196
413 175 392 197
451 175 437 203
457 175 446 203
463 175 453 206
488 175 477 213
362 182 334 191
368 182 345 193
375 182 351 195
381 182 358 197
387 182 365 197
406 182 379 201
413 182 385 203
419 182 392 204
425 182 397 205
495 182 490 216
337 188 320 193
343 188 324 193
356 188 332 196
406 188 378 208
413 188 384 209
419 188 389 210
432 188 411 212
476 188 470 218
495 188 488 220
293 194 272 189
299 194 278 190
330 194 309 197
425 194 395 218
432 194 408 219
438 194 415 219
330 200 308 204
337 200 314 205
375 200 353 212
438 200 413 226
495 200 480 235
501 200 484 240
242 207 232 187
324 207 302 205
349 207 327 211
356 207 333 213
362 207 340 214
368 207 346 216
375 207 353 218
255 213 242 195
261 213 249 197
267 213 255 198
280 213 269 201
324 213 300 211
330 213 305 214
337 213 312 215
343 213 319 216
349 213 326 217
362 213 339 220
368 213 344 222
375 213 351 224
469 213 463 241
236 219 223 199
261 219 249 202
267 219 256 204
311 219 290 222
337 219 310 221
343 219 317 222
349 219 324 224
362 219 335 227
368 219 342 229
381 219 357 231
425 219 390 240
432 219 397 241
438 219 403 241
444 219 409 243
343 226 315 229
349 226 323 230
356 226 328 231
362 226 335 232
368 226 341 235
375 226 348 236
432 226 395 249
438 226 401 250
463 226 432 256
255 232 239 215
349 232 316 236
356 232 327 236
362 232 334 239
368 232 340 242
375 232 347 243
387 232 375 240
394 232 382 243
419 232 385 252
425 232 393 255
432 232 398 256
438 232 405 255
451 232 413 259
457 232 419 260
337 238 307 238
349 238 314 240
356 238 320 242
362 238 333 244
368 238 340 247
400 238 357 258
419 238 384 258
425 238 390 260
432 238 397 261
444 238 410 264
457 238 418 267
242 245 225 222
248 245 230 222
337 245 306 245
356 245 325 250
368 245 330 252
261 251 242 233
368 251 329 260
375 251 336 259
381 251 343 262
387 251 349 263
299 257 279 248
305 257 285 249
311 257 291 250
324 257 297 250
362 257 323 261
368 257 330 264
375 257 335 267
387 257 347 269
394 257 376 264
261 264 238 243
267 264 245 244
286 264 265 250
293 264 271 253
324 264 296 258
337 264 304 260
356 264 314 267
362 264 321 268
368 264 327 270
261 270 235 251
267 270 241 252
274 270 248 251
280 270 255 252
286 270 262 255
293 270 268 256
299 270 275 260
311 270 284 261
318 270 290 262
337 270 301 266
267 276 239 258
274 276 247 257
286 276 260 260
293 276 268 262
299 276 273 264
311 276 282 266
330 276 300 271
274 283 245 264
293 283 266 271
305 283 274 270
299 289 266 275
305 289 272 277
286 295 253 272
267 308 236 284
