419 109 459 94
481 119 512 109
481 124 499 106
487 124 505 105
487 129 503 112
367 228 376 113
399 228 401 120
404 228 408 121
409 233 415 123
435 249 439 138
440 249 446 140
445 249 453 141
450 249 459 142
456 249 466 144
466 254 477 162
362 264 343 254
352 269 328 257
352 285 321 277
367 285 342 283
399 285 371 288
362 290 335 287
399 290 370 295
404 290 375 297
378 311 340 296
383 311 348 297
393 311 357 309
399 311 370 310
409 311 380 307
456 311 429 313
378 316 338 302
383 316 345 303
435 316 412 321
456 316 430 322
378 321 336 309
383 321 343 311
388 321 351 311
414 321 384 320
419 321 390 322
424 321 395 325
430 321 402 326
456 321 429 332
424 326 393 330
