446 132 403 119
450 132 409 116
416 136 406 123
433 136 422 118
446 136 433 117
454 136 439 115
403 140 392 131
433 140 424 122
437 140 428 121
446 140 435 122
454 140 441 121
459 140 445 119
394 145 388 136
416 145 377 154
420 145 414 126
424 145 417 125
476 145 457 114
381 149 362 161
390 149 370 157
411 149 375 162
433 149 426 126
459 149 450 124
472 149 466 122
381 153 364 166
411 153 377 166
420 153 416 132
446 153 440 134
476 153 459 120
377 158 363 178
420 158 434 160
373 162 360 185
377 162 364 183
420 162 437 164
441 162 438 146
493 162 496 133
398 166 458 161
493 166 498 137
373 171 372 182
394 171 456 168
398 171 461 166
441 171 394 196
446 171 428 171
467 171 470 174
437 175 418 178
480 175 495 147
355 179 353 182
407 179 395 165
497 179 483 134
502 179 489 132
355 184 354 188
364 184 366 213
429 184 423 177
355 188 357 193
364 188 368 217
424 188 421 183
429 188 425 181
446 188 463 173
450 188 494 159
355 192 359 198
411 192 393 221
424 192 423 188
429 192 427 187
446 192 465 176
377 196 444 198
420 196 398 213
441 196 486 169
446 196 404 162
355 201 362 205
411 201 467 151
381 205 440 213
467 205 411 200
472 205 415 199
472 209 416 203
377 214 419 198
403 214 448 190
472 214 418 209
489 214 482 217
454 218 461 180
398 222 406 196
441 222 442 193
454 222 462 184
493 226 508 188
351 235 374 235
403 235 444 186
351 239 376 239
403 239 411 177
493 239 517 196
351 244 379 243
394 252 459 216
459 252 489 173
484 252 514 205
368 261 394 246
373 261 398 244
377 261 413 253
381 261 418 251
394 261 422 228
463 261 497 211
467 261 503 208
484 261 520 203
364 265 390 252
368 265 395 250
373 265 399 248
386 265 413 235
390 265 419 234
454 265 494 201
467 265 505 212
368 270 411 261
403 270 470 242
407 270 474 239
429 270 467 250
472 270 512 211
373 274 418 263
394 274 430 248
398 274 447 247
394 278 432 252
398 278 449 251
459 278 504 222
386 282 425 262
390 282 440 260
446 282 484 242
463 282 510 226
441 287 480 248
446 287 485 247
450 287 490 245
441 291 482 253
450 291 491 250
450 295 503 246
