396 146 364 159
401 146 367 156
406 146 378 141
382 151 357 172
406 151 381 145
410 151 386 142
382 155 361 177
429 155 406 129
453 155 410 125
382 160 366 180
391 160 371 168
382 165 368 185
420 165 398 148
429 174 420 146
363 184 375 222
415 184 420 177
354 188 360 206
420 188 424 164
396 193 412 195
363 203 395 238
368 203 385 209
391 207 408 200
401 207 421 196
354 226 387 237
467 226 500 159
467 231 503 162
354 259 409 256
382 264 466 236
372 269 464 245
382 269 469 240
448 273 501 199
448 278 507 204
387 283 468 248
410 283 490 219
420 283 493 217
424 283 496 213
434 283 512 193
443 283 507 212
448 283 510 209
420 287 495 220
443 287 510 217
448 287 513 213
382 292 460 260
401 292 481 245
406 292 484 242
429 292 492 231
448 292 520 202
406 297 498 233
