464 130 337 201
405 134 347 234
456 134 345 208
401 137 351 237
409 137 349 228
413 137 347 219
405 141 354 232
409 141 353 222
413 141 352 217
382 145 368 266
386 145 368 262
390 145 366 257
394 145 365 251
386 149 372 261
413 149 371 220
417 149 373 214
483 149 354 174
390 153 369 246
417 153 378 213
487 153 362 162
491 157 366 156
495 157 365 150
503 157 363 140
394 161 386 253
386 165 380 255
495 165 370 149
499 165 370 145
378 169 396 272
499 169 375 144
503 169 375 140
507 169 374 135
378 172 401 272
507 172 378 133
476 176 376 175
425 200 417 204
483 200 386 137
476 204 393 152
479 204 390 140
483 204 390 136
374 208 434 259
483 208 409 154
483 219 421 135
491 219 424 152
491 223 428 150
499 227 409 131
472 231 446 166
456 250 485 164
409 254 456 208
413 254 455 203
390 258 482 238
394 258 481 232
398 258 481 228
390 266 499 236
398 266 501 226
394 274 508 228
398 274 507 223
425 274 502 204
401 278 510 212
421 282 513 202
425 282 512 197
433 282 510 189
436 282 509 186
460 282 504 155
464 282 503 150
