451 112 356 142
456 112 360 135
442 116 358 150
451 116 361 143
447 121 366 149
465 121 381 127
469 121 384 122
447 125 371 153
451 125 374 148
456 125 379 143
483 125 403 109
388 130 349 200
465 130 390 130
469 130 394 124
419 134 365 180
465 134 394 132
492 134 414 107
469 139 399 129
492 139 418 110
361 143 341 210
392 143 375 188
424 143 393 154
469 143 403 132
478 143 450 133
492 143 424 115
496 143 427 109
356 148 342 218
447 148 455 195
460 148 434 163
496 148 463 116
352 152 344 226
356 152 347 222
465 152 386 204
478 152 435 123
496 152 467 120
505 152 468 111
415 157 394 170
383 161 407 205
397 161 415 187
501 161 478 119
383 166 411 210
397 166 420 191
437 166 426 196
474 166 484 179
492 166 452 138
419 170 419 212
433 170 427 204
437 170 430 200
492 170 458 142
496 170 460 138
365 175 364 211
428 175 437 158
487 175 457 157
492 175 459 149
496 175 466 141
501 175 470 137
492 179 464 154
505 179 479 135
469 193 472 154
496 197 496 142
347 202 377 245
401 202 460 199
496 202 501 145
442 206 456 166
343 211 397 268
374 211 464 226
410 211 469 199
442 211 460 168
447 211 460 160
487 211 472 124
347 216 387 259
374 216 467 229
447 216 465 164
451 216 467 159
487 216 477 127
356 220 430 256
401 220 461 218
410 220 437 236
447 220 469 168
465 220 482 170
483 220 510 168
352 225 432 264
356 225 435 259
465 225 487 173
356 229 441 265
370 229 424 257
456 229 489 184
460 229 492 179
356 234 446 267
370 234 426 260
374 234 457 244
456 234 493 187
460 234 497 182
365 238 454 257
370 238 456 252
451 238 482 209
456 238 497 190
460 238 502 185
469 238 510 176
365 243 437 267
415 243 471 234
474 243 518 184
365 247 442 272
419 247 476 237
424 247 479 232
383 252 470 256
424 252 484 227
442 252 501 217
460 252 515 210
424 256 486 237
442 256 514 202
442 261 518 205
