534 121 478 104
545 121 483 103
562 121 533 102
540 126 484 108
557 126 516 105
562 126 523 104
568 126 529 103
557 132 517 111
562 132 523 109
568 132 528 107
579 137 561 121
540 143 503 118
568 143 528 115
573 143 546 119
579 143 551 118
568 148 529 119
573 148 546 128
579 148 552 124
562 154 525 121
579 154 552 129
562 160 526 126
512 165 439 152
562 165 526 132
573 165 543 141
562 171 525 136
579 176 559 139
584 176 565 139
506 182 454 140
557 182 521 153
568 182 537 147
579 182 560 144
551 187 524 160
490 193 428 160
545 193 491 179
551 193 524 166
557 193 530 166
584 193 571 150
534 199 481 181
579 199 568 155
540 204 486 186
579 204 569 161
534 210 481 191
540 210 489 196
568 210 557 172
573 210 563 171
579 210 570 170
557 215 521 192
573 226 570 192
562 232 561 204
579 232 576 199
512 237 455 229
562 237 560 211
506 243 448 235
523 243 470 236
495 249 432 225
573 249 570 220
495 254 433 230
523 260 493 241
540 265 528 247
534 271 498 251
540 276 506 255
529 282 508 266
529 287 509 272
