529 121 513 112
534 121 524 111
540 121 529 112
545 121 535 112
551 121 540 112
557 121 547 111
562 121 555 112
395 126 396 120
401 126 402 120
512 126 502 117
523 126 508 117
529 126 513 116
534 126 525 116
540 126 530 117
545 126 535 117
557 126 548 117
562 126 553 116
568 126 561 117
395 132 397 125
501 132 479 122
512 132 497 121
545 132 536 124
557 132 546 124
568 132 559 122
373 137 380 130
379 137 386 131
412 137 425 130
456 137 456 129
490 137 475 128
501 137 480 128
506 137 490 127
512 137 496 127
523 137 511 126
529 137 517 126
540 137 530 124
573 137 574 135
579 137 579 135
367 143 358 145
451 143 451 134
495 143 474 133
501 143 485 133
506 143 491 133
512 143 496 133
518 143 501 134
568 143 563 134
579 143 579 141
367 148 358 151
468 148 463 135
484 148 463 145
495 148 474 138
512 148 496 139
562 148 558 134
584 148 584 146
434 154 441 147
468 154 463 141
490 154 468 145
506 154 491 152
562 154 546 141
584 154 584 151
484 160 462 151
540 160 501 185
551 160 534 151
557 160 541 145
562 160 546 145
568 160 552 145
584 160 585 157
423 165 396 152
462 165 441 150
534 165 497 191
401 171 380 162
406 171 385 158
445 171 398 157
462 171 458 161
495 171 480 168
506 171 492 164
534 171 518 155
551 171 534 157
557 171 539 157
579 171 579 157
412 176 391 164
445 176 397 163
495 176 481 174
545 176 540 174
562 176 556 167
568 176 560 167
579 176 578 162
584 176 583 163
440 182 419 172
445 182 425 172
501 182 487 173
551 182 544 173
557 182 550 174
562 182 555 174
568 182 561 173
573 182 567 173
579 182 578 169
584 182 584 169
479 187 462 184
484 187 468 184
501 187 486 178
506 187 492 179
518 187 502 200
529 187 511 183
545 187 536 179
551 187 540 178
557 187 550 179
562 187 556 180
568 187 562 178
573 187 568 178
579 187 578 174
584 187 584 175
379 193 407 191
540 193 530 184
551 193 545 185
557 193 550 185
562 193 557 184
568 193 563 184
573 193 568 184
584 193 584 180
356 199 386 189
373 199 401 196
379 199 407 197
456 199 436 195
495 199 481 189
545 199 540 190
551 199 545 191
557 199 551 190
562 199 557 189
568 199 564 190
573 199 567 191
584 199 585 186
356 204 353 196
362 204 358 197
534 204 526 196
540 204 533 196
545 204 541 195
551 204 547 196
557 204 552 195
562 204 558 195
568 204 563 196
584 204 585 190
356 210 354 201
406 210 436 219
534 210 527 201
540 210 533 201
545 210 540 202
551 210 547 201
557 210 553 201
562 210 558 200
568 210 562 201
479 215 463 205
484 215 469 205
501 215 491 212
540 215 530 207
545 215 539 207
551 215 547 206
557 215 553 206
562 215 558 206
573 215 562 207
579 215 583 208
479 221 463 211
484 221 470 211
495 221 485 218
501 221 490 218
540 221 530 213
545 221 540 212
551 221 547 211
557 221 553 212
562 221 557 211
568 221 561 210
584 221 584 218
373 226 378 222
434 226 392 211
451 226 436 178
484 226 470 217
490 226 480 217
501 226 491 224
506 226 495 222
545 226 539 217
551 226 546 217
557 226 553 217
562 226 558 217
579 226 580 217
584 226 584 225
373 232 376 228
479 232 462 222
490 232 479 229
495 232 485 229
501 232 489 229
506 232 494 228
551 232 545 223
557 232 552 224
562 232 559 223
568 232 568 217
579 232 580 222
373 237 380 234
412 237 409 234
462 237 444 227
484 237 474 234
495 237 484 234
512 237 497 234
545 237 546 228
568 237 569 223
579 237 578 234
418 243 413 234
423 243 423 239
479 243 458 228
484 243 473 240
490 243 479 240
523 243 530 233
579 243 579 239
412 249 408 239
418 249 414 239
462 249 458 256
473 249 452 235
490 249 480 245
495 249 487 244
523 249 512 196
557 249 552 235
562 249 558 235
573 249 573 245
390 254 397 252
395 254 402 252
423 254 384 235
434 254 431 250
490 254 480 251
506 254 508 251
545 254 536 250
551 254 541 249
557 254 546 250
568 254 569 246
429 260 391 240
506 260 508 256
540 260 530 256
545 260 535 255
551 260 541 256
557 260 547 256
429 265 389 247
484 265 474 261
490 265 473 252
495 265 481 256
501 265 486 256
545 265 535 261
551 265 541 261
557 265 547 261
479 271 463 262
484 271 468 261
495 271 479 260
501 271 486 260
506 271 492 262
512 271 495 263
534 271 524 263
540 271 530 263
484 276 468 266
490 276 474 266
501 276 486 268
506 276 491 267
512 276 496 268
534 276 524 268
540 276 530 269
551 276 551 268
495 282 480 272
501 282 497 278
506 282 492 273
512 282 496 273
523 282 516 278
540 282 541 272
545 282 541 276
523 287 517 283
534 287 525 283
540 287 530 283
