294 129 275 204
299 129 283 200
310 129 300 198
315 129 306 194
320 129 311 189
420 129 367 152
426 129 373 148
431 129 396 130
441 129 404 125
462 129 416 117
468 129 422 113
473 129 428 107
478 129 434 104
294 134 291 211
299 134 294 209
310 134 303 202
436 134 381 149
441 134 407 130
468 134 426 118
473 134 433 112
478 134 438 108
499 134 453 91
326 139 325 195
494 139 452 101
499 139 458 97
504 139 463 94
299 145 301 215
305 145 306 212
315 145 315 206
468 145 421 139
499 145 462 102
404 150 359 182
410 150 365 178
478 150 429 137
494 150 460 111
504 150 466 99
478 155 432 142
499 155 465 107
504 155 472 104
420 160 406 167
499 160 471 114
404 171 368 192
305 187 338 254
289 192 329 269
299 192 337 264
373 192 368 204
473 192 466 189
289 197 332 275
299 197 340 268
305 197 345 264
362 197 360 219
368 197 367 215
473 202 453 172
305 208 351 273
299 213 349 282
305 213 354 278
320 213 359 245
362 213 389 223
473 213 460 182
289 218 345 293
394 218 432 206
320 223 366 252
426 223 411 228
431 223 417 224
436 223 423 220
431 229 422 230
520 229 522 151
520 234 526 156
373 239 393 258
299 244 355 294
320 244 370 285
352 244 373 280
399 244 447 230
404 244 454 226
410 244 460 221
294 250 354 303
320 250 373 291
357 250 389 278
368 250 397 272
399 250 452 236
404 250 458 231
410 250 465 226
404 255 461 237
478 255 495 206
294 260 355 311
368 260 403 283
373 260 408 279
468 260 488 221
473 260 493 217
478 260 499 212
494 260 517 197
289 266 354 323
299 266 364 316
305 266 369 313
310 266 375 311
315 266 381 307
373 266 412 284
478 266 503 217
499 266 523 195
510 266 532 189
305 271 373 318
310 271 378 315
315 271 384 311
494 271 522 206
504 271 529 199
