294 129 273 171
299 129 278 170
305 129 284 168
310 129 290 169
315 129 296 168
320 129 302 166
431 129 414 135
457 129 424 131
462 129 436 128
473 129 443 126
478 129 450 124
494 129 466 120
504 129 471 113
289 134 271 177
299 134 280 175
305 134 286 174
310 134 291 175
326 134 311 172
331 134 316 170
389 134 365 155
468 134 432 136
478 134 450 129
494 134 467 125
504 134 473 117
510 134 478 116
289 139 273 183
294 139 278 182
305 139 287 180
315 139 300 181
352 139 319 174
404 139 377 152
289 145 275 189
294 145 281 187
494 145 469 132
510 145 482 127
520 145 495 130
289 150 278 196
294 150 283 193
305 150 291 191
399 150 373 159
494 150 471 139
499 150 477 137
510 150 484 135
515 150 492 137
520 150 500 142
289 155 279 201
305 155 293 197
362 155 338 177
378 155 350 173
383 155 355 171
499 155 478 143
289 160 283 212
410 160 382 163
415 160 388 161
420 160 398 158
462 160 442 145
494 160 474 150
368 166 346 181
378 166 364 175
420 166 400 164
436 166 411 160
310 171 301 206
362 171 342 188
368 171 347 186
315 176 312 197
373 187 367 186
436 187 387 182
289 192 291 244
294 192 297 243
305 192 306 241
415 192 427 190
289 197 293 250
299 197 301 248
305 197 307 245
415 197 428 195
299 202 303 253
468 202 454 188
510 202 502 195
284 208 290 258
289 208 296 260
294 208 301 258
305 208 311 256
436 208 413 206
441 208 420 205
504 208 498 201
510 208 503 200
289 213 298 266
294 213 304 264
305 213 313 262
436 213 415 212
441 213 421 210
447 213 428 208
504 213 500 207
289 218 300 272
305 218 314 268
404 218 424 217
420 218 399 223
436 218 417 218
447 218 429 214
457 218 435 213
473 218 446 210
336 223 332 243
404 223 425 223
426 223 407 227
431 223 412 226
447 223 430 221
320 229 323 253
331 229 329 252
336 229 335 250
347 229 352 245
468 229 461 214
494 229 492 203
289 234 302 280
305 234 316 277
320 234 324 259
336 234 336 256
347 234 342 253
352 234 358 249
357 234 366 248
426 234 409 236
494 234 493 209
299 239 311 284
320 239 324 266
331 239 332 264
336 239 349 258
341 239 338 262
347 239 343 260
399 239 388 254
452 239 434 240
457 239 441 239
320 244 326 272
326 244 332 270
336 244 350 265
347 244 345 266
362 244 376 258
399 244 390 259
404 244 396 257
447 244 432 249
452 244 437 246
457 244 442 245
468 244 468 232
473 244 473 230
289 250 305 292
305 250 319 288
320 250 328 278
326 250 334 277
336 250 352 271
362 250 379 264
404 250 377 268
447 250 433 254
452 250 439 252
457 250 445 250
473 250 474 236
478 250 481 234
499 250 500 227
504 250 504 226
326 255 336 283
378 255 367 279
389 255 374 276
426 255 423 261
431 255 428 260
499 255 502 234
504 255 508 238
515 255 518 229
289 260 306 297
299 260 315 295
305 260 320 295
315 260 332 292
462 260 461 254
468 260 465 253
473 260 471 251
499 260 503 240
510 260 514 236
515 260 519 235
289 266 307 303
299 266 316 301
305 266 322 301
310 266 328 300
315 266 334 298
326 266 341 296
447 266 444 266
462 266 462 260
494 266 499 248
499 266 504 245
504 266 510 244
510 266 515 241
305 271 323 304
310 271 329 304
315 271 335 303
426 271 433 274
447 271 450 269
473 271 481 260
494 271 500 253
499 276 508 253
