403 178 334 129
409 178 339 128
425 178 347 127
296 183 281 148
403 183 335 133
425 183 360 133
465 183 377 127
471 183 381 127
482 183 407 127
324 189 299 150
380 189 322 139
397 189 332 137
409 189 339 136
459 189 373 132
465 189 377 131
482 189 408 132
488 189 412 131
493 189 416 131
499 189 421 130
504 189 425 129
392 194 328 142
397 194 332 142
403 194 335 141
465 194 378 136
471 194 382 134
488 194 413 135
499 194 421 134
392 200 329 146
403 200 336 145
437 200 357 140
471 200 383 139
482 200 387 134
268 206 266 164
363 206 317 152
369 206 320 152
431 206 354 146
268 211 266 168
369 211 320 156
380 211 325 154
363 217 318 161
369 217 320 160
437 217 364 154
442 217 368 153
471 217 384 149
476 217 388 148
482 217 393 147
375 223 322 163
380 223 325 163
414 223 343 158
431 223 358 156
437 223 364 157
471 223 384 152
482 223 394 151
493 223 411 153
375 228 322 168
392 228 332 164
403 228 339 164
425 228 356 163
431 228 360 161
459 228 376 157
465 228 380 157
471 228 385 156
482 228 395 155
488 228 399 155
493 228 403 155
499 228 416 156
369 234 320 172
375 234 323 172
380 234 326 169
392 234 332 169
397 234 336 168
403 234 339 168
414 234 346 166
465 234 380 161
476 234 390 160
482 234 395 159
488 234 400 159
493 234 403 159
369 240 320 177
375 240 324 175
380 240 327 175
392 240 332 172
397 240 336 172
403 240 339 172
409 240 343 171
442 240 365 167
448 240 369 166
454 240 373 166
488 240 401 163
493 240 404 163
499 240 418 169
352 245 316 178
392 245 333 177
397 245 336 176
403 245 340 175
409 245 344 175
420 245 350 173
425 245 354 172
437 245 362 172
442 245 366 171
448 245 369 171
465 245 381 169
482 245 397 167
488 245 401 167
363 251 319 183
375 251 324 183
380 251 328 182
392 251 333 181
397 251 337 180
403 251 341 179
409 251 345 179
420 251 350 177
425 251 355 176
431 251 359 176
442 251 367 175
448 251 370 175
465 251 383 173
482 251 397 172
488 251 402 171
363 257 320 187
375 257 325 186
380 257 328 186
392 257 334 185
397 257 338 184
403 257 341 183
409 257 345 182
414 257 348 182
425 257 355 181
431 257 360 181
437 257 363 180
482 257 398 176
363 262 320 190
375 262 325 190
380 262 328 189
392 262 335 188
397 262 338 187
403 262 341 186
425 262 355 185
431 262 359 184
437 262 364 184
459 262 381 181
482 262 398 180
352 268 314 200
358 268 317 196
369 268 323 194
375 268 326 194
380 268 328 193
386 268 332 192
403 268 342 190
442 268 368 187
476 268 395 185
369 273 323 198
375 273 326 198
380 273 329 197
386 273 333 196
397 273 339 195
448 273 373 191
476 273 395 188
482 273 402 188
488 273 413 203
358 279 320 217
363 279 320 204
369 279 323 202
375 279 326 202
380 279 330 201
386 279 335 202
414 279 349 196
471 279 391 193
476 279 396 192
482 279 409 206
488 279 407 192
358 285 320 220
369 285 324 207
375 285 327 206
380 285 331 206
392 285 340 209
414 285 350 201
420 285 353 200
425 285 358 199
442 285 370 197
448 285 374 197
454 285 378 197
459 285 382 197
465 285 386 196
476 285 397 196
488 285 413 209
358 290 320 225
363 290 324 225
375 290 327 211
414 290 350 205
420 290 354 204
425 290 358 203
431 290 362 203
448 290 374 201
454 290 379 201
459 290 383 201
465 290 387 200
471 290 393 200
375 296 335 220
414 296 350 208
431 296 361 207
437 296 366 206
448 296 373 205
459 296 383 204
465 296 389 203
471 296 395 203
459 302 384 208
465 302 389 207
471 302 394 207
476 302 398 207
290 307 286 229
296 307 290 230
459 307 385 211
465 307 389 211
471 307 394 211
476 307 398 211
482 307 406 214
488 307 415 218
290 313 288 234
301 313 293 234
454 313 381 213
459 313 385 216
465 313 390 215
471 313 394 215
476 313 398 214
301 319 293 238
459 319 385 220
465 319 389 220
471 319 394 219
476 319 398 218
380 324 339 231
471 324 395 223
476 324 399 222
482 324 407 223
324 330 303 241
380 330 335 232
414 330 361 228
431 330 365 228
448 330 374 230
471 330 395 227
476 330 400 227
482 330 408 227
488 330 412 227
335 335 307 243
358 335 318 239
369 335 326 237
380 335 336 237
425 335 360 234
471 335 396 231
476 335 401 231
482 335 408 231
488 335 412 231
493 335 422 229
335 341 307 247
403 341 352 238
409 341 357 237
442 341 371 238
476 341 401 235
482 341 406 235
488 341 413 235
493 341 422 234
358 347 319 247
403 347 354 241
420 347 358 243
431 347 366 241
476 347 401 239
482 347 406 239
488 347 414 239
493 347 419 239
347 352 313 253
352 352 314 251
459 352 388 243
471 352 397 242
482 352 406 243
488 352 411 243
493 352 419 243
347 358 313 256
352 358 315 256
358 358 320 256
409 358 349 251
425 358 359 250
465 358 393 247
471 358 398 247
476 358 402 247
482 358 407 247
488 358 411 247
493 358 420 247
358 364 320 260
442 364 380 248
454 364 382 256
459 364 386 255
465 364 390 254
488 364 414 252
369 369 327 263
386 369 337 261
397 369 343 260
403 369 346 259
425 369 360 257
465 369 394 255
471 369 398 255
476 369 403 254
482 369 408 256
369 375 327 267
375 375 331 266
380 375 335 266
386 375 338 265
397 375 344 264
403 375 347 264
414 375 355 262
420 375 360 262
448 375 378 265
454 375 382 261
465 375 394 259
471 375 398 259
476 375 403 258
380 381 335 271
392 381 341 269
403 381 348 268
420 381 361 266
465 381 395 264
471 381 399 263
386 386 337 274
392 386 341 273
431 386 370 270
392 392 341 278
397 392 345 277
409 392 354 276
425 392 367 276
