465 131 465 133
470 131 470 132
475 131 480 132
486 131 486 132
491 131 491 132
496 131 496 132
501 131 501 132
506 131 506 133
445 137 444 138
450 137 449 138
455 137 453 138
460 137 458 138
465 137 464 137
480 137 480 137
486 137 486 136
491 137 491 137
496 137 496 137
501 137 501 137
506 137 506 137
429 142 429 143
434 142 434 143
439 142 439 143
445 142 445 142
450 142 449 143
455 142 453 143
460 142 459 142
470 142 469 142
475 142 475 142
480 142 480 142
486 142 486 142
491 142 490 142
496 142 496 142
501 142 501 142
506 142 506 142
465 147 459 148
470 147 470 147
480 147 475 149
486 147 485 147
491 147 490 147
496 147 497 146
501 147 501 147
506 147 506 147
511 147 511 148
445 152 444 152
450 152 449 152
465 152 460 153
470 152 466 153
475 152 471 154
480 152 476 154
486 152 485 152
491 152 490 152
496 152 496 152
501 152 501 152
506 152 506 153
511 152 511 154
419 157 419 157
424 157 423 157
429 157 428 157
434 157 433 158
439 157 439 157
445 157 444 157
450 157 449 157
470 157 465 158
475 157 475 157
480 157 480 157
486 157 485 157
491 157 490 157
496 157 496 157
501 157 501 158
506 157 506 157
511 157 511 158
378 162 378 163
383 162 382 163
414 162 415 162
419 162 419 162
424 162 423 162
429 162 428 162
434 162 434 162
439 162 438 162
445 162 445 162
455 162 454 162
465 162 465 162
470 162 470 162
475 162 475 162
480 162 480 162
486 162 485 162
491 162 491 163
496 162 496 163
501 162 501 163
506 162 506 162
511 162 510 163
373 167 372 167
378 167 377 167
403 167 403 167
409 167 409 167
414 167 414 167
419 167 418 167
429 167 428 168
439 167 439 167
445 167 444 167
450 167 450 167
455 167 454 168
460 167 459 168
465 167 465 167
470 167 470 167
475 167 476 167
480 167 480 168
486 167 486 169
496 167 496 168
501 167 501 169
506 167 505 168
511 167 511 168
516 167 516 168
367 173 367 173
393 173 389 172
398 173 394 173
403 173 403 172
409 173 408 173
414 173 413 173
419 173 419 172
429 173 429 172
434 173 435 172
450 173 449 172
455 173 455 172
460 173 460 172
465 173 465 172
470 173 471 172
475 173 475 172
496 173 496 173
501 173 501 174
506 173 505 172
511 173 511 173
516 173 516 173
383 178 382 177
393 178 388 177
398 178 394 177
403 178 400 178
409 178 405 179
414 178 413 178
419 178 417 178
429 178 424 179
434 178 428 179
470 178 470 177
475 178 475 178
496 178 496 178
501 178 501 179
506 178 506 179
511 178 511 179
516 178 516 179
367 183 368 183
403 183 403 183
414 183 408 184
419 183 414 183
424 183 420 183
429 183 424 184
439 183 434 185
445 183 439 184
470 183 470 184
475 183 476 183
480 183 479 184
496 183 496 183
501 183 501 184
506 183 506 185
367 188 367 188
373 188 373 187
378 188 379 187
398 188 398 187
403 188 402 187
409 188 407 187
424 188 419 189
429 188 423 189
434 188 428 189
439 188 434 189
450 188 445 195
455 188 460 189
460 188 465 189
470 188 471 189
480 188 480 189
486 188 487 195
501 188 501 189
511 188 512 196
516 188 517 195
522 188 521 188
373 193 372 193
388 193 389 193
403 193 403 192
414 193 413 193
419 193 419 194
439 193 434 194
450 193 444 199
455 193 461 193
460 193 466 193
470 193 471 194
475 193 476 195
480 193 480 199
501 193 502 199
506 193 507 201
511 193 512 201
516 193 517 200
522 193 521 194
373 198 372 198
378 198 377 198
383 198 384 199
388 198 388 198
403 198 404 199
480 198 480 205
486 198 484 205
491 198 490 205
522 198 521 200
373 203 372 203
378 203 377 204
383 203 383 204
403 203 403 205
414 203 408 205
424 203 424 203
429 203 430 203
434 203 434 204
455 203 461 204
480 203 479 209
506 203 506 206
511 203 511 205
516 203 516 206
522 203 521 205
378 209 376 208
383 209 382 208
393 209 393 210
403 209 403 209
414 209 408 209
419 209 412 210
429 209 424 209
506 209 506 211
378 214 376 213
383 214 382 214
414 214 408 215
424 214 418 214
429 214 424 214
470 214 471 214
475 214 475 214
480 214 480 215
486 214 485 216
491 214 490 215
511 214 512 220
516 214 516 216
378 219 377 220
383 219 382 220
393 219 388 214
414 219 415 219
424 219 418 220
429 219 424 219
434 219 430 220
470 219 471 220
475 219 476 219
480 219 481 220
486 219 485 220
491 219 490 220
496 219 495 220
511 219 512 226
516 219 516 220
522 219 523 227
527 219 528 226
383 224 382 225
398 224 393 220
403 224 399 221
409 224 404 220
424 224 424 226
434 224 435 226
445 224 440 214
475 224 477 223
480 224 481 224
486 224 485 224
491 224 490 225
496 224 494 225
511 224 512 231
516 224 517 231
522 224 523 231
527 224 527 231
383 229 382 229
388 229 387 229
398 229 393 224
403 229 399 225
424 229 424 231
445 229 440 219
455 229 455 215
475 229 470 231
511 229 512 235
516 229 517 235
522 229 522 236
383 234 382 234
388 234 387 235
398 234 393 230
403 234 399 230
455 234 455 219
475 234 470 235
480 234 473 235
486 234 486 230
496 234 495 229
393 239 392 240
439 239 439 237
465 239 466 239
470 239 470 240
480 239 474 240
491 239 481 240
496 239 490 236
511 239 512 241
516 239 516 240
388 244 387 245
393 244 392 246
409 244 407 242
414 244 412 242
419 244 418 242
434 244 430 245
439 244 439 244
445 244 444 244
460 244 460 245
465 244 466 245
470 244 470 245
480 244 474 245
511 244 512 246
516 244 516 245
527 244 527 247
532 244 531 246
537 244 536 245
388 250 387 251
393 250 393 251
409 250 407 247
414 250 413 247
434 250 429 250
439 250 438 250
445 250 445 250
455 250 451 250
460 250 460 250
465 250 466 250
470 250 470 250
480 250 474 249
486 250 480 256
491 250 485 250
496 250 492 256
516 250 516 250
522 250 521 251
527 250 526 252
532 250 532 252
537 250 536 251
393 255 392 256
398 255 398 257
409 255 409 251
414 255 414 251
419 255 418 255
429 255 423 255
434 255 428 255
439 255 439 256
445 255 444 256
480 255 475 255
491 255 486 256
516 255 517 256
522 255 521 257
527 255 526 257
532 255 532 256
537 255 537 256
393 260 392 261
398 260 397 261
414 260 414 260
419 260 419 260
434 260 428 260
439 260 439 262
450 260 444 260
455 260 455 261
460 260 460 261
465 260 466 260
470 260 423 245
475 260 474 260
486 260 481 262
491 260 486 262
496 260 492 260
501 260 500 260
516 260 516 262
522 260 520 262
527 260 526 262
532 260 532 261
537 260 536 261
542 260 541 261
398 265 398 266
403 265 403 267
445 265 444 266
455 265 455 266
460 265 460 266
465 265 466 265
470 265 470 265
475 265 475 266
480 265 479 266
491 265 487 268
496 265 491 266
527 265 526 267
532 265 531 267
537 265 536 266
542 265 541 266
393 270 392 272
398 270 398 272
403 270 402 272
409 270 409 271
414 270 414 267
419 270 418 267
424 270 423 267
429 270 428 268
445 270 443 271
465 270 466 270
470 270 470 270
475 270 475 271
480 270 481 270
486 270 486 271
491 270 491 272
496 270 494 272
506 270 502 266
527 270 526 272
532 270 532 272
537 270 537 271
542 270 542 271
398 275 397 277
403 275 402 276
409 275 409 276
414 275 415 276
419 275 418 272
424 275 422 272
429 275 435 282
445 275 440 277
450 275 448 276
470 275 475 276
480 275 482 276
486 275 487 276
491 275 491 277
496 275 495 276
506 275 502 272
522 275 521 278
527 275 526 278
532 275 531 277
398 280 397 281
403 280 402 281
409 280 409 281
424 280 424 287
429 280 435 287
445 280 443 280
480 280 481 281
486 280 487 281
491 280 491 282
501 280 501 276
522 280 521 283
527 280 526 283
532 280 531 282
537 280 536 281
409 286 408 287
424 286 425 291
445 286 443 285
480 286 480 287
486 286 485 287
491 286 491 286
496 286 496 287
501 286 501 287
522 286 517 288
527 286 526 287
532 286 531 287
537 286 536 286
542 286 543 287
547 286 546 287
409 291 407 291
414 291 413 292
419 291 419 292
445 291 443 290
470 291 470 293
475 291 474 293
480 291 479 293
486 291 485 293
491 291 491 293
496 291 496 293
501 291 503 293
511 291 505 292
532 291 530 292
537 291 536 292
542 291 542 292
547 291 547 292
409 296 407 296
414 296 413 296
419 296 417 296
429 296 428 297
434 296 434 297
439 296 439 297
460 296 459 298
465 296 465 298
470 296 470 298
475 296 475 298
480 296 480 298
486 296 486 297
491 296 490 298
496 296 496 298
501 296 502 298
532 296 531 298
537 296 536 297
542 296 543 297
547 296 547 296
552 296 552 302
419 301 417 301
429 301 425 301
434 301 434 302
439 301 439 302
445 301 445 302
450 301 451 302
455 301 455 302
460 301 461 302
465 301 465 303
470 301 470 302
475 301 475 302
480 301 481 302
486 301 486 303
491 301 491 303
496 301 495 303
501 301 501 303
516 301 517 302
522 301 521 301
527 301 525 303
532 301 530 302
537 301 536 303
542 301 541 302
547 301 546 301
552 301 552 307
424 306 421 306
429 306 428 306
434 306 434 307
439 306 439 307
445 306 444 307
450 306 450 308
455 306 455 307
460 306 459 307
465 306 465 308
470 306 470 308
475 306 475 308
480 306 480 308
486 306 486 308
491 306 491 308
496 306 496 308
501 306 501 308
506 306 506 308
511 306 510 308
527 306 523 307
537 306 535 307
542 306 541 307
547 306 546 307
552 306 552 311
414 311 411 308
419 311 415 308
424 311 422 312
429 311 428 313
434 311 434 312
439 311 440 313
445 311 445 313
450 311 449 312
455 311 454 312
460 311 458 313
465 311 464 313
470 311 470 312
475 311 475 313
480 311 479 313
486 311 485 313
491 311 490 312
496 311 495 312
501 311 500 313
506 311 506 313
511 311 510 313
516 311 515 312
527 311 522 311
532 311 531 312
537 311 535 312
542 311 540 312
547 311 546 313
414 316 412 316
424 316 422 319
429 316 428 318
439 316 440 318
445 316 445 318
450 316 449 317
455 316 454 317
460 316 458 318
465 316 463 318
470 316 469 318
475 316 475 317
480 316 479 318
486 316 485 318
491 316 490 318
496 316 495 318
501 316 501 317
506 316 507 317
511 316 511 317
516 316 515 317
522 316 521 317
527 316 526 319
532 316 532 318
537 316 536 318
542 316 540 318
547 316 546 318
552 316 551 318
414 322 412 322
419 322 417 324
424 322 423 323
434 322 430 323
439 322 440 323
445 322 445 323
450 322 449 322
455 322 454 323
460 322 459 323
465 322 464 323
470 322 469 323
475 322 475 323
480 322 479 323
486 322 484 323
491 322 491 323
496 322 496 322
506 322 507 322
511 322 511 322
516 322 516 323
522 322 521 323
527 322 526 323
532 322 532 323
537 322 537 322
542 322 541 323
547 322 546 323
552 322 552 322
414 327 412 328
419 327 417 329
424 327 423 328
429 327 428 328
439 327 439 328
445 327 445 328
450 327 449 328
455 327 455 328
460 327 459 329
465 327 464 328
470 327 469 328
475 327 474 329
480 327 479 328
486 327 484 329
501 327 501 327
506 327 508 328
511 327 512 328
516 327 518 328
522 327 521 328
527 327 527 327
532 327 532 327
537 327 537 327
542 327 542 328
547 327 547 328
419 332 417 333
424 332 423 333
429 332 428 332
439 332 440 333
445 332 444 333
450 332 449 333
455 332 454 334
460 332 459 334
465 332 464 333
470 332 470 333
475 332 474 334
496 332 492 334
511 332 511 333
516 332 517 332
522 332 522 333
527 332 527 333
532 332 532 332
537 332 537 332
542 332 543 332
547 332 548 332
419 337 417 338
424 337 422 338
429 337 428 338
434 337 434 338
439 337 439 339
445 337 444 338
450 337 450 339
455 337 455 340
460 337 459 339
465 337 465 338
470 337 469 339
475 337 474 338
480 337 479 338
486 337 485 338
496 337 492 339
501 337 496 338
506 337 501 339
511 337 506 339
516 337 516 338
522 337 521 338
527 337 526 338
532 337 532 337
537 337 538 337
542 337 543 337
419 342 418 343
424 342 423 344
429 342 428 344
434 342 433 344
445 342 443 343
455 342 456 343
460 342 459 343
465 342 465 343
470 342 469 344
475 342 474 344
480 342 479 343
486 342 485 343
496 342 491 344
501 342 495 344
506 342 501 344
511 342 506 344
522 342 522 343
527 342 527 342
532 342 533 342
424 347 423 349
429 347 428 348
439 347 436 349
445 347 441 349
455 347 455 348
460 347 459 349
465 347 464 348
470 347 469 349
475 347 474 349
480 347 479 349
486 347 484 348
496 347 491 349
501 347 497 350
506 347 501 350
511 347 506 350
522 347 521 349
527 347 527 348
429 352 428 354
434 352 433 354
439 352 437 354
450 352 446 353
455 352 448 353
460 352 453 354
465 352 464 353
470 352 469 353
475 352 474 353
480 352 479 353
486 352 484 353
491 352 490 354
501 352 498 354
506 352 502 354
511 352 513 352
516 352 518 353
434 358 433 359
439 358 439 359
445 358 443 359
455 358 449 358
460 358 454 359
465 358 459 359
470 358 466 358
475 358 474 358
480 358 479 358
486 358 484 359
491 358 490 359
496 358 495 359
501 358 500 358
