453 12 584 197
453 30 562 179
477 30 573 218
489 30 575 242
430 36 563 187
483 36 556 235
453 41 552 181
489 41 551 244
453 47 544 184
465 47 515 221
477 47 528 234
501 47 552 271
453 53 536 186
465 53 507 223
477 53 519 235
489 53 525 248
477 59 512 238
489 59 518 250
323 65 418 68
347 65 401 90
489 65 511 251
495 65 518 256
501 65 523 264
495 71 510 258
501 71 514 267
506 71 518 275
400 77 402 149
489 77 500 253
495 77 504 259
501 77 507 268
506 77 510 277
489 89 486 258
282 95 451 165
424 95 396 151
524 95 502 303
317 101 379 79
323 101 383 87
329 101 382 94
400 101 541 266
483 101 449 254
329 107 377 97
341 107 378 107
512 107 474 298
323 112 372 92
406 124 525 175
424 124 503 234
276 130 347 67
323 130 359 106
335 130 357 123
293 136 352 80
305 136 356 89
329 136 354 117
335 136 351 125
341 136 353 133
305 142 349 91
317 142 345 111
329 142 347 121
382 142 443 188
388 142 445 240
287 148 345 78
293 148 345 82
323 148 340 119
335 148 342 129
353 148 347 144
376 148 439 180
388 148 439 197
418 148 367 189
276 154 340 67
347 154 345 136
287 160 336 82
293 160 338 87
299 160 339 95
305 160 320 118
317 160 330 116
364 160 345 153
329 166 328 132
347 166 339 139
293 172 330 91
341 172 336 132
370 172 337 163
441 172 339 232
347 178 331 142
358 178 334 150
364 178 336 156
418 178 337 208
299 184 307 124
364 184 323 169
376 184 327 175
347 189 322 145
358 189 327 153
364 189 317 172
376 189 321 178
382 189 322 186
483 189 388 277
347 201 311 156
394 201 349 237
311 207 395 102
341 207 307 150
353 207 304 168
364 207 306 176
465 207 349 267
347 213 303 160
370 213 303 184
394 213 341 241
353 219 298 169
364 219 300 178
364 225 295 181
412 231 315 217
394 237 309 202
412 237 307 219
412 243 300 222
418 243 302 230
