391 195 378 26
438 195 403 48
443 195 409 51
464 195 432 57
396 200 383 32
427 200 390 50
459 200 423 63
433 205 396 61
443 205 411 68
459 205 447 94
343 211 347 26
412 211 387 39
443 211 408 75
448 216 427 93
474 216 477 124
480 216 484 127
469 221 457 108
527 232 522 151
438 237 386 85
527 237 520 160
532 237 526 162
506 263 488 162
501 268 479 166
553 268 524 168
543 274 515 166
537 279 515 182
558 279 532 191
474 284 384 128
485 284 394 132
443 289 355 117
480 289 383 136
511 289 420 134
474 295 376 134
495 295 399 163
537 295 501 196
543 295 509 199
548 295 517 202
453 300 358 128
469 300 371 143
490 300 390 168
495 300 396 170
537 300 500 203
543 300 507 206
548 300 521 212
464 310 351 134
469 310 356 136
537 310 477 238
464 315 347 140
469 315 353 143
485 315 369 151
427 321 316 146
448 321 334 146
459 321 342 147
469 321 350 150
480 321 360 153
485 321 366 157
506 321 397 232
359 326 428 226
427 326 314 154
448 326 330 154
459 326 339 156
469 326 346 158
474 326 354 162
485 326 363 167
501 326 388 236
438 331 320 157
448 331 327 160
453 331 334 164
469 331 343 166
474 331 350 169
480 331 356 173
490 331 367 177
501 331 385 245
422 336 303 160
438 336 316 163
448 336 324 167
453 336 331 172
469 336 340 175
474 336 347 178
480 336 353 185
501 336 380 253
427 342 307 172
443 342 317 172
448 342 322 176
464 342 337 182
474 342 345 186
485 342 359 197
490 342 366 201
427 347 305 177
448 347 326 188
459 347 332 190
501 347 442 258
422 352 295 180
433 352 300 182
453 352 324 195
459 352 329 197
490 352 422 261
495 352 434 258
501 352 449 261
443 357 313 196
453 357 320 202
459 357 326 205
485 357 411 266
495 357 438 266
453 363 316 209
459 363 323 212
464 363 330 216
480 363 397 279
485 363 409 273
490 363 411 283
453 368 314 216
459 368 321 219
474 368 386 283
485 368 406 283
417 373 275 203
438 373 296 216
443 373 304 219
406 378 267 207
417 378 273 210
422 378 278 212
438 378 293 225
443 378 300 229
464 378 375 289
469 378 381 292
474 378 330 250
480 378 341 263
485 378 404 309
406 384 264 214
417 384 270 216
438 384 289 232
448 384 296 239
453 384 304 241
459 384 311 243
474 384 388 302
480 384 337 271
417 389 267 224
443 389 289 241
448 389 294 245
453 389 301 249
459 389 308 252
469 389 376 310
474 389 382 313
480 389 390 319
417 394 265 232
422 394 270 236
433 394 280 239
443 394 284 249
448 394 291 253
453 394 298 257
474 394 380 321
417 399 266 252
443 399 280 258
448 399 288 261
453 399 293 271
464 399 367 321
