352 133 322 149
346 139 315 155
405 148 373 138
343 154 323 199
346 154 323 167
379 160 352 175
382 160 356 174
382 163 358 178
343 166 324 180
379 166 355 183
367 169 344 199
385 172 369 186
340 175 328 204
334 178 323 214
396 181 380 173
373 184 374 201
364 187 350 192
367 187 354 191
396 187 381 178
337 190 336 236
382 190 372 186
337 192 331 199
346 192 337 206
355 192 349 227
364 192 352 200
337 195 332 203
358 195 353 213
367 198 364 199
337 201 333 216
364 201 358 206
367 201 366 203
337 204 335 220
379 204 377 200
340 207 339 222
373 207 372 206
376 207 376 205
355 216 353 225
358 219 358 228
361 219 362 227
328 222 333 240
349 222 350 231
349 225 352 234
361 225 368 233
328 228 335 245
331 228 337 244
334 228 341 242
331 231 339 247
349 231 355 241
352 231 359 240
355 231 362 239
358 231 368 236
361 231 372 235
331 234 340 250
343 234 351 246
346 234 355 245
352 234 360 244
361 234 374 238
334 237 345 252
340 237 349 251
343 237 352 250
346 237 356 249
349 237 359 248
373 237 382 236
376 237 385 234
337 240 350 254
361 240 377 243
364 240 380 241
349 243 362 252
358 243 374 247
361 243 377 246
364 243 381 245
382 243 391 237
390 243 402 233
382 246 392 241
388 246 399 238
393 246 407 236
376 249 389 246
382 249 393 245
