397 69 519 227
409 69 530 235
245 75 430 174
409 75 538 249
433 75 546 254
293 81 492 213
439 81 547 265
245 124 505 242
257 142 508 253
269 142 514 258
330 142 456 222
251 154 498 265
263 154 509 263
251 160 494 269
257 166 500 275
263 179 501 286
372 179 470 278
378 179 475 281
263 185 499 291
397 185 449 271
257 191 491 296
409 191 435 286
245 197 483 298
269 197 498 301
330 197 400 225
257 203 487 302
330 203 408 203
354 209 419 297
257 221 484 319
403 221 436 262
305 227 470 324
330 227 386 231
336 227 391 234
391 227 420 248
397 227 424 252
372 233 454 240
397 233 421 257
415 245 425 299
275 252 361 285
251 258 453 368
257 264 373 248
269 264 378 254
269 270 375 258
281 270 380 261
263 282 368 263
275 282 374 268
293 282 381 273
239 288 344 274
281 288 370 273
245 294 345 283
293 294 375 280
299 294 380 284
391 294 447 317
239 300 335 285
305 300 376 290
403 300 430 387
403 312 425 393
415 318 432 397
251 325 328 316
263 325 335 320
269 325 340 325
312 325 431 377
269 331 337 331
287 331 363 343
293 331 369 348
372 337 371 368
