384 69 481 191
409 69 538 239
299 75 460 183
239 81 438 175
409 81 533 248
433 87 541 263
439 87 545 267
275 93 439 186
427 112 535 256
245 136 500 237
239 142 489 238
257 142 507 244
275 142 517 253
232 148 481 241
232 154 476 246
257 154 390 320
257 185 493 281
263 185 498 286
245 191 484 304
263 191 495 291
409 191 442 274
251 203 483 293
269 203 495 303
287 203 464 316
251 209 479 319
269 209 489 309
312 215 476 315
318 221 471 331
293 227 459 322
305 233 465 325
245 239 460 341
245 245 456 348
269 245 472 343
245 252 451 354
251 252 456 357
245 258 447 360
251 258 452 363
257 264 343 272
269 264 349 276
287 264 357 290
263 270 340 277
269 270 345 281
239 276 344 260
287 276 442 386
397 294 443 316
239 300 328 280
251 300 336 284
232 306 323 284
312 306 392 342
299 312 381 331
305 318 426 360
397 318 412 388
415 318 424 398
251 325 321 309
263 325 327 314
305 325 421 366
269 331 331 320
269 337 325 326
