509 125 515 130
515 125 522 131
486 131 490 133
509 131 516 135
521 131 525 134
428 136 434 134
463 136 467 136
475 136 478 136
480 136 484 137
486 136 489 138
492 136 496 138
498 136 503 139
504 136 509 140
509 136 515 140
422 142 427 139
428 142 433 139
440 142 443 139
445 142 449 139
451 142 455 140
457 142 460 141
463 142 466 141
475 142 477 142
527 142 532 146
533 142 538 147
416 148 420 143
422 148 425 143
480 148 483 146
486 148 489 147
492 148 495 148
498 148 502 149
504 148 508 150
509 148 515 150
521 148 524 150
539 148 543 153
422 154 424 150
434 154 435 148
440 154 441 149
445 154 447 150
451 154 453 150
457 154 459 150
463 154 465 152
475 154 476 151
480 154 482 151
486 154 489 152
492 154 495 153
498 154 501 153
504 154 508 155
509 154 513 156
521 154 524 156
527 154 530 156
533 154 537 157
539 154 543 157
410 160 412 152
416 160 417 152
434 160 434 154
440 160 440 154
445 160 446 155
451 160 452 156
457 160 458 156
463 160 464 156
469 160 470 157
480 160 482 158
486 160 488 159
492 160 494 159
498 160 500 159
504 160 507 160
509 160 512 161
515 160 519 161
527 160 530 162
533 160 536 162
539 160 543 163
405 165 405 157
410 165 411 157
416 165 416 157
422 165 423 158
434 165 433 159
440 165 440 159
445 165 445 160
451 165 451 160
457 165 458 162
463 165 464 162
475 165 475 163
399 171 399 162
405 171 404 162
410 171 410 162
416 171 415 163
422 171 423 164
434 171 433 164
457 171 457 167
480 171 481 168
492 171 492 169
498 171 499 170
504 171 505 170
509 171 511 171
527 171 527 172
393 177 391 167
399 177 397 167
440 177 438 170
445 177 444 170
451 177 450 171
475 177 473 172
480 177 480 173
486 177 485 174
492 177 491 175
498 177 498 175
504 177 504 175
509 177 510 176
515 177 516 177
521 177 524 177
405 183 402 172
410 183 408 172
416 183 414 173
428 183 426 174
434 183 432 175
440 183 437 175
445 183 443 175
451 183 450 176
463 183 462 178
475 183 473 178
480 183 479 179
486 183 485 179
492 183 491 180
498 183 497 180
504 183 503 181
509 183 509 182
515 183 516 182
387 189 383 176
393 189 390 177
399 189 395 176
405 189 401 177
410 189 407 177
422 189 418 178
428 189 424 179
434 189 430 179
440 189 437 180
445 189 443 181
451 189 449 181
457 189 455 182
463 189 461 182
480 189 478 184
486 189 485 185
492 189 491 185
504 189 503 186
381 195 377 181
387 195 383 182
393 195 389 182
399 195 395 182
405 195 400 182
410 195 407 183
422 195 417 184
428 195 423 185
440 195 436 185
445 195 442 186
498 195 496 190
370 200 361 184
376 200 370 185
381 200 376 186
387 200 382 187
393 200 388 187
434 200 429 189
457 200 451 191
463 200 457 192
469 200 464 192
475 200 471 193
480 200 477 194
486 200 483 195
492 200 489 195
498 200 495 195
399 206 394 191
405 206 400 192
422 206 417 192
428 206 423 193
434 206 428 194
440 206 434 195
445 206 440 196
451 206 446 197
463 206 457 197
469 206 464 198
475 206 470 199
480 206 476 200
486 206 482 200
492 206 489 201
364 212 357 194
376 212 368 194
381 212 375 195
387 212 380 196
393 212 387 196
399 212 392 197
405 212 398 198
410 212 405 198
422 212 416 199
428 212 422 199
434 212 428 199
440 212 434 200
445 212 440 201
451 212 446 201
463 212 457 203
469 212 463 204
475 212 469 205
480 212 476 205
486 212 482 206
358 218 351 198
370 218 361 199
376 218 368 200
381 218 374 200
387 218 380 201
393 218 386 202
399 218 392 202
405 218 398 204
416 218 408 204
422 218 415 205
428 218 421 205
434 218 427 206
440 218 433 206
445 218 439 206
451 218 445 207
463 218 457 208
469 218 463 209
475 218 469 210
480 218 476 211
352 224 344 204
358 224 350 205
370 224 361 205
393 224 385 207
399 224 391 208
405 224 398 210
410 224 404 211
422 224 413 210
475 224 469 216
346 230 338 208
352 230 344 209
358 230 349 210
376 230 366 209
381 230 372 210
387 230 378 211
428 230 419 216
434 230 425 216
440 230 433 217
445 230 438 217
451 230 444 218
370 235 359 215
376 235 366 216
381 235 371 216
387 235 377 217
393 235 383 217
399 235 389 217
405 235 395 219
416 235 407 221
422 235 413 220
428 235 419 221
434 235 425 221
440 235 433 222
445 235 437 223
451 235 443 224
457 235 449 224
463 235 456 224
329 241 318 215
335 241 324 216
341 241 329 217
346 241 335 218
352 241 342 219
364 241 352 220
370 241 359 221
376 241 365 222
381 241 370 222
387 241 376 222
393 241 383 223
399 241 388 223
405 241 395 224
416 241 406 226
422 241 412 226
428 241 419 226
434 241 424 227
440 241 430 228
445 241 437 229
451 241 442 229
457 241 449 231
323 247 311 221
329 247 317 221
335 247 324 222
341 247 329 223
346 247 335 224
352 247 341 224
364 247 351 224
370 247 357 225
376 247 364 227
381 247 369 227
387 247 375 227
393 247 382 228
399 247 388 230
405 247 394 231
416 247 405 231
422 247 411 231
428 247 418 232
434 247 424 232
440 247 429 233
445 247 436 234
451 247 442 236
457 247 448 236
312 253 299 226
341 253 329 229
352 253 340 230
358 253 347 232
376 253 363 232
381 253 369 233
387 253 375 234
393 253 381 234
323 259 308 229
329 259 315 230
335 259 321 231
346 259 333 232
358 259 347 238
370 259 355 235
405 259 391 239
410 259 398 240
416 259 404 241
422 259 410 242
428 259 416 242
434 259 422 243
440 259 428 244
445 259 436 244
317 264 302 235
323 264 307 235
329 264 314 235
335 264 321 237
341 264 327 238
352 264 336 237
358 264 343 240
370 264 354 240
376 264 360 241
381 264 367 243
387 264 374 243
399 264 384 244
405 264 390 244
410 264 397 246
416 264 403 247
422 264 410 248
428 264 415 248
434 264 420 249
440 264 428 250
294 270 278 239
300 270 285 240
306 270 292 241
317 270 301 241
323 270 306 241
329 270 313 241
335 270 319 242
341 270 325 243
352 270 336 244
358 270 342 245
364 270 348 245
370 270 354 246
376 270 361 247
381 270 366 247
387 270 373 248
399 270 384 250
405 270 390 250
410 270 396 251
416 270 402 252
422 270 409 254
428 270 415 254
434 270 420 255
306 276 291 247
317 276 301 246
323 276 306 247
329 276 313 248
335 276 319 248
341 276 324 248
346 276 331 250
358 276 342 251
364 276 347 251
370 276 354 253
376 276 360 253
381 276 366 253
393 276 376 255
399 276 382 256
405 276 389 256
410 276 395 257
416 276 401 257
422 276 408 259
282 282 265 249
306 282 286 246
370 282 353 259
416 282 401 264
422 282 407 265
277 288 258 255
288 288 271 253
300 288 280 254
306 288 286 255
312 288 292 254
317 288 298 255
323 288 305 256
329 288 311 257
335 288 317 258
341 288 323 259
346 288 332 259
358 288 340 261
364 288 345 260
376 288 358 263
381 288 365 263
387 288 371 264
399 288 381 265
405 288 388 267
410 288 394 268
282 294 264 258
288 294 271 259
294 294 275 259
306 294 286 260
312 294 292 260
317 294 298 261
323 294 304 261
329 294 310 263
335 294 316 264
341 294 322 265
358 294 339 266
364 294 345 266
370 294 351 267
376 294 357 268
381 294 363 269
387 294 369 270
399 294 379 271
405 294 387 273
410 294 394 274
288 299 270 266
294 299 276 265
312 299 291 265
317 299 297 267
323 299 304 267
329 299 310 268
335 299 315 270
341 299 321 270
352 299 333 271
358 299 339 272
364 299 345 273
370 299 350 274
376 299 356 275
387 299 367 275
393 299 373 276
399 299 379 277
405 299 387 278
294 305 276 272
300 305 282 272
312 305 291 272
317 305 297 273
323 305 303 273
329 305 310 274
335 305 316 275
341 305 321 276
352 305 331 276
358 305 338 278
364 305 343 278
370 305 349 279
376 305 355 281
381 305 362 282
393 305 372 282
399 305 378 283
300 311 281 279
352 311 331 283
358 311 336 284
364 311 341 284
376 311 354 288
387 311 366 288
393 311 371 289
312 317 289 283
317 317 295 283
323 317 300 283
352 317 329 291
370 317 347 292
381 317 360 294
312 323 287 289
317 323 294 289
323 323 301 289
329 323 307 289
341 323 317 291
358 323 334 293
387 323 362 302
312 328 285 296
317 328 292 295
323 328 300 296
329 328 307 296
335 328 313 296
346 328 321 296
352 328 327 298
358 328 333 298
364 328 339 299
370 328 346 301
335 334 311 303
346 334 321 303
352 334 327 303
358 334 333 305
335 340 311 310
358 340 334 311
364 340 341 308
341 346 317 318
352 346 325 318
358 346 333 318
364 346 340 314
346 352 318 323
