515 125 490 171
428 136 413 172
434 136 420 174
527 136 574 187
422 148 403 179
428 148 416 181
434 154 425 184
405 160 300 186
434 160 423 191
451 160 319 233
399 165 286 190
416 165 403 183
451 165 315 239
451 171 313 246
422 177 495 187
504 177 491 236
434 183 506 198
440 183 518 208
422 189 492 202
434 189 505 204
428 195 495 209
428 200 494 216
445 224 458 194
358 259 340 205
300 282 329 191
282 288 288 196
445 288 419 252
335 311 313 197
399 311 341 276
323 317 296 197
329 317 304 200
335 323 310 204
