492 125 506 135
498 125 514 133
515 125 534 134
504 131 520 137
509 131 527 137
515 131 534 138
486 142 499 143
492 142 506 144
498 142 511 144
504 142 519 144
416 148 431 145
463 148 475 146
469 148 481 147
480 148 492 147
486 148 498 148
492 148 504 149
533 148 550 150
539 148 554 152
451 154 461 149
457 154 467 150
463 154 473 151
469 154 480 152
480 154 491 152
498 154 510 152
533 154 548 157
539 154 554 158
428 160 436 152
434 160 442 153
440 160 450 154
451 160 460 155
457 160 466 155
486 160 496 157
492 160 502 157
498 160 510 157
504 160 516 157
521 160 533 160
539 160 554 164
416 165 423 156
422 165 429 156
428 165 436 156
463 165 471 159
475 165 482 160
480 165 488 161
486 165 495 162
492 165 501 162
498 165 508 162
533 165 546 165
399 171 406 160
405 171 412 160
440 171 444 162
445 171 450 163
451 171 456 163
457 171 463 164
463 171 469 164
475 171 479 165
480 171 486 166
393 177 399 168
399 177 404 166
416 177 420 164
422 177 425 165
428 177 432 165
440 177 444 167
445 177 450 168
451 177 456 168
486 177 492 170
492 177 497 171
498 177 504 172
504 177 511 172
410 183 413 168
416 183 418 169
463 183 464 172
469 183 470 173
475 183 478 174
480 183 484 175
486 183 491 175
492 183 497 176
498 183 503 177
387 189 389 173
393 189 395 173
428 189 427 173
434 189 433 173
440 189 440 173
445 189 446 175
504 189 511 180
405 195 404 176
410 195 411 177
416 195 416 177
428 195 427 178
457 195 455 180
463 195 463 181
469 195 468 182
475 195 475 183
480 195 482 183
486 195 488 183
492 195 495 184
498 195 502 185
381 200 381 180
387 200 386 179
399 200 397 180
405 200 403 181
410 200 409 182
434 200 432 182
440 200 438 183
451 200 448 184
457 200 454 185
463 200 460 185
469 200 467 186
475 200 473 187
480 200 480 187
486 200 487 189
492 200 494 190
498 200 501 191
358 206 358 181
364 206 365 182
376 206 373 184
381 206 379 184
387 206 384 185
416 206 413 186
428 206 425 186
434 206 430 187
440 206 436 188
445 206 442 189
457 206 454 190
463 206 459 191
469 206 466 191
399 212 394 189
405 212 400 189
410 212 406 189
416 212 412 190
428 212 423 192
434 212 428 192
475 212 471 197
480 212 478 198
346 218 343 188
364 218 361 191
376 218 370 190
387 218 380 191
399 218 393 193
405 218 399 194
410 218 405 195
451 218 445 198
457 218 451 199
463 218 457 200
469 218 463 201
475 218 470 202
480 218 477 203
341 224 335 192
352 224 347 193
393 224 385 196
422 224 414 199
428 224 421 200
434 224 426 200
445 224 437 202
451 224 443 203
457 224 450 204
463 224 456 205
469 224 462 206
475 224 470 209
370 230 362 199
381 230 371 198
387 230 378 200
393 230 384 200
399 230 390 201
405 230 396 203
416 230 406 204
434 230 424 206
445 230 435 209
451 230 442 209
463 230 456 212
469 230 462 213
341 235 330 200
364 235 354 202
370 235 359 204
376 235 366 204
387 235 376 205
422 235 411 208
428 235 417 209
457 235 447 214
335 241 325 205
393 241 381 210
405 241 391 210
410 241 397 212
416 241 404 213
422 241 410 213
428 241 417 214
440 241 427 216
445 241 434 217
451 241 439 219
457 241 446 219
341 247 329 207
352 247 340 209
358 247 345 210
364 247 350 210
376 247 361 212
381 247 367 213
387 247 373 214
393 247 379 215
405 247 390 216
410 247 396 217
416 247 402 217
422 247 408 218
434 247 420 220
445 247 432 222
451 247 439 224
457 247 445 226
329 253 315 211
335 253 321 212
346 253 331 213
352 253 337 214
358 253 343 215
364 253 350 216
376 253 359 217
381 253 366 218
387 253 372 219
440 253 424 226
352 259 336 220
358 259 342 221
399 259 380 224
405 259 386 224
410 259 393 226
416 259 399 227
428 259 411 229
434 259 417 230
440 259 423 232
445 259 430 232
323 264 306 218
329 264 311 219
341 264 323 220
346 264 328 220
376 264 357 226
381 264 363 227
393 264 373 227
399 264 379 229
405 264 385 230
410 264 391 231
416 264 398 232
428 264 409 234
434 264 414 235
312 270 293 221
317 270 298 222
323 270 304 223
335 270 315 224
341 270 321 225
346 270 326 226
364 270 343 229
405 270 384 235
410 270 390 236
294 276 275 225
358 276 336 231
376 276 355 234
387 276 363 236
393 276 370 237
399 276 376 238
422 276 399 242
428 276 406 244
306 282 284 229
312 282 290 230
317 282 295 231
323 282 302 231
335 282 311 233
341 282 317 233
346 282 323 235
358 282 335 237
364 282 340 238
370 282 346 239
376 282 352 239
393 282 368 243
399 282 375 243
410 282 386 245
416 282 392 246
422 282 398 248
277 288 258 231
288 288 268 231
294 288 272 232
306 288 282 234
312 288 288 234
317 288 294 235
329 288 304 236
341 288 316 238
370 288 344 244
381 288 354 246
387 288 361 242
335 294 309 241
358 294 330 245
364 294 337 246
387 294 359 249
393 294 366 249
405 294 376 253
410 294 383 254
288 299 265 240
300 299 274 242
306 299 279 243
312 299 285 244
323 299 296 244
329 299 302 245
335 299 308 246
346 299 317 248
352 299 323 249
358 299 329 250
364 299 335 252
376 299 345 253
381 299 350 254
387 299 357 254
393 299 363 255
300 305 273 247
306 305 278 248
312 305 283 249
323 305 294 249
329 305 300 250
335 305 306 251
346 305 316 253
352 305 321 254
358 305 328 255
364 305 335 256
376 305 343 258
381 305 349 259
393 305 361 261
300 311 272 254
306 311 277 255
317 317 285 257
323 317 290 257
335 317 301 260
346 317 313 263
352 317 319 264
358 317 325 266
370 317 335 267
393 317 357 270
317 323 283 262
329 323 293 264
364 323 341 275
317 328 281 269
335 328 298 268
341 328 303 268
364 328 326 274
370 328 332 275
329 334 290 273
335 334 296 274
352 334 311 277
358 334 318 278
364 334 323 279
329 340 286 280
341 340 301 281
352 340 310 282
335 346 292 288
341 346 300 288
352 346 308 288
358 346 315 290
364 346 322 288
370 346 329 287
352 352 307 297
352 358 307 304
