428 236 431 230
438 236 437 230
443 236 442 230
385 241 386 235
391 241 391 235
396 241 398 235
401 241 403 235
406 241 407 235
412 241 413 235
417 241 419 236
422 241 424 235
433 241 431 236
438 241 437 236
443 241 442 236
449 241 448 237
317 246 313 241
327 246 327 241
338 246 334 241
348 246 344 241
354 246 354 240
391 246 392 241
396 246 398 241
401 246 403 242
406 246 408 242
412 246 413 241
428 246 426 240
438 246 436 241
443 246 443 242
317 251 311 247
333 251 327 247
338 251 333 247
343 251 338 247
348 251 348 247
354 251 354 246
364 251 366 246
417 251 416 252
428 251 426 248
433 251 432 246
438 251 435 248
443 251 441 248
306 257 305 252
311 257 311 252
317 257 316 252
322 257 323 251
333 257 328 252
359 257 356 251
364 257 365 251
369 257 372 248
380 257 382 247
385 257 387 246
428 257 426 252
306 262 306 258
311 262 312 256
317 262 316 256
322 262 323 257
385 262 387 258
306 267 307 263
311 267 313 263
317 267 317 262
338 267 340 259
348 267 350 258
354 267 354 259
359 267 359 259
364 267 364 261
380 267 381 269
396 267 397 257
406 267 403 252
412 267 408 252
306 273 307 270
311 273 313 268
317 273 316 268
348 273 350 263
380 273 376 263
406 273 403 258
412 273 408 258
417 273 415 258
306 278 307 274
311 278 312 274
401 278 398 263
406 278 403 263
412 278 409 268
417 278 416 269
422 278 424 268
433 278 435 268
449 278 447 269
306 283 307 279
401 283 399 269
406 283 403 268
417 283 418 275
422 283 425 275
428 283 429 274
443 283 440 274
449 283 448 274
343 288 339 296
401 288 399 274
406 288 402 274
438 288 442 284
443 288 441 280
343 294 339 302
359 294 356 277
396 294 398 312
401 294 399 280
412 294 410 290
417 294 420 306
454 294 457 323
343 299 340 306
364 299 360 296
380 299 386 301
406 299 413 318
438 299 440 294
449 299 448 294
391 304 393 305
454 304 452 280
317 309 330 291
338 309 334 273
354 309 355 310
406 309 410 295
449 309 445 284
454 309 452 286
317 315 329 295
406 315 405 313
454 315 452 291
385 320 387 328
417 320 424 388
443 320 441 300
454 320 452 296
380 325 382 333
385 325 387 333
391 325 393 360
443 325 441 306
449 325 448 306
348 331 349 328
354 331 355 328
396 331 392 290
406 331 408 329
443 331 441 312
449 331 448 312
311 336 311 332
333 336 332 326
348 336 349 334
354 336 355 334
311 341 311 339
348 341 349 339
412 341 410 305
438 341 436 338
449 341 448 337
454 341 453 337
311 346 312 343
391 346 392 343
396 346 397 344
401 346 403 344
406 346 407 345
311 352 312 348
391 352 392 348
396 352 397 348
401 352 402 349
406 352 407 350
443 352 441 348
449 352 447 344
454 352 453 344
385 357 417 340
443 357 441 354
449 357 446 350
454 357 453 349
459 357 459 351
412 362 414 361
417 362 418 359
443 362 441 360
449 362 445 356
454 362 452 356
459 362 459 356
333 368 333 393
417 368 419 364
449 368 447 365
454 368 453 366
459 368 458 361
459 373 459 366
412 378 414 375
443 378 441 372
449 378 446 372
454 378 453 372
459 378 459 372
333 383 349 403
380 383 393 430
412 383 414 381
433 383 430 383
454 383 454 377
459 383 459 377
317 389 316 375
364 389 361 388
438 389 436 387
443 389 443 383
449 389 448 384
454 389 453 383
459 389 459 382
317 394 317 382
322 394 323 381
438 394 436 393
449 394 447 388
454 394 452 386
459 394 459 387
412 399 408 365
443 399 442 393
449 399 446 393
454 399 451 392
459 399 458 392
317 405 318 397
449 405 446 397
454 405 451 397
459 405 458 397
433 410 431 410
443 410 442 403
449 410 447 403
454 410 452 404
459 410 459 404
396 415 398 414
433 415 430 414
438 415 436 413
449 415 446 408
454 415 452 408
459 415 458 409
380 420 382 435
454 420 455 419
322 426 323 424
327 426 329 424
333 426 339 429
338 426 343 429
375 426 378 441
380 426 383 441
401 426 430 391
449 426 452 424
454 426 457 425
322 431 322 431
327 431 328 431
333 431 337 434
338 431 344 435
396 431 425 396
401 431 430 397
422 431 386 446
433 431 403 440
438 431 409 441
449 431 452 430
459 431 457 431
465 431 464 429
333 436 338 441
428 436 431 431
433 436 436 430
438 436 409 446
454 436 447 436
459 436 457 436
465 436 463 437
333 441 327 434
348 441 349 432
354 441 354 431
428 441 431 436
433 441 435 436
438 441 441 436
454 441 447 441
459 441 456 441
465 441 463 442
396 447 403 447
428 447 431 442
433 447 435 442
438 447 440 441
454 447 446 447
459 447 456 447
465 447 464 446
338 452 335 446
343 452 343 446
375 452 377 451
380 452 383 451
391 452 393 453
396 452 402 452
422 452 426 446
428 452 429 448
454 452 447 451
459 452 457 452
465 452 463 451
470 452 470 447
327 457 329 453
333 457 333 452
343 457 342 457
348 457 355 457
369 457 371 457
375 457 377 457
380 457 383 456
391 457 397 458
428 457 426 456
438 457 437 452
454 457 447 457
459 457 458 455
470 457 470 455
322 463 323 457
327 463 329 458
333 463 333 457
343 463 344 463
369 463 375 462
375 463 381 462
385 463 388 462
422 463 421 461
428 463 426 461
459 463 457 460
465 463 463 460
327 468 328 464
343 468 344 469
348 468 355 468
380 468 383 467
385 468 389 468
406 468 408 466
412 468 413 466
428 468 425 466
433 468 431 466
443 468 446 463
449 468 452 463
459 468 456 466
465 468 461 467
327 473 332 472
333 473 338 472
348 473 356 474
354 473 362 473
375 473 375 472
380 473 382 473
385 473 388 473
391 473 397 474
401 473 404 474
406 473 409 473
412 473 414 472
422 473 393 473
428 473 425 472
443 473 446 468
449 473 442 473
454 473 447 472
459 473 456 471
