0.4561065137386322 0.8630543351173401 -0.2170343399047852 0.06118524447083473 
-0.888814389705658 0.4296018481254578 -0.1595337688922882 0.08551573008298874 
-0.04444802179932594 0.2656676471233368 0.9630395174026489 -0.2761267721652985 
0 0 0 1 

0.2924531996250153 0.8815162181854248 -0.3706752955913544 0.1101409047842026 
-0.9135768413543701 0.372090071439743 0.1640921533107758 0.006067839916795492 
0.2825745046138763 0.2906510829925537 0.9141518473625183 -0.3047583401203156 
0 0 0 1 

0.2731684446334839 0.8508641719818115 -0.4487860202789307 0.1368037462234497 
-0.9314776659011841 0.3504845201969147 0.09751733392477036 0.02952328696846962 
0.2402665317058563 0.391395628452301 0.8883025646209717 -0.2928686141967773 
0 0 0 1 

0.1777414530515671 0.7717038989067078 -0.6106399893760681 0.1964445263147354 
-0.9614655375480652 0.2684361934661865 0.05938189849257469 0.04300716519355774 
0.2097431570291519 0.5765545964241028 0.7896788120269775 -0.2585248053073883 
0 0 0 1 

0.1361232697963715 0.6673566102981567 -0.7321923971176147 0.2389109879732132 
-0.9726568460464478 0.2304073870182037 0.02917628176510334 0.05318357422947884 
0.1881735473871231 0.7082003355026245 0.6804726719856262 -0.2219274789094925 
0 0 0 1 

0.1079037711024284 0.5696766376495361 -0.8147546648979187 0.2671603858470917 
-0.9844073057174683 0.1757442802190781 -0.007491548545658588 0.0655958354473114 
0.1389206498861313 0.802858829498291 0.5797574520111084 -0.1863874047994614 
0 0 0 1 

0.07553444802761078 0.5025521516799927 -0.8612406849861145 0.284641444683075 
-0.9912707805633545 0.1314425319433212 -0.01023899856954813 0.06727460026741028 
0.1080578938126564 0.8544962406158447 0.5080939531326294 -0.1614143401384354 
0 0 0 1 

0.1551207304000854 0.5102615356445312 -0.8459143042564392 0.272700697183609 
-0.9877138137817383 0.09653559327125549 -0.1228926107287407 0.1035159304738045 
0.01895353943109512 0.854584276676178 0.5189667940139771 -0.157651886343956 
0 0 0 1 

0.2630023658275604 0.571419894695282 -0.7773731350898743 0.2428314238786697 
-0.9600328803062439 0.07504168152809143 -0.2696396112442017 0.1488190591335297 
-0.0957421138882637 0.817219614982605 0.5683180689811707 -0.1637642085552216 
0 0 0 1 

0.3149212598800659 0.6180611252784729 -0.7202951312065125 0.2214384824037552 
-0.9311481118202209 0.05421506240963936 -0.3605884313583374 0.1737312376499176 
-0.1838148087263107 0.7842583656311035 0.5925798416137695 -0.1648602187633514 
0 0 0 1 

