488 150 485 150
493 155 491 155
488 160 490 161
493 160 494 161
498 160 501 161
488 165 491 165
493 165 496 166
498 165 501 166
279 171 268 184
493 171 497 171
498 171 502 171
279 176 268 190
274 212 269 222
378 218 374 244
498 218 505 221
373 223 352 240
373 228 353 246
441 228 435 245
488 238 494 247
368 244 345 267
441 244 430 262
482 244 489 253
368 249 344 272
441 249 430 268
462 249 470 271
482 249 490 259
488 249 495 259
462 254 469 277
467 254 475 276
482 254 490 264
488 254 495 269
477 259 481 270
482 259 489 269
274 264 268 270
279 264 274 271
477 264 481 276
279 270 273 276
331 270 304 268
336 270 310 268
425 270 409 274
482 270 488 281
284 275 279 285
357 275 338 273
472 275 474 283
279 280 273 287
352 280 332 279
357 280 338 278
399 280 382 276
284 285 278 292
315 285 297 290
326 285 312 285
373 285 349 284
399 285 383 282
404 285 392 284
310 291 291 296
315 291 298 295
321 291 305 292
352 291 328 294
373 291 348 294
399 291 388 292
404 291 393 292
420 291 415 292
493 291 497 291
503 291 502 292
321 296 307 301
331 296 329 301
336 296 335 301
378 296 350 299
404 296 394 298
415 296 405 298
420 296 409 297
482 296 487 297
362 301 345 305
373 301 351 305
472 301 475 302
477 301 481 303
482 301 488 302
488 301 493 301
498 301 499 301
472 306 475 307
477 306 481 307
