307 143 308 293
307 153 315 296
407 181 396 200
283 186 347 336
292 186 350 330
297 186 352 325
302 186 355 319
407 186 401 202
283 191 352 338
297 191 357 327
302 191 360 320
307 191 362 316
288 195 356 335
302 195 365 323
283 200 360 343
288 200 361 337
292 200 364 331
288 205 367 339
392 205 422 226
335 210 394 287
349 210 400 273
378 210 421 240
383 210 424 235
273 214 384 367
288 214 374 340
292 214 376 335
273 219 391 370
297 219 392 333
340 219 415 272
278 224 381 357
283 224 383 351
297 224 396 335
307 224 401 325
335 224 420 281
288 229 398 351
292 229 399 346
297 229 401 339
302 229 404 332
307 229 407 327
288 233 404 354
297 233 408 341
288 238 408 363
297 238 413 344
302 238 418 337
307 238 421 331
311 238 422 326
297 243 421 348
302 243 423 340
307 243 426 333
297 248 426 354
307 248 432 336
