524 139 468 64
475 144 397 82
485 144 404 80
490 144 409 79
466 149 387 89
471 149 392 88
485 149 405 84
490 149 409 84
490 153 411 90
510 158 431 87
553 168 501 75
558 188 539 139
553 197 526 124
544 207 515 133
553 207 532 154
534 212 529 174
471 217 446 157
475 217 451 155
510 217 491 157
544 217 535 170
548 217 541 170
558 217 547 169
563 217 554 168
534 222 532 180
544 222 535 176
558 222 551 174
563 222 555 173
393 226 362 220
534 226 533 186
558 226 551 179
393 231 363 225
456 231 414 227
466 231 436 189
529 231 517 164
534 231 535 191
456 236 414 232
446 241 442 218
519 246 511 221
412 251 398 241
505 251 488 232
427 256 429 248
422 260 425 254
524 260 508 234
534 260 517 226
456 265 465 233
461 265 470 232
500 265 491 244
524 265 509 240
475 270 450 248
495 270 487 252
519 270 504 247
524 270 510 246
475 275 451 253
519 280 502 260
480 285 483 259
485 285 488 256
471 294 475 275
475 294 480 273
490 294 491 269
