444 55 458 93
469 55 477 92
450 61 464 100
456 61 469 100
462 61 476 101
469 61 477 98
475 61 487 104
456 67 469 107
469 73 474 108
469 79 475 115
475 79 480 116
475 85 480 121
500 85 498 118
493 92 491 123
500 92 498 124
506 92 503 125
512 92 510 126
487 98 501 149
493 98 491 129
500 98 497 130
506 98 503 131
512 98 510 132
518 98 526 152
500 104 497 135
506 104 503 137
512 104 510 138
512 110 510 144
518 110 516 145
524 110 521 145
506 123 506 162
518 123 519 168
524 123 524 169
530 123 531 170
530 129 529 177
524 135 524 183
308 190 334 214
327 190 346 213
357 190 370 223
265 197 285 199
271 197 291 200
289 197 315 215
296 197 320 217
302 197 328 223
308 197 333 219
314 197 338 219
357 197 370 229
265 203 284 206
314 203 338 224
345 203 357 232
259 209 278 210
265 209 284 212
283 209 297 213
314 209 338 230
327 209 350 232
265 215 283 218
271 215 289 219
376 221 381 235
370 228 376 241
314 234 315 228
289 240 300 240
320 240 325 241
345 240 362 246
357 240 368 247
345 246 361 251
357 246 367 253
351 252 359 259
357 252 366 259
351 258 360 264
376 320 367 320
370 326 361 324
