417 146 393 151
422 146 400 151
412 151 387 156
417 151 393 155
422 151 398 156
427 151 405 155
412 156 387 160
417 156 391 161
422 156 397 161
427 156 405 161
402 161 383 169
417 161 392 166
422 161 397 167
432 161 411 163
422 166 398 173
427 166 406 168
432 166 411 168
437 166 417 168
427 171 404 174
412 176 394 180
427 181 398 190
432 181 403 190
437 181 414 186
442 181 419 186
448 181 426 186
453 181 432 186
458 181 438 186
386 187 349 195
391 187 354 194
412 187 380 201
427 187 398 194
432 187 402 195
437 187 409 195
442 187 418 191
448 187 425 191
453 187 431 192
458 187 438 191
463 187 443 191
386 192 350 200
391 192 355 200
396 192 359 200
422 192 394 195
427 192 397 199
432 192 403 199
448 192 423 197
453 192 430 197
458 192 436 197
463 192 448 196
391 197 355 204
396 197 359 205
402 197 364 205
417 197 386 206
422 197 393 201
432 197 403 204
458 197 435 202
473 197 453 201
407 202 371 212
417 202 383 213
427 202 393 212
453 202 427 207
386 207 391 255
407 207 371 217
412 207 377 218
417 207 383 218
422 207 387 218
427 207 393 218
432 207 398 218
437 207 408 216
442 207 413 215
448 207 419 215
453 207 425 213
458 207 431 213
463 207 442 214
407 212 376 223
417 212 383 223
422 212 388 223
427 212 392 223
432 212 398 223
437 212 404 222
453 212 425 218
458 212 432 217
483 212 465 209
407 217 375 228
417 217 382 227
422 217 387 227
427 217 392 227
432 217 397 227
437 217 402 228
442 217 409 228
463 217 438 224
371 222 337 229
381 222 349 231
417 222 382 232
422 222 386 232
427 222 392 232
432 222 397 232
437 222 402 233
442 222 407 233
448 222 414 235
453 222 419 235
489 222 471 224
371 228 337 234
376 228 344 235
386 228 353 234
391 228 359 233
396 228 364 234
402 228 369 234
407 228 376 234
437 228 402 238
442 228 409 239
448 228 413 239
463 228 432 240
340 233 314 222
345 233 320 221
350 233 308 237
355 233 314 237
361 233 320 238
381 233 348 240
386 233 353 240
391 233 358 239
396 233 364 239
402 233 369 239
422 233 386 240
427 233 391 241
432 233 397 241
340 238 313 227
366 238 330 243
381 238 347 245
386 238 352 245
391 238 358 245
396 238 362 245
422 238 385 246
427 238 392 246
432 238 397 246
442 238 404 246
448 238 409 246
453 238 414 246
335 243 286 253
340 243 291 254
345 243 296 254
355 243 320 248
361 243 324 249
386 243 351 251
437 243 398 251
442 243 404 251
448 243 408 251
453 243 413 251
463 243 431 252
330 248 280 265
340 248 292 260
345 248 296 260
361 248 364 295
376 248 335 257
381 248 341 256
391 248 353 256
417 248 377 258
422 248 385 256
437 248 408 263
463 248 430 257
325 253 276 269
335 253 286 266
376 253 342 261
381 253 347 261
417 253 376 262
422 253 385 261
427 253 390 261
437 253 407 268
458 253 425 263
468 253 435 263
473 253 440 264
422 258 385 265
463 258 429 268
468 258 435 268
473 258 440 269
320 263 274 276
330 263 285 281
335 263 291 281
417 263 386 272
422 263 391 273
427 263 396 273
432 263 403 274
437 263 407 274
463 263 426 273
468 263 434 273
309 268 263 281
314 268 269 280
320 268 274 282
330 268 285 286
335 268 291 287
417 268 385 278
422 268 390 278
427 268 397 279
432 268 402 279
437 268 406 279
309 274 264 286
314 274 270 286
320 274 274 286
325 274 279 286
345 274 334 315
386 274 335 288
391 274 340 287
417 274 380 283
422 274 386 284
427 274 397 284
432 274 402 283
437 274 406 284
309 279 265 291
314 279 269 291
320 279 274 292
381 279 323 293
386 279 334 292
427 279 396 289
432 279 401 288
320 284 274 297
330 284 284 298
345 284 334 322
422 284 390 295
427 284 395 295
432 284 400 294
309 289 264 299
314 289 269 299
345 289 335 326
350 289 340 332
417 289 379 300
422 289 385 300
427 289 391 300
314 294 269 303
355 294 340 338
366 294 352 337
391 294 325 299
396 294 330 299
402 294 335 299
320 299 275 308
330 299 317 338
432 299 391 318
453 299 425 290
350 304 306 317
361 304 313 316
366 304 318 317
448 304 412 305
330 309 286 320
335 309 291 321
340 309 296 322
345 309 301 322
355 309 308 322
361 309 312 321
366 309 317 322
371 309 322 322
407 309 334 305
442 309 397 322
448 309 411 310
335 315 292 326
340 315 296 326
345 315 301 327
355 315 308 326
361 315 312 325
366 315 317 326
371 315 323 328
432 315 384 328
437 315 390 327
442 315 397 328
340 320 297 331
345 320 301 331
350 320 306 332
355 320 311 332
366 320 324 338
371 320 329 338
432 320 384 332
437 320 389 333
442 320 397 334
345 325 301 336
350 325 306 336
355 325 312 337
422 325 373 338
427 325 377 338
437 325 391 339
350 330 307 342
355 330 313 343
361 330 318 344
366 330 323 344
371 330 328 344
376 330 333 344
417 330 368 342
432 330 380 345
437 330 389 346
355 335 312 347
361 335 317 348
366 335 323 348
371 335 327 348
422 335 373 345
427 335 377 351
366 340 322 353
402 340 361 350
422 340 374 356
366 345 317 355
376 345 329 356
381 345 335 356
371 350 324 361
376 350 330 361
381 350 335 362
386 350 340 361
391 350 345 362
396 350 352 362
402 350 356 361
407 350 360 362
376 356 329 366
381 356 333 365
386 356 340 367
391 356 346 367
396 356 352 368
386 361 343 372
391 361 349 372
396 361 355 373
