513 96 571 170
438 125 409 164
484 125 555 196
473 131 447 171
531 131 567 160
473 137 445 176
408 143 437 150
414 143 444 152
519 149 554 172
548 154 564 189
502 160 521 184
502 166 517 189
513 166 532 195
397 172 435 164
513 172 529 203
385 178 416 166
391 178 424 168
502 178 469 222
508 178 519 207
537 178 544 212
373 184 399 170
379 184 407 172
496 184 406 249
502 184 511 212
508 184 517 215
513 184 525 216
519 184 408 272
525 184 415 273
379 189 413 173
443 189 495 182
478 189 486 212
379 195 407 180
385 195 431 177
408 195 459 181
478 195 486 221
391 201 435 182
397 201 441 183
402 201 451 184
385 207 428 186
391 207 435 187
397 207 441 189
402 207 447 191
408 207 463 189
502 207 398 283
420 213 477 193
426 213 483 196
408 219 461 199
414 219 468 200
420 219 476 201
426 219 396 237
338 225 376 194
373 225 415 197
379 225 423 198
385 225 430 200
397 225 446 199
402 225 452 202
408 225 460 204
414 225 466 207
420 225 472 207
426 225 393 244
391 230 436 205
402 230 451 208
408 230 458 210
414 230 464 212
443 230 412 258
373 236 418 207
379 236 426 208
385 236 433 210
408 236 457 216
443 236 409 263
449 236 365 283
455 236 372 284
449 242 364 289
455 242 372 291
397 248 347 268
449 248 363 296
315 254 324 215
408 254 367 275
356 260 400 225
402 260 357 279
432 260 450 255
332 265 376 224
356 265 352 254
332 271 368 229
362 271 422 231
367 271 428 231
350 277 411 234
362 277 420 236
350 283 408 240
350 289 370 262
327 295 346 263
344 295 362 267
402 300 310 212
321 306 319 282
327 306 340 290
332 306 346 292
321 312 317 291
327 312 338 298
332 312 344 300
