435 177 428 150
439 177 433 151
442 177 439 153
446 177 444 154
450 177 484 163
454 177 494 166
457 177 499 167
461 177 504 168
465 177 508 170
476 177 517 173
383 181 423 149
387 181 418 149
417 181 442 158
420 181 447 159
461 181 471 166
472 181 512 176
476 181 516 177
480 181 520 178
372 184 405 150
380 184 415 152
383 184 423 154
387 184 427 157
372 188 404 155
376 188 408 156
380 188 414 157
383 188 422 159
387 188 426 161
468 188 511 183
376 192 407 162
380 192 414 162
468 192 510 187
476 192 515 189
480 192 520 190
483 192 522 195
439 196 439 170
372 199 401 166
376 199 407 168
383 199 413 169
387 199 422 172
413 199 479 181
439 199 438 175
480 199 518 196
372 203 400 171
376 203 405 172
380 203 410 174
387 203 421 176
476 203 513 199
480 203 517 200
483 203 521 200
372 207 400 176
376 207 404 178
380 207 409 178
383 207 414 179
387 207 419 181
431 207 446 187
442 207 467 189
472 207 506 203
476 207 511 205
480 207 516 205
483 207 521 206
376 210 404 182
380 210 410 183
383 210 413 184
387 210 419 185
391 210 424 187
468 210 500 205
472 210 505 207
476 210 510 210
480 210 515 209
376 214 404 187
383 214 413 189
391 214 424 192
431 214 441 202
435 214 446 204
476 214 509 213
483 214 519 212
383 218 412 194
387 218 415 195
391 218 422 197
439 218 447 209
442 218 451 210
446 218 456 211
454 218 491 198
465 218 488 213
468 218 498 212
472 218 503 213
480 218 513 216
483 218 518 218
391 222 420 202
439 222 445 214
442 222 450 215
465 222 487 218
472 222 502 217
480 222 513 220
483 222 518 222
435 225 438 218
439 225 443 220
442 225 448 221
387 229 408 209
391 229 414 211
394 229 419 211
454 229 464 224
457 229 468 225
391 233 412 216
431 233 432 220
435 233 438 222
442 233 447 225
446 233 452 225
450 233 458 227
454 233 462 229
457 233 467 230
461 233 471 232
413 236 416 222
417 236 421 223
420 236 426 224
431 236 432 225
435 236 436 227
442 236 444 230
446 236 451 231
450 236 456 232
454 236 460 233
457 236 464 236
461 236 469 237
465 236 474 238
365 240 354 227
413 240 415 227
417 240 420 228
420 240 425 229
424 240 430 230
431 240 433 232
439 240 438 233
442 240 443 235
446 240 449 237
450 240 454 237
465 240 473 243
468 240 479 244
483 240 508 235
368 244 359 230
409 244 407 231
413 244 414 232
417 244 419 233
420 244 424 234
424 244 429 235
428 244 433 237
461 244 464 245
465 244 473 247
368 247 358 235
420 247 423 239
424 247 428 240
428 247 432 242
457 247 456 249
465 247 467 251
468 247 477 254
368 251 357 240
413 251 412 239
417 251 418 240
457 251 455 254
413 255 413 244
420 255 421 246
409 258 409 247
413 258 412 249
409 262 408 253
420 262 423 251
424 262 427 252
420 266 422 255
424 266 427 257
454 266 448 262
465 266 463 266
380 270 370 254
398 270 397 254
402 270 402 256
417 270 415 260
420 270 422 260
424 270 426 261
428 270 431 263
468 270 468 268
394 273 390 259
398 273 396 259
402 273 401 261
413 273 410 264
417 273 414 265
424 273 426 267
428 273 430 269
468 273 467 273
383 277 378 262
391 277 384 262
394 277 388 263
398 277 394 265
417 277 355 268
435 277 435 275
454 277 449 278
465 277 461 278
468 277 465 279
380 281 372 267
383 281 377 267
424 281 418 272
431 281 429 274
457 281 452 282
465 281 460 284
468 281 464 283
472 281 469 284
380 284 371 271
391 284 381 273
420 284 412 276
424 284 417 277
431 284 428 280
450 284 442 284
454 284 447 285
457 284 452 286
465 284 459 288
476 284 469 289
394 288 391 277
402 288 401 279
420 288 412 282
431 288 426 286
435 288 436 288
454 288 446 290
457 288 451 291
465 288 456 292
472 288 462 293
476 288 466 294
394 292 379 278
398 292 405 285
420 292 410 287
428 292 414 287
439 292 425 288
442 292 430 290
461 292 450 297
465 292 455 297
391 296 373 281
394 296 379 283
442 296 429 294
461 296 449 301
391 299 366 291
394 303 377 289
398 303 382 289
402 303 387 290
406 303 392 293
417 303 403 294
420 303 408 295
457 303 427 301
394 307 375 294
398 307 381 295
402 307 385 296
417 307 402 300
420 307 407 300
454 307 422 305
457 307 427 306
398 310 376 299
457 310 426 310
446 314 412 314
461 314 434 312
465 314 442 310
431 318 382 311
442 318 396 314
446 318 411 319
450 318 417 320
454 318 419 315
461 318 431 317
439 321 397 320
446 321 406 322
450 321 416 325
450 325 410 328
454 329 415 331
