364 146 351 126
379 146 359 124
317 151 312 154
348 157 339 141
369 157 357 132
374 157 362 130
384 157 368 125
389 157 373 123
333 162 330 152
343 162 336 147
348 162 342 145
353 162 347 142
364 162 352 140
369 162 358 137
379 162 365 134
384 162 370 131
389 162 375 127
338 167 334 156
343 167 339 153
353 167 345 150
358 167 349 147
384 167 370 137
389 167 376 134
394 167 381 131
338 172 335 161
353 172 345 155
389 172 378 140
277 182 303 182
317 187 328 172
323 187 335 173
328 187 339 172
271 192 302 191
307 192 323 180
312 192 328 178
236 198 279 202
307 198 326 185
236 203 282 208
189 208 224 246
195 208 229 244
236 208 284 212
261 208 287 204
302 208 314 190
405 208 396 159
220 213 271 226
271 213 302 206
277 213 306 202
302 213 317 196
348 213 346 185
405 213 400 165
189 218 230 258
205 218 247 249
225 218 276 223
236 218 278 229
271 218 303 211
338 218 339 187
405 218 402 170
195 223 238 261
215 223 262 243
236 223 280 234
266 223 310 213
271 223 305 215
333 223 334 190
195 228 240 266
200 228 246 264
261 228 308 220
266 228 312 218
333 228 336 194
353 228 359 199
405 228 405 177
410 228 409 175
195 233 244 272
225 233 277 243
256 233 304 225
312 233 345 210
317 233 350 208
333 233 341 199
338 233 346 197
410 233 412 181
205 239 257 272
220 239 273 251
225 239 279 248
256 239 307 230
261 239 311 229
271 239 319 225
282 239 323 223
287 239 327 221
297 239 333 218
307 239 346 217
405 239 409 187
410 239 414 186
220 244 276 256
230 244 286 247
236 244 291 245
256 244 309 236
266 244 315 231
271 244 321 231
282 244 326 228
287 244 330 226
292 244 335 223
302 244 341 221
399 244 407 197
405 244 413 193
410 244 417 191
215 249 273 264
225 249 282 256
230 249 288 253
241 249 296 249
246 249 302 247
251 249 305 243
256 249 310 240
266 249 318 237
271 249 323 234
282 249 328 232
287 249 332 230
292 249 337 228
302 249 344 226
307 249 349 224
338 249 358 211
225 254 284 262
230 254 289 258
241 254 298 253
220 259 278 269
225 259 283 266
230 259 288 264
236 259 294 260
246 259 302 252
251 259 308 251
266 259 321 245
271 259 325 242
282 259 331 240
287 259 335 238
297 259 342 235
338 259 361 218
220 264 279 275
225 264 286 272
230 264 290 270
236 264 295 267
241 264 300 260
246 264 305 258
251 264 310 255
261 264 318 253
266 264 323 250
271 264 327 248
282 264 332 245
292 264 339 242
297 264 344 240
302 264 350 238
338 264 364 223
343 264 368 221
225 269 288 278
230 269 292 275
246 269 307 262
256 269 314 261
261 269 320 259
266 269 325 255
277 269 329 253
287 269 336 249
292 269 340 246
297 269 345 244
312 269 358 240
317 269 363 238
338 269 375 232
343 269 370 226
225 274 290 284
230 274 294 281
236 274 298 276
241 274 303 272
246 274 309 268
256 274 316 266
261 274 321 262
287 274 338 253
312 274 361 245
317 274 366 243
338 274 378 238
343 274 382 236
353 274 388 233
236 279 299 281
241 279 305 278
251 279 313 273
256 279 318 271
277 279 335 259
292 279 345 254
297 279 348 251
317 279 369 247
343 279 385 240
230 285 291 290
241 285 305 284
246 285 310 281
261 285 324 270
266 285 329 269
277 285 336 265
282 285 341 263
292 285 347 259
297 285 351 257
302 285 357 255
328 285 375 247
343 285 387 245
348 285 392 243
379 285 406 238
236 290 299 294
241 290 306 291
251 290 315 281
256 290 321 279
271 290 334 272
277 290 339 270
282 290 343 267
297 290 355 262
302 290 359 260
312 290 367 257
317 290 372 256
328 290 378 251
246 295 311 290
251 295 316 287
256 295 322 284
266 295 330 279
271 295 335 276
277 295 341 275
282 295 346 273
292 295 353 269
297 295 357 267
302 295 362 265
312 295 369 262
323 295 375 259
328 295 381 256
333 295 385 255
343 295 392 252
358 295 401 248
241 300 307 298
256 300 325 290
266 300 332 284
271 300 337 282
277 300 342 280
282 300 347 278
297 300 359 271
302 300 363 269
343 300 394 255
241 305 306 304
246 305 313 301
292 305 356 277
312 305 372 268
323 305 377 266
328 305 384 263
364 305 404 254
241 310 308 309
251 310 319 300
256 310 324 298
266 310 336 293
271 310 341 290
277 310 346 288
292 310 358 282
297 310 363 280
312 310 374 274
323 310 380 270
328 310 386 268
333 310 391 267
364 310 406 259
369 310 411 257
236 315 290 314
246 315 315 310
251 315 321 307
256 315 326 303
261 315 332 300
266 315 338 298
271 315 343 296
277 315 348 293
287 315 354 289
292 315 360 288
297 315 365 285
307 315 371 284
312 315 376 279
317 315 380 276
328 315 388 273
333 315 393 271
343 315 399 269
348 315 403 267
364 315 409 265
236 320 294 324
246 320 318 315
251 320 324 312
256 320 328 308
261 320 333 305
266 320 339 302
271 320 345 300
292 320 361 292
307 320 372 288
312 320 378 284
317 320 383 281
328 320 390 277
333 320 395 276
343 320 401 273
364 320 412 269
236 326 296 331
246 326 320 321
251 326 325 318
256 326 329 313
261 326 335 310
328 326 392 284
353 326 406 272
241 331 304 333
246 331 322 327
271 331 343 310
277 331 348 307
282 331 353 305
287 331 358 302
292 331 363 300
302 331 372 296
307 331 377 294
312 331 382 292
317 331 387 290
241 336 306 339
266 336 341 318
277 336 352 312
282 336 357 309
287 336 361 307
292 336 366 306
302 336 374 301
307 336 379 299
312 336 384 296
317 336 390 293
328 336 395 293
251 341 328 335
256 341 334 331
261 341 339 326
266 341 344 323
271 341 350 320
277 341 355 317
287 341 364 313
292 341 370 310
297 341 376 307
307 341 382 304
312 341 387 300
323 341 392 300
256 346 337 339
261 346 342 337
271 346 352 326
277 346 358 324
282 346 363 321
287 346 367 318
292 346 373 316
297 346 379 312
307 346 385 309
312 346 390 306
323 346 393 305
282 351 366 327
287 351 371 325
292 351 375 322
297 351 381 318
307 351 387 315
