406 71 417 75
420 71 426 75
462 92 474 106
448 99 458 112
455 99 465 113
462 99 473 114
455 106 466 120
462 106 473 121
420 113 433 112
427 120 438 120
476 120 479 128
490 120 493 124
511 120 514 124
427 127 437 126
483 127 487 130
490 127 493 130
497 127 499 130
504 127 507 131
511 127 514 131
476 134 481 134
483 134 487 136
490 134 494 136
497 134 500 137
504 134 508 139
413 142 429 132
420 142 437 132
476 142 480 142
483 142 487 143
490 142 493 144
497 142 499 145
504 142 507 145
399 149 416 131
406 149 422 133
448 149 452 134
455 149 458 134
476 149 480 148
483 149 487 148
497 149 499 151
406 156 422 138
413 156 428 140
448 156 452 141
392 163 409 142
483 163 492 157
392 170 409 148
490 170 498 164
385 177 401 162
392 177 409 160
399 177 416 155
406 177 423 156
413 177 430 156
378 184 391 172
385 184 401 170
392 184 408 168
399 184 415 166
406 184 422 163
413 184 428 163
420 184 437 164
427 184 443 165
392 191 407 175
399 191 415 174
406 191 422 170
413 191 428 169
420 191 435 170
427 191 442 171
434 191 450 172
385 198 400 182
392 198 406 182
399 198 414 182
413 198 429 175
420 198 435 176
427 198 443 177
441 198 449 175
448 198 456 176
455 198 463 176
385 205 399 189
392 205 406 188
399 205 419 183
420 205 436 183
427 205 442 182
441 205 449 184
448 205 456 189
399 212 418 189
413 212 429 189
420 212 436 189
427 212 442 190
420 219 435 196
427 219 441 196
378 226 399 195
406 226 419 203
413 226 427 204
420 226 435 204
427 226 442 204
462 226 471 220
378 233 398 203
392 233 406 203
420 233 435 211
427 233 442 211
357 240 375 214
364 240 382 215
378 240 391 216
385 240 399 209
392 240 405 209
399 240 418 218
349 247 367 222
357 247 374 222
378 247 392 222
328 254 348 221
349 254 367 229
357 254 374 229
364 254 381 229
378 254 389 229
385 254 395 230
321 261 339 235
328 261 348 229
335 261 355 235
342 261 363 230
349 261 368 236
378 261 390 237
385 261 396 236
392 261 411 238
427 261 440 246
441 261 452 255
321 268 340 241
328 268 347 241
335 268 354 242
342 268 360 243
349 268 367 242
371 268 388 244
378 268 395 245
385 268 402 244
399 268 417 245
406 268 425 247
364 275 382 251
371 275 389 252
392 275 405 252
399 275 411 253
364 282 382 258
371 282 389 259
378 282 395 260
385 282 402 259
392 282 408 260
399 282 416 260
406 282 424 262
371 289 390 266
378 289 396 266
385 289 401 267
342 296 352 271
364 296 382 272
371 296 389 273
392 296 408 274
406 296 417 268
413 296 424 269
357 303 374 280
364 303 381 280
406 303 417 275
413 303 424 275
413 310 429 288
420 310 436 296
413 318 431 297
286 325 294 312
286 332 293 319
300 332 306 317
307 332 313 318
364 332 385 301
286 339 293 326
293 339 300 324
307 339 314 324
314 339 320 325
349 339 355 335
279 346 286 331
293 346 300 331
321 346 334 334
357 346 364 342
293 353 305 338
300 353 313 338
307 353 319 339
321 353 333 340
307 360 318 346
321 360 335 347
335 360 348 347
342 360 355 349
392 360 405 353
335 367 347 356
342 367 356 357
378 367 392 357
364 374 376 367
371 374 384 363
364 381 378 373
378 381 389 379
