1 0 0 -0.03619798645377159 
0 1 0 -0.001327119767665863 
0 0 1 -0.2960163652896881 
0 0 0 1 

0.9900684952735901 0.1399479955434799 0.01337352674454451 -0.0434083379805088 
-0.138951912522316 0.9885858297348022 -0.05822646990418434 0.02803648822009563 
-0.02136958576738834 0.05578990653157234 0.9982138276100159 -0.2967813313007355 
0 0 0 1 

0.9715009927749634 0.2350787371397018 0.03039236180484295 -0.04884736239910126 
-0.2309586554765701 0.9676287174224854 -0.1017480865120888 0.05174176022410393 
-0.05332738533616066 0.09182896465063095 0.9943458437919617 -0.2947841584682465 
0 0 0 1 

0.9409331679344177 0.3373810052871704 0.02861222065985203 -0.04732805117964745 
-0.3301419615745544 0.932930052280426 -0.1436927914619446 0.07353460043668747 
-0.07517246901988983 0.1257592141628265 0.9892086386680603 -0.2919383347034454 
0 0 0 1 

0.8944588303565979 0.4471475780010223 -0.00155175942927599 -0.03267112746834755 
-0.441312700510025 0.8822174072265625 -0.1641204208135605 0.08673868328332901 
-0.07201707363128662 0.1474837809801102 0.9864391088485718 -0.2911831736564636 
0 0 0 1 

0.8290712237358093 0.5590353608131409 -0.0109617467969656 -0.02380830235779285 
-0.5508274435997009 0.8132162094116211 -0.1877985149621964 0.1004480943083763 
-0.09607179462909698 0.1617363542318344 0.9821463823318481 -0.2893725633621216 
0 0 0 1 

0.7551087141036987 0.6543948650360107 -0.03972162306308746 -0.008340147323906422 
-0.6503357887268066 0.7400080561637878 -0.1716131120920181 0.09929414838552475 
-0.0829085037112236 0.1554189473390579 0.984363317489624 -0.2923597991466522 
0 0 0 1 

0.5853412747383118 0.809909462928772 -0.03771059960126877 -0.001471458934247494 
-0.8098462820053101 0.5817896127700806 -0.0752975195646286 0.0687912255525589 
-0.03904455155134201 0.07461453974246979 0.9964478015899658 -0.3066913783550262 
0 0 0 1 

0.5014931559562683 0.8642429709434509 -0.0398588739335537 0.00388584635220468 
-0.8645811676979065 0.4989371597766876 -0.05967530980706215 0.06420660018920898 
-0.03168689832091331 0.06438798457384109 0.9974217414855957 -0.3103504478931427 
0 0 0 1 

0.4117392897605896 0.9105526804924011 -0.03693632781505585 0.008663182146847248 
-0.9112920761108398 0.4115824103355408 -0.0121064679697156 0.04735102877020836 
0.004178753588348627 0.03864459320902824 0.9992442727088928 -0.3155878484249115 
0 0 0 1 

