409 114 411 107
414 114 416 107
409 119 410 112
414 119 416 112
420 119 420 112
425 119 426 113
430 119 431 113
404 124 405 118
409 124 411 118
414 124 416 118
420 124 421 118
425 124 426 118
436 124 437 119
441 124 442 119
414 130 416 123
420 130 422 123
425 130 426 123
436 130 438 124
441 130 442 124
446 130 448 125
452 130 452 125
409 135 411 129
414 135 416 128
420 135 422 128
425 135 426 128
430 135 431 129
441 135 442 128
446 135 447 129
452 135 453 129
457 135 458 130
468 135 466 129
473 135 471 129
414 141 417 134
420 141 421 134
425 141 427 133
430 141 431 134
436 141 437 134
441 141 443 135
446 141 447 134
452 141 452 134
457 141 458 134
463 141 464 134
468 141 469 135
473 141 474 136
484 141 480 134
404 146 406 138
409 146 411 138
414 146 417 139
420 146 421 140
425 146 427 140
430 146 431 138
436 146 437 140
452 146 453 140
468 146 470 141
473 146 475 140
484 146 482 140
489 146 489 141
495 146 494 141
500 146 500 141
414 151 416 144
420 151 421 146
425 151 427 146
430 151 432 146
436 151 438 145
446 151 447 146
452 151 453 145
457 151 458 146
463 151 465 147
484 151 483 145
489 151 490 146
500 151 500 147
505 151 505 147
511 151 511 147
404 157 405 150
420 157 421 152
430 157 436 150
436 157 443 152
452 157 448 151
457 157 455 152
473 157 470 150
484 157 483 151
489 157 490 151
495 157 496 151
500 157 501 151
505 157 507 152
516 157 516 152
414 162 416 156
420 162 420 156
425 162 424 163
446 162 448 157
452 162 453 157
468 162 466 158
473 162 471 157
489 162 489 156
495 162 495 156
505 162 507 156
516 162 516 155
414 167 416 162
420 167 419 169
425 167 424 169
441 167 443 164
446 167 448 163
457 167 459 162
463 167 464 163
479 167 477 162
484 167 482 162
489 167 488 162
500 167 498 162
505 167 505 162
516 167 517 163
414 173 417 167
441 173 443 169
452 173 454 168
457 173 460 167
473 173 471 168
479 173 477 168
484 173 482 169
489 173 487 168
495 173 494 167
505 173 505 167
511 173 511 167
516 173 517 168
409 178 410 173
425 178 421 173
430 178 425 174
436 178 432 178
500 178 499 174
511 178 511 173
516 178 517 173
414 183 414 178
425 183 421 179
430 183 426 179
511 183 511 179
516 183 517 177
414 189 410 184
420 189 415 185
425 189 420 185
430 189 426 185
452 189 455 178
468 189 470 178
473 189 475 179
489 189 488 185
516 189 516 183
409 194 404 190
414 194 410 190
420 194 415 190
425 194 421 190
430 194 427 190
463 194 463 184
468 194 470 185
473 194 475 186
505 194 508 182
398 199 399 197
409 199 404 196
414 199 410 196
420 199 415 195
425 199 422 194
430 199 427 195
436 199 431 195
441 199 437 195
463 199 465 190
468 199 470 196
473 199 475 194
479 199 480 194
500 199 499 196
505 199 504 196
393 205 392 202
398 205 397 206
404 205 404 201
409 205 409 201
414 205 414 201
425 205 422 201
430 205 426 201
436 205 432 201
441 205 437 201
446 205 448 202
463 205 465 200
468 205 469 200
473 205 475 200
479 205 480 200
505 205 504 202
387 210 387 206
393 210 393 206
404 210 405 206
409 210 410 206
414 210 415 205
425 210 425 206
430 210 431 206
436 210 437 206
441 210 443 207
446 210 447 208
457 210 458 207
463 210 464 207
468 210 469 206
473 210 474 206
479 210 479 207
387 216 386 212
393 216 393 211
398 216 398 211
404 216 404 212
409 216 409 211
414 216 415 211
430 216 431 212
441 216 443 213
446 216 449 213
463 216 464 212
468 216 468 212
382 221 382 217
387 221 387 217
393 221 393 217
398 221 399 217
404 221 404 217
409 221 409 217
414 221 415 217
457 221 459 217
463 221 464 217
468 221 469 216
473 221 470 223
366 226 365 223
382 226 382 222
387 226 388 223
393 226 393 222
398 226 399 223
404 226 404 222
409 226 409 222
414 226 414 222
430 226 431 223
441 226 441 223
446 226 447 223
452 226 454 221
457 226 458 222
463 226 464 222
371 232 371 227
382 232 383 227
387 232 389 227
404 232 404 227
409 232 409 227
414 232 415 227
420 232 420 227
436 232 436 229
441 232 441 229
446 232 447 228
452 232 453 228
457 232 458 227
463 232 464 227
361 237 360 233
366 237 366 232
377 237 378 230
393 237 394 230
398 237 399 230
404 237 404 232
409 237 410 232
414 237 415 232
420 237 420 232
436 237 437 234
441 237 442 235
446 237 447 234
452 237 452 234
371 242 372 236
377 242 377 236
409 242 410 238
414 242 414 238
420 242 420 238
425 242 426 238
436 242 436 239
441 242 441 240
446 242 446 240
345 248 345 245
355 248 355 244
366 248 366 243
371 248 372 242
377 248 377 244
382 248 383 241
387 248 388 241
409 248 409 243
414 248 415 243
420 248 420 243
430 248 431 244
436 248 437 244
441 248 441 245
446 248 447 245
452 248 452 245
457 248 458 244
463 248 463 244
355 253 354 250
361 253 359 251
366 253 365 250
371 253 372 249
377 253 378 249
382 253 383 250
409 253 409 249
414 253 415 249
420 253 420 249
425 253 426 249
436 253 437 250
441 253 442 250
446 253 447 250
457 253 458 249
463 253 463 250
350 258 348 257
355 258 354 257
361 258 360 257
366 258 365 256
371 258 372 256
377 258 378 257
382 258 383 257
387 258 392 256
398 258 404 255
409 258 410 254
420 258 421 255
425 258 426 254
430 258 431 254
441 258 442 254
473 258 476 251
339 264 337 265
345 264 343 263
350 264 349 262
355 264 354 262
361 264 361 262
366 264 366 262
377 264 378 262
382 264 383 263
387 264 393 261
414 264 416 261
420 264 422 260
430 264 431 260
436 264 437 260
441 264 442 260
457 264 458 260
468 264 470 257
345 269 343 268
350 269 349 267
355 269 354 267
371 269 367 272
377 269 372 272
382 269 382 268
387 269 393 267
420 269 414 267
430 269 431 265
441 269 442 266
446 269 447 265
463 269 463 265
345 275 343 274
350 275 350 272
355 275 350 279
366 275 364 278
377 275 371 277
382 275 377 277
398 275 404 267
425 275 420 268
436 275 430 273
441 275 436 273
457 275 458 271
334 280 330 282
339 280 337 280
361 280 359 284
366 280 364 284
393 280 394 279
420 280 415 284
441 280 436 279
446 280 443 279
452 280 453 277
339 285 337 285
345 285 343 284
350 285 348 285
361 285 358 290
387 285 387 284
446 285 442 285
452 285 449 284
457 285 459 279
334 291 332 290
339 291 339 289
345 291 344 289
387 291 387 289
329 296 327 295
334 296 332 295
339 296 339 294
345 296 344 293
382 296 381 294
387 296 387 294
409 296 399 283
414 296 405 283
420 296 410 284
430 296 421 305
436 296 428 304
329 301 327 299
334 301 333 300
339 301 339 300
361 301 360 301
366 301 366 300
371 301 372 300
377 301 377 300
382 301 382 299
387 301 388 300
414 301 408 290
329 307 327 305
334 307 332 306
339 307 338 306
345 307 343 306
350 307 348 306
355 307 355 306
361 307 360 306
366 307 365 306
371 307 371 306
387 307 388 305
420 307 409 318
425 307 415 316
334 312 332 310
339 312 337 311
345 312 343 311
350 312 348 312
355 312 354 312
361 312 360 312
366 312 364 311
371 312 371 311
377 312 376 311
361 317 360 316
366 317 365 316
371 317 370 316
377 317 376 316
382 317 382 317
398 317 399 312
404 317 404 312
339 323 338 322
345 323 343 322
350 323 348 322
361 323 359 322
366 323 364 322
371 323 369 323
382 323 382 323
387 323 387 322
393 323 392 322
398 323 398 322
404 323 402 323
409 323 410 323
350 328 348 328
355 328 354 327
361 328 359 327
387 328 387 329
393 328 392 328
398 328 398 328
404 328 403 328
409 328 410 328
414 328 413 328
420 328 419 328
334 333 332 335
339 333 338 335
393 333 393 333
404 333 403 334
409 333 408 333
414 333 414 333
323 339 320 340
334 339 333 340
339 339 338 340
345 339 343 339
350 339 348 339
355 339 354 339
329 344 325 346
339 344 337 345
345 344 342 345
350 344 348 345
355 344 353 346
393 344 392 345
345 350 343 351
350 350 348 351
355 350 353 352
377 350 376 352
382 350 381 352
387 350 387 351
393 350 392 351
