414 114 418 91
404 119 410 95
414 119 418 96
414 135 424 103
420 135 429 103
436 135 442 103
414 141 422 109
420 141 429 110
430 141 436 109
436 141 440 109
404 146 411 108
409 146 416 108
414 146 422 114
420 146 427 115
430 146 437 116
436 146 443 116
452 146 454 115
404 151 411 113
409 151 417 114
430 151 437 121
436 151 442 120
441 151 449 122
446 151 455 122
511 151 511 138
404 157 410 118
409 157 416 120
414 157 422 121
420 157 429 121
446 157 454 128
468 157 459 128
414 162 420 128
420 162 427 127
425 162 434 128
436 162 440 140
446 162 454 134
457 162 472 142
489 162 480 134
516 162 516 142
420 167 424 133
505 167 504 142
511 167 509 142
414 173 409 163
489 173 483 155
495 173 497 148
500 173 503 148
516 173 516 150
409 178 402 169
420 178 415 164
436 178 447 140
441 178 452 139
489 178 483 161
500 178 502 153
511 178 511 153
409 183 403 175
414 183 409 171
420 183 415 170
495 183 488 168
516 183 517 155
404 189 395 182
414 189 408 177
420 189 416 176
425 189 421 176
505 189 507 162
516 189 517 160
414 194 407 182
420 194 414 182
463 194 472 154
479 194 483 167
457 199 458 160
479 199 483 171
489 199 484 186
495 199 482 199
500 199 488 199
404 205 401 189
489 205 483 192
414 210 420 189
420 210 425 189
425 210 433 190
457 210 450 203
404 216 406 196
409 216 412 195
420 216 421 196
425 216 427 195
452 216 459 183
377 221 381 188
382 221 387 189
404 221 405 202
409 221 412 202
420 221 421 201
425 221 427 202
457 221 457 204
463 221 462 205
468 221 468 204
350 226 349 213
366 226 370 194
377 226 381 194
430 226 432 202
457 226 458 210
463 226 463 211
350 232 349 218
366 232 371 201
371 232 376 201
377 232 381 200
393 232 394 207
398 232 400 208
404 232 405 208
409 232 411 209
425 232 427 208
430 232 432 208
446 232 446 216
452 232 451 216
457 232 458 216
463 232 463 215
355 237 357 212
366 237 369 207
371 237 375 207
377 237 382 207
404 237 405 215
409 237 411 214
446 237 446 223
452 237 452 223
457 237 458 222
463 237 462 222
361 242 363 213
366 242 368 213
371 242 374 213
377 242 380 214
393 242 394 215
398 242 400 215
414 242 417 217
425 242 428 216
430 242 432 220
452 242 451 230
457 242 457 228
463 242 462 228
361 248 363 219
366 248 367 219
371 248 374 219
377 248 379 221
387 248 389 221
393 248 395 220
398 248 400 221
404 248 406 222
409 248 411 223
414 248 417 223
361 253 361 224
366 253 367 227
371 253 374 227
377 253 379 227
387 253 389 227
393 253 395 227
398 253 401 228
404 253 407 228
409 253 411 228
414 253 417 228
425 253 427 228
436 253 438 229
473 253 475 230
355 258 356 231
361 258 363 232
366 258 368 233
371 258 375 233
377 258 381 233
393 258 394 232
398 258 401 233
404 258 407 234
409 258 412 235
420 258 420 234
425 258 426 234
430 258 433 235
441 258 444 235
452 258 457 236
468 258 470 236
473 258 476 236
345 264 328 276
371 264 375 238
377 264 381 238
398 264 401 239
404 264 407 240
425 264 424 239
430 264 432 242
436 264 438 242
441 264 443 241
446 264 451 242
452 264 455 242
463 264 464 242
468 264 470 242
377 269 374 251
382 269 386 251
404 269 407 246
409 269 411 245
425 269 424 246
430 269 430 246
436 269 437 247
441 269 443 248
446 269 449 249
452 269 455 249
457 269 459 248
430 275 430 252
436 275 436 253
441 275 442 254
452 275 455 255
457 275 461 255
361 280 360 269
366 280 367 269
430 280 430 258
452 280 455 261
457 280 455 266
361 285 359 275
366 285 365 276
371 285 373 269
377 285 378 269
436 285 437 266
355 291 352 282
361 291 359 282
366 291 365 282
377 291 378 275
452 291 450 279
329 296 323 287
355 296 353 289
361 296 359 288
366 296 366 288
371 296 373 282
382 296 381 282
323 301 317 294
329 301 323 293
345 301 341 293
355 301 353 296
361 301 359 296
366 301 365 295
382 301 380 288
323 307 318 298
329 307 323 298
334 307 329 299
339 307 334 299
345 307 342 299
350 307 346 300
355 307 352 301
361 307 358 301
409 307 404 302
323 312 318 304
329 312 323 304
334 312 329 305
339 312 334 305
345 312 341 305
350 312 347 305
355 312 352 306
361 312 358 307
366 312 366 307
377 312 371 307
387 312 383 308
393 312 390 308
404 312 403 308
312 317 300 324
323 317 317 311
334 317 329 312
339 317 334 312
345 317 341 312
350 317 346 312
361 317 358 313
366 317 366 313
377 317 372 313
382 317 378 314
387 317 383 314
393 317 390 314
414 317 414 315
312 323 300 330
318 323 308 323
334 323 327 323
339 323 333 319
345 323 340 319
350 323 346 318
355 323 352 318
361 323 357 318
371 323 366 320
377 323 372 319
382 323 377 319
387 323 383 318
404 323 408 317
318 328 304 335
323 328 308 336
329 328 320 331
334 328 327 330
339 328 333 331
361 328 354 325
366 328 361 326
371 328 366 325
377 328 372 325
382 328 384 327
398 328 402 326
323 333 313 342
334 333 326 343
339 333 332 337
361 333 354 332
366 333 361 331
371 333 366 331
377 333 370 331
393 333 388 331
398 333 401 333
307 339 294 347
318 339 303 347
323 339 309 348
334 339 325 349
398 339 397 339
404 339 402 338
323 344 308 353
329 344 315 353
334 344 324 355
355 344 345 351
366 344 352 356
387 344 382 351
393 344 389 351
398 344 396 346
404 344 402 345
355 350 338 361
361 350 344 361
382 350 371 365
387 350 378 364
393 350 382 364
377 355 369 370
387 355 378 369
