479 146 393 105
484 146 395 98
393 152 398 143
473 152 393 117
398 157 364 215
404 157 368 209
404 163 374 211
409 163 376 204
495 163 483 135
281 168 309 339
447 173 380 167
377 179 345 252
372 184 347 261
377 184 350 256
382 184 352 251
377 200 364 259
436 200 409 177
259 205 337 357
377 205 372 261
366 216 384 275
372 216 385 268
254 221 371 374
372 221 392 269
254 227 378 377
297 232 363 350
318 232 322 314
361 232 397 280
366 232 399 273
302 238 373 346
307 238 376 339
313 238 377 333
318 238 379 327
323 238 382 320
329 238 385 313
334 238 387 306
356 238 419 211
291 243 371 355
302 243 378 348
323 243 386 328
329 243 388 320
334 243 393 309
275 248 379 372
286 248 381 363
291 248 376 357
318 248 389 336
329 248 393 323
275 254 385 373
286 254 389 366
275 259 391 377
291 259 399 363
361 259 438 286
366 259 440 279
372 259 442 272
377 259 445 265
291 264 406 365
297 264 408 358
366 264 445 280
