363 195 361 200
351 199 334 226
444 199 441 193
448 199 448 189
452 199 452 187
347 203 330 230
351 203 335 230
355 203 343 229
371 203 358 219
375 203 362 219
379 203 366 219
383 203 371 217
387 203 376 213
452 203 452 192
456 203 457 191
343 207 325 236
347 207 331 235
351 207 338 235
355 207 344 234
375 207 363 223
379 207 367 223
383 207 371 222
456 207 458 196
343 211 325 242
347 211 333 241
351 211 339 240
355 211 344 239
363 211 348 239
375 211 410 274
379 211 367 228
387 211 374 226
460 211 458 203
343 215 327 248
347 215 335 245
351 215 341 245
383 215 369 231
387 215 374 231
460 215 457 211
334 219 322 244
387 219 374 236
391 219 378 235
343 223 340 248
375 223 410 283
420 223 416 224
326 227 311 260
330 227 316 260
334 227 322 260
375 227 411 287
383 227 414 283
399 227 378 251
424 227 426 218
326 231 313 265
330 231 317 265
387 231 420 288
420 231 416 230
428 231 430 222
330 235 318 269
420 235 417 234
424 235 424 227
428 235 430 227
432 235 435 226
432 239 434 232
334 243 324 275
416 243 403 263
432 243 432 242
416 248 403 267
408 252 395 273
326 256 313 279
367 256 345 259
330 260 319 284
367 260 346 263
371 260 352 281
375 260 357 281
399 260 381 284
412 260 396 279
464 260 456 270
472 260 467 269
371 264 352 285
375 264 357 285
403 264 385 285
363 268 348 292
383 268 373 290
395 268 387 289
408 268 397 288
359 272 344 296
363 272 349 296
367 272 353 296
375 272 368 295
383 272 373 295
387 272 377 294
391 272 384 293
395 272 388 292
460 272 449 294
464 272 453 294
347 276 324 288
375 276 368 299
383 276 373 300
387 276 378 299
391 276 384 298
395 276 397 308
399 276 367 281
416 276 401 298
456 276 444 296
383 280 373 304
387 280 378 303
416 280 365 271
436 280 426 297
440 280 431 296
363 284 357 305
416 284 356 277
452 284 441 300
456 284 446 301
464 284 459 288
355 288 346 311
359 288 356 315
363 288 359 315
399 288 392 308
456 288 447 305
460 288 451 304
359 292 350 316
371 292 365 315
375 292 368 314
383 292 374 314
387 292 379 314
395 292 399 322
399 292 404 321
403 292 408 320
444 292 436 309
460 292 451 308
363 296 355 320
367 296 360 320
371 296 364 319
375 296 369 319
395 296 400 327
399 296 404 327
403 296 409 326
432 296 412 317
444 296 435 314
452 296 442 313
456 296 446 313
367 300 360 324
371 300 365 324
391 300 398 331
436 300 417 325
452 300 442 318
383 304 375 324
387 304 379 323
399 304 388 323
375 308 366 329
379 308 370 328
383 308 374 328
387 308 379 327
391 308 385 328
403 308 393 327
379 312 370 332
383 312 374 332
387 312 380 332
391 312 385 332
412 312 404 332
436 312 436 319
395 317 389 336
399 317 395 336
403 317 399 336
408 317 403 336
428 317 428 329
432 317 431 323
403 321 400 340
391 325 385 342
408 325 406 342
420 325 415 340
432 325 424 339
436 325 429 338
399 329 396 347
403 329 401 347
408 329 405 346
416 329 409 344
424 329 414 345
403 333 401 350
408 333 406 349
416 333 409 349
