387 79 388 112
377 84 377 122
382 84 383 121
387 84 390 120
392 84 396 118
397 84 401 117
402 84 407 117
407 84 414 116
357 89 360 132
372 89 372 131
377 89 377 129
382 89 385 128
397 89 403 124
367 94 367 138
382 94 385 134
392 94 392 132
417 94 415 121
422 94 423 120
387 99 389 139
392 99 392 137
397 99 398 137
417 99 413 129
422 99 423 125
427 99 430 123
422 109 422 144
427 109 428 145
422 114 422 150
432 114 433 144
427 119 431 169
333 124 361 166
427 124 433 175
318 129 346 169
392 129 398 162
397 129 404 161
447 138 505 173
328 143 355 202
367 143 357 210
303 153 343 174
298 158 330 202
303 158 345 181
452 158 458 170
467 158 490 166
397 163 405 195
452 163 460 177
457 163 466 176
462 163 485 171
467 163 492 171
333 168 366 189
338 168 373 188
417 168 428 211
437 168 445 201
452 168 461 183
457 168 467 182
467 168 492 176
338 173 365 222
372 173 386 192
407 173 415 216
437 173 446 206
377 178 393 198
397 178 405 226
407 178 418 223
412 178 425 222
471 178 479 174
397 183 407 234
437 183 455 216
447 183 466 214
462 183 486 210
476 183 532 189
427 188 438 226
432 188 445 225
437 188 451 224
377 193 402 208
427 193 439 233
432 193 445 231
437 193 452 231
323 198 350 243
328 198 356 243
377 198 402 214
422 198 429 247
427 198 440 240
432 198 446 238
437 198 452 236
447 198 470 193
476 198 502 220
298 203 332 248
313 203 351 251
447 203 481 218
506 203 558 184
303 208 341 259
308 208 346 258
347 208 376 246
352 208 382 245
471 208 523 201
511 208 564 188
308 213 347 263
318 213 353 262
338 213 366 255
476 213 529 207
511 213 576 212
516 213 583 211
308 218 350 270
313 218 355 269
343 218 367 261
397 218 417 256
402 218 423 256
467 218 546 218
491 218 528 221
343 223 367 267
347 223 372 266
471 223 506 240
481 223 516 256
347 228 383 271
471 228 505 245
476 228 512 205
486 228 493 209
491 228 499 208
501 228 564 212
462 233 511 229
467 233 517 228
476 233 512 211
511 233 572 225
516 233 577 219
352 238 402 272
422 238 470 259
471 238 508 218
476 238 513 218
491 238 552 242
352 243 396 279
367 243 426 267
392 243 444 263
422 243 471 265
427 243 477 264
362 248 416 277
367 248 421 275
377 248 433 273
387 248 439 271
392 248 448 271
372 253 427 279
377 253 433 278
511 253 568 259
377 257 434 284
387 257 444 284
501 257 557 267
506 257 562 266
506 262 569 264
437 282 475 284
442 287 509 289
447 287 496 285
476 287 551 275
