338 114 369 246
338 119 383 260
343 119 386 255
347 148 475 203
308 158 397 292
313 158 400 287
362 163 424 266
362 168 430 270
467 173 516 171
476 178 535 160
293 188 410 312
298 198 416 311
367 198 427 263
496 198 546 142
318 203 425 300
506 203 536 118
303 213 422 315
313 213 426 308
501 213 562 142
308 218 433 313
323 223 437 304
328 223 439 298
343 223 441 285
382 223 485 255
417 223 571 183
323 228 442 307
352 228 448 281
496 233 557 176
501 233 561 172
422 238 533 209
491 238 559 186
506 238 570 169
352 243 492 274
402 243 517 240
486 243 563 197
516 243 575 147
362 248 501 271
417 248 536 219
496 248 577 189
511 248 578 156
516 248 587 154
372 253 468 291
377 253 471 285
387 253 477 274
377 257 475 288
382 257 478 282
506 257 585 168
462 287 577 216
467 287 581 211
