336 35 284 54
343 41 291 58
361 41 304 60
330 48 273 63
336 48 279 63
343 48 291 64
349 48 295 64
367 48 309 69
324 54 267 69
330 54 273 73
336 54 279 69
343 54 285 68
349 54 295 70
355 54 301 71
361 54 305 73
367 54 310 76
330 60 272 79
349 60 295 75
367 60 311 82
367 66 311 86
336 72 277 92
343 72 278 85
349 72 288 91
355 72 296 88
361 72 308 91
343 78 282 98
349 78 288 98
355 78 294 99
367 78 309 99
343 85 283 103
349 85 288 104
355 85 294 104
361 85 300 104
367 85 307 104
373 85 316 101
380 85 320 101
386 85 326 101
343 91 283 109
349 91 288 110
355 91 293 110
361 91 300 110
367 91 307 110
380 91 321 107
386 91 326 107
416 91 369 108
423 91 375 107
349 97 288 116
361 97 301 116
367 97 308 115
373 97 315 115
380 97 325 113
386 97 332 113
398 97 339 112
404 97 349 112
410 97 355 112
416 97 369 114
423 97 382 117
349 103 289 122
386 103 333 119
398 103 338 118
404 103 349 118
410 103 355 118
429 103 387 124
343 109 284 127
355 109 296 127
380 109 324 126
386 109 332 125
398 109 338 125
410 109 355 125
429 109 387 131
435 109 393 132
447 109 398 126
330 115 252 152
343 115 284 133
355 115 302 131
367 115 312 132
373 115 319 132
380 115 325 131
386 115 331 130
404 115 349 130
410 115 356 130
429 115 386 137
435 115 394 137
453 115 405 132
367 122 312 138
380 122 324 138
386 122 331 137
392 122 337 136
398 122 342 138
404 122 348 137
435 122 394 144
447 122 399 139
453 122 405 139
460 122 411 139
367 128 306 147
386 128 331 143
398 128 342 142
410 128 356 143
435 128 393 149
441 128 399 150
447 128 399 144
453 128 404 145
460 128 410 145
466 128 416 144
324 134 252 163
367 134 305 153
441 134 398 156
453 134 403 151
460 134 409 152
324 140 252 169
336 140 265 165
349 140 301 155
472 140 416 150
318 146 244 188
380 146 342 156
386 146 350 157
435 146 392 162
466 146 409 157
472 146 415 156
318 152 245 194
380 152 342 162
386 152 348 161
392 152 354 161
429 152 384 168
318 159 244 201
380 159 342 168
392 159 353 166
318 165 245 208
478 165 417 175
324 171 249 207
484 171 422 181
318 177 245 213
324 177 250 213
484 177 422 187
490 177 439 200
410 183 368 168
435 189 389 182
490 189 439 211
472 195 409 192
490 195 438 218
503 208 446 229
490 220 433 243
490 226 432 249
497 226 437 249
497 232 437 255
490 251 431 273
380 263 297 299
466 269 370 312
306 282 272 305
386 282 321 318
429 282 357 313
435 282 363 313
312 288 277 310
318 288 284 310
318 300 285 317
336 306 301 324
343 306 308 324
318 313 284 324
324 313 290 324
