1.000000000000000000e+00 0.000000000000000000e+00 0.000000000000000000e+00 -4.542167112231254578e-02
0.000000000000000000e+00 1.000000000000000000e+00 0.000000000000000000e+00 9.935460984706878662e-04
0.000000000000000000e+00 0.000000000000000000e+00 1.000000000000000000e+00 -2.875000238418579102e-01
0.000000000000000000e+00 0.000000000000000000e+00 0.000000000000000000e+00 1.000000000000000000e+00
9.965025782585144043e-01 8.176355808973312378e-02 1.724010333418846130e-02 -4.916831478476524353e-02
-8.143483847379684448e-02 9.964979290962219238e-01 -1.897882111370563507e-02 1.010626554489135742e-02
-1.873151399195194244e-02 1.750849187374114990e-02 9.996712207794189453e-01 -2.931855320930480957e-01
0.000000000000000000e+00 0.000000000000000000e+00 0.000000000000000000e+00 1.000000000000000000e+00
9.862613081932067871e-01 1.625614166259765625e-01 2.935933880507946014e-02 -5.111242458224296570e-02
-1.609001010656356812e-01 9.855938553810119629e-01 -5.211221426725387573e-02 2.527495659887790680e-02
-3.740789368748664856e-02 4.667228832840919495e-02 9.982095360755920410e-01 -2.926366329193115234e-01
0.000000000000000000e+00 0.000000000000000000e+00 0.000000000000000000e+00 1.000000000000000000e+00
9.668557047843933105e-01 2.529403269290924072e-01 3.480098769068717957e-02 -5.041565001010894775e-02
-2.496375441551208496e-01 9.651073217391967773e-01 -7.904981821775436401e-02 3.845082223415374756e-02
-5.358160659670829773e-02 6.774212419986724854e-02 9.962630271911621094e-01 -2.919360399246215820e-01
0.000000000000000000e+00 0.000000000000000000e+00 0.000000000000000000e+00 1.000000000000000000e+00
9.378681778907775879e-01 3.437612652778625488e-01 4.723364859819412231e-02 -5.129043385386466980e-02
-3.364920914173126221e-01 9.342568516731262207e-01 -1.180540919303894043e-01 5.525367334485054016e-02
-8.471085131168365479e-02 9.482539445161819458e-02 9.918832778930664062e-01 -2.895739078521728516e-01
0.000000000000000000e+00 0.000000000000000000e+00 0.000000000000000000e+00 1.000000000000000000e+00
8.943243026733398438e-01 4.464831948280334473e-01 2.892907522618770599e-02 -4.268977418541908264e-02
-4.387126863002777100e-01 8.877793550491333008e-01 -1.392080783843994141e-01 6.569119542837142944e-02
-8.783672749996185303e-02 1.118056401610374451e-01 9.898405075073242188e-01 -2.899268865585327148e-01
0.000000000000000000e+00 0.000000000000000000e+00 0.000000000000000000e+00 1.000000000000000000e+00
8.463850021362304688e-01 5.323813557624816895e-01 1.422943919897079468e-02 -3.534898906946182251e-02
-5.231891870498657227e-01 8.361707329750061035e-01 -1.645941585302352905e-01 7.724096626043319702e-02
-9.952515363693237305e-02 1.318653225898742676e-01 9.862586259841918945e-01 -2.888093292713165283e-01
0.000000000000000000e+00 0.000000000000000000e+00 0.000000000000000000e+00 1.000000000000000000e+00
7.931215167045593262e-01 6.090311408042907715e-01 -6.252233404666185379e-03 -2.577807381749153137e-02
-6.010115146636962891e-01 7.809317111968994141e-01 -1.700900197029113770e-01 8.241555839776992798e-02
-9.870758652687072754e-02 1.386597007513046265e-01 9.854087233543395996e-01 -2.895142734050750732e-01
0.000000000000000000e+00 0.000000000000000000e+00 0.000000000000000000e+00 1.000000000000000000e+00
7.250662446022033691e-01 6.878721714019775391e-01 -3.332634270191192627e-02 -1.229779236018657684e-02
-6.829754710197448730e-01 7.120038270950317383e-01 -1.630790084600448608e-01 8.322905004024505615e-02
-8.844909071922302246e-02 1.410041600465774536e-01 9.860500097274780273e-01 -2.905776500701904297e-01
0.000000000000000000e+00 0.000000000000000000e+00 0.000000000000000000e+00 1.000000000000000000e+00
6.490879058837890625e-01 7.599891424179077148e-01 -3.318399935960769653e-02 -7.122728507965803146e-03
-7.562450170516967773e-01 6.399399042129516602e-01 -1.362721920013427734e-01 7.775332033634185791e-02
-8.232965320348739624e-02 1.135478466749191284e-01 9.901155233383178711e-01 -2.935791909694671631e-01
0.000000000000000000e+00 0.000000000000000000e+00 0.000000000000000000e+00 1.000000000000000000e+00
5.510595440864562988e-01 8.332441449165344238e-01 -4.513810947537422180e-02 2.512059872969985008e-03
-8.326466679573059082e-01 5.454832911491394043e-01 -9.564194828271865845e-02 6.679984182119369507e-02
-5.507102608680725098e-02 9.028850495815277100e-02 9.943919181823730469e-01 -2.982787191867828369e-01
0.000000000000000000e+00 0.000000000000000000e+00 0.000000000000000000e+00 1.000000000000000000e+00
4.585711359977722168e-01 8.834843635559082031e-01 -9.574928879737854004e-02 2.453796379268169403e-02
-8.886377811431884766e-01 4.551697373390197754e-01 -5.606623366475105286e-02 5.493536964058876038e-02
-5.951463244855403900e-03 1.107967868447303772e-01 9.938252568244934082e-01 -3.020309805870056152e-01
0.000000000000000000e+00 0.000000000000000000e+00 0.000000000000000000e+00 1.000000000000000000e+00
3.497523665428161621e-01 9.305543899536132812e-01 -1.083593145012855530e-01 3.315141797065734863e-02
-9.365734457969665527e-01 3.500754237174987793e-01 -1.665296033024787903e-02 4.035330936312675476e-02
2.243744581937789917e-02 1.073108687996864319e-01 9.939723014831542969e-01 -3.036426007747650146e-01
0.000000000000000000e+00 0.000000000000000000e+00 0.000000000000000000e+00 1.000000000000000000e+00
2.702900171279907227e-01 9.542258381843566895e-01 -1.280472576618194580e-01 4.185970127582550049e-02
-9.594614505767822266e-01 2.779968678951263428e-01 4.638081416487693787e-02 1.665047183632850647e-02
7.985448837280273438e-02 1.103201732039451599e-01 9.906829595565795898e-01 -3.032286465167999268e-01
0.000000000000000000e+00 0.000000000000000000e+00 0.000000000000000000e+00 1.000000000000000000e+00
1.903271526098251343e-01 9.685895442962646484e-01 -1.600310355424880981e-01 5.327706411480903625e-02
-9.726532697677612305e-01 2.081512063741683960e-01 1.030471995472908020e-01 -4.338506609201431274e-03
1.331210881471633911e-01 1.360420286655426025e-01 9.817185401916503906e-01 -3.013500571250915527e-01
0.000000000000000000e+00 0.000000000000000000e+00 0.000000000000000000e+00 1.000000000000000000e+00
1.135628521442413330e-01 9.808170795440673828e-01 -1.584348976612091064e-01 5.466630309820175171e-02
-9.709349870681762695e-01 1.433761268854141235e-01 1.916472613811492920e-01 -3.450771421194076538e-02
2.106866836547851562e-01 1.320659667253494263e-01 9.685916900634765625e-01 -2.986454367637634277e-01
0.000000000000000000e+00 0.000000000000000000e+00 0.000000000000000000e+00 1.000000000000000000e+00
1.858315765857696533e-01 9.719299674034118652e-01 -1.442870050668716431e-01 4.931185394525527954e-02
-9.547507762908935547e-01 2.133126705884933472e-01 2.072406858205795288e-01 -3.897176310420036316e-02
2.322016805410385132e-01 9.924626350402832031e-02 9.675910472869873047e-01 -2.963718771934509277e-01
0.000000000000000000e+00 0.000000000000000000e+00 0.000000000000000000e+00 1.000000000000000000e+00
2.721071541309356689e-01 9.510182142257690430e-01 -1.467036455869674683e-01 4.765065386891365051e-02
-9.384427666664123535e-01 2.959825992584228516e-01 1.780997067689895630e-01 -2.754294313490390778e-02
2.127978056669235229e-01 8.921080082654953003e-02 9.730152487754821777e-01 -2.953785955905914307e-01
0.000000000000000000e+00 0.000000000000000000e+00 0.000000000000000000e+00 1.000000000000000000e+00
3.249742388725280762e-01 9.339734911918640137e-01 -1.486113518476486206e-01 4.658798500895500183e-02
-9.343085289001464844e-01 3.414039909839630127e-01 1.025228723883628845e-01 -1.151224714703857899e-03
1.464901566505432129e-01 1.055315583944320679e-01 9.835668802261352539e-01 -2.951132655143737793e-01
0.000000000000000000e+00 0.000000000000000000e+00 0.000000000000000000e+00 1.000000000000000000e+00
3.610875308513641357e-01 9.125330448150634766e-01 -1.920918524265289307e-01 5.841152742505073547e-02
-9.290328025817871094e-01 3.698455393314361572e-01 1.058938167989253998e-02 3.087062016129493713e-02
8.070746064186096191e-02 1.746359616518020630e-01 9.813198447227478027e-01 -2.904287874698638916e-01
0.000000000000000000e+00 0.000000000000000000e+00 0.000000000000000000e+00 1.000000000000000000e+00
4.017252624034881592e-01 8.933175802230834961e-01 -2.014953196048736572e-01 5.913687497377395630e-02
-9.155138134956359863e-01 3.968778550624847412e-01 -6.574405729770660400e-02 5.674002692103385925e-02
2.123868465423583984e-02 2.108828276395797729e-01 9.772806167602539062e-01 -2.857003808021545410e-01
0.000000000000000000e+00 0.000000000000000000e+00 0.000000000000000000e+00 1.000000000000000000e+00
4.574836790561676025e-01 8.581007719039916992e-01 -2.331769168376922607e-01 6.547680497169494629e-02
-8.882917165756225586e-01 4.290502965450286865e-01 -1.638695597648620605e-01 8.644112199544906616e-02
-4.057203978300094604e-02 2.820968329906463623e-01 9.585276842117309570e-01 -2.747132778167724609e-01
0.000000000000000000e+00 0.000000000000000000e+00 0.000000000000000000e+00 1.000000000000000000e+00
5.334932208061218262e-01 8.182467222213745117e-01 -2.141429334878921509e-01 5.413247644901275635e-02
-8.417961001396179199e-01 4.890466034412384033e-01 -2.285006195306777954e-01 1.041535139083862305e-01
-8.224404603242874146e-02 3.021682500839233398e-01 9.497001171112060547e-01 -2.683601081371307373e-01
0.000000000000000000e+00 0.000000000000000000e+00 0.000000000000000000e+00 1.000000000000000000e+00
5.947616100311279297e-01 7.767211794853210449e-01 -2.072744816541671753e-01 4.751779511570930481e-02
-7.948263883590698242e-01 5.295307636260986328e-01 -2.963916957378387451e-01 1.209446787834167480e-01
-1.204555630683898926e-01 3.410296440124511719e-01 9.323031902313232422e-01 -2.594700753688812256e-01
0.000000000000000000e+00 0.000000000000000000e+00 0.000000000000000000e+00 1.000000000000000000e+00
6.761168837547302246e-01 7.139489054679870605e-01 -1.820517480373382568e-01 3.406878188252449036e-02
-7.197010517120361328e-01 5.870397090911865234e-01 -3.706947565078735352e-01 1.361239105463027954e-01
-1.577855795621871948e-01 3.816557824611663818e-01 9.107373356819152832e-01 -2.491662800312042236e-01
0.000000000000000000e+00 0.000000000000000000e+00 0.000000000000000000e+00 1.000000000000000000e+00
