465 124 369 288
380 132 461 335
384 137 428 329
388 137 425 327
393 137 420 324
398 137 415 321
429 137 408 302
380 142 449 335
393 142 421 320
366 146 469 332
506 160 363 256
393 168 463 284
452 168 410 284
460 168 383 272
366 173 477 314
442 173 423 285
357 178 503 297
362 178 483 312
366 178 494 292
465 182 409 255
470 182 379 257
492 182 396 233
352 186 509 294
362 186 502 287
362 191 505 282
366 191 499 283
366 196 501 279
406 200 458 274
411 200 453 273
411 204 454 268
478 204 423 216
488 209 381 218
362 214 513 268
434 214 430 249
492 214 381 206
496 214 377 205
362 218 515 263
366 218 511 262
501 218 391 189
506 218 395 191
447 222 448 222
501 222 393 184
506 222 407 181
447 227 450 217
496 232 418 179
478 236 408 197
434 240 464 215
438 240 460 212
424 245 476 215
429 245 472 212
434 245 467 210
438 245 461 208
429 250 473 207
434 250 469 205
460 250 426 179
465 250 421 176
416 254 491 205
420 254 476 192
442 254 453 180
447 254 449 177
460 254 429 174
465 254 424 171
447 258 450 173
452 258 446 171
460 258 430 169
465 258 425 167
