429 114 380 119
456 114 386 117
406 119 358 137
398 124 356 144
406 124 361 143
488 124 408 113
398 128 358 150
402 128 366 148
402 137 366 156
496 137 404 124
501 137 411 118
384 146 359 167
496 146 411 135
501 146 418 132
506 146 424 129
496 150 415 140
501 150 420 137
380 155 355 176
384 155 362 173
429 191 375 190
366 214 341 244
366 218 344 250
442 218 380 209
442 223 381 215
501 241 428 218
434 250 383 239
438 250 388 236
434 254 387 245
438 254 393 242
442 254 399 238
438 258 397 246
465 258 414 240
416 263 376 272
447 268 402 261
424 272 395 276
429 272 401 273
442 272 416 261
447 272 423 257
442 276 424 273
447 276 429 270
452 276 435 267
