404 140 410 84
426 140 424 97
437 140 438 104
443 140 443 104
454 151 464 126
420 157 410 126
432 157 439 119
437 157 445 118
481 157 477 126
443 162 449 127
476 162 477 133
409 168 402 130
443 168 448 134
448 168 455 138
409 173 401 137
459 173 463 154
415 179 407 144
432 179 437 153
437 179 443 153
409 184 402 144
448 184 421 145
454 184 427 147
459 184 434 147
503 184 489 156
404 190 400 151
415 190 409 150
498 190 484 162
503 190 490 162
470 201 468 175
481 201 476 167
420 206 416 179
426 206 422 179
481 206 475 175
404 217 401 187
409 217 407 187
454 217 448 194
454 223 448 200
459 223 453 200
476 223 469 193
365 234 365 186
371 234 371 186
360 240 360 192
365 240 365 191
371 240 372 192
409 240 406 198
415 240 414 198
360 245 360 198
365 245 365 197
371 245 372 198
382 245 380 198
432 245 433 206
476 245 476 201
354 251 352 210
360 251 358 205
365 251 365 204
376 251 378 205
387 251 392 213
415 251 414 207
420 251 420 207
360 256 352 225
365 256 359 224
404 256 406 213
415 256 414 213
420 256 420 213
426 256 426 214
349 262 339 239
371 262 372 214
420 262 421 220
432 262 427 221
437 262 435 221
432 267 427 228
443 267 440 228
448 267 447 229
349 273 339 246
354 273 345 246
360 273 352 245
376 273 365 260
382 273 377 260
443 273 439 235
448 273 447 236
454 273 454 235
349 278 339 251
371 278 362 267
448 278 445 243
454 278 454 243
349 284 338 258
360 284 349 268
376 284 369 275
382 284 378 274
393 284 383 268
398 284 391 267
448 284 446 249
349 289 344 266
354 289 342 274
360 289 348 274
365 289 355 274
376 289 371 281
382 289 378 282
393 289 383 274
398 289 391 273
349 295 336 279
354 295 342 280
360 295 349 280
365 295 355 280
376 295 370 288
382 295 379 289
393 295 383 281
398 295 391 280
409 295 413 261
349 300 335 287
354 300 344 285
360 300 350 285
365 300 356 286
376 300 370 294
382 300 377 294
393 300 383 288
404 300 406 267
409 300 411 268
332 306 324 291
338 306 329 292
349 306 335 293
354 306 344 292
360 306 351 292
371 306 361 294
393 306 383 295
354 311 349 299
371 311 362 300
387 311 377 300
393 311 383 301
360 317 356 307
376 317 370 307
387 317 376 307
360 322 355 314
371 322 363 313
382 322 377 315
393 322 383 314
398 322 391 315
349 328 343 320
354 328 349 320
387 328 383 321
393 328 388 322
404 328 403 315
338 333 330 333
349 333 342 328
354 333 348 328
365 333 357 330
371 333 362 329
343 339 335 340
404 339 403 334
321 344 300 365
343 344 334 346
354 350 334 369
376 350 367 369
354 355 333 376
387 355 375 378
