528 127 485 133
534 127 492 134
516 133 463 138
522 133 471 139
528 133 483 139
534 133 491 142
509 139 456 142
516 139 461 144
522 139 469 145
534 139 489 147
497 146 443 145
503 146 449 148
516 146 461 150
522 146 468 151
528 146 476 153
534 146 487 154
540 146 495 157
528 152 473 160
540 152 492 164
485 158 430 154
497 158 446 155
528 158 471 168
540 158 491 170
546 158 499 174
460 164 410 154
467 164 417 156
473 164 423 156
479 164 431 158
491 164 439 160
497 164 444 162
503 164 452 162
509 164 459 164
534 164 483 175
540 164 491 179
546 164 498 180
448 170 397 158
454 170 403 158
460 170 409 159
467 170 415 162
473 170 422 163
497 170 443 168
503 170 450 169
509 170 457 172
522 170 471 174
528 170 477 175
552 170 502 187
454 176 402 165
460 176 407 166
467 176 414 168
503 176 448 178
509 176 461 181
516 176 470 183
522 176 475 183
540 176 488 184
546 176 494 186
436 182 381 169
442 182 389 169
448 182 395 170
454 182 401 172
479 182 427 180
491 182 434 182
497 182 440 181
503 182 445 184
509 182 460 185
516 182 467 187
522 182 474 189
460 188 405 178
467 188 411 182
473 188 417 185
479 188 423 187
491 188 433 187
497 188 439 188
503 188 444 190
558 188 502 197
436 195 378 179
442 195 384 180
448 195 391 182
454 195 395 183
460 195 402 186
467 195 409 189
473 195 415 190
497 195 438 194
509 195 465 195
516 195 471 196
546 195 485 201
552 195 492 202
558 195 499 204
565 195 507 205
436 201 377 185
442 201 382 186
448 201 389 187
509 201 458 201
516 201 465 203
546 201 483 207
565 201 506 213
571 201 512 213
430 207 367 191
442 207 383 194
473 207 409 199
479 207 418 201
485 207 425 202
497 207 436 205
503 207 450 206
516 207 465 208
528 207 470 210
552 207 482 219
558 207 489 220
571 207 512 221
369 213 305 186
381 213 314 187
387 213 321 188
393 213 338 189
424 213 359 196
430 213 366 197
436 213 375 198
454 213 392 203
460 213 399 204
467 213 405 205
479 213 416 207
485 213 425 209
497 213 436 212
516 213 455 216
540 213 475 224
552 213 481 226
571 213 510 226
363 219 297 190
369 219 304 191
375 219 309 192
381 219 317 193
387 219 323 195
393 219 337 195
412 219 351 199
436 219 372 205
448 219 385 208
454 219 391 209
491 219 427 217
497 219 434 218
503 219 440 219
516 219 453 222
522 219 460 223
356 225 290 194
363 225 296 197
369 225 303 197
375 225 309 198
381 225 316 199
387 225 322 201
393 225 330 202
399 225 337 203
418 225 358 202
442 225 354 221
448 225 385 215
454 225 391 215
460 225 397 217
473 225 404 219
497 225 432 225
503 225 440 226
509 225 447 225
516 225 454 227
326 231 251 200
363 231 295 203
369 231 301 204
375 231 309 206
381 231 313 206
387 231 320 207
393 231 329 208
399 231 337 209
412 231 352 207
418 231 357 209
430 231 361 217
454 231 390 221
460 231 396 222
479 231 415 228
485 231 422 229
497 231 435 232
314 237 237 205
320 237 244 205
326 237 251 206
338 237 273 206
344 237 280 207
350 237 285 207
363 237 294 209
369 237 301 211
381 237 313 213
387 237 318 214
393 237 329 215
399 237 337 216
405 237 341 217
412 237 346 219
430 237 360 224
436 237 368 226
454 237 358 236
479 237 416 233
485 237 422 234
491 237 429 235
503 237 437 238
307 244 230 209
356 244 290 215
369 244 301 216
375 244 307 219
381 244 312 221
387 244 318 221
393 244 326 222
399 244 333 223
405 244 339 224
412 244 344 225
430 244 359 230
436 244 365 230
467 244 376 243
479 244 384 245
485 244 391 245
497 244 428 244
503 244 435 244
509 244 443 245
295 250 222 210
307 250 235 212
314 250 242 213
320 250 248 214
363 250 293 223
369 250 299 224
375 250 305 226
381 250 312 228
387 250 317 228
393 250 323 230
399 250 331 230
405 250 337 232
412 250 344 233
424 250 352 234
436 250 364 235
467 250 375 249
473 250 383 249
485 250 420 248
497 250 427 251
295 256 222 215
301 256 227 218
307 256 234 219
314 256 239 220
350 256 277 228
363 256 290 229
369 256 297 230
375 256 303 232
381 256 309 234
387 256 316 234
393 256 321 234
399 256 329 237
405 256 337 238
412 256 343 240
418 256 350 241
430 256 358 242
301 262 226 224
307 262 232 225
314 262 239 227
350 262 276 235
356 262 282 236
363 262 287 236
369 262 294 236
375 262 300 237
381 262 308 238
387 262 314 240
393 262 321 242
399 262 328 242
412 262 342 246
424 262 349 248
430 262 358 249
479 262 418 256
314 268 238 233
320 268 246 234
326 268 252 236
332 268 258 236
344 268 267 238
350 268 273 241
356 268 280 242
363 268 287 242
369 268 293 243
375 268 300 244
387 268 313 247
393 268 320 248
399 268 326 250
424 268 348 256
430 268 356 257
436 268 363 258
442 268 370 258
314 274 236 241
320 274 243 242
326 274 251 243
332 274 257 244
338 274 263 246
350 274 271 248
356 274 284 248
381 274 304 254
387 274 312 255
399 274 325 256
405 274 333 254
412 274 339 255
424 274 346 262
430 274 354 264
436 274 359 265
442 274 366 266
448 274 374 266
314 280 235 248
320 280 241 249
326 280 250 251
332 280 257 251
350 280 275 254
356 280 282 255
369 280 296 254
387 280 312 262
393 280 319 263
399 280 323 266
412 280 331 264
418 280 337 267
430 280 350 271
436 280 357 272
442 280 365 272
448 280 379 270
314 286 233 251
320 286 240 254
326 286 247 256
344 286 270 259
350 286 274 260
387 286 312 269
393 286 318 270
399 286 323 272
424 286 336 277
430 286 343 278
314 292 233 259
320 292 240 261
326 292 247 263
332 292 252 264
338 292 260 266
387 292 310 276
393 292 315 277
399 292 322 278
412 292 331 274
320 299 238 267
326 299 244 269
332 299 251 271
338 299 259 273
356 299 278 277
369 299 287 280
387 299 307 282
405 299 327 281
412 299 333 282
320 305 237 274
326 305 244 276
332 305 251 279
338 305 258 281
344 305 264 282
350 305 270 283
356 305 276 284
369 305 285 286
375 305 291 288
326 311 243 284
332 311 250 287
338 311 258 288
344 311 264 288
350 311 269 289
356 311 275 291
369 311 284 292
326 317 243 290
332 317 249 293
338 317 256 294
344 317 263 295
350 317 269 295
369 317 274 297
332 323 248 298
338 323 254 300
