282 157 293 132
485 162 498 141
495 162 507 141
272 167 283 145
293 167 303 147
485 167 500 147
490 167 505 147
329 172 323 131
449 172 469 134
475 172 488 136
490 172 506 151
495 172 511 151
272 178 285 150
313 178 301 140
319 178 309 140
324 178 314 139
329 178 319 138
480 178 496 153
485 178 501 154
490 178 507 156
495 178 513 156
319 183 308 146
480 183 498 159
490 183 508 161
495 183 514 161
267 188 282 161
282 188 299 159
490 188 509 167
495 188 516 173
334 193 325 240
475 193 493 166
480 193 500 170
485 193 506 175
490 193 511 174
334 198 325 245
376 198 381 191
381 198 387 191
475 198 495 177
485 198 507 181
324 204 315 250
360 204 370 198
371 204 376 197
475 204 496 182
480 204 502 182
402 209 416 201
480 209 503 187
324 214 312 262
485 214 508 190
277 219 301 264
376 219 364 266
417 219 429 265
423 219 434 263
480 219 504 197
402 224 412 272
433 224 452 271
449 224 459 271
475 224 486 271
412 230 433 228
449 230 460 276
490 230 511 202
495 230 516 201
412 235 433 234
417 235 440 234
490 235 512 207
495 235 516 206
412 240 436 239
417 240 441 238
423 240 446 237
267 245 285 248
272 245 292 247
412 245 437 244
464 245 453 236
464 250 453 242
381 266 355 242
464 271 456 258
277 276 288 259
277 287 289 276
282 287 301 274
282 297 291 281
287 297 296 280
350 302 356 282
355 302 361 281
360 302 367 280
417 302 424 276
464 302 476 279
469 302 482 278
490 302 499 275
495 302 505 274
438 308 431 281
469 308 483 282
480 308 491 282
485 308 495 282
490 308 500 281
