385 86 439 64
402 104 462 98
454 104 497 112
460 110 498 117
437 116 473 111
431 121 466 115
454 121 488 126
489 133 520 152
454 139 489 140
513 139 545 176
518 139 551 180
513 145 544 182
518 145 551 186
484 150 522 186
518 150 547 192
524 150 555 195
402 162 412 154
484 162 518 201
495 162 534 206
484 168 516 207
495 180 518 223
507 180 527 226
513 180 532 229
524 180 541 208
396 185 405 170
478 185 511 223
489 191 507 227
495 191 516 231
501 191 522 234
379 197 389 171
390 197 399 177
373 203 379 195
484 203 498 236
489 203 506 237
379 209 384 211
472 209 488 239
484 209 496 244
489 209 503 246
478 220 486 247
484 220 493 249
344 232 341 206
350 232 350 209
355 232 357 211
361 232 363 213
344 238 340 214
350 238 347 217
344 244 338 224
350 244 345 226
355 244 355 220
344 255 335 231
350 261 313 239
355 261 320 242
361 261 344 249
355 267 335 253
361 267 342 257
350 290 306 262
355 290 314 263
449 290 421 317
367 308 318 280
466 308 422 333
454 313 412 321
454 319 408 327
361 325 311 294
443 331 392 333
443 337 395 341
449 337 404 343
437 343 386 344
