341 257 368 92
341 262 358 104
350 262 394 93
350 267 395 99
474 272 475 109
350 277 398 104
355 282 404 111
346 331 376 156
336 341 361 176
341 380 374 223
474 385 499 215
336 390 359 218
469 390 494 216
474 390 500 221
425 415 478 236
425 420 478 242
355 430 401 258
454 445 496 247
336 449 377 271
365 449 402 275
449 449 491 255
454 449 497 254
350 454 391 282
380 454 432 259
444 454 486 261
375 459 426 266
380 459 432 264
439 459 488 267
449 464 494 273
400 469 457 282
405 469 465 281
449 469 496 278
