472 118 388 94
460 124 384 98
478 130 406 99
436 142 380 133
460 148 410 114
418 153 383 166
460 153 414 118
466 153 400 132
400 159 379 182
406 159 383 178
418 159 388 173
424 159 394 168
454 159 401 148
377 165 357 201
394 165 378 190
400 165 383 186
412 165 389 183
430 165 400 164
436 165 403 158
466 165 433 140
412 171 393 185
418 171 396 178
424 171 400 174
430 171 403 167
436 171 406 163
418 177 400 183
424 177 404 177
430 177 409 171
436 177 414 167
442 177 419 163
448 177 423 159
454 177 426 155
400 183 395 196
406 183 398 192
418 183 404 187
424 183 409 183
430 183 414 179
436 183 418 173
442 183 424 169
448 183 427 165
353 189 368 240
359 189 372 235
400 189 399 201
406 189 403 197
412 189 406 194
424 189 414 187
442 189 427 173
448 189 430 169
341 195 362 255
347 195 367 250
377 195 383 236
382 195 386 233
394 195 398 214
400 195 403 206
406 195 407 202
412 195 411 198
430 195 416 184
436 195 421 179
460 195 439 165
466 195 443 160
495 195 458 137
323 201 351 268
335 201 359 260
347 201 370 254
394 201 402 219
400 201 407 212
406 201 411 207
412 201 415 204
424 201 415 193
448 201 435 175
460 201 443 168
478 201 449 154
489 201 457 144
317 207 352 276
323 207 355 272
335 207 364 265
341 207 369 261
359 207 382 246
365 207 387 241
377 207 393 237
382 207 398 231
388 207 403 227
394 207 407 223
400 207 411 217
406 207 415 213
412 207 419 208
418 207 424 204
466 207 447 166
478 207 453 159
299 213 341 296
311 213 350 285
335 213 366 269
341 213 373 265
347 213 377 261
353 213 382 256
359 213 386 249
371 213 396 240
382 213 403 236
388 213 407 231
394 213 412 225
400 213 415 221
406 213 420 217
412 213 424 213
418 213 429 208
430 213 435 198
460 213 448 176
466 213 451 171
483 213 473 159
317 219 356 282
341 219 376 269
353 219 386 260
377 219 403 246
382 219 407 240
388 219 411 236
394 219 416 231
424 219 437 205
430 219 442 200
442 219 448 194
282 225 337 308
311 225 355 290
317 225 414 300
335 225 372 275
347 225 381 267
353 225 391 265
359 225 395 261
365 225 397 252
377 225 407 249
388 225 415 240
394 225 419 236
400 225 423 228
406 225 428 223
412 225 432 219
418 225 437 214
424 225 441 209
442 225 453 200
466 225 467 183
287 231 387 335
299 231 351 304
305 231 354 300
329 231 374 281
341 231 382 275
347 231 387 271
365 231 402 258
382 231 414 248
400 231 426 234
412 231 437 221
418 231 441 217
442 231 457 204
454 231 463 200
460 231 468 194
258 237 327 328
270 237 334 328
293 237 394 331
353 237 397 273
359 237 402 268
365 237 405 262
371 237 410 258
382 237 418 252
388 237 423 248
394 237 426 244
400 237 431 237
246 243 320 352
252 243 324 347
258 243 329 342
264 243 334 339
276 243 340 334
282 243 345 328
329 243 384 290
335 243 390 287
347 243 398 281
353 243 401 277
359 243 405 273
365 243 409 267
371 243 414 262
382 243 422 256
388 243 426 251
394 243 431 246
400 243 436 234
252 248 329 351
258 248 333 347
264 248 338 343
293 248 355 319
299 248 361 314
305 248 365 311
335 248 394 291
347 248 401 285
353 248 405 281
359 248 410 277
365 248 414 272
371 248 419 266
382 248 426 262
394 248 438 243
400 248 441 238
406 248 447 233
418 248 450 228
258 254 338 352
276 254 347 338
282 254 351 333
299 254 365 319
323 254 389 308
353 254 409 285
359 254 414 281
394 254 445 244
406 254 451 239
418 254 455 233
424 254 460 229
252 260 335 358
276 260 350 344
282 260 355 339
311 260 385 319
317 260 389 315
323 260 345 300
353 260 414 291
365 260 423 282
371 260 428 278
412 260 456 244
276 266 354 347
282 266 359 343
287 266 414 361
293 266 418 356
305 266 384 330
311 266 389 322
317 266 394 320
406 266 455 252
258 272 349 363
264 272 353 360
276 272 358 353
282 272 364 347
287 272 368 344
305 272 385 340
382 272 444 281
388 272 448 277
264 278 359 364
276 278 364 359
282 278 369 353
287 278 373 350
317 278 399 334
323 278 405 330
353 278 380 287
365 278 435 294
382 278 448 287
270 284 367 365
282 284 374 359
287 284 381 354
293 284 385 350
305 284 390 345
329 284 414 331
335 284 422 322
347 284 381 294
359 284 434 302
365 284 438 298
270 290 372 370
282 290 379 362
287 290 384 358
293 290 388 354
305 290 393 348
270 296 378 375
282 296 384 366
323 296 419 345
347 296 439 316
359 296 444 303
287 302 389 366
293 302 393 362
282 308 389 374
287 308 393 370
293 308 397 366
329 308 434 332
282 314 392 378
287 314 397 374
293 314 402 371
311 314 422 360
287 320 401 378
293 320 407 375
305 320 423 369
