491 188 480 179
448 194 445 186
285 200 282 201
291 200 288 201
297 200 294 201
303 200 301 201
315 200 312 200
321 200 318 200
328 200 324 200
334 200 331 200
340 200 336 199
346 200 343 198
370 200 366 197
376 200 372 197
382 200 378 197
400 200 396 195
406 200 402 195
509 200 505 190
279 206 276 208
285 206 282 207
291 206 288 207
297 206 294 207
303 206 301 207
309 206 306 206
315 206 312 206
328 206 325 205
334 206 331 205
340 206 337 206
346 206 342 204
352 206 348 204
370 206 367 202
376 206 372 202
382 206 378 202
388 206 383 202
394 206 389 202
400 206 396 202
418 206 415 201
430 206 426 201
436 206 433 201
448 206 446 201
454 206 451 202
460 206 457 203
273 212 270 214
279 212 276 214
285 212 282 213
291 212 288 213
297 212 295 213
303 212 301 212
309 212 306 212
321 212 318 211
328 212 325 212
334 212 331 212
340 212 337 212
346 212 342 211
352 212 349 210
358 212 356 210
364 212 362 209
370 212 367 209
376 212 372 208
382 212 378 208
388 212 384 208
394 212 390 207
400 212 396 207
406 212 403 207
412 212 410 207
424 212 421 206
430 212 427 206
436 212 432 207
442 212 439 207
454 212 452 207
460 212 458 208
273 218 271 221
279 218 276 220
285 218 283 219
291 218 289 219
297 218 296 218
303 218 301 218
309 218 307 218
315 218 313 218
321 218 319 218
328 218 325 218
334 218 331 218
352 218 349 216
358 218 355 215
364 218 361 215
370 218 368 214
376 218 372 214
382 218 378 213
388 218 384 212
394 218 390 213
400 218 396 213
406 218 404 213
412 218 409 213
418 218 416 214
424 218 420 212
430 218 426 212
436 218 432 213
442 218 439 213
448 218 446 214
454 218 453 214
460 218 457 213
466 218 468 214
521 218 516 208
285 224 283 225
291 224 290 224
297 224 296 224
303 224 301 224
309 224 307 224
315 224 312 224
321 224 318 224
328 224 326 224
340 224 337 222
346 224 343 222
352 224 349 221
358 224 355 221
364 224 361 220
370 224 366 220
376 224 372 220
382 224 378 219
388 224 385 219
394 224 391 218
400 224 397 219
406 224 404 219
412 224 410 219
418 224 415 218
424 224 420 218
430 224 426 218
436 224 431 218
442 224 440 219
448 224 446 219
454 224 452 219
460 224 458 219
466 224 464 218
509 224 505 214
521 224 515 212
291 230 290 231
297 230 296 230
303 230 301 231
309 230 307 231
315 230 312 231
321 230 318 230
334 230 332 228
340 230 337 228
346 230 344 228
352 230 349 228
358 230 355 227
364 230 361 226
370 230 366 226
376 230 373 225
382 230 379 226
388 230 385 225
394 230 391 224
400 230 397 225
406 230 404 225
412 230 410 225
418 230 415 224
424 230 421 224
430 230 426 224
448 230 446 224
460 230 459 224
466 230 464 224
479 230 476 222
497 230 493 220
291 236 290 237
297 236 296 237
303 236 302 237
309 236 307 237
315 236 312 236
321 236 317 236
328 236 324 236
334 236 332 234
340 236 337 234
346 236 343 233
352 236 349 233
358 236 355 232
364 236 361 232
370 236 367 232
376 236 373 232
382 236 380 231
388 236 386 231
394 236 391 230
400 236 397 230
406 236 403 231
412 236 408 231
418 236 414 230
424 236 421 230
430 236 427 230
436 236 432 227
442 236 439 227
454 236 452 230
460 236 458 231
466 236 464 230
472 236 470 227
479 236 475 227
485 236 480 226
279 242 278 243
285 242 284 243
291 242 290 243
297 242 296 243
303 242 302 243
309 242 307 242
315 242 313 241
321 242 319 242
328 242 325 242
334 242 331 240
340 242 338 239
346 242 343 239
352 242 349 239
358 242 354 239
364 242 361 239
370 242 367 238
376 242 374 238
382 242 381 237
388 242 386 238
394 242 391 237
400 242 398 236
406 242 404 235
412 242 411 235
418 242 415 235
424 242 422 235
430 242 427 236
436 242 433 236
460 242 457 236
472 242 470 233
479 242 475 232
485 242 480 231
491 242 486 231
285 248 284 249
297 248 296 248
303 248 302 248
309 248 308 248
315 248 313 248
321 248 319 247
340 248 337 246
346 248 343 246
352 248 349 245
358 248 355 245
364 248 360 245
376 248 375 244
382 248 381 244
388 248 386 244
418 248 419 241
430 248 425 241
436 248 433 241
442 248 445 239
448 248 449 238
485 248 481 238
491 248 487 237
285 255 285 255
303 255 303 254
309 255 307 254
315 255 313 254
328 255 325 252
334 255 331 251
340 255 338 251
352 255 350 250
358 255 356 250
382 255 381 249
448 255 446 248
454 255 450 247
460 255 456 247
466 255 464 247
472 255 470 244
285 261 285 261
291 261 290 260
297 261 297 261
309 261 307 260
315 261 313 260
321 261 318 260
328 261 325 260
346 261 345 256
376 261 375 256
382 261 381 255
388 261 387 254
430 261 427 251
436 261 433 250
285 267 284 267
291 267 290 266
297 267 295 267
309 267 307 266
315 267 314 266
328 267 325 265
340 267 344 263
358 267 356 263
364 267 363 263
370 267 369 263
430 267 427 255
436 267 434 255
442 267 444 254
472 267 470 255
279 273 278 273
285 273 284 273
291 273 291 273
297 273 295 273
303 273 301 272
309 273 307 272
315 273 313 272
321 273 318 271
364 273 363 269
436 273 434 262
442 273 440 261
273 279 273 278
279 279 279 279
285 279 285 280
291 279 290 279
297 279 295 279
303 279 301 278
309 279 307 279
352 279 353 275
364 279 364 275
370 279 369 275
442 279 440 269
279 285 280 285
285 285 285 286
291 285 291 286
297 285 296 285
303 285 302 285
309 285 308 285
315 285 314 284
370 285 372 280
273 291 274 293
279 291 280 293
285 291 285 293
291 291 296 292
303 291 302 291
309 291 309 291
315 291 313 291
321 291 319 291
328 291 331 289
340 291 341 288
346 291 347 288
352 291 353 287
370 291 371 287
376 291 379 286
291 297 296 298
309 297 308 297
315 297 313 297
340 297 342 295
358 297 356 293
382 297 380 293
388 297 387 293
