449 91 464 52
454 91 471 54
476 96 478 60
401 101 429 51
449 101 460 58
454 101 466 61
412 107 443 56
454 107 463 69
412 112 428 66
492 112 502 93
508 112 511 95
513 112 517 99
385 117 413 58
396 117 421 63
438 117 466 98
460 117 453 82
470 117 380 228
524 117 529 127
401 123 424 73
444 123 455 101
449 123 463 104
454 123 470 109
481 123 484 111
502 123 507 120
513 123 516 118
412 128 431 97
502 128 505 139
518 128 518 128
524 128 526 132
444 133 454 117
454 133 466 125
492 133 496 134
518 133 516 137
524 133 522 140
529 133 530 145
449 139 426 132
497 139 493 143
518 139 513 143
524 139 518 146
529 139 527 152
433 144 454 162
449 144 444 149
481 144 474 164
497 144 491 150
518 144 509 149
529 144 524 159
396 149 400 86
433 149 422 156
438 149 428 148
444 149 434 153
524 149 513 154
417 154 404 143
422 154 409 147
428 154 414 149
524 154 509 160
412 160 366 206
412 165 362 212
444 170 397 168
449 170 404 171
385 176 335 131
375 181 301 150
433 181 379 156
518 181 476 192
385 192 350 122
454 197 406 182
460 197 412 187
518 218 475 203
518 224 471 210
454 229 404 283
481 256 352 276
401 261 319 243
422 261 358 255
417 266 344 245
364 272 314 139
375 272 321 143
369 277 311 145
460 277 341 297
369 282 308 150
375 282 317 150
375 287 313 155
508 287 438 234
513 287 446 240
433 293 358 172
444 293 367 177
444 303 360 184
513 303 438 255
444 309 357 191
449 309 363 193
465 309 390 211
470 314 394 221
375 319 293 271
497 330 384 314
