423 120 375 99
400 131 360 113
486 131 405 101
400 137 363 120
515 142 459 99
406 148 381 199
412 154 385 190
418 154 392 188
412 160 388 195
418 160 394 193
480 160 417 117
509 160 454 109
418 165 397 200
412 171 382 147
452 171 412 135
498 171 442 115
418 177 395 149
509 177 458 122
435 194 388 129
435 200 390 136
446 200 425 202
480 200 420 152
440 205 399 140
458 205 431 142
469 205 440 131
389 228 398 169
395 228 403 166
469 228 440 232
475 228 445 229
378 234 430 296
395 234 406 172
383 240 435 309
360 245 374 319
423 245 421 174
469 245 458 152
372 251 404 116
406 251 427 186
463 251 456 168
337 257 361 238
343 257 373 233
349 257 379 231
469 257 467 162
332 263 359 246
332 268 361 251
395 274 418 213
326 280 362 260
395 280 420 218
326 285 365 266
349 291 372 350
372 291 406 255
320 297 367 286
337 297 378 273
343 297 382 272
440 297 468 227
309 303 360 290
326 303 374 282
332 303 378 280
343 303 385 277
360 303 388 350
315 308 371 293
326 308 376 287
332 308 381 285
355 308 394 281
309 314 364 309
412 314 458 342
309 320 366 315
355 320 412 289
360 320 418 287
372 320 426 283
412 320 459 348
366 326 423 292
372 326 428 289
378 326 434 287
303 337 367 374
320 337 378 363
337 337 406 364
303 343 369 380
389 360 469 375
