414 149 410 96
424 149 422 95
482 149 467 113
424 154 428 103
434 154 434 102
434 159 435 108
439 159 441 109
443 159 455 111
512 159 500 126
443 169 454 132
419 174 414 136
439 174 447 137
443 174 453 138
448 174 459 139
473 174 467 124
414 178 407 143
482 183 479 138
434 188 427 154
478 188 474 144
482 188 480 145
429 193 419 157
468 193 457 172
473 193 465 172
497 193 485 159
414 198 397 166
419 198 404 167
424 198 410 161
458 198 444 178
463 198 450 178
468 198 457 179
414 203 397 173
419 203 403 173
468 203 458 184
473 208 459 190
482 208 477 172
478 213 463 191
507 217 497 179
409 222 405 188
414 222 411 189
419 222 415 190
502 222 492 185
409 227 405 194
414 227 411 195
395 232 392 186
404 237 402 201
453 237 449 211
370 252 369 201
365 257 364 206
370 257 370 207
419 257 418 211
365 261 364 213
370 261 370 213
375 261 376 213
395 261 395 214
399 261 402 216
409 261 410 217
419 261 418 217
360 266 357 220
365 266 364 220
370 266 369 219
375 266 375 219
380 266 381 220
399 266 403 222
409 266 410 223
419 266 417 222
365 271 363 227
370 271 368 225
375 271 375 226
380 271 382 226
390 271 395 222
409 271 415 229
434 271 429 229
468 271 468 233
370 276 369 233
375 276 376 233
380 276 383 233
390 276 396 228
434 276 428 235
443 276 442 238
453 276 455 239
458 276 461 239
380 281 380 247
385 281 387 248
395 281 403 235
429 281 422 242
439 281 434 251
453 281 455 245
463 281 462 247
370 286 366 259
375 286 372 260
380 286 378 261
395 286 392 254
443 286 441 257
448 286 447 257
453 286 454 252
375 291 372 267
380 291 378 266
390 291 387 267
395 291 391 261
409 291 407 261
414 291 413 262
434 291 427 271
453 291 452 260
331 296 319 284
346 296 333 278
375 296 373 273
380 296 377 272
390 296 386 273
395 296 392 269
409 296 408 267
414 296 413 269
434 296 425 284
331 300 320 289
336 300 327 285
341 300 333 285
346 300 340 285
370 300 372 280
390 300 386 280
395 300 392 275
404 300 401 274
409 300 407 274
414 300 413 275
336 305 326 293
346 305 339 291
351 305 346 293
356 305 352 293
390 305 385 287
395 305 393 282
409 305 407 281
414 305 413 282
419 305 419 284
356 310 352 300
385 310 379 293
390 310 385 293
409 310 406 289
414 310 414 290
419 310 420 291
346 315 339 307
385 315 378 300
390 315 385 301
409 315 406 296
414 315 413 297
419 315 420 297
424 315 426 296
356 320 351 315
370 320 364 315
375 320 370 314
380 320 377 314
409 320 406 303
414 320 413 302
419 320 420 303
424 320 426 303
375 325 365 321
380 325 371 321
385 325 378 322
409 325 403 315
419 325 418 317
365 330 356 328
399 330 396 329
419 330 418 323
336 339 309 364
346 339 314 365
