323 103 380 125
326 103 383 125
297 128 348 149
297 132 352 149
312 132 382 150
301 136 355 153
308 136 378 154
312 136 382 154
304 140 361 157
308 140 369 157
315 140 383 158
301 143 357 161
304 143 361 161
308 143 370 160
319 143 388 162
301 147 358 165
304 147 362 164
301 151 358 169
312 151 378 168
323 151 393 170
334 151 401 170
315 154 381 171
334 154 402 174
323 158 388 175
308 162 371 177
312 162 375 177
315 162 380 177
326 162 392 178
330 162 396 178
301 165 360 182
308 165 371 181
334 165 398 183
301 169 360 186
319 169 380 180
337 169 402 186
334 173 399 187
348 173 410 189
319 176 386 192
323 176 390 192
330 176 395 192
334 176 399 191
337 176 402 190
345 176 407 193
308 180 374 197
312 180 378 196
334 180 400 195
356 180 415 197
312 187 380 203
356 187 416 203
363 187 419 202
312 191 379 206
315 191 382 206
356 191 416 207
308 195 375 209
312 202 380 218
312 213 377 232
315 213 380 230
359 220 423 231
359 224 423 236
363 224 426 235
352 228 419 241
367 228 428 239
315 232 391 244
319 232 395 244
345 232 416 241
308 235 378 252
312 235 382 252
315 235 392 248
319 235 395 248
323 235 399 247
315 239 391 251
319 239 395 251
352 239 420 248
359 239 424 249
312 243 384 259
315 243 387 260
319 243 395 255
356 243 421 253
334 250 396 262
337 254 400 266
334 257 396 269
