379 88 476 132
379 94 470 134
379 100 465 137
430 100 491 190
379 107 458 139
456 107 501 217
456 113 494 218
437 120 481 203
456 120 487 222
430 126 470 200
437 126 473 207
443 126 477 212
456 126 483 226
386 132 450 162
424 132 460 196
430 132 462 203
437 132 466 209
373 139 436 148
418 139 451 190
424 139 454 199
430 139 457 204
437 139 461 211
462 139 474 221
373 145 428 148
379 145 433 160
386 145 436 167
424 145 448 201
430 145 452 207
437 145 454 213
462 145 464 226
469 145 470 232
360 152 414 147
373 152 419 150
379 152 422 157
405 152 432 184
411 152 435 190
418 152 439 198
430 152 446 212
462 152 456 229
373 158 414 154
379 158 411 162
386 158 415 169
392 158 417 177
418 158 429 195
462 158 448 235
379 164 405 165
386 164 408 172
392 164 411 179
418 164 423 198
456 164 437 230
462 164 441 239
386 171 402 175
392 171 405 182
418 171 416 202
430 171 422 213
386 177 398 184
430 177 415 219
430 184 408 223
456 196 418 241
366 203 371 163
379 203 374 173
392 203 398 224
450 203 406 232
456 203 409 244
379 209 385 175
450 209 397 236
379 216 377 178
386 216 384 191
418 216 396 216
366 222 366 170
418 222 389 220
373 228 365 185
386 228 370 198
392 228 374 204
450 228 391 238
366 235 354 180
379 235 364 203
392 235 366 208
360 241 339 171
366 241 348 184
373 241 355 197
392 241 359 211
418 241 361 227
424 241 365 234
354 248 328 177
360 248 333 175
366 248 340 188
392 248 352 215
418 248 354 229
424 248 358 236
373 254 332 200
379 254 335 207
424 254 352 240
373 260 326 202
379 260 329 209
405 260 340 231
411 260 342 238
456 260 353 263
354 273 302 189
366 273 313 202
373 273 316 208
379 273 319 213
392 273 323 222
398 273 325 226
405 273 327 233
424 273 336 249
430 273 340 256
437 273 343 262
443 273 345 267
456 273 349 275
347 280 291 187
354 280 295 193
360 280 306 204
373 280 310 211
379 280 313 217
386 280 316 224
398 280 319 229
405 280 321 236
411 280 325 244
424 280 330 254
437 280 335 266
443 280 338 271
347 286 285 189
354 286 288 197
360 286 296 210
373 286 304 214
379 286 307 221
398 286 314 232
405 286 315 240
411 286 318 248
424 286 325 255
437 286 329 268
443 286 336 280
347 292 278 194
354 292 281 201
373 292 291 220
411 292 313 252
418 292 316 256
430 292 322 265
456 292 329 283
405 299 303 248
411 299 306 254
424 299 313 262
437 299 319 273
450 299 319 278
405 305 296 251
418 305 302 256
424 305 306 263
430 312 307 271
450 312 315 284
456 312 317 290
354 318 278 210
450 318 308 287
354 324 357 188
366 324 276 221
360 331 266 218
366 331 269 224
398 331 282 249
405 331 285 257
411 331 287 264
418 331 292 269
424 331 295 275
347 337 262 209
373 337 265 231
392 337 272 246
398 337 275 253
405 337 278 261
411 337 281 267
418 337 285 274
347 344 255 212
354 344 258 222
366 344 257 232
386 344 263 243
392 344 265 249
398 344 269 256
405 344 272 263
411 344 274 270
418 344 278 278
347 350 240 215
366 350 249 235
373 350 250 240
386 350 256 246
392 350 259 251
398 350 262 259
405 350 264 267
411 350 267 274
418 350 271 281
424 350 274 287
354 356 235 223
360 356 237 230
366 356 240 238
373 356 243 244
386 356 249 251
392 356 251 256
398 356 255 263
405 356 258 271
418 356 264 283
430 356 268 290
373 363 240 247
379 363 243 252
392 363 246 259
398 363 249 266
424 363 258 286
430 363 261 293
437 363 265 299
450 363 268 306
