379 81 491 158
456 81 506 230
462 88 501 238
462 94 495 241
398 107 483 202
462 113 461 244
456 120 469 249
366 126 435 160
456 126 462 251
360 132 428 159
366 132 429 161
386 139 427 177
418 139 438 210
430 139 441 228
386 145 421 179
411 145 429 205
418 145 430 212
424 145 434 224
430 145 435 230
462 145 446 250
360 152 410 163
386 152 417 186
392 152 418 194
398 152 420 200
411 152 423 207
418 152 424 214
424 152 425 219
430 152 427 227
437 152 428 233
443 152 430 240
462 152 434 252
398 158 414 203
405 158 415 209
418 158 418 216
424 158 418 222
430 158 419 229
462 158 427 254
392 164 405 197
398 164 407 205
411 164 410 210
418 164 411 217
424 164 412 222
430 164 413 230
418 171 405 218
424 171 406 224
430 171 407 231
411 177 400 212
418 177 398 219
424 177 399 227
411 184 394 214
366 190 274 186
411 190 389 216
366 196 262 190
373 196 352 255
379 209 371 186
366 216 363 174
379 216 365 188
366 222 356 176
373 222 357 184
379 222 360 190
366 228 349 179
379 235 351 208
418 235 351 234
354 241 329 179
373 241 341 202
379 241 345 209
418 241 345 235
354 248 323 187
366 248 325 193
418 248 337 237
424 248 338 244
354 254 316 188
360 254 318 195
366 254 319 200
373 254 321 206
379 254 323 214
386 254 325 222
418 254 330 234
424 254 333 245
354 260 309 189
360 260 311 195
366 260 313 202
373 260 314 208
379 260 317 216
424 260 326 247
354 267 303 191
398 267 313 225
405 267 314 231
411 267 316 237
456 267 321 271
360 273 304 197
366 273 306 204
379 273 309 212
386 273 310 218
405 273 308 234
430 273 315 259
437 273 318 266
456 273 320 278
360 280 297 200
392 280 306 225
405 280 303 235
424 280 314 252
379 286 304 215
392 286 298 225
424 286 308 254
456 286 296 282
373 292 294 210
379 292 297 217
411 292 299 251
430 292 304 261
366 299 280 207
373 299 281 215
437 299 298 265
456 299 303 284
405 312 277 250
418 312 287 256
424 312 288 261
430 312 289 266
347 324 342 182
347 331 336 183
366 331 266 260
430 331 270 271
347 337 330 185
373 337 256 221
373 350 244 224
347 356 228 206
354 356 231 213
366 356 236 220
373 356 238 225
430 356 246 281
437 356 247 286
366 363 226 221
373 363 229 228
379 363 231 235
386 363 232 241
