404 73 456 77
430 80 477 90
437 80 485 92
443 80 492 95
424 86 470 91
430 86 481 100
443 86 489 102
450 86 496 104
456 86 503 106
404 93 450 93
417 93 461 94
424 93 469 98
404 99 448 98
430 99 473 106
437 99 479 109
443 99 485 112
450 99 492 114
456 99 500 116
469 99 510 120
404 106 447 105
411 106 453 106
424 106 464 110
430 106 470 112
437 106 476 114
469 106 508 124
404 112 446 111
411 112 451 112
424 112 462 117
430 112 468 119
443 112 482 119
450 112 490 121
476 112 512 133
411 119 449 119
417 119 455 122
443 119 482 123
450 119 488 126
456 119 496 130
476 119 510 140
397 125 435 120
404 125 441 122
437 125 473 129
443 125 479 132
450 125 485 132
397 132 432 126
404 132 439 128
411 132 446 131
417 132 453 133
437 132 471 137
443 132 476 140
482 132 514 153
397 138 430 133
404 138 436 135
411 138 443 138
417 138 450 139
424 138 457 142
443 138 474 148
450 138 480 150
476 138 504 157
482 138 512 160
397 145 429 140
404 145 434 141
411 145 442 143
417 145 448 145
424 145 455 148
437 145 465 151
443 145 472 154
450 145 478 156
456 145 485 158
469 145 495 161
476 145 504 164
391 152 420 144
404 152 431 146
411 152 440 149
417 152 446 151
430 152 457 155
437 152 462 157
443 152 469 160
450 152 476 162
463 152 489 167
476 152 501 169
437 158 461 164
443 158 468 167
456 158 481 172
391 165 416 154
397 165 422 156
404 165 428 158
411 165 437 161
424 165 445 164
430 165 453 166
450 165 473 173
384 171 408 159
391 171 414 160
397 171 420 162
404 171 426 165
411 171 434 168
417 171 440 170
424 171 449 176
430 171 451 173
437 171 457 175
443 171 464 178
450 171 471 180
456 171 478 182
469 171 491 186
476 171 498 187
384 178 406 165
391 178 411 167
397 178 418 169
411 178 433 174
417 178 440 176
437 178 455 182
450 178 468 187
456 178 475 190
463 178 481 191
469 178 488 193
476 178 496 195
384 184 403 171
391 184 409 173
397 184 415 175
404 184 422 178
411 184 430 180
424 184 444 185
430 184 452 188
443 184 461 190
450 184 468 194
456 184 474 195
469 184 487 200
384 191 401 177
391 191 406 179
397 191 413 181
411 191 424 185
417 191 429 187
424 191 436 190
430 191 443 191
443 191 458 198
450 191 465 200
456 191 471 201
463 191 478 203
469 191 485 205
371 197 390 183
384 197 398 184
391 197 405 185
397 197 412 188
411 197 422 192
417 197 428 193
424 197 434 195
430 197 441 198
437 197 450 202
443 197 456 203
450 197 463 206
456 197 469 207
463 197 475 209
469 197 483 212
365 204 382 189
384 204 396 190
391 204 403 192
411 204 420 198
417 204 427 201
424 204 434 203
430 204 441 205
443 204 454 210
450 204 461 212
456 204 467 214
463 204 473 216
365 210 379 197
397 210 408 200
437 210 446 212
456 210 465 221
469 210 479 223
365 217 378 203
378 217 388 206
391 217 399 204
397 217 407 207
404 217 412 209
424 217 430 213
430 217 438 216
437 217 444 219
443 217 451 221
450 217 457 224
463 217 470 229
469 217 477 230
378 224 387 213
391 224 398 212
397 224 405 213
404 224 410 216
411 224 417 218
424 224 428 220
430 224 436 222
437 224 442 225
443 224 449 228
450 224 456 231
456 224 462 233
463 224 469 235
378 230 378 220
391 230 395 218
397 230 402 220
404 230 408 221
411 230 414 223
417 230 421 226
437 230 440 231
443 230 447 235
450 230 453 237
456 230 460 239
463 230 467 241
384 237 387 222
391 237 394 225
397 237 400 226
404 237 406 227
411 237 413 230
417 237 419 233
430 237 430 236
437 237 438 239
443 237 444 241
450 237 451 243
456 237 458 245
463 237 465 247
365 243 368 224
391 243 392 230
397 243 398 233
404 243 404 235
411 243 411 237
417 243 418 241
424 243 425 243
437 243 436 246
443 243 442 247
450 243 449 249
456 243 456 252
463 243 463 254
384 250 382 235
391 250 390 237
397 250 396 239
411 250 409 244
417 250 417 248
437 250 434 253
443 250 441 254
391 256 387 244
404 256 400 246
450 256 446 261
456 256 452 263
365 263 362 241
371 263 370 243
384 263 379 246
397 263 392 251
404 263 399 253
411 263 405 255
417 263 412 257
424 263 419 259
430 263 425 262
443 263 437 266
365 269 359 247
371 269 366 250
384 269 377 253
391 269 384 255
397 269 390 257
404 269 397 260
411 269 404 262
417 269 411 265
424 269 416 267
430 269 424 269
443 269 435 272
450 269 442 275
358 276 351 251
365 276 356 253
371 276 363 255
384 276 375 259
391 276 382 262
397 276 389 264
404 276 395 266
417 276 408 271
424 276 414 273
430 276 421 276
443 276 433 279
450 276 440 282
358 282 349 257
365 282 355 260
371 282 361 262
384 282 373 266
391 282 379 269
397 282 386 271
404 282 393 273
411 282 399 275
417 282 406 278
424 282 412 279
430 282 419 282
437 282 426 284
443 282 433 286
358 289 348 264
365 289 353 266
371 289 359 268
384 289 371 272
397 289 383 277
404 289 391 280
411 289 397 282
417 289 404 284
424 289 411 286
430 289 418 288
443 289 431 293
358 295 344 271
371 295 357 275
378 295 365 278
391 295 375 281
397 295 381 283
404 295 389 286
411 295 396 288
417 295 402 291
424 295 409 293
430 295 415 295
371 302 353 281
384 302 366 285
391 302 373 287
397 302 379 290
404 302 386 294
411 302 394 296
417 302 400 298
424 302 406 300
391 309 372 295
397 309 379 298
404 309 385 300
411 309 392 302
417 309 398 305
424 309 404 307
430 309 412 306
352 315 333 287
358 315 338 289
371 315 349 293
378 315 355 295
384 315 363 298
404 315 387 310
430 315 410 313
352 322 328 294
358 322 334 296
365 322 342 298
378 322 354 302
384 322 361 304
424 322 401 318
352 328 327 300
358 328 333 303
365 328 340 305
378 328 350 308
384 328 360 312
397 328 372 317
417 328 392 323
424 328 399 324
352 335 323 307
358 335 330 310
365 335 337 312
371 335 345 315
378 335 353 317
384 335 358 319
397 335 369 324
404 335 377 326
417 335 390 329
352 341 323 314
371 341 345 322
378 341 352 324
384 341 358 327
397 341 367 330
404 341 379 333
411 341 389 335
358 348 328 323
365 348 336 325
371 348 343 328
378 348 350 330
384 348 356 333
397 348 364 337
411 348 387 342
345 354 310 323
378 354 346 336
384 354 354 339
397 354 362 343
411 354 377 347
417 354 384 348
339 361 309 335
345 361 317 336
352 361 324 337
365 361 332 340
371 361 338 341
378 361 344 344
384 361 351 346
397 361 360 349
411 361 376 353
384 367 349 353
