0.1937653422355652 0.1204357966780663 -0.9736273884773254 0.3943576812744141 
-0.06345830112695694 0.991896390914917 0.1100665554404259 -0.01344121154397726 
0.9789934158325195 0.04045765101909637 0.1998377740383148 -0.07509167492389679 
0 0 0 1 

0.182770237326622 0.1327203810214996 -0.9741562008857727 0.3924667239189148 
-0.05309508740901947 0.9907328486442566 0.1250171661376953 -0.01483489479869604 
0.9817208647727966 0.02887349762022495 0.1881233304738998 -0.0633227750658989 
0 0 0 1 

0.3963380753993988 0.280028760433197 -0.8743568062782288 0.4035404026508331 
-0.231657400727272 0.9520373940467834 0.1998991370201111 -0.01717621274292469 
0.8883978724479675 0.1233236342668533 0.4421994388103485 -0.0480259545147419 
0 0 0 1 

0.3984623849391937 0.2785380780696869 -0.8738673329353333 0.3975719213485718 
-0.2014097422361374 0.9560881853103638 0.2129073143005371 -0.02409531734883785 
0.8947970271110535 0.09116987138986588 0.4370654225349426 -0.04913080483675003 
0 0 0 1 

0.3799353241920471 0.2908855676651001 -0.8780856132507324 0.3747411966323853 
-0.09866014868021011 0.9565969109535217 0.2742052376270294 -0.05398143082857132 
0.9197363257408142 -0.01754813082516193 0.3921437859535217 -0.04207802936434746 
0 0 0 1 

0.3780252635478973 0.3252807557582855 -0.8667694330215454 0.3525200188159943 
-0.06014257296919823 0.942893922328949 0.3276186287403107 -0.08234483003616333 
0.9238396883010864 -0.07171837985515594 0.3760009407997131 -0.03988154977560043 
0 0 0 1 

0.4051718711853027 0.3703256249427795 -0.8358796238899231 0.3323443531990051 
-0.01266198605298996 0.9164738059043884 0.3998942971229553 -0.1099794283509254 
0.9141528606414795 -0.1514420509338379 0.3760184645652771 -0.04204650968313217 
0 0 0 1 

0.427362471818924 0.3918553590774536 -0.8147457838058472 0.3169356286525726 
0.03641349449753761 0.8929955363273621 0.4485900402069092 -0.1278776377439499 
0.9033467769622803 -0.2213783115148544 0.3673639595508575 -0.04169928655028343 
0 0 0 1 

0.4797950685024261 0.4218188524246216 -0.7693279385566711 0.2930755019187927 
0.1024975851178169 0.843894898891449 0.5266265869140625 -0.15651935338974 
0.8713729977607727 -0.3315270841121674 0.3616612553596497 -0.04394165053963661 
0 0 0 1 

0.5479541420936584 0.4260582029819489 -0.7198752760887146 0.2745067775249481 
0.1167022511363029 0.8132197260856628 0.570135235786438 -0.1733535379171371 
0.8283275961875916 -0.3964190185070038 0.3958851993083954 -0.06115464121103287 
0 0 0 1 

