588 113 550 55
594 113 557 53
582 119 539 66
588 119 545 65
611 119 574 56
582 125 541 72
588 125 547 71
381 154 367 155
439 154 442 123
370 159 358 164
376 159 364 162
387 159 383 152
565 159 543 108
594 159 572 109
600 159 579 107
381 165 378 162
387 165 384 159
456 165 468 136
364 171 350 175
376 171 365 173
381 171 371 172
387 171 385 165
439 171 441 145
445 171 453 141
450 171 461 139
358 177 346 184
364 177 351 182
370 177 359 181
376 177 366 180
393 177 389 171
399 177 396 169
554 177 540 133
559 177 546 131
358 182 347 190
364 182 352 188
370 182 360 187
381 182 375 185
393 182 391 178
364 188 354 195
376 188 369 193
393 188 398 186
387 194 391 188
393 194 400 192
376 200 366 200
387 200 394 195
427 200 429 184
370 205 362 210
376 205 367 208
381 205 373 206
410 205 429 193
370 211 364 216
376 211 369 214
381 211 375 213
376 217 371 221
381 217 376 219
559 217 557 166
410 222 420 217
513 222 525 182
519 222 534 180
525 222 540 179
525 228 541 185
370 234 376 244
416 234 425 230
479 234 513 201
485 234 521 203
381 240 389 233
387 240 396 229
399 240 414 241
422 240 432 236
485 240 524 209
387 245 397 237
496 245 499 225
370 251 379 257
617 251 626 192
422 257 463 235
450 257 470 232
508 257 540 209
617 257 630 197
416 263 431 252
422 263 465 242
450 263 471 239
456 263 478 238
519 263 556 217
416 268 432 259
456 268 482 244
479 268 496 242
485 268 502 240
490 274 509 243
