440 109 433 109
451 109 445 108
434 115 429 113
457 120 452 120
451 126 447 126
457 126 453 126
429 142 430 142
434 142 435 143
429 148 430 148
434 148 435 150
440 148 440 149
451 148 452 149
396 153 395 154
429 153 429 154
434 153 435 154
440 153 440 154
445 153 446 154
451 153 452 154
396 159 395 160
401 159 400 160
407 159 405 160
412 159 411 161
418 159 416 160
429 159 429 160
434 159 435 160
440 159 440 160
468 159 463 154
390 165 390 166
396 165 395 166
401 165 400 166
407 165 405 166
412 165 410 166
418 165 416 166
423 165 422 167
429 165 429 166
434 165 434 166
440 165 439 164
495 165 492 161
506 165 504 159
390 170 389 172
396 170 394 172
401 170 400 171
407 170 401 177
412 170 408 176
418 170 413 176
423 170 423 173
429 170 429 172
445 170 444 169
451 170 450 169
462 170 457 170
473 170 464 170
490 170 487 166
495 170 492 166
501 170 498 165
506 170 504 165
368 176 368 178
384 176 384 177
390 176 389 177
396 176 394 178
401 176 396 183
407 176 402 183
423 176 423 178
429 176 430 179
434 176 434 176
440 176 439 174
445 176 444 175
451 176 450 175
490 176 487 171
495 176 494 170
501 176 499 170
506 176 504 171
368 181 368 183
373 181 374 182
384 181 379 189
390 181 385 188
396 181 390 188
407 181 405 183
418 181 419 184
423 181 424 183
429 181 430 183
434 181 434 182
440 181 439 180
445 181 445 180
451 181 451 180
479 181 479 177
490 181 488 177
495 181 494 176
501 181 499 176
362 187 362 189
368 187 366 193
379 187 372 196
384 187 377 196
390 187 379 200
396 187 390 194
401 187 401 188
407 187 406 188
412 187 413 189
418 187 418 188
423 187 424 188
429 187 429 188
440 187 440 187
445 187 445 186
468 187 463 183
479 187 478 183
484 187 484 183
495 187 494 183
362 192 361 198
373 192 366 201
379 192 372 201
401 192 395 200
407 192 406 194
412 192 413 193
418 192 418 193
423 192 423 193
429 192 428 194
434 192 436 189
445 192 445 193
451 192 452 192
462 192 459 188
473 192 472 189
479 192 479 188
484 192 484 188
351 198 354 200
401 198 396 206
407 198 402 205
412 198 413 198
418 198 418 198
423 198 423 198
429 198 429 199
434 198 437 194
440 198 439 193
473 198 472 194
479 198 479 193
484 198 484 194
407 203 408 204
412 203 413 204
418 203 419 203
423 203 424 203
429 203 430 204
434 203 436 199
440 203 441 199
445 203 446 199
457 203 457 200
473 203 474 200
479 203 480 199
373 209 370 215
379 209 379 212
384 209 385 210
396 209 396 211
401 209 402 211
407 209 407 210
412 209 413 209
418 209 419 209
434 209 436 205
440 209 441 206
457 209 457 206
462 209 462 205
468 209 468 206
473 209 474 205
346 214 348 218
368 214 368 218
384 214 386 217
396 214 396 217
401 214 402 216
407 214 407 215
412 214 413 215
418 214 419 215
423 214 425 213
429 214 431 212
434 214 437 213
440 214 442 212
451 214 453 213
457 214 457 212
462 214 463 212
468 214 469 212
473 214 473 211
340 220 342 224
346 220 348 224
351 220 355 224
373 220 378 221
379 220 382 223
390 220 391 223
396 220 396 222
401 220 402 221
407 220 409 221
412 220 414 221
418 220 419 221
423 220 425 221
434 220 436 218
445 220 446 220
457 220 459 218
462 220 464 218
468 220 469 217
324 226 327 229
335 226 338 230
340 226 343 229
346 226 348 230
351 226 354 229
357 226 362 228
362 226 366 228
368 226 372 228
373 226 378 228
379 226 382 229
384 226 388 229
390 226 393 228
396 226 398 227
401 226 404 227
412 226 414 227
418 226 419 227
423 226 424 227
434 226 435 224
440 226 441 226
445 226 446 226
451 226 453 224
462 226 464 223
318 231 320 238
329 231 333 235
335 231 338 236
340 231 343 235
351 231 354 235
357 231 360 234
362 231 366 232
368 231 372 233
373 231 378 234
379 231 382 234
384 231 387 234
390 231 393 234
396 231 399 233
401 231 404 232
412 231 413 233
418 231 418 234
335 237 337 241
346 237 347 239
362 237 366 240
368 237 372 239
373 237 377 239
379 237 383 239
390 237 391 239
396 237 399 238
407 237 408 238
412 237 413 239
418 237 419 239
423 237 424 238
318 242 320 251
329 242 333 246
335 242 337 246
368 242 372 245
373 242 377 246
379 242 383 245
390 242 391 244
407 242 407 245
412 242 413 245
418 242 419 245
423 242 424 244
429 242 430 244
434 242 428 252
440 242 445 239
312 248 315 257
318 248 321 256
324 248 328 253
329 248 333 252
335 248 337 252
351 248 354 251
368 248 372 251
373 248 377 251
379 248 383 251
390 248 390 250
396 248 400 250
407 248 407 251
412 248 414 250
418 248 420 251
423 248 424 251
434 248 440 244
318 253 321 261
324 253 328 258
335 253 337 257
368 253 372 257
379 253 383 256
401 253 406 257
412 253 414 257
418 253 420 256
434 253 441 250
318 259 322 266
324 259 328 264
329 259 334 263
335 259 338 263
340 259 342 262
362 259 367 262
368 259 373 262
373 259 378 262
379 259 383 262
384 259 390 263
396 259 402 261
401 259 406 261
412 259 414 262
429 259 434 256
324 264 327 269
329 264 334 269
335 264 339 268
368 264 373 268
373 264 378 267
379 264 384 267
384 264 390 268
390 264 396 268
396 264 403 267
401 264 407 267
407 264 411 267
412 264 416 266
418 264 423 263
423 264 429 263
429 264 433 263
268 270 274 277
274 270 280 278
279 270 286 278
318 270 321 275
324 270 328 275
329 270 334 276
346 270 350 274
351 270 356 274
368 270 374 274
373 270 379 273
379 270 384 273
384 270 390 273
390 270 396 273
401 270 407 272
407 270 412 272
412 270 417 271
418 270 422 270
423 270 428 269
279 275 285 283
285 275 293 281
290 275 298 280
312 275 316 280
324 275 328 279
329 275 334 281
340 275 345 281
346 275 350 280
351 275 356 279
368 275 374 279
373 275 380 279
379 275 385 278
384 275 390 277
390 275 396 278
396 275 401 277
407 275 412 277
412 275 418 277
418 275 423 275
274 281 280 289
279 281 285 289
290 281 297 286
301 281 309 285
307 281 310 290
329 281 334 286
368 281 373 284
384 281 391 283
390 281 396 283
396 281 402 283
401 281 407 283
407 281 412 283
412 281 418 283
274 286 280 294
279 286 285 295
285 286 291 294
296 286 303 292
307 286 316 291
312 286 320 291
329 286 334 291
396 286 402 288
401 286 407 288
407 286 413 289
274 292 279 300
285 292 291 300
307 292 316 297
312 292 321 298
357 292 362 295
368 292 374 295
274 298 280 307
296 298 303 305
301 298 309 306
307 298 316 304
312 298 320 304
318 298 326 302
346 298 349 303
362 298 366 301
368 298 373 301
279 303 285 312
290 303 294 309
296 303 304 311
301 303 309 311
307 303 314 310
312 303 320 309
318 303 326 309
340 303 344 308
357 303 360 308
362 303 365 307
301 309 309 317
307 309 315 315
312 309 320 315
357 309 360 313
362 309 367 313
368 309 376 312
373 309 382 313
290 314 295 319
307 314 315 321
329 314 338 318
362 314 371 317
368 314 377 317
379 314 388 314
346 320 350 325
362 320 372 323
373 320 383 320
362 325 373 329
307 331 315 337
312 331 321 337
318 331 326 336
307 336 315 342
312 336 321 342
318 336 327 342
340 336 348 340
351 336 368 335
312 342 321 348
318 342 327 348
329 342 338 347
335 342 344 347
340 342 350 347
324 347 334 354
329 347 338 352
