439 177 419 179
509 182 472 207
373 187 363 165
378 187 369 165
383 187 375 165
388 187 380 166
358 192 347 170
363 192 353 170
358 197 346 175
363 197 363 171
368 197 368 172
358 202 346 181
414 202 407 185
399 207 389 183
399 212 389 189
409 212 407 190
343 243 324 228
338 248 313 237
343 248 323 233
343 253 322 246
353 253 329 244
434 253 448 222
439 253 454 222
449 253 470 217
424 258 432 227
429 258 437 227
434 258 448 227
439 258 454 227
449 258 469 222
454 258 475 222
343 263 315 279
424 263 431 237
434 263 448 232
439 263 454 233
449 263 469 230
454 263 475 229
459 263 481 228
464 263 487 226
469 263 492 227
394 268 378 261
419 268 424 246
424 268 431 243
439 268 456 239
449 268 496 253
454 268 474 235
464 268 487 234
474 268 498 232
394 273 364 281
424 273 431 249
429 273 437 249
434 273 446 245
444 273 473 251
464 273 485 241
373 278 407 312
424 278 430 255
429 278 436 255
494 278 514 244
383 283 358 288
424 283 430 260
429 283 438 259
444 283 457 257
469 283 490 252
414 288 411 274
444 288 455 265
449 288 461 263
454 288 467 263
459 288 473 262
464 288 482 262
479 288 496 260
530 288 535 261
404 293 393 282
419 293 421 277
434 293 443 271
439 293 449 271
449 293 460 271
454 293 466 269
459 293 473 269
464 293 478 269
479 293 494 270
489 293 501 266
514 293 518 261
520 293 523 262
419 298 420 282
429 298 432 282
439 298 450 276
444 298 454 278
454 298 465 277
459 298 471 275
464 298 477 276
469 298 483 276
474 298 487 276
479 298 493 276
504 298 511 272
520 298 523 267
530 298 539 274
368 303 334 309
419 303 420 287
424 303 427 287
429 303 433 286
439 303 444 287
444 303 454 284
449 303 459 284
454 303 464 284
459 303 470 284
464 303 476 284
469 303 481 282
479 303 490 281
484 303 494 282
499 303 511 282
504 303 516 284
530 303 537 284
414 308 414 295
419 308 420 294
424 308 427 292
429 308 433 292
439 308 443 293
444 308 449 293
459 308 467 290
464 308 471 290
484 308 488 286
525 308 526 295
414 313 414 302
429 313 432 298
439 313 443 299
444 313 448 299
449 313 454 299
454 313 458 300
459 313 464 297
464 313 469 297
469 313 476 297
474 313 481 297
419 318 420 309
424 318 424 310
429 318 431 304
434 318 436 305
439 318 442 306
444 318 447 306
449 318 452 307
454 318 457 306
459 318 464 307
464 318 470 302
469 318 474 302
489 318 487 297
494 318 492 297
514 318 514 306
414 323 418 314
434 323 436 310
444 323 446 312
449 323 451 316
454 323 456 316
459 323 461 314
464 323 467 314
474 323 475 308
479 323 480 308
489 323 486 304
494 323 491 303
499 323 497 303
504 323 503 303
514 323 513 311
419 328 416 321
434 328 434 322
439 328 440 322
449 328 452 322
454 328 456 322
459 328 461 322
474 328 473 320
479 328 480 314
484 328 484 314
499 328 497 309
504 328 503 309
509 328 507 311
424 333 421 332
434 333 433 331
444 333 445 327
449 333 450 326
474 333 472 326
479 333 478 325
484 333 483 320
494 333 491 316
394 338 397 368
414 338 410 348
429 338 428 337
434 338 433 337
439 338 438 334
444 338 444 332
449 338 450 333
454 338 455 333
459 338 460 333
469 338 468 334
474 338 472 335
479 338 477 331
394 343 390 373
434 343 427 343
439 343 434 344
454 343 455 339
459 343 460 339
469 343 468 340
474 343 472 341
479 343 477 336
494 343 489 331
399 348 401 386
424 348 419 348
434 348 427 350
439 348 433 350
444 348 438 350
449 348 448 349
459 348 460 345
464 348 465 345
474 348 471 347
499 348 476 370
504 348 480 369
439 354 433 356
444 354 438 356
449 354 444 356
454 354 448 356
469 354 459 362
474 354 464 362
499 354 475 376
439 359 431 361
469 359 459 369
474 359 465 368
449 364 441 371
454 364 446 373
474 364 450 385
479 364 456 386
484 364 461 386
489 364 466 387
474 369 449 392
479 369 449 394
