422 182 435 181
425 182 440 181
471 182 482 182
478 182 489 183
482 182 493 183
489 182 498 183
492 182 502 183
496 182 506 183
397 185 409 183
401 185 412 183
418 185 429 184
422 185 434 184
429 185 440 184
436 185 447 185
440 185 451 185
447 185 456 185
482 185 491 186
485 185 495 187
489 185 502 187
492 185 506 187
496 185 509 187
499 185 513 187
397 189 409 187
401 189 412 187
404 189 416 187
408 189 420 187
411 189 424 188
418 189 433 188
422 189 436 188
432 189 444 189
440 189 451 189
450 189 459 189
454 189 464 189
461 189 471 189
464 189 474 189
471 189 486 190
475 189 490 190
489 189 501 190
492 189 505 191
496 189 509 191
499 189 513 191
394 192 405 190
397 192 409 190
401 192 413 191
404 192 417 191
408 192 420 191
411 192 425 191
415 192 429 191
418 192 433 191
422 192 436 192
425 192 440 192
436 192 447 192
440 192 451 192
443 192 455 192
447 192 458 193
454 192 464 193
468 192 482 194
475 192 489 194
482 192 494 194
485 192 497 194
489 192 501 194
499 192 513 194
503 192 516 195
390 196 400 194
401 196 413 194
404 196 416 194
408 196 420 195
411 196 425 195
422 196 436 195
425 196 440 195
429 196 444 195
440 196 452 196
447 196 459 196
450 196 463 197
457 196 471 197
471 196 485 197
478 196 489 197
482 196 494 197
485 196 497 198
489 196 501 198
496 196 509 198
499 196 513 199
503 196 516 199
404 199 416 198
408 199 424 198
422 199 437 198
425 199 440 199
429 199 443 199
443 199 455 199
447 199 459 200
450 199 463 201
457 199 470 201
464 199 478 201
478 199 489 201
482 199 493 201
492 199 504 202
499 199 513 203
503 199 517 203
401 203 413 201
404 203 416 201
408 203 424 202
418 203 432 202
422 203 436 202
425 203 440 202
447 203 459 204
450 203 462 204
454 203 467 205
471 203 482 205
478 203 489 205
499 203 513 206
503 203 516 206
429 206 442 204
447 206 458 207
450 206 462 207
471 206 482 209
496 206 505 210
499 206 509 209
429 210 442 208
432 210 446 208
440 210 455 208
482 210 489 213
496 210 505 213
499 210 509 213
503 210 515 213
394 213 405 213
397 213 409 213
443 213 462 214
468 213 474 216
482 213 489 217
496 213 507 216
499 213 511 217
503 213 515 217
510 213 519 216
387 217 396 217
390 217 401 217
401 217 412 217
408 217 420 217
411 217 424 218
415 217 427 217
429 217 434 217
432 217 439 217
447 217 465 218
478 217 488 220
485 217 497 219
489 217 500 219
492 217 504 220
496 217 508 221
499 217 511 221
506 217 516 220
510 217 519 221
394 220 404 221
397 220 408 221
401 220 411 221
404 220 416 221
408 220 420 221
482 220 492 223
492 220 505 225
496 220 508 225
499 220 511 225
503 220 515 225
510 220 519 225
390 224 400 226
397 224 407 225
401 224 411 225
429 224 435 222
440 224 462 223
461 224 465 227
471 224 481 224
475 224 485 225
478 224 488 225
485 224 497 225
489 224 501 225
496 224 508 229
499 224 511 229
503 224 515 230
506 224 519 229
397 227 407 229
408 227 419 226
425 227 432 226
443 227 449 237
457 227 461 231
475 227 484 228
478 227 488 228
485 227 497 229
489 227 502 229
496 227 508 232
499 227 511 233
503 227 514 233
506 227 518 232
443 231 449 241
457 231 461 234
471 231 477 231
478 231 487 232
482 231 491 232
485 231 496 232
489 231 500 235
492 231 504 236
496 231 508 236
499 231 511 236
503 231 515 236
387 234 396 233
390 234 400 233
394 234 403 233
397 234 407 233
425 234 431 234
429 234 435 233
471 234 476 236
482 234 491 236
485 234 496 236
506 234 515 241
510 234 520 240
387 238 396 237
390 238 399 237
394 238 404 237
397 238 407 237
401 238 410 237
422 238 426 238
425 238 431 238
471 238 477 240
475 238 481 240
485 238 496 239
489 238 501 239
387 241 395 240
390 241 399 241
394 241 404 241
397 241 407 241
401 241 410 240
415 241 420 240
418 241 424 241
425 241 431 241
429 241 434 238
461 241 465 238
464 241 468 242
471 241 476 243
475 241 481 244
478 241 483 247
387 245 395 243
390 245 399 244
408 245 415 244
418 245 424 245
422 245 427 245
429 245 435 245
432 245 438 244
457 245 461 243
461 245 465 243
468 245 472 246
478 245 484 250
482 245 488 250
390 248 399 247
394 248 404 247
397 248 406 248
401 248 410 247
408 248 416 247
418 248 423 249
425 248 431 249
429 248 435 248
432 248 438 248
440 248 445 248
457 248 461 247
461 248 465 247
468 248 473 250
471 248 477 251
475 248 481 251
478 248 484 254
482 248 488 254
383 252 389 250
387 252 392 250
390 252 400 250
394 252 404 250
411 252 420 251
418 252 423 253
422 252 427 253
425 252 431 253
429 252 435 252
432 252 438 252
436 252 441 252
440 252 446 252
443 252 450 253
450 252 454 252
461 252 465 253
464 252 468 253
468 252 473 253
471 252 477 254
475 252 481 254
383 255 388 254
390 255 399 255
404 255 411 255
408 255 416 254
418 255 423 256
422 255 427 256
425 255 431 256
429 255 435 256
432 255 439 256
436 255 441 256
440 255 444 256
450 255 454 256
461 255 464 256
471 255 477 257
475 255 480 257
478 255 484 257
482 255 488 258
380 259 385 256
408 259 413 259
415 259 419 259
418 259 423 259
422 259 427 260
425 259 431 260
471 259 477 260
475 259 480 261
478 259 483 261
499 259 507 257
380 263 385 259
383 263 387 260
387 263 391 260
390 263 395 260
418 263 423 263
422 263 427 263
429 263 435 261
432 263 438 261
461 263 465 262
464 263 468 262
383 266 389 263
387 266 392 264
390 266 395 264
394 266 402 263
418 266 423 266
425 266 430 265
429 266 434 265
432 266 438 265
436 266 441 265
440 266 444 265
457 266 461 265
461 266 464 266
464 266 468 266
380 270 385 266
383 270 388 266
394 270 402 267
422 270 427 268
429 270 434 269
432 270 438 269
436 270 441 269
443 270 449 265
450 270 453 269
454 270 456 270
457 270 460 270
461 270 463 270
464 270 468 269
468 270 472 272
380 273 385 269
383 273 389 270
422 273 426 272
432 273 438 272
436 273 441 273
440 273 444 272
443 273 448 269
450 273 451 273
454 273 455 273
457 273 459 274
461 273 463 274
464 273 467 273
380 277 385 274
383 277 388 273
390 277 398 271
422 277 426 276
425 277 430 276
429 277 434 276
436 277 441 276
440 277 444 276
450 277 452 275
454 277 456 276
468 277 471 277
475 277 480 278
478 277 484 278
380 280 384 277
383 280 387 277
394 280 402 277
422 280 426 280
425 280 430 280
429 280 434 280
432 280 438 281
454 280 455 280
457 280 460 281
461 280 463 281
464 280 467 281
468 280 471 282
471 280 476 282
475 280 480 282
478 280 484 281
380 284 384 282
383 284 387 282
387 284 391 283
422 284 426 283
425 284 430 283
429 284 434 284
432 284 437 284
436 284 440 285
440 284 444 284
450 284 451 284
471 284 476 286
475 284 479 286
478 284 483 286
482 284 487 285
369 287 371 281
380 287 383 285
383 287 387 286
387 287 391 286
390 287 395 286
394 287 399 286
397 287 401 286
411 287 413 286
415 287 418 287
418 287 422 287
422 287 426 287
425 287 429 287
429 287 433 288
432 287 436 288
436 287 440 288
440 287 444 288
443 287 448 288
450 287 452 288
454 287 456 288
457 287 459 288
468 287 472 289
471 287 475 290
475 287 479 290
478 287 483 290
482 287 486 290
369 291 371 286
376 291 379 289
380 291 383 289
383 291 386 289
387 291 390 289
390 291 394 289
394 291 398 289
397 291 401 290
401 291 405 290
404 291 409 290
411 291 413 290
415 291 418 290
418 291 422 290
422 291 425 291
425 291 430 290
432 291 436 292
436 291 440 292
440 291 444 292
443 291 447 291
450 291 452 292
461 291 459 292
468 291 471 293
471 291 476 293
475 291 478 293
478 291 482 293
482 291 486 292
359 294 355 289
369 294 371 293
376 294 379 292
380 294 383 293
383 294 386 293
387 294 390 293
390 294 394 293
394 294 397 293
397 294 401 293
401 294 405 293
411 294 413 294
415 294 417 294
418 294 421 294
422 294 425 294
425 294 430 294
432 294 433 295
436 294 436 295
440 294 441 295
450 294 452 296
457 294 455 296
461 294 459 296
464 294 466 296
468 294 471 296
471 294 475 296
475 294 478 296
478 294 482 296
369 298 371 296
373 298 375 296
380 298 382 297
404 298 406 297
408 298 409 298
411 298 413 298
418 298 420 298
422 298 424 298
429 298 428 298
432 298 433 298
436 298 436 298
440 298 441 298
447 298 444 298
450 298 448 299
457 298 455 299
461 298 459 299
464 298 463 299
468 298 469 300
475 298 477 300
369 301 370 300
394 301 397 299
397 301 400 299
408 301 409 302
422 301 424 301
436 301 436 301
447 301 444 302
450 301 448 302
457 301 456 302
461 301 459 303
373 305 374 301
380 305 382 301
383 305 385 300
387 305 388 300
397 305 400 302
401 305 405 302
415 305 416 302
418 305 420 303
425 305 427 303
432 305 433 303
461 305 463 305
380 308 382 304
383 308 385 304
390 308 391 305
394 308 395 305
401 308 403 304
408 308 409 305
411 308 412 305
415 308 416 306
418 308 420 306
422 308 423 307
429 308 431 307
436 308 436 307
440 308 440 307
443 308 444 306
447 308 447 306
461 308 463 308
369 312 368 309
373 312 373 308
376 312 378 307
380 312 382 308
383 312 385 308
390 312 391 309
397 312 399 308
404 312 406 308
408 312 410 308
411 312 412 310
415 312 416 310
418 312 420 310
422 312 423 310
429 312 429 311
432 312 432 311
436 312 435 310
440 312 440 310
443 312 443 310
447 312 447 310
454 312 455 311
457 312 458 312
394 315 393 312
404 315 405 312
408 315 409 313
411 315 411 313
415 315 415 313
418 315 420 314
425 315 425 314
429 315 428 314
432 315 431 314
436 315 435 314
440 315 440 313
443 315 443 313
447 315 447 313
454 315 454 314
373 319 373 313
376 319 377 313
380 319 381 312
411 319 411 317
415 319 416 317
432 319 431 317
436 319 435 318
440 319 439 318
443 319 442 318
447 319 446 317
450 319 450 317
457 319 456 318
383 322 383 317
387 322 390 316
390 322 394 316
397 322 397 317
404 322 400 320
408 322 405 320
425 322 424 318
383 326 385 321
387 326 390 320
390 326 393 320
397 326 398 320
429 326 429 322
432 326 432 322
436 326 435 322
