0.8391684889793396 0.5283364057540894 0.1290604472160339 -0.09018640220165253 
-0.5412569642066956 0.8345192670822144 0.1030440926551819 -0.0272322241216898 
-0.0532614104449749 -0.1563262790441513 0.9862684011459351 -0.2858282625675201 
0 0 0 1 

0.8527990579605103 0.5089623928070068 0.1170081496238708 -0.09032700210809708 
-0.5222208499908447 0.8292220234870911 0.199188306927681 -0.06010511890053749 
0.00435369648039341 -0.2309717088937759 0.9729506969451904 -0.2859053909778595 
0 0 0 1 

0.8531069755554199 0.5153671503067017 0.08127083629369736 -0.0821654424071312 
-0.5157313346862793 0.809430718421936 0.2807896733283997 -0.08980680257081985 
0.07892676442861557 -0.2814575433731079 0.956322193145752 -0.2856713235378265 
0 0 0 1 

0.8893604874610901 -0.2442857474088669 0.3864742815494537 -0.07567394524812698 
0.1497964411973953 0.9543253183364868 0.2585036754608154 -0.09604811668395996 
-0.4319709837436676 -0.1720104813575745 0.8853324055671692 -0.2199638783931732 
0 0 0 1 

0.8733522891998291 -0.2660130858421326 0.4080351591110229 -0.08452281355857849 
0.1618664413690567 0.9485952258110046 0.2719674408435822 -0.1030168905854225 
-0.4594071209430695 -0.1714761257171631 0.8715164065361023 -0.2114153951406479 
0 0 0 1 

0.8850437998771667 -0.2887484729290009 0.3651322722434998 -0.07494594901800156 
0.1870149224996567 0.9388427138328552 0.2891361117362976 -0.109412707388401 
-0.426289439201355 -0.1876128613948822 0.8849172592163086 -0.2103526592254639 
0 0 0 1 

0.8885433077812195 -0.2835215032100677 0.3607024252414703 -0.07680906355381012 
0.1775429993867874 0.9374338388442993 0.2994932234287262 -0.1142300292849541 
-0.4230474531650543 -0.2020724266767502 0.8832878470420837 -0.2075081169605255 
0 0 0 1 

0.8831076622009277 -0.275106281042099 0.380048930644989 -0.0842253714799881 
0.1482447236776352 0.9321637153625488 0.3302942216396332 -0.124146580696106 
-0.4451338648796082 -0.2353450506925583 0.8639839887619019 -0.2000587284564972 
0 0 0 1 

0.8835241198539734 -0.2219021171331406 0.4124857187271118 -0.09546054899692535 
0.05516626313328743 0.923824667930603 0.3788200318813324 -0.1368121951818466 
-0.4651254415512085 -0.3119412958621979 0.8284628987312317 -0.1882614940404892 
0 0 0 1 

0.8575800061225891 -0.2532905340194702 0.4476601779460907 -0.1006521061062813 
0.0811816081404686 0.9260877966880798 0.3684697449207306 -0.1298211812973022 
-0.5079028010368347 -0.2796505689620972 0.8147571682929993 -0.1860582679510117 
0 0 0 1 

