460 75 332 132
441 94 334 148
460 94 355 139
416 100 328 163
409 107 329 169
416 113 352 164
416 119 356 167
435 119 364 159
397 125 349 178
403 125 352 175
409 125 355 172
435 125 368 162
391 132 351 183
384 138 352 188
391 138 355 186
409 138 363 178
372 144 349 195
397 144 363 186
422 144 373 174
384 150 358 194
397 150 366 188
403 150 369 184
384 157 360 196
479 157 392 149
485 157 394 145
403 169 378 191
378 176 371 206
397 176 379 198
479 176 408 162
479 182 396 152
485 182 398 149
472 188 409 171
479 188 412 167
491 194 404 151
497 194 406 149
309 201 349 247
397 201 391 208
416 201 396 200
491 201 406 154
290 207 340 260
340 207 371 239
397 207 394 210
472 207 417 177
548 207 423 142
428 213 404 198
548 220 429 146
296 226 363 264
334 226 379 239
397 226 401 217
447 226 409 185
309 238 373 260
290 245 368 275
334 245 387 251
347 245 390 248
290 251 372 278
409 251 409 217
