-0.501715362071991 -0.6482309103012085 0.572780966758728 -0.1533772200345993 
-0.8646225929260254 0.3961757719516754 -0.3089860379695892 0.1376088112592697 
-0.02662757225334644 -0.6502625346183777 -0.7592424750328064 0.232418105006218 
0 0 0 1 

-0.6050354838371277 -0.6666644811630249 0.4353049695491791 -0.1066370531916618 
-0.7950108051300049 0.4759961068630219 -0.3760125041007996 0.1524219363927841 
0.04347074031829834 -0.573573112487793 -0.8179999589920044 0.2476519048213959 
0 0 0 1 

-0.6691433191299438 -0.6754553914070129 0.3098495304584503 -0.06413877010345459 
-0.7382373809814453 0.5564165115356445 -0.3813215494155884 0.1530493646860123 
0.08516035974025726 -0.4839014112949371 -0.8709688186645508 0.2643838822841644 
0 0 0 1 

-0.7203587293624878 -0.6492131948471069 0.2441427558660507 -0.04134485870599747 
-0.689752459526062 0.6334834098815918 -0.3506284952163696 0.1429212987422943 
0.07297223061323166 -0.4209763407707214 -0.9041317105293274 0.2770269513130188 
0 0 0 1 

-0.7701906561851501 -0.6211867928504944 0.1446837931871414 -0.006881323643028736 
-0.6303985118865967 0.706902027130127 -0.3207604587078094 0.1321824938058853 
0.09697489440441132 -0.3382551372051239 -0.9360445737838745 0.2872461378574371 
0 0 0 1 

-0.8024428486824036 -0.5926222205162048 0.06988769769668579 0.01815870031714439 
-0.5920326113700867 0.775983989238739 -0.2175919860601425 0.09823066741228104 
0.07471811771392822 -0.2159809321165085 -0.9735345244407654 0.3004485368728638 
0 0 0 1 

-0.8402208685874939 -0.541758120059967 0.02294852025806904 0.03428389877080917 
-0.5379513502120972 0.8275082111358643 -0.1607433408498764 0.08016212284564972 
0.0680939257144928 -0.147405132651329 -0.9867292642593384 0.3051205575466156 
0 0 0 1 

-0.8807644844055176 -0.4724874496459961 -0.0317651703953743 0.05228706076741219 
-0.4689864218235016 0.8795989155769348 -0.07973355799913406 0.05456981062889099 
0.06561371684074402 -0.05532907322049141 -0.996309757232666 0.308480829000473 
0 0 0 1 

-0.9219908118247986 -0.3860177993774414 -0.03038346581161022 0.05297750607132912 
-0.3839402496814728 0.9215608239173889 -0.05758019909262657 0.04676457121968269 
0.05022719502449036 -0.04142298176884651 -0.99787837266922 0.308893084526062 
0 0 0 1 

-0.9576935768127441 -0.2872174382209778 -0.01814938336610794 0.05064418539404869 
-0.285341888666153 0.955864429473877 -0.07002275437116623 0.05041898414492607 
0.03746010363101959 -0.06188155338168144 -0.9973803758621216 0.3081263899803162 
0 0 0 1 

