402 173 357 222
410 194 376 222
520 194 390 128
520 198 383 138
529 198 411 108
410 211 415 239
419 211 420 234
423 211 421 229
529 211 424 119
525 215 430 120
376 219 425 259
410 219 426 240
423 219 426 229
525 219 435 119
529 219 434 114
423 224 431 229
478 224 407 159
482 228 410 152
491 228 411 143
482 232 415 149
486 241 434 154
478 245 429 159
469 266 484 166
516 266 484 131
516 270 480 122
397 275 494 226
448 283 498 177
453 283 497 172
478 292 509 162
427 296 511 197
478 296 513 164
423 300 516 207
436 304 521 192
440 304 521 188
