0.8287838101387024 0.4281211197376251 -0.3603188395500183 0.06984155625104904 
0.1109337657690048 0.5054330229759216 0.8557050824165344 -0.2682888209819794 
0.548462450504303 -0.7491660714149475 0.3714016079902649 -0.1396393179893494 
0 0 0 1 

0.8980919122695923 0.3515748977661133 -0.264246016740799 0.03681302070617676 
0.1181947961449623 0.3857836723327637 0.914986789226532 -0.291221022605896 
0.4236282110214233 -0.8529747128486633 0.3049149215221405 -0.1134517341852188 
0 0 0 1 

0.8873046040534973 0.3766315877437592 -0.266156405210495 0.03707611560821533 
0.1564878076314926 0.2969972193241119 0.9419682621955872 -0.3040838241577148 
0.4338227212429047 -0.8774630427360535 0.2045887261629105 -0.08393853157758713 
0 0 0 1 

0.8985939025878906 0.3526523113250732 -0.2610850632190704 0.03398780524730682 
0.1957798600196838 0.2102671563625336 0.9578402638435364 -0.3136955499649048 
0.3926821947097778 -0.911824643611908 0.1199024990200996 -0.05592897906899452 
0 0 0 1 

0.9667269587516785 0.2481032609939575 -0.0623202882707119 -0.03491991385817528 
0.04867569357156754 0.06076096370816231 0.9969649314880371 -0.3288693130016327 
0.2511368691921234 -0.966826319694519 0.04666271433234215 -0.01587063819169998 
0 0 0 1 

0.7699142098426819 0.6301226019859314 -0.1008835881948471 -0.01130346301943064 
-0.03603366762399673 0.2007634788751602 0.9789767265319824 -0.3158476054668427 
0.6371291875839233 -0.7500928640365601 0.1772762835025787 -0.08009354025125504 
0 0 0 1 

0.7744941711425781 0.6281244158744812 -0.07495679706335068 -0.01467859279364347 
-0.1645323783159256 0.3144396543502808 0.9349100589752197 -0.2908381521701813 
0.6108092069625854 -0.7117495536804199 0.3468784391880035 -0.1336932331323624 
0 0 0 1 

0.9445747137069702 0.2204800397157669 0.2432429939508438 -0.1211364045739174 
-0.3148083388805389 0.3981058597564697 0.8616305589675903 -0.2551314234733582 
0.09313593804836273 -0.8904494047164917 0.4454496800899506 -0.1411798298358917 
0 0 0 1 

-0.4097561240196228 0.8777953386306763 0.2481431663036346 -0.0397580973803997 
0.1925981193780899 -0.1826438754796982 0.9641302227973938 -0.3466415107250214 
0.8916309475898743 0.442850261926651 -0.09422210603952408 -0.01589188165962696 
0 0 0 1 

-0.3627203702926636 0.8696950078010559 0.3347607851028442 -0.06781376898288727 
0.1577747613191605 -0.2967276871204376 0.9418386220932007 -0.3383942842483521 
0.9184451103210449 0.3944407403469086 -0.02958687394857407 -0.03723453357815742 
0 0 0 1 

