528 65 565 40
528 71 565 46
534 71 572 50
511 76 555 44
528 76 566 56
534 76 572 60
517 82 560 52
522 88 557 62
528 88 564 65
534 88 571 68
517 93 547 66
477 105 478 84
472 110 470 88
477 110 475 90
488 110 513 83
466 116 463 93
472 116 451 105
455 127 440 108
539 127 568 110
551 127 611 182
539 133 565 116
500 139 543 105
528 139 435 174
545 144 575 130
477 150 418 158
545 150 573 137
432 156 389 144
460 156 432 146
545 156 569 142
432 167 384 157
438 167 391 161
460 173 501 128
505 173 520 138
511 173 526 142
613 173 626 186
466 178 493 142
613 178 622 193
449 184 474 143
460 184 482 148
466 184 444 169
455 190 477 152
466 190 442 176
500 190 542 180
517 190 464 181
472 195 464 170
443 206 521 189
477 212 476 159
534 212 511 209
556 212 593 199
556 218 590 204
370 223 354 185
375 229 358 190
392 229 380 198
370 235 351 194
375 235 357 197
381 240 356 162
387 240 371 201
392 240 378 205
375 246 353 204
381 246 359 206
387 246 367 209
392 246 376 213
398 252 391 230
438 252 446 222
409 257 387 209
432 257 438 224
426 263 400 234
438 274 411 240
443 274 412 256
438 280 400 252
404 286 364 236
409 286 370 239
