526 66 564 44
515 71 549 47
509 77 539 52
532 77 564 57
537 77 570 60
543 77 576 64
509 83 537 59
515 83 545 60
532 83 560 64
537 83 567 66
509 88 533 65
526 88 551 67
537 88 567 82
493 94 501 74
543 94 578 97
554 99 598 125
504 105 505 86
549 111 599 160
554 111 581 107
493 122 502 110
549 122 572 111
554 122 578 114
521 127 543 115
448 133 468 91
498 133 504 121
554 133 575 122
498 139 501 126
554 139 571 131
560 139 577 132
571 139 581 126
448 150 461 107
465 150 523 103
577 155 574 174
425 161 415 127
554 161 578 150
565 161 592 158
493 167 512 140
554 167 577 157
599 172 609 193
610 172 625 191
599 178 606 200
605 178 611 202
521 183 539 157
526 183 545 159
599 183 601 206
610 183 609 207
442 189 411 169
521 189 535 162
543 189 554 198
442 195 477 141
448 195 483 143
509 195 524 166
453 206 484 163
543 206 538 207
571 206 569 216
470 211 424 193
425 217 444 168
476 217 426 203
543 217 545 211
392 223 386 182
543 223 543 217
549 223 548 220
403 228 382 188
420 234 530 141
425 234 393 202
487 234 427 218
375 239 351 199
409 239 372 209
409 245 382 206
420 245 389 210
453 245 532 189
420 251 387 216
453 251 529 194
414 256 382 222
470 262 451 241
465 267 441 244
493 267 468 258
481 273 451 259
420 284 378 246
431 284 394 255
437 284 399 258
448 284 406 261
