290 125 287 154
295 125 292 150
285 130 282 162
295 135 297 190
493 135 491 137
279 141 280 193
279 146 282 197
504 151 506 151
509 151 512 150
402 157 387 165
509 157 513 155
509 162 517 173
397 167 383 171
274 178 284 237
279 178 289 232
498 178 510 202
498 183 511 207
274 189 286 242
274 199 287 249
279 199 292 247
322 199 315 214
279 215 295 260
493 215 509 226
504 215 519 211
279 226 294 266
285 232 301 270
488 232 506 237
285 237 302 275
295 237 313 275
482 248 502 251
488 248 508 249
493 248 513 248
488 253 509 255
477 258 493 268
482 258 499 263
488 258 505 261
477 264 493 274
488 264 505 267
