301 109 298 115
301 114 300 120
306 114 305 120
322 114 316 119
327 114 327 119
354 114 342 116
359 114 354 115
290 119 289 126
295 119 295 126
301 119 301 126
306 119 306 125
317 119 312 124
322 119 317 124
327 119 327 123
343 119 332 122
349 119 337 121
354 119 342 121
365 119 360 121
370 119 366 120
375 119 371 120
381 119 377 119
386 119 381 119
290 125 290 132
295 125 296 135
301 125 302 134
306 125 306 131
322 125 317 128
381 125 377 124
386 125 388 124
402 125 399 122
424 125 421 121
450 125 435 119
456 125 442 119
285 130 285 142
290 130 291 141
295 130 296 141
359 130 355 130
381 130 377 129
397 130 393 128
408 130 404 127
429 130 427 126
466 130 459 124
472 130 471 123
477 130 476 123
482 130 481 122
285 135 286 148
290 135 290 153
295 135 297 147
301 135 302 147
322 135 317 135
418 135 416 132
424 135 422 132
429 135 431 130
456 135 438 129
466 135 465 129
472 135 476 128
482 135 483 127
493 135 493 126
498 135 499 126
504 135 505 126
509 135 510 126
279 141 280 159
285 141 285 157
290 141 291 157
301 141 301 157
306 141 306 153
333 141 323 139
365 141 351 138
381 141 377 135
392 141 382 136
434 141 438 135
445 141 445 134
461 141 471 134
477 141 478 133
493 141 496 132
504 141 505 131
279 146 282 163
285 146 286 163
290 146 292 163
322 146 317 144
333 146 329 144
338 146 335 145
343 146 341 145
381 146 374 141
392 146 384 141
413 146 410 138
429 146 433 137
461 146 462 155
477 146 477 139
493 146 497 137
498 146 502 137
504 146 508 136
509 146 513 136
279 151 282 168
285 151 287 168
290 151 292 167
295 151 299 168
317 151 314 161
327 151 324 149
333 151 330 149
365 151 351 147
370 151 358 147
375 151 369 147
408 151 406 144
413 151 410 144
418 151 416 143
424 151 422 143
434 151 438 142
493 151 498 142
498 151 503 142
504 151 509 142
509 151 514 142
285 157 289 174
295 157 300 172
301 157 303 167
311 157 310 166
317 157 315 167
322 157 320 167
343 157 341 169
349 157 347 169
354 157 358 170
365 157 351 152
375 157 368 152
392 157 395 150
402 157 401 148
408 157 407 147
413 157 412 147
418 157 417 148
445 157 444 146
450 157 449 147
493 157 498 147
498 157 503 148
504 157 509 148
285 162 290 179
301 162 303 174
311 162 311 172
322 162 320 172
327 162 325 160
333 162 331 172
338 162 336 172
354 162 358 174
359 162 346 158
397 162 396 155
402 162 402 154
408 162 408 153
413 162 413 152
445 162 446 151
450 162 450 150
493 162 499 152
498 162 504 154
279 167 285 185
285 167 290 184
290 167 296 184
301 167 303 178
311 167 311 177
317 167 315 178
322 167 320 177
327 167 326 178
333 167 331 178
338 167 337 177
402 167 401 160
408 167 408 159
440 167 452 173
466 167 461 171
498 167 505 163
504 167 510 163
509 167 516 164
285 173 290 190
290 173 296 189
301 173 305 184
317 173 315 183
327 173 325 183
333 173 331 182
338 173 337 182
450 173 446 161
493 173 500 170
498 173 505 169
504 173 510 169
509 173 517 171
279 178 285 197
285 178 291 196
317 178 315 188
322 178 320 188
343 178 349 187
354 178 359 185
450 178 447 167
461 178 448 188
504 178 511 175
279 183 284 202
285 183 290 202
295 183 299 202
311 183 311 191
349 183 353 190
498 183 507 184
504 183 512 183
509 183 518 182
311 189 312 195
317 189 316 195
322 189 321 194
359 189 362 195
365 189 367 195
370 189 373 195
440 189 437 185
498 189 507 190
509 189 517 188
290 194 297 205
322 194 321 199
359 194 362 201
504 194 513 195
509 194 519 194
311 199 312 206
322 199 322 204
413 199 410 198
434 199 436 195
456 199 446 196
295 205 302 212
311 205 313 212
317 205 317 211
322 205 322 210
397 205 389 204
440 205 444 201
279 210 290 224
290 210 298 223
295 210 302 223
311 210 313 217
317 210 316 216
429 210 433 208
440 210 444 207
498 210 510 202
504 210 515 201
269 215 279 226
295 215 302 229
311 215 312 227
317 215 317 222
327 215 325 225
333 215 329 226
338 215 340 219
343 215 345 218
392 215 362 218
397 215 369 216
402 215 374 216
482 215 494 208
488 215 499 208
493 215 505 208
498 215 510 207
504 215 516 207
295 221 303 234
306 221 308 232
311 221 313 232
322 221 320 231
327 221 324 230
333 221 330 230
338 221 336 231
392 221 362 224
397 221 368 222
402 221 412 225
482 221 493 219
488 221 500 218
493 221 505 217
498 221 511 216
504 221 516 215
279 226 288 240
285 226 294 239
290 226 300 239
295 226 304 239
311 226 313 237
317 226 319 237
327 226 325 236
333 226 330 235
338 226 341 235
343 226 346 235
392 226 363 229
397 226 407 231
424 226 424 225
482 226 493 225
488 226 500 224
493 226 506 223
279 232 288 245
285 232 295 245
290 232 300 245
295 232 304 244
301 232 308 244
311 232 313 242
317 232 318 242
322 232 324 242
338 232 341 241
343 232 347 240
424 232 424 230
429 232 430 231
440 232 449 229
450 232 457 227
482 232 494 230
488 232 500 229
493 232 506 227
498 232 510 228
274 237 283 246
285 237 298 250
290 237 304 250
301 237 309 249
322 237 325 247
327 237 331 247
333 237 336 246
338 237 341 246
343 237 347 245
349 237 360 245
370 237 375 240
418 237 423 235
429 237 433 235
482 237 494 235
488 237 501 233
274 242 284 251
279 242 289 252
285 242 298 255
290 242 305 254
301 242 309 254
311 242 315 253
317 242 320 253
322 242 326 252
327 242 331 253
333 242 336 252
338 242 342 251
359 242 371 250
370 242 374 248
408 242 413 243
440 242 447 240
482 242 495 240
488 242 500 240
493 242 505 240
498 242 510 239
274 248 284 256
279 248 293 257
317 248 321 258
322 248 327 257
327 248 331 257
333 248 336 256
338 248 342 256
349 248 353 255
354 248 359 255
359 248 364 255
386 248 392 252
413 248 414 249
424 248 425 247
429 248 431 247
440 248 446 246
445 248 452 243
482 248 495 246
488 248 500 244
493 248 506 244
498 248 511 245
279 253 295 262
285 253 300 262
290 253 306 262
440 253 446 251
456 253 462 248
461 253 467 248
477 253 491 247
488 253 501 250
493 253 507 249
311 258 321 264
322 258 328 263
333 258 338 263
338 258 349 263
343 258 353 263
349 258 358 263
354 258 364 263
365 258 373 262
370 258 378 262
375 258 382 262
381 258 387 261
397 258 399 260
424 258 415 257
461 258 468 255
472 258 485 254
477 258 490 253
482 258 496 253
375 264 384 267
381 264 388 267
392 264 393 264
397 264 398 265
402 264 403 264
418 264 432 263
450 264 455 261
461 264 470 261
466 264 480 260
472 264 484 260
477 264 491 258
482 264 496 258
488 264 502 258
493 264 504 263
397 269 399 269
418 269 432 267
424 269 443 267
429 269 448 267
450 269 454 266
461 269 475 265
477 269 492 262
429 274 449 271
434 274 454 271
445 274 426 268
456 274 471 270
461 274 476 269
472 274 480 268
477 274 492 268
408 280 417 273
466 285 477 275
472 285 483 275
477 285 487 274
482 285 497 274
