316 153 308 193
332 153 328 188
338 153 336 187
343 153 341 187
316 158 305 198
327 158 311 198
338 158 330 193
343 158 336 192
360 158 349 189
365 158 361 187
376 158 367 186
382 158 372 185
321 164 307 203
327 164 311 204
332 164 324 201
365 164 356 194
371 164 362 193
376 164 367 192
393 164 379 188
404 164 388 185
343 169 331 200
360 169 349 197
398 169 382 191
404 169 386 190
409 169 393 189
442 169 436 181
447 169 442 180
453 169 448 179
458 175 464 182
464 175 470 180
354 180 332 208
393 180 369 201
398 180 375 200
404 180 381 198
415 180 388 197
420 180 394 196
425 180 406 194
431 180 414 193
436 180 425 191
442 180 433 191
447 180 439 189
453 180 445 189
458 180 452 188
469 180 475 184
475 180 483 183
360 186 338 212
393 186 369 206
404 186 381 204
415 186 389 202
425 186 408 199
431 186 414 198
436 186 421 197
442 186 425 196
447 186 439 194
453 186 446 193
458 186 452 192
464 186 459 192
469 186 476 190
480 186 484 186
442 191 426 201
447 191 440 200
453 191 446 198
458 191 452 198
464 191 458 197
475 191 479 195
480 191 485 193
398 197 372 214
415 197 385 211
420 197 390 210
425 197 397 208
431 197 403 207
475 197 479 201
393 202 366 219
409 202 379 216
415 202 385 215
420 202 390 215
425 202 396 214
431 202 403 212
458 202 447 207
464 202 454 206
469 202 460 204
491 202 496 198
371 208 335 226
376 208 342 225
387 208 355 224
447 208 523 226
458 208 448 212
464 208 454 211
469 208 459 210
475 208 468 208
486 208 486 210
360 213 323 234
365 213 329 232
371 213 336 231
376 213 342 231
382 213 348 230
393 213 362 228
398 213 367 228
409 213 374 226
415 213 380 225
420 213 385 224
425 213 390 223
431 213 397 221
436 213 411 219
442 213 406 221
453 213 530 231
497 213 546 212
354 219 319 240
360 219 324 239
365 219 331 237
371 219 336 236
376 219 342 235
387 219 357 234
393 219 362 233
398 219 367 232
409 219 375 232
415 219 380 230
420 219 387 229
425 219 392 228
436 219 400 226
442 219 406 225
458 219 439 222
497 219 493 217
393 224 363 238
398 224 368 237
409 224 375 237
415 224 381 236
420 224 389 235
431 224 395 234
464 224 438 226
475 224 455 224
480 224 462 223
365 230 332 247
371 230 340 246
404 230 372 243
415 230 446 232
442 230 460 237
447 230 467 235
349 235 313 255
360 235 322 255
371 235 341 253
376 235 347 251
393 235 359 249
404 235 441 239
431 235 453 242
442 235 461 242
447 235 467 241
502 235 494 228
508 235 502 227
513 235 561 232
343 241 329 259
349 241 335 257
371 241 340 258
387 241 352 256
404 241 372 252
409 241 378 251
491 241 492 236
502 241 497 234
508 241 510 234
343 246 331 264
349 246 336 263
409 246 464 261
420 246 445 264
425 246 451 263
431 246 458 262
486 246 480 243
508 246 510 239
524 246 556 238
535 246 570 237
541 246 574 235
316 252 300 276
349 252 337 270
382 252 381 261
431 252 458 268
480 252 515 258
491 252 488 246
497 252 498 243
502 252 506 242
535 252 564 243
541 252 575 241
327 257 318 279
332 257 324 279
343 257 333 277
354 257 343 276
382 257 381 269
387 257 388 267
415 257 467 275
420 257 474 273
431 257 459 274
491 257 487 252
497 257 500 249
502 257 507 247
508 257 512 245
338 263 327 283
343 263 333 282
349 263 344 281
387 263 389 273
393 263 382 274
436 263 428 272
497 263 502 260
519 263 547 258
535 263 572 256
497 268 503 265
508 274 508 268
519 274 547 267
508 279 557 275
