310 158 301 182
376 158 363 174
382 158 370 173
398 158 387 171
305 164 297 188
327 164 314 187
354 164 345 182
376 164 364 179
382 164 370 178
398 164 388 177
425 164 405 171
393 169 384 183
420 169 399 177
425 169 405 177
371 175 353 189
387 175 378 187
404 175 390 185
415 175 401 184
420 175 406 183
404 180 390 190
409 180 395 190
415 180 401 190
420 180 406 189
425 180 412 189
431 180 419 187
371 186 345 200
382 186 359 199
387 186 365 198
404 186 390 196
409 186 395 195
415 186 400 196
420 186 407 195
425 186 413 193
431 186 420 192
436 186 427 192
469 186 474 189
475 186 480 188
338 191 317 208
343 191 323 209
371 191 348 206
376 191 354 206
382 191 360 204
387 191 366 203
393 191 379 203
398 191 384 201
404 191 390 200
409 191 395 200
425 191 409 199
431 191 420 198
436 191 425 197
442 191 433 197
447 191 440 196
453 191 446 195
458 191 456 195
464 191 463 194
469 191 472 194
475 191 478 193
343 197 323 214
415 197 399 206
420 197 404 205
425 197 409 205
431 197 421 203
436 197 426 203
442 197 434 203
447 197 440 202
453 197 445 201
458 197 454 200
464 197 460 199
469 197 468 199
475 197 477 198
404 202 390 210
458 202 454 206
464 202 460 205
475 202 476 204
486 202 489 203
409 208 393 215
453 208 441 211
469 208 466 209
475 208 472 208
376 213 345 225
404 213 380 221
425 213 407 219
453 213 440 215
464 213 455 215
475 213 471 214
398 219 362 228
404 219 375 227
420 219 404 225
431 219 412 223
436 219 419 223
442 219 425 222
464 219 455 219
469 219 461 219
475 219 465 218
480 219 471 218
354 224 332 237
360 224 338 237
415 224 399 230
425 224 408 230
431 224 413 230
436 224 419 229
442 224 425 228
447 224 431 228
464 224 455 225
469 224 460 224
475 224 466 224
480 224 471 224
360 230 339 243
365 230 345 242
393 230 358 241
398 230 363 240
409 230 376 240
415 230 400 238
425 230 406 238
431 230 413 237
436 230 425 236
442 230 431 235
508 230 505 226
343 235 323 247
349 235 329 247
354 235 335 247
360 235 341 249
365 235 347 248
420 235 401 246
425 235 407 245
431 235 420 242
436 235 427 242
469 235 469 236
502 235 503 232
508 235 508 231
316 241 303 254
327 241 311 254
332 241 315 254
343 241 324 253
349 241 329 252
360 241 342 255
420 241 403 250
425 241 408 250
431 241 414 249
436 241 427 249
464 241 457 243
480 241 481 241
486 241 487 241
491 241 493 240
497 241 499 239
316 246 303 260
327 246 310 260
332 246 316 259
338 246 322 258
343 246 329 256
349 246 335 257
415 246 390 258
420 246 403 256
425 246 409 256
475 246 477 249
480 246 482 249
486 246 487 246
502 246 504 241
541 246 561 241
327 252 311 266
332 252 316 265
338 252 323 264
343 252 330 264
349 252 336 263
458 252 458 255
469 252 471 254
475 252 476 253
480 252 482 254
502 252 506 246
535 252 556 247
541 252 561 246
321 257 307 271
327 257 312 270
332 257 318 270
338 257 324 270
343 257 331 269
349 257 337 269
371 257 354 267
376 257 360 266
382 257 367 265
431 257 427 264
436 257 435 264
442 257 441 264
447 257 447 259
453 257 454 262
491 257 489 254
327 263 314 276
332 263 317 275
338 263 324 274
343 263 330 274
382 263 366 271
387 263 373 270
404 263 392 271
453 263 454 269
464 263 465 267
497 263 509 264
530 263 550 265
535 263 556 265
497 268 509 268
497 274 509 274
513 274 539 272
519 274 545 272
502 279 528 280
508 279 533 278
513 279 539 278
