447 58 414 67
453 58 425 62
435 64 406 73
441 64 413 73
447 64 420 72
447 70 423 78
453 70 428 79
447 75 424 83
453 75 430 86
464 81 438 94
429 93 406 97
464 93 441 105
470 93 446 106
417 99 400 101
441 99 416 112
447 99 422 111
453 99 429 109
458 99 436 111
464 99 441 112
470 99 447 111
435 105 412 117
441 105 418 117
447 105 424 117
453 105 430 115
470 105 448 118
429 111 406 124
441 111 418 123
447 111 425 121
470 111 450 124
476 111 456 123
482 111 462 122
488 111 469 120
423 117 401 131
447 117 426 127
470 117 452 130
476 117 457 128
482 117 464 128
488 117 471 127
500 117 482 127
394 122 376 131
400 122 381 130
476 122 453 136
482 122 466 133
488 122 473 137
494 122 477 135
500 122 483 133
511 122 497 127
400 128 381 135
411 128 395 140
435 128 416 141
441 128 421 140
470 128 449 143
476 128 455 141
488 128 475 145
500 128 486 141
511 128 495 136
394 134 377 144
400 134 383 143
470 134 451 149
476 134 457 148
505 134 490 146
511 134 496 142
517 134 502 140
523 134 505 133
529 134 511 132
394 140 378 151
447 140 431 153
476 140 458 154
482 140 470 152
488 140 476 150
505 140 489 152
511 140 496 148
517 140 502 145
523 140 507 143
529 140 512 137
535 140 518 136
388 146 373 158
453 146 439 157
476 146 460 160
482 146 465 160
488 146 471 158
494 146 478 157
500 146 485 156
529 146 513 144
376 152 362 164
382 152 369 164
388 152 374 164
394 152 380 163
447 152 434 165
453 152 439 164
476 152 461 166
482 152 467 165
488 152 472 163
494 152 478 162
500 152 485 162
505 152 491 161
382 158 370 170
388 158 375 170
394 158 381 170
400 158 387 169
423 158 410 170
441 158 430 171
447 158 435 171
453 158 440 170
458 158 447 169
464 158 452 169
476 158 462 172
482 158 468 171
488 158 473 169
494 158 481 166
382 164 372 176
388 164 377 176
394 164 383 175
400 164 388 175
435 164 424 179
441 164 430 177
447 164 436 176
453 164 442 176
458 164 447 175
464 164 454 174
476 164 462 179
482 164 468 177
488 164 474 175
500 164 488 169
370 169 359 182
376 169 366 181
382 169 373 183
388 169 378 181
394 169 384 181
400 169 390 181
423 169 413 183
441 169 431 183
447 169 438 182
453 169 443 181
458 169 449 181
464 169 455 180
494 169 476 182
511 169 490 178
370 175 362 188
376 175 368 186
382 175 374 188
388 175 379 188
394 175 385 188
400 175 392 187
435 175 426 187
447 175 438 189
453 175 445 187
458 175 450 187
376 181 369 191
388 181 381 196
394 181 387 194
400 181 394 194
423 181 414 194
429 181 420 193
435 181 427 193
441 181 433 192
458 181 451 193
370 187 363 199
376 187 370 197
382 187 376 197
388 187 382 201
394 187 387 200
400 187 394 199
417 187 415 202
429 187 422 199
435 187 428 198
441 187 434 198
447 187 439 197
453 187 445 196
464 187 465 185
494 187 478 189
370 193 364 205
376 193 371 203
382 193 377 202
394 193 387 205
400 193 394 205
405 193 401 205
411 193 408 204
441 193 435 203
447 193 441 203
376 199 372 209
382 199 378 210
388 199 383 209
400 199 395 211
405 199 401 210
411 199 409 209
417 199 414 209
429 199 424 208
435 199 430 207
464 199 467 193
470 199 472 190
335 205 330 214
364 205 362 213
382 205 379 215
388 205 385 215
394 205 390 215
405 205 402 215
411 205 409 214
417 205 415 214
429 205 425 214
435 205 431 213
441 205 438 211
447 205 443 210
464 205 467 197
329 211 326 219
335 211 331 219
347 211 345 222
358 211 358 219
364 211 364 218
376 211 373 217
388 211 386 220
394 211 391 220
400 211 397 220
405 211 404 222
411 211 410 220
423 211 421 219
429 211 427 219
435 211 432 219
441 211 438 217
447 211 444 215
329 217 327 225
335 217 333 224
358 217 359 225
364 217 366 224
370 217 373 223
388 217 387 226
394 217 392 226
400 217 398 226
423 217 421 225
429 217 427 225
435 217 432 224
323 222 322 232
329 222 328 231
335 222 335 231
341 222 341 231
353 222 351 229
358 222 361 232
364 222 368 232
382 222 383 229
388 222 389 231
394 222 394 232
400 222 399 233
405 222 405 231
335 228 336 237
341 228 342 236
347 228 348 236
358 228 357 233
364 228 365 237
370 228 371 236
376 228 379 236
382 228 384 234
394 228 395 238
400 228 400 238
405 228 406 237
470 228 469 219
476 228 475 217
317 234 319 242
323 234 325 241
329 234 330 240
335 234 337 243
341 234 343 243
347 234 349 241
358 234 358 239
364 234 369 244
376 234 379 241
388 234 391 240
394 234 397 243
400 234 401 243
464 234 465 225
470 234 470 224
476 234 476 223
306 240 309 248
311 240 313 249
317 240 320 248
323 240 327 246
329 240 331 245
341 240 344 248
347 240 351 248
353 240 357 247
364 240 370 251
376 240 380 248
388 240 392 247
411 240 416 242
417 240 422 240
423 240 429 238
447 240 448 230
464 240 467 230
306 246 309 254
317 246 322 253
323 246 328 252
329 246 334 251
335 246 338 250
347 246 351 254
358 246 362 252
376 246 381 255
382 246 387 254
388 246 393 253
394 246 398 253
400 246 405 251
405 246 411 248
411 246 417 247
417 246 423 245
317 252 323 258
323 252 330 258
329 252 335 256
353 252 358 259
382 252 388 259
388 252 394 257
400 252 406 255
405 252 412 253
429 252 434 245
441 252 444 243
447 252 449 241
329 258 336 263
341 258 347 262
347 258 353 261
358 258 364 264
364 258 370 263
411 258 419 254
417 258 424 252
423 258 429 251
435 258 440 250
441 258 445 248
447 258 450 247
453 258 455 245
458 258 461 244
464 258 468 244
317 264 325 267
323 264 331 266
335 264 343 269
364 264 371 269
370 264 377 268
376 264 384 268
400 264 409 261
405 264 415 260
411 264 420 258
435 264 441 255
441 264 446 254
447 264 451 253
453 264 457 252
458 264 462 250
464 264 469 248
323 269 332 272
329 269 336 270
335 269 344 275
347 269 356 274
353 269 363 273
370 269 379 275
376 269 391 265
382 269 395 265
388 269 401 265
441 269 447 259
447 269 452 258
453 269 458 257
311 275 322 280
323 275 334 279
329 275 339 278
347 275 357 281
353 275 363 279
358 275 372 277
376 275 390 272
382 275 396 272
388 275 401 271
400 275 409 270
311 281 323 286
317 281 329 285
323 281 334 284
329 281 339 283
341 281 352 286
347 281 358 286
353 281 365 285
358 281 372 284
364 281 379 280
370 281 385 279
382 281 395 277
405 281 415 274
306 287 321 293
317 287 329 290
323 287 335 289
335 287 349 294
341 287 353 293
347 287 360 292
353 287 366 291
364 287 375 290
370 287 385 285
376 287 390 284
382 287 396 282
405 287 416 279
411 287 421 278
329 293 343 296
335 293 350 299
341 293 355 299
347 293 361 297
353 293 367 296
364 293 375 295
405 293 417 284
411 293 423 283
429 293 437 280
435 293 443 280
317 299 330 298
329 299 344 302
335 305 351 306
341 305 358 305
347 305 363 304
353 305 369 303
323 311 339 309
329 311 345 309
341 311 358 310
347 311 364 309
370 311 384 299
329 316 347 315
335 316 353 313
329 322 348 320
347 322 365 316
