1.000000000000000000e+00 0.000000000000000000e+00 0.000000000000000000e+00 -4.542167112231254578e-02
0.000000000000000000e+00 1.000000000000000000e+00 0.000000000000000000e+00 9.935460984706878662e-04
0.000000000000000000e+00 0.000000000000000000e+00 1.000000000000000000e+00 -2.875000238418579102e-01
0.000000000000000000e+00 0.000000000000000000e+00 0.000000000000000000e+00 1.000000000000000000e+00
9.964314103126525879e-01 8.262193948030471802e-02 1.726386882364749908e-02 -4.915088787674903870e-02
-8.232159912586212158e-02 9.964532852172851562e-01 -1.743980869650840759e-02 1.001921389251947403e-02
-1.864355802536010742e-02 1.595637388527393341e-02 9.996986389160156250e-01 -2.932183444499969482e-01
0.000000000000000000e+00 0.000000000000000000e+00 0.000000000000000000e+00 1.000000000000000000e+00
9.856616854667663574e-01 1.652313470840454102e-01 3.419139981269836426e-02 -5.236548557877540588e-02
-1.633890122175216675e-01 9.852390289306640625e-01 -5.106696113944053650e-02 2.545318193733692169e-02
-4.212464392185211182e-02 4.474818706512451172e-02 9.981096982955932617e-01 -2.924539744853973389e-01
0.000000000000000000e+00 0.000000000000000000e+00 0.000000000000000000e+00 1.000000000000000000e+00
9.659472107887268066e-01 2.563233673572540283e-01 3.527484834194183350e-02 -5.063532665371894836e-02
-2.531123161315917969e-01 9.643954634666442871e-01 -7.665289938449859619e-02 3.810217976570129395e-02
-5.366685986518859863e-02 6.511411815881729126e-02 9.964335560798645020e-01 -2.920419871807098389e-01
0.000000000000000000e+00 0.000000000000000000e+00 0.000000000000000000e+00 1.000000000000000000e+00
9.369782209396362305e-01 3.459118008613586426e-01 4.915655776858329773e-02 -5.202860385179519653e-02
-3.382902741432189941e-01 9.333719611167907715e-01 -1.198989003896713257e-01 5.603457242250442505e-02
-8.735587447881698608e-02 9.571342915296554565e-02 9.915685057640075684e-01 -2.893758714199066162e-01
0.000000000000000000e+00 0.000000000000000000e+00 0.000000000000000000e+00 1.000000000000000000e+00
8.919457197189331055e-01 4.513818621635437012e-01 2.621884271502494812e-02 -4.178621992468833923e-02
-4.441531002521514893e-01 8.855631947517395020e-01 -1.360366344451904297e-01 6.519952416419982910e-02
-8.462292701005935669e-02 1.096921190619468689e-01 9.903569221496582031e-01 -2.903507947921752930e-01
0.000000000000000000e+00 0.000000000000000000e+00 0.000000000000000000e+00 1.000000000000000000e+00
8.460083603858947754e-01 5.329577326774597168e-01 1.502418797463178635e-02 -3.543516248464584351e-02
-5.238913893699645996e-01 8.361903429031372070e-01 -1.622449308633804321e-01 7.726810872554779053e-02
-9.903283417224884033e-02 1.293895095586776733e-01 9.866361618041992188e-01 -2.891054153442382812e-01
0.000000000000000000e+00 0.000000000000000000e+00 0.000000000000000000e+00 1.000000000000000000e+00
7.933173775672912598e-01 6.086885333061218262e-01 -1.206847280263900757e-02 -2.402820996940135956e-02
-6.015200614929199219e-01 7.806082963943481445e-01 -1.697772145271301270e-01 8.305900543928146362e-02
-9.392073005437850952e-02 1.419466435909271240e-01 9.854085445404052734e-01 -2.897654473781585693e-01
0.000000000000000000e+00 0.000000000000000000e+00 0.000000000000000000e+00 1.000000000000000000e+00
7.218998670578002930e-01 6.911224126815795898e-01 -3.478731587529182434e-02 -1.167492009699344635e-02
-6.864907145500183105e-01 7.089204788208007812e-01 -1.617471277713775635e-01 8.354823291301727295e-02
-8.712567389011383057e-02 1.406463980674743652e-01 9.862188696861267090e-01 -2.907452285289764404e-01
0.000000000000000000e+00 0.000000000000000000e+00 0.000000000000000000e+00 1.000000000000000000e+00
6.481100916862487793e-01 7.607670426368713379e-01 -3.444500640034675598e-02 -6.780164316296577454e-03
-7.569162845611572266e-01 6.385303139686584473e-01 -1.391271799802780151e-01 7.922541350126266479e-02
-8.384928107261657715e-02 1.162417307496070862e-01 9.896753430366516113e-01 -2.934436202049255371e-01
0.000000000000000000e+00 0.000000000000000000e+00 0.000000000000000000e+00 1.000000000000000000e+00
5.488904118537902832e-01 8.344354629516601562e-01 -4.936145991086959839e-02 3.971595317125320435e-03
-8.340929746627807617e-01 5.428771376609802246e-01 -9.784123301506042480e-02 6.795445084571838379e-02
-5.484501272439956665e-02 9.487615525722503662e-02 9.939770102500915527e-01 -2.981827855110168457e-01
0.000000000000000000e+00 0.000000000000000000e+00 0.000000000000000000e+00 1.000000000000000000e+00
4.585385918617248535e-01 8.838838338851928711e-01 -9.215065836906433105e-02 2.362599968910217285e-02
-8.886417150497436523e-01 4.551572203636169434e-01 -5.610754713416099548e-02 5.574215948581695557e-02
-7.649517152458429337e-03 1.076163873076438904e-01 9.941629171371459961e-01 -3.022636473178863525e-01
0.000000000000000000e+00 0.000000000000000000e+00 0.000000000000000000e+00 1.000000000000000000e+00
3.517583906650543213e-01 9.298923015594482422e-01 -1.075467765331268311e-01 3.287477046251296997e-02
-9.358419179916381836e-01 3.519858717918395996e-01 -1.749279163777828217e-02 4.110970348119735718e-02
2.158852666616439819e-02 1.068000122904777527e-01 9.940460324287414551e-01 -3.037764430046081543e-01
0.000000000000000000e+00 0.000000000000000000e+00 0.000000000000000000e+00 1.000000000000000000e+00
2.736472189426422119e-01 9.530814290046691895e-01 -1.294319778680801392e-01 4.218775406479835510e-02
-9.584402441978454590e-01 2.814901471138000488e-01 4.642297700047492981e-02 1.697575673460960388e-02
8.067871630191802979e-02 1.113493591547012329e-01 9.905011057853698730e-01 -3.032099008560180664e-01
0.000000000000000000e+00 0.000000000000000000e+00 0.000000000000000000e+00 1.000000000000000000e+00
1.906799376010894775e-01 9.686112999916076660e-01 -1.594791114330291748e-01 5.338245257735252380e-02
-9.728994965553283691e-01 2.081155031919479370e-01 1.007693856954574585e-01 -3.264029743149876595e-03
1.307964175939559937e-01 1.359424442052841187e-01 9.820447564125061035e-01 -3.015772700309753418e-01
0.000000000000000000e+00 0.000000000000000000e+00 0.000000000000000000e+00 1.000000000000000000e+00
1.125216782093048096e-01 9.817159175872802734e-01 -1.535353660583496094e-01 5.342004820704460144e-02
-9.713047146797180176e-01 1.412543058395385742e-01 1.913486421108245850e-01 -3.390387445688247681e-02
2.095375359058380127e-01 1.275987625122070312e-01 9.694393277168273926e-01 -2.990186214447021484e-01
0.000000000000000000e+00 0.000000000000000000e+00 0.000000000000000000e+00 1.000000000000000000e+00
1.850520223379135132e-01 9.722006916999816895e-01 -1.434626728296279907e-01 4.915228858590126038e-02
-9.560296535491943359e-01 2.118931710720062256e-01 2.027526497840881348e-01 -3.733750060200691223e-02
2.275150269269943237e-01 9.963476657867431641e-02 9.686638712882995605e-01 -2.965507805347442627e-01
0.000000000000000000e+00 0.000000000000000000e+00 0.000000000000000000e+00 1.000000000000000000e+00
2.702699303627014160e-01 9.512119889259338379e-01 -1.488279849290847778e-01 4.829201474785804749e-02
-9.383440017700195312e-01 2.948517501354217529e-01 1.804794967174530029e-01 -2.796657010912895203e-02
2.155564576387405396e-01 9.087368100881576538e-02 9.722537994384765625e-01 -2.954055666923522949e-01
0.000000000000000000e+00 0.000000000000000000e+00 0.000000000000000000e+00 1.000000000000000000e+00
3.256438076496124268e-01 9.333534836769104004e-01 -1.510210335254669189e-01 4.727665707468986511e-02
-9.337337613105773926e-01 3.425776064395904541e-01 1.038360670208930969e-01 -1.099391956813633442e-03
1.486522108316421509e-01 1.071998402476310730e-01 9.830620884895324707e-01 -2.951289415359497070e-01
0.000000000000000000e+00 0.000000000000000000e+00 0.000000000000000000e+00 1.000000000000000000e+00
3.625467121601104736e-01 9.125158190727233887e-01 -1.894076168537139893e-01 5.766100436449050903e-02
-9.285967350006103516e-01 3.709615468978881836e-01 9.760148823261260986e-03 3.130382299423217773e-02
7.916922122240066528e-02 1.723448038101196289e-01 9.818499684333801270e-01 -2.907360792160034180e-01
0.000000000000000000e+00 0.000000000000000000e+00 0.000000000000000000e+00 1.000000000000000000e+00
3.994245827198028564e-01 8.951887488365173340e-01 -1.977291256189346313e-01 5.828401446342468262e-02
-9.166267514228820801e-01 3.937226235866546631e-01 -6.912069767713546753e-02 5.858436599373817444e-02
1.597432978451251984e-02 2.088523507118225098e-01 9.778168201446533203e-01 -2.858238518238067627e-01
0.000000000000000000e+00 0.000000000000000000e+00 0.000000000000000000e+00 1.000000000000000000e+00
4.576915800571441650e-01 8.585191965103149414e-01 -2.312208563089370728e-01 6.488973647356033325e-02
-8.882569074630737305e-01 4.301234483718872070e-01 -1.612244099378585815e-01 8.647506684064865112e-02
-3.896080702543258667e-02 2.791745960712432861e-01 9.594497084617614746e-01 -2.751588821411132812e-01
0.000000000000000000e+00 0.000000000000000000e+00 0.000000000000000000e+00 1.000000000000000000e+00
5.321592688560485840e-01 8.185066580772399902e-01 -2.164562493562698364e-01 5.481399595737457275e-02
-8.425280451774597168e-01 4.867923855781555176e-01 -2.306067645549774170e-01 1.053238734602928162e-01
-8.338395506143569946e-02 3.050899803638458252e-01 9.486659765243530273e-01 -2.682101428508758545e-01
0.000000000000000000e+00 0.000000000000000000e+00 0.000000000000000000e+00 1.000000000000000000e+00
5.952887535095214844e-01 7.762753963470458984e-01 -2.074309736490249634e-01 4.771675541996955872e-02
-7.944133281707763672e-01 5.298590660095214844e-01 -2.969117760658264160e-01 1.217528134584426880e-01
-1.205762252211570740e-01 3.415341973304748535e-01 9.321029186248779297e-01 -2.597209513187408447e-01
0.000000000000000000e+00 0.000000000000000000e+00 0.000000000000000000e+00 1.000000000000000000e+00
6.747031211853027344e-01 7.162358760833740234e-01 -1.782742738723754883e-01 3.294519335031509399e-02
-7.202261686325073242e-01 5.860640406608581543e-01 -3.712182939052581787e-01 1.369349062442779541e-01
-1.613997966051101685e-01 3.788599073886871338e-01 9.112712144851684570e-01 -2.494031041860580444e-01
0.000000000000000000e+00 0.000000000000000000e+00 0.000000000000000000e+00 1.000000000000000000e+00
7.399283051490783691e-01 6.524692177772521973e-01 -1.636762470006942749e-01 2.489813230931758881e-02
-6.456552147865295410e-01 6.205707788467407227e-01 -4.449954628944396973e-01 1.517629623413085938e-01
-1.887731999158859253e-01 4.349431693553924561e-01 8.804482221603393555e-01 -2.351695448160171509e-01
0.000000000000000000e+00 0.000000000000000000e+00 0.000000000000000000e+00 1.000000000000000000e+00
7.657590508460998535e-01 6.258647441864013672e-01 -1.480075120925903320e-01 1.817572489380836487e-02
-5.952566862106323242e-01 6.026090383529663086e-01 -5.315368771553039551e-01 1.713742464780807495e-01
-2.434796839952468872e-01 4.951315820217132568e-01 8.340036869049072266e-01 -2.143941670656204224e-01
0.000000000000000000e+00 0.000000000000000000e+00 0.000000000000000000e+00 1.000000000000000000e+00
7.950749993324279785e-01 5.869234800338745117e-01 -1.528932303190231323e-01 1.645157672464847565e-02
-5.348598957061767578e-01 5.596440434455871582e-01 -6.330269575119018555e-01 1.973967552185058594e-01
-2.859727740287780762e-01 5.850804448127746582e-01 7.588810324668884277e-01 -1.867509782314300537e-01
0.000000000000000000e+00 0.000000000000000000e+00 0.000000000000000000e+00 1.000000000000000000e+00
8.198472857475280762e-01 5.537622570991516113e-01 -1.455945223569869995e-01 1.256694644689559937e-02
-4.764068126678466797e-01 5.186640620231628418e-01 -7.099463343620300293e-01 2.174941599369049072e-01
-3.176269531250000000e-01 6.514098048210144043e-01 6.890416145324707031e-01 -1.622421741485595703e-01
0.000000000000000000e+00 0.000000000000000000e+00 0.000000000000000000e+00 1.000000000000000000e+00
8.485780358314514160e-01 5.101732015609741211e-01 -1.401380896568298340e-01 7.830356247723102570e-03
-4.094796478748321533e-01 4.655795991420745850e-01 -7.845775485038757324e-01 2.369877994060516357e-01
-3.350250422954559326e-01 7.231589555740356445e-01 6.039862036705017090e-01 -1.380451321601867676e-01
0.000000000000000000e+00 0.000000000000000000e+00 0.000000000000000000e+00 1.000000000000000000e+00
8.780122399330139160e-01 4.692778289318084717e-01 -9.419529139995574951e-02 -7.156086154282093048e-03
-3.201627433300018311e-01 4.295301437377929688e-01 -8.443929553031921387e-01 2.510761618614196777e-01
-3.557952940464019775e-01 7.715450525283813477e-01 5.273780822753906250e-01 -1.176256909966468811e-01
0.000000000000000000e+00 0.000000000000000000e+00 0.000000000000000000e+00 1.000000000000000000e+00
8.971629142761230469e-01 4.369237422943115234e-01 -6.477880477905273438e-02 -1.508136745542287827e-02
-2.231699973344802856e-01 3.218311667442321777e-01 -9.201193451881408691e-01 2.661577165126800537e-01
-3.811741471290588379e-01 8.399536013603210449e-01 3.862432539463043213e-01 -7.968001067638397217e-02
0.000000000000000000e+00 0.000000000000000000e+00 0.000000000000000000e+00 1.000000000000000000e+00
8.979207277297973633e-01 4.399814903736114502e-01 -1.244104467332363129e-02 -3.377894684672355652e-02
-5.647587776184082031e-02 8.713330328464508057e-02 -9.945945739746093750e-01 2.821693420410156250e-01
-4.365190863609313965e-01 8.937693834304809570e-01 1.030871868133544922e-01 -3.611136227846145630e-03
0.000000000000000000e+00 0.000000000000000000e+00 0.000000000000000000e+00 1.000000000000000000e+00
8.929609060287475586e-01 4.492264091968536377e-01 -2.857662551105022430e-02 -2.712483517825603485e-02
-7.024276256561279297e-02 7.635693252086639404e-02 -9.946033954620361328e-01 2.828321158885955811e-01
-4.446198940277099609e-01 8.901491165161132812e-01 9.973861277103424072e-02 -7.678273599594831467e-03
0.000000000000000000e+00 0.000000000000000000e+00 0.000000000000000000e+00 1.000000000000000000e+00
8.604109287261962891e-01 5.087109804153442383e-01 -3.010498732328414917e-02 -2.342153526842594147e-02
-9.218543767929077148e-02 9.727313369512557983e-02 -9.909790754318237305e-01 2.826661765575408936e-01
-5.011935830116271973e-01 8.554244637489318848e-01 1.305905729532241821e-01 -1.375841535627841949e-02
0.000000000000000000e+00 0.000000000000000000e+00 0.000000000000000000e+00 1.000000000000000000e+00
8.383751511573791504e-01 5.413727164268493652e-01 -6.358148902654647827e-02 -1.383768022060394287e-02
-2.173527032136917114e-01 2.250459492206573486e-01 -9.497957229614257812e-01 2.759625911712646484e-01
-4.998848140239715576e-01 8.101046085357666016e-01 3.063417673110961914e-01 -5.394538491964340210e-02
0.000000000000000000e+00 0.000000000000000000e+00 0.000000000000000000e+00 1.000000000000000000e+00
8.402416706085205078e-01 5.338547229766845703e-01 -9.483238309621810913e-02 -5.457613151520490646e-03
-2.957733571529388428e-01 3.046962320804595947e-01 -9.053608179092407227e-01 2.667879760265350342e-01
-4.544360935688018799e-01 7.887707948684692383e-01 4.139184355735778809e-01 -8.352805674076080322e-02
0.000000000000000000e+00 0.000000000000000000e+00 0.000000000000000000e+00 1.000000000000000000e+00
8.246638178825378418e-01 5.547879934310913086e-01 -1.101812645792961121e-01 -1.446999725885689259e-03
-3.608450591564178467e-01 3.660178780555725098e-01 -8.578004837036132812e-01 2.568424344062805176e-01
-4.355690777301788330e-01 7.471555471420288086e-01 5.020343065261840820e-01 -1.080068498849868774e-01
0.000000000000000000e+00 0.000000000000000000e+00 0.000000000000000000e+00 1.000000000000000000e+00
8.385732173919677734e-01 5.385053753852844238e-01 -8.250364661216735840e-02 -1.342684589326381683e-02
-4.465578794479370117e-01 5.926951766014099121e-01 -6.702970266342163086e-01 2.169325053691864014e-01
-3.120592236518859863e-01 5.989357829093933105e-01 7.374922037124633789e-01 -1.799198389053344727e-01
0.000000000000000000e+00 0.000000000000000000e+00 0.000000000000000000e+00 1.000000000000000000e+00
8.385473489761352539e-01 5.413792133331298828e-01 -6.121047586202621460e-02 -2.097997069358825684e-02
-4.625547528266906738e-01 6.480467319488525391e-01 -6.050440073013305664e-01 1.979078501462936401e-01
-2.878911793231964111e-01 5.356711745262145996e-01 7.938355207443237305e-01 -1.975355893373489380e-01
0.000000000000000000e+00 0.000000000000000000e+00 0.000000000000000000e+00 1.000000000000000000e+00
8.615391850471496582e-01 5.036445260047912598e-01 -6.397088617086410522e-02 -2.058388665318489075e-02
-4.554635286331176758e-01 7.110855579376220703e-01 -5.356400012969970703e-01 1.770811825990676880e-01
-2.242834717035293579e-01 4.906112849712371826e-01 8.420198559761047363e-01 -2.135444432497024536e-01
0.000000000000000000e+00 0.000000000000000000e+00 0.000000000000000000e+00 1.000000000000000000e+00
8.763023018836975098e-01 4.809315204620361328e-01 -2.826691977679729462e-02 -2.942948788404464722e-02
-4.525963366031646729e-01 8.017289042472839355e-01 -3.903678655624389648e-01 1.352066844701766968e-01
-1.650778800249099731e-01 3.548737466335296631e-01 9.202248454093933105e-01 -2.374521344900131226e-01
0.000000000000000000e+00 0.000000000000000000e+00 0.000000000000000000e+00 1.000000000000000000e+00
