451 126 452 124
524 126 512 117
597 126 586 105
614 126 605 102
394 132 409 135
445 132 447 130
518 132 513 122
591 132 581 111
608 132 599 109
614 132 605 108
383 138 374 146
389 138 382 146
394 138 388 144
563 138 563 118
569 138 551 121
591 138 582 116
614 138 605 114
619 138 612 118
496 143 478 135
569 143 550 126
574 143 557 125
591 143 583 122
608 143 595 120
614 143 605 120
372 149 363 160
377 149 368 151
389 149 380 151
496 149 479 139
569 149 552 132
614 149 606 124
372 155 363 164
377 155 370 158
383 155 375 158
389 155 380 156
479 155 499 149
484 155 504 148
546 155 548 144
366 160 358 171
377 160 370 165
383 160 375 165
473 160 493 156
479 160 499 155
484 160 505 153
496 160 481 153
619 160 609 136
366 166 359 178
377 166 372 170
383 166 378 170
389 166 384 174
496 166 519 160
501 166 526 159
372 171 365 176
377 171 372 177
383 171 379 177
366 177 360 184
372 177 366 183
377 177 372 184
383 177 379 183
389 177 387 185
456 177 441 175
501 177 496 168
507 177 501 167
512 177 507 167
366 183 361 197
372 183 368 196
377 183 373 194
383 183 379 189
462 183 452 180
490 183 476 176
496 183 482 176
507 183 502 173
512 183 507 172
389 188 381 194
394 188 386 192
400 188 392 192
417 188 404 190
462 188 453 185
580 188 563 162
366 194 362 203
372 194 369 202
394 194 387 199
400 194 393 198
467 194 461 186
366 200 363 208
377 200 370 214
394 200 388 204
563 200 569 166
569 200 575 170
552 205 558 173
569 205 576 177
563 211 571 185
484 216 488 219
484 222 488 224
602 222 597 200
608 222 603 200
377 228 385 229
383 228 392 229
484 228 488 229
490 233 494 231
496 233 500 230
377 239 379 244
389 239 397 235
394 239 402 235
383 245 387 248
389 245 398 247
394 245 412 244
400 245 418 244
569 245 575 221
602 245 608 235
608 245 614 235
417 250 431 249
512 250 517 246
602 250 606 230
383 256 394 261
389 256 399 261
400 256 414 264
406 256 419 263
411 256 426 256
417 256 432 255
428 256 443 254
451 256 472 244
512 256 516 251
569 256 571 238
580 256 590 237
417 261 432 262
422 261 437 262
428 261 443 261
535 261 524 251
546 261 547 249
552 261 553 248
557 261 559 246
563 261 565 246
574 261 583 244
580 261 591 243
585 261 597 242
591 261 603 237
552 267 553 253
563 267 566 252
569 267 574 251
580 267 590 250
585 267 596 250
608 267 616 253
552 273 555 260
557 273 560 259
563 273 567 258
569 273 574 256
597 273 605 256
529 278 542 266
