407 87 502 140
371 93 482 121
377 93 484 128
425 99 497 167
449 99 502 190
544 111 499 273
538 117 497 268
532 129 489 268
526 135 483 264
526 147 471 269
508 165 461 259
454 183 419 216
460 183 421 220
449 194 410 212
454 194 412 217
449 200 405 213
329 242 325 120
323 248 317 117
329 248 319 122
437 248 327 226
323 254 311 118
317 260 306 114
323 260 307 120
401 266 312 199
407 266 313 204
431 266 317 216
317 278 293 117
460 278 355 253
359 296 296 166
454 296 316 253
449 302 310 250
353 308 283 164
359 308 283 170
365 308 286 177
377 308 290 187
437 314 300 242
443 314 303 248
371 320 279 190
395 320 283 203
413 320 294 224
431 320 295 244
443 320 298 249
