383 57 513 156
377 63 505 152
383 69 506 158
502 87 523 227
490 93 510 218
371 99 477 158
377 99 484 162
431 105 499 202
460 111 500 208
508 117 500 263
526 117 505 279
544 117 498 305
526 129 500 279
532 129 501 286
520 135 493 276
526 135 494 282
407 141 432 225
413 141 432 230
520 141 487 277
508 147 479 268
401 159 454 169
425 165 471 210
443 177 478 189
502 177 438 271
508 177 440 278
341 183 452 153
395 194 412 187
443 200 462 193
449 200 462 198
365 206 450 177
341 212 379 159
496 224 432 302
496 230 426 303
329 236 329 152
335 236 325 158
407 236 330 206
329 242 323 153
323 248 322 148
329 248 319 155
466 248 387 264
478 248 390 276
323 254 315 148
419 254 319 227
425 254 320 234
317 260 310 145
478 260 405 291
317 266 304 146
454 266 403 261
466 266 389 271
478 266 399 294
454 272 397 263
317 278 297 146
449 284 337 259
466 284 378 279
335 290 301 154
449 290 332 260
466 296 316 294
365 302 300 179
371 302 301 184
377 302 303 195
353 308 290 172
359 308 292 179
365 308 294 185
371 308 297 189
377 308 298 195
383 308 299 203
443 308 312 260
449 308 314 265
443 314 303 263
383 320 288 205
425 320 298 244
431 320 299 250
425 326 292 245
431 326 293 252
