432 59 363 109
438 59 366 106
432 65 368 114
450 65 375 103
438 71 373 113
450 71 378 107
456 71 382 103
438 77 378 116
444 77 382 113
444 83 386 116
450 83 392 112
396 90 323 207
474 96 401 104
480 102 409 106
474 114 410 114
432 126 374 226
511 126 426 99
335 144 352 210
511 150 472 124
517 150 467 117
444 156 394 198
505 156 468 152
329 162 353 270
335 162 358 248
383 162 373 296
396 162 418 196
444 162 399 203
505 162 474 157
323 168 355 276
335 168 361 270
347 168 369 230
389 168 379 291
402 168 424 192
408 168 389 212
414 168 396 208
444 168 403 207
499 168 473 176
299 174 341 287
305 174 347 282
280 180 332 297
305 180 349 287
311 180 354 284
323 180 360 281
456 180 453 221
274 186 332 306
444 186 444 245
450 186 448 241
456 186 456 227
268 193 331 314
274 193 335 311
280 193 339 308
286 193 349 308
292 193 354 304
311 193 359 298
359 193 381 263
365 193 385 259
438 193 442 273
444 193 445 269
450 193 450 263
262 199 333 321
353 199 380 273
383 199 366 285
389 199 370 281
426 199 413 208
444 199 449 274
462 199 470 222
311 205 363 304
383 205 371 291
389 205 374 285
396 205 378 281
420 205 410 256
341 211 312 296
408 211 400 274
280 217 405 321
365 217 371 272
274 223 405 330
286 223 413 322
274 229 409 336
280 229 414 330
359 229 425 296
268 235 410 343
280 235 417 336
274 241 420 342
286 241 337 318
280 247 337 326
286 247 341 322
280 253 342 332
286 253 346 327
359 253 438 310
402 259 352 191
408 259 357 186
305 265 362 324
305 271 366 329
299 277 374 339
305 277 370 333
311 277 374 330
323 277 391 324
377 277 339 274
311 283 378 334
341 283 449 326
353 283 457 321
323 290 445 339
341 290 455 330
353 290 461 325
329 296 455 340
341 296 458 334
