490 127 349 101
490 132 372 99
485 137 376 107
490 137 377 99
495 137 379 95
290 142 330 296
295 142 334 290
301 142 334 285
337 142 344 247
485 142 384 104
285 148 335 306
290 148 337 299
295 148 339 292
306 148 340 281
364 148 380 190
464 148 373 161
511 148 388 84
290 153 341 301
306 153 347 283
500 158 394 92
506 158 394 86
306 169 360 285
316 169 371 268
280 174 369 320
285 174 370 310
516 174 397 80
500 179 399 93
280 184 384 325
301 184 388 297
500 184 406 95
516 184 408 83
500 190 412 96
280 195 400 330
285 195 402 324
301 195 403 303
500 195 419 96
285 200 407 325
301 200 410 304
306 200 409 299
374 200 363 272
495 200 430 104
500 200 426 96
295 205 414 312
311 205 416 300
316 205 417 294
453 205 439 192
469 205 444 172
500 205 433 97
285 211 417 321
295 211 419 314
311 211 420 302
453 211 442 208
280 216 420 335
285 216 422 322
295 216 424 315
306 216 427 304
422 221 417 200
285 226 430 324
290 226 431 318
301 226 433 313
416 226 421 207
422 226 423 201
458 226 460 197
464 226 426 169
469 226 427 164
458 232 464 198
464 232 432 171
379 237 424 268
295 248 390 313
316 253 436 299
379 253 442 274
437 253 462 188
316 258 441 302
322 258 442 296
374 258 456 237
474 258 477 157
490 258 487 119
495 258 487 113
511 258 484 104
316 263 447 303
327 263 451 295
332 263 450 290
337 263 452 285
458 263 477 176
490 263 493 122
511 263 489 106
285 269 444 337
311 269 452 311
316 269 454 306
327 269 457 297
337 269 458 286
422 269 469 235
448 269 479 190
453 269 480 184
301 274 455 323
306 274 457 318
311 274 458 314
316 274 459 307
364 274 466 274
369 274 467 267
506 274 495 115
364 279 471 275
500 279 499 124
