419 109 371 99
401 127 361 121
442 133 390 121
413 138 382 191
430 138 385 130
442 138 393 126
502 138 447 103
508 138 454 101
514 138 459 99
413 144 384 196
442 144 410 202
472 150 413 112
401 156 383 205
472 156 415 116
460 162 434 220
496 162 439 114
520 168 461 104
508 174 458 113
389 180 380 251
407 186 384 161
508 186 464 124
472 210 446 134
478 210 452 131
478 222 457 138
484 222 462 148
401 228 410 171
353 234 367 324
448 234 415 162
353 239 370 329
407 239 413 177
413 239 428 178
442 239 423 249
341 245 362 230
347 245 375 224
395 245 413 192
401 245 420 189
407 245 425 187
442 245 424 254
454 245 428 244
347 251 378 229
395 251 454 316
335 257 361 239
341 257 377 239
365 257 388 219
460 257 453 264
466 257 472 264
341 263 455 241
365 263 389 224
324 275 359 255
324 281 362 260
324 287 364 266
347 287 385 265
341 293 381 273
347 293 376 356
371 293 411 252
377 293 416 250
318 299 364 278
347 299 390 275
353 299 397 273
324 305 374 284
330 305 378 282
401 305 411 141
419 305 439 231
324 311 376 290
341 311 390 285
347 311 394 283
419 311 443 239
425 311 448 236
359 317 418 285
365 317 423 283
306 323 366 316
347 323 399 293
365 323 422 291
371 323 427 287
377 323 433 287
347 329 461 348
300 340 368 374
353 340 420 353
300 346 370 380
335 346 409 366
341 346 414 363
353 346 422 359
330 352 405 373
335 352 412 371
341 352 417 368
353 352 424 365
330 358 410 385
341 358 416 384
