373 84 459 77
386 84 467 80
373 90 456 81
386 90 464 85
392 90 472 90
431 90 504 109
380 97 454 88
392 97 474 99
412 97 488 107
431 97 501 113
443 97 512 119
380 103 450 96
386 103 460 92
392 103 471 105
443 103 508 124
386 109 458 99
392 109 464 103
450 109 510 135
392 116 461 109
399 116 466 112
443 116 497 140
450 116 505 143
392 122 458 115
399 122 463 118
456 122 512 147
418 128 477 129
450 128 500 150
456 128 508 154
463 128 515 156
386 135 447 122
392 135 452 125
399 135 458 129
405 135 463 132
418 135 474 137
424 135 481 139
380 141 440 125
392 141 449 131
399 141 455 134
405 141 461 137
418 141 470 144
424 141 478 147
437 141 480 156
450 141 497 158
456 141 506 162
463 141 509 166
386 148 439 134
392 148 446 137
399 148 452 140
405 148 459 144
418 148 466 150
443 148 489 162
450 148 494 165
456 148 501 169
463 148 506 173
373 154 427 136
399 154 449 147
405 154 455 151
418 154 463 156
424 154 470 159
443 154 485 169
450 154 489 172
456 154 497 175
373 160 423 143
386 160 433 143
450 160 486 179
456 160 493 182
386 167 429 149
392 167 435 153
399 167 442 156
405 167 449 160
418 167 459 166
424 167 464 170
431 167 469 173
437 167 478 176
380 173 420 152
386 173 426 155
392 173 432 159
399 173 439 162
405 173 446 166
418 173 456 172
424 173 461 175
431 173 466 179
437 173 473 182
450 173 482 187
456 173 488 191
463 173 495 194
380 179 418 158
386 179 423 161
392 179 430 165
399 179 436 169
405 179 443 172
412 179 449 176
424 179 457 182
431 179 463 185
443 179 472 190
450 179 478 194
456 179 485 197
463 179 492 201
424 186 455 187
431 186 460 191
443 186 470 195
450 186 476 199
456 186 482 202
463 186 488 206
367 192 405 163
380 192 411 168
386 192 417 172
380 199 407 174
386 199 414 177
392 199 420 180
412 199 436 190
418 199 442 194
424 199 449 197
431 199 455 201
443 199 463 206
450 199 470 210
456 199 475 213
367 205 396 175
380 205 404 180
386 205 411 183
392 205 417 187
399 205 423 191
412 205 433 197
424 205 446 203
431 205 451 206
443 205 460 212
450 205 467 215
456 205 473 219
380 211 402 185
386 211 408 189
392 211 414 193
399 211 422 198
412 211 430 203
418 211 437 206
431 211 448 212
443 211 458 218
450 211 465 222
456 211 471 225
463 211 476 228
367 218 389 189
373 218 395 194
418 218 433 212
424 218 439 215
443 218 455 224
450 218 462 227
456 218 467 230
463 218 473 233
386 224 402 199
392 224 410 203
399 224 415 207
431 224 442 222
386 230 399 206
392 230 406 211
399 230 411 213
412 230 421 218
418 230 428 222
424 230 434 225
431 230 439 228
437 230 445 232
450 230 456 238
456 230 462 241
463 230 467 244
386 237 395 212
392 237 402 216
399 237 408 219
412 237 418 224
418 237 425 228
424 237 430 230
431 237 436 234
437 237 442 237
450 237 453 244
456 237 459 247
463 237 464 250
386 243 392 218
392 243 398 222
399 243 404 224
412 243 415 230
418 243 422 234
424 243 428 237
431 243 434 240
437 243 439 244
450 243 450 250
456 243 456 253
463 243 461 256
386 250 389 225
392 250 395 228
399 250 401 230
412 250 412 237
418 250 418 240
424 250 424 244
431 250 431 247
437 250 436 250
450 250 447 256
456 250 452 259
463 250 457 263
463 256 454 269
380 262 378 230
386 262 384 234
392 262 390 239
399 262 396 242
412 262 406 247
418 262 413 250
431 262 425 257
437 262 430 261
443 262 436 264
456 262 447 271
367 269 365 231
380 269 375 237
386 269 382 241
392 269 388 245
399 269 393 248
405 269 399 251
418 269 409 257
424 269 415 260
431 269 421 264
437 269 427 267
443 269 433 270
450 269 441 274
367 275 362 237
380 275 372 243
386 275 379 247
392 275 385 251
399 275 391 255
405 275 397 258
418 275 406 263
424 275 413 267
431 275 418 270
437 275 424 273
443 275 431 276
450 275 437 280
367 282 358 244
380 282 369 249
386 282 375 253
392 282 381 256
399 282 387 260
405 282 393 263
418 282 403 269
424 282 409 272
431 282 414 275
437 282 421 279
443 282 427 282
450 282 434 286
367 288 355 251
380 288 365 256
399 288 383 266
405 288 390 269
412 288 396 273
450 288 430 292
386 294 369 264
392 294 375 267
424 294 404 283
431 294 409 287
437 294 417 290
443 294 422 293
373 301 355 265
386 301 366 271
392 301 371 274
399 301 378 277
405 301 384 280
412 301 391 284
424 301 400 289
431 301 407 292
437 301 414 295
443 301 420 299
450 301 425 303
367 307 346 267
373 307 351 270
386 307 362 276
392 307 368 280
399 307 374 283
405 307 381 287
412 307 387 290
431 307 404 298
437 307 410 302
443 307 416 305
450 307 421 309
361 313 337 272
367 313 343 275
386 313 360 282
392 313 365 285
399 313 371 289
405 313 379 293
412 313 385 297
418 313 391 301
431 313 401 305
437 313 408 308
443 313 413 312
450 313 419 316
367 320 339 279
373 320 345 282
392 320 363 292
399 320 369 296
405 320 376 301
412 320 381 304
418 320 388 308
431 320 397 311
437 320 404 314
456 320 430 311
361 326 329 282
367 326 335 286
373 326 343 289
405 326 372 307
412 326 378 311
418 326 384 314
424 326 390 316
443 326 409 321
450 326 416 324
361 333 324 290
386 333 350 298
392 333 356 303
431 333 395 324
443 333 405 328
450 333 412 332
361 339 320 296
367 339 330 296
373 339 336 301
386 339 346 305
392 339 351 308
399 339 358 312
405 339 364 316
412 339 371 320
418 339 378 324
431 339 393 330
443 339 401 335
450 339 408 340
367 345 327 304
373 345 333 306
386 345 340 311
392 345 348 314
399 345 355 318
405 345 362 322
412 345 368 326
418 345 375 330
424 345 382 334
431 345 390 336
443 345 398 341
354 352 317 307
367 352 325 309
373 352 330 315
392 352 352 324
405 352 358 328
418 352 372 336
424 352 379 340
354 358 314 313
373 358 327 321
380 358 332 323
386 358 342 327
392 358 348 331
399 358 355 334
412 358 361 338
418 358 368 341
424 358 375 345
373 364 323 326
380 364 331 330
386 364 338 334
392 364 344 337
399 364 349 339
412 364 359 344
418 364 365 348
424 364 372 351
361 371 312 329
373 371 321 334
380 371 327 337
386 371 335 341
392 371 340 343
399 371 346 347
424 371 370 358
