275 170 331 360
270 176 335 367
443 176 373 183
459 176 378 162
464 176 378 157
297 181 366 354
400 181 363 243
405 186 367 237
410 186 368 229
427 186 375 203
432 186 377 197
437 186 380 189
454 186 388 178
265 192 360 373
351 192 345 308
383 192 362 262
313 197 340 347
378 197 363 270
378 203 367 272
394 203 401 152
454 203 436 175
378 208 375 273
383 213 385 260
383 219 390 262
346 224 395 304
351 224 397 299
373 224 393 277
313 230 409 348
319 230 410 342
324 230 411 334
308 235 420 357
319 235 416 344
356 235 407 291
362 235 408 285
313 240 421 352
362 240 413 287
367 240 414 280
362 246 419 287
373 246 422 275
362 251 434 289
367 251 435 284
373 251 436 278
378 251 439 264
373 257 442 279
383 257 445 267
281 262 414 376
286 262 424 372
340 262 415 321
362 262 448 286
373 262 450 280
281 267 429 379
286 267 431 373
292 267 433 367
297 267 435 359
281 273 434 380
286 273 436 375
292 273 439 363
302 273 442 354
313 273 424 338
324 273 445 336
