448 143 446 138
421 149 426 142
427 149 431 142
432 149 435 142
470 149 467 143
481 149 477 143
491 149 488 144
362 154 371 144
400 154 393 146
405 154 398 147
421 154 426 148
427 154 432 148
432 154 441 148
475 154 472 147
486 154 483 148
491 154 489 149
497 154 494 149
308 159 314 148
324 159 332 148
335 159 341 149
340 159 345 149
351 159 357 149
356 159 362 150
362 159 368 150
400 159 393 152
410 159 400 153
432 159 441 153
437 159 447 154
475 159 473 153
481 159 477 153
486 159 482 153
491 159 488 153
497 159 494 154
281 165 289 152
286 165 297 152
313 165 321 153
319 165 326 153
324 165 332 153
329 165 336 153
335 165 341 153
346 165 352 155
351 165 358 154
362 165 368 155
367 165 372 155
389 165 389 155
405 165 398 158
421 165 426 155
427 165 435 157
432 165 441 157
437 165 447 158
491 165 489 159
497 165 494 159
275 170 283 159
313 170 320 159
319 170 326 158
324 170 331 159
329 170 335 158
340 170 347 160
346 170 352 160
351 170 358 160
356 170 363 160
362 170 367 160
367 170 371 160
421 170 425 159
427 170 434 162
459 170 462 163
464 170 468 163
470 170 473 162
275 176 284 164
281 176 294 166
308 176 320 163
319 176 326 164
324 176 331 164
329 176 336 164
335 176 341 164
340 176 347 164
346 176 357 164
351 176 361 165
362 176 368 164
367 176 372 164
373 176 378 165
383 176 389 166
389 176 395 165
459 176 462 167
292 181 304 168
297 181 310 169
302 181 316 169
313 181 321 169
319 181 327 169
324 181 332 168
329 181 337 169
335 181 342 169
340 181 351 169
346 181 356 169
351 181 361 169
362 181 369 170
367 181 373 169
373 181 378 170
389 181 395 171
427 181 435 170
270 186 278 175
297 186 309 175
302 186 315 174
319 186 327 174
324 186 332 174
329 186 337 175
335 186 341 175
340 186 350 175
346 186 356 174
351 186 361 175
356 186 367 175
367 186 372 175
373 186 378 176
389 186 395 177
394 186 400 177
421 186 429 175
437 186 447 175
448 186 446 179
302 192 310 179
308 192 315 179
313 192 320 179
319 192 326 179
324 192 331 180
335 192 345 180
351 192 358 180
356 192 364 180
362 192 368 180
367 192 373 180
373 192 379 181
378 192 384 181
383 192 392 181
400 192 405 181
443 192 440 184
448 192 445 185
265 197 271 187
324 197 331 184
351 197 357 185
356 197 363 185
362 197 368 184
378 197 385 186
383 197 392 185
394 197 399 186
400 197 403 185
416 197 416 186
421 197 421 186
437 197 432 191
443 197 440 190
448 197 446 190
454 197 456 190
275 203 294 193
292 203 303 192
297 203 309 192
378 203 385 196
400 203 400 191
405 203 405 191
410 203 411 191
416 203 416 191
421 203 420 191
432 203 426 195
437 203 432 195
443 203 440 195
448 203 448 195
459 203 458 197
340 208 352 196
378 208 384 201
383 208 389 201
389 208 394 202
400 208 399 196
410 208 411 197
416 208 416 199
421 208 422 199
427 208 425 200
443 208 442 201
448 208 449 201
454 208 454 202
329 213 336 202
340 213 352 202
373 213 379 205
378 213 384 206
383 213 389 206
389 213 394 206
437 213 436 205
443 213 441 206
448 213 449 208
454 213 453 208
259 219 263 212
302 219 311 207
308 219 315 208
319 219 325 206
351 219 358 207
356 219 361 208
362 219 367 208
367 219 374 208
373 219 379 210
378 219 385 211
259 224 263 218
297 224 306 212
302 224 310 213
308 224 315 214
319 224 326 214
329 224 336 213
335 224 341 216
340 224 346 216
346 224 352 216
351 224 356 215
356 224 362 213
362 224 369 214
367 224 374 214
373 224 379 216
454 224 452 220
259 230 263 223
281 230 283 218
297 230 306 218
308 230 315 219
319 230 326 218
324 230 331 219
329 230 336 218
335 230 341 221
340 230 346 221
346 230 351 221
367 230 374 221
373 230 380 221
254 235 258 228
259 235 264 227
275 235 279 227
286 235 295 223
292 235 300 224
297 235 305 224
259 240 264 232
275 240 280 233
286 240 295 229
292 240 304 228
292 246 301 234
329 246 331 237
335 246 337 237
340 246 342 237
346 246 352 238
362 246 368 237
367 246 372 237
373 246 378 237
265 251 267 239
270 251 272 239
286 251 296 238
329 251 332 242
340 251 342 243
346 251 353 243
351 251 358 243
356 251 363 243
362 251 367 243
281 257 290 243
286 257 295 244
292 257 299 245
324 257 326 248
335 257 340 247
346 257 352 249
351 257 358 248
356 257 362 249
281 262 289 248
286 262 294 248
292 262 299 250
319 262 320 253
324 262 325 253
329 262 335 252
335 262 337 249
346 262 351 256
351 262 357 255
356 262 362 255
281 267 288 254
308 267 315 260
319 267 320 259
286 273 294 263
