394 69 407 54
406 69 406 59
412 69 412 59
424 69 427 59
430 69 434 60
436 69 439 60
442 69 445 60
448 69 451 60
454 69 458 60
460 69 463 60
466 69 470 60
388 75 399 60
406 75 405 66
412 75 425 64
430 75 433 65
436 75 439 66
442 75 447 66
448 75 450 66
454 75 456 66
460 75 463 66
466 75 469 66
472 75 476 66
382 81 392 65
388 81 397 67
400 81 398 72
406 81 404 72
418 81 417 72
424 81 424 71
430 81 430 71
436 81 437 72
442 81 445 72
448 81 451 72
454 81 457 72
460 81 464 73
466 81 470 74
484 81 485 72
376 87 378 77
382 87 385 77
388 87 390 77
418 87 416 77
424 87 425 77
430 87 431 78
436 87 438 77
442 87 449 78
454 87 457 78
460 87 464 79
478 87 478 76
484 87 485 77
490 87 496 82
376 93 379 83
382 93 385 83
394 93 390 87
418 93 416 83
424 93 443 85
448 93 456 86
472 93 470 81
478 93 477 81
484 93 483 81
496 93 502 90
364 99 370 84
376 99 377 91
382 99 383 92
394 99 390 93
406 99 402 93
466 99 464 89
472 99 469 86
484 99 482 87
364 105 369 91
382 105 382 97
412 105 423 95
424 105 435 97
430 105 441 97
472 105 475 96
478 105 480 97
484 105 487 98
496 105 499 97
503 105 505 97
358 111 362 96
364 111 370 97
370 111 374 99
400 111 402 100
430 111 441 104
460 111 459 101
466 111 466 102
472 111 474 101
496 111 500 105
503 111 506 104
358 117 361 103
364 117 369 102
370 117 375 103
394 117 394 106
400 117 400 107
424 117 435 111
430 117 441 110
436 117 447 111
472 117 473 108
484 117 480 102
490 117 488 103
496 117 499 111
503 117 505 111
352 123 354 109
364 123 368 109
370 123 376 109
376 123 381 111
388 123 388 112
394 123 392 114
400 123 399 114
484 123 478 106
490 123 492 116
496 123 498 116
509 123 512 113
345 130 349 116
352 130 355 116
358 130 361 116
364 130 368 115
370 130 377 116
376 130 381 116
388 130 387 118
394 130 392 119
400 130 398 119
406 130 420 116
509 130 511 119
345 136 346 124
352 136 354 122
364 136 367 121
370 136 375 122
376 136 381 123
388 136 388 123
400 136 397 127
406 136 419 121
454 136 451 131
472 136 477 127
478 136 478 122
484 136 485 121
496 136 497 124
503 136 503 124
339 142 340 131
345 142 346 131
358 142 360 128
364 142 366 128
370 142 374 129
376 142 380 130
382 142 385 132
388 142 391 131
400 142 398 132
430 142 424 140
333 148 333 138
339 148 339 138
345 148 345 138
358 148 359 135
364 148 366 135
382 148 384 137
388 148 391 138
400 148 399 138
436 148 437 143
448 148 444 144
454 148 448 145
478 148 477 136
333 154 333 144
339 154 340 143
345 154 345 144
358 154 357 141
364 154 365 141
448 154 444 150
454 154 449 150
466 154 470 140
509 154 507 157
339 160 338 151
358 160 357 154
412 160 414 148
448 160 443 156
454 160 449 157
352 166 351 159
358 166 356 159
364 166 363 159
430 166 428 162
442 166 437 162
448 166 446 163
345 172 343 164
352 172 349 165
364 172 356 167
370 172 361 167
376 172 367 167
400 172 390 169
436 172 428 169
442 172 436 168
448 172 442 170
460 172 455 171
333 178 329 171
339 178 335 172
345 178 340 172
358 178 348 173
364 178 354 174
370 178 360 175
376 178 366 173
382 178 374 171
388 178 379 171
406 178 400 174
436 178 419 174
490 178 487 163
333 184 327 179
339 184 334 179
345 184 340 178
358 184 348 180
364 184 354 181
370 184 360 181
376 184 366 180
382 184 373 176
388 184 378 177
400 184 392 179
412 184 405 180
424 184 413 181
436 184 419 179
442 184 431 182
490 184 487 168
496 184 493 170
503 184 500 175
309 190 306 182
321 190 320 184
333 190 326 185
339 190 332 186
345 190 338 186
358 190 348 187
364 190 354 187
370 190 360 186
376 190 365 186
382 190 372 183
388 190 378 184
394 190 385 185
400 190 393 186
406 190 398 186
412 190 404 187
430 190 420 188
490 190 486 174
496 190 492 175
303 196 301 186
309 196 300 193
327 196 321 191
333 196 326 191
339 196 332 191
364 196 353 193
370 196 360 193
382 196 372 190
388 196 377 190
394 196 384 194
400 196 392 192
406 196 398 193
412 196 404 192
418 196 409 193
424 196 416 194
442 196 426 188
496 196 492 183
309 202 307 194
315 202 314 196
352 202 333 204
364 202 352 200
376 202 366 194
382 202 373 194
388 202 377 196
400 202 392 198
406 202 398 198
412 202 404 198
418 202 411 199
424 202 417 200
430 202 422 201
454 202 438 194
460 202 444 194
490 202 484 188
297 208 293 200
303 208 299 200
309 208 306 201
315 208 313 202
321 208 320 203
358 208 338 210
370 208 361 198
376 208 367 199
382 208 373 201
388 208 378 201
394 208 384 203
400 208 391 204
406 208 395 205
412 208 403 206
418 208 411 206
424 208 416 206
430 208 423 206
466 208 455 205
472 208 462 204
484 208 477 198
490 208 484 195
297 214 292 207
358 214 337 218
394 214 384 209
400 214 391 210
466 214 453 212
472 214 461 212
339 220 317 228
352 220 331 223
358 220 337 224
364 220 356 219
376 220 368 214
388 220 377 215
394 220 383 215
442 220 435 221
460 220 446 216
466 220 453 217
472 220 460 218
484 220 476 213
496 220 496 195
370 226 362 219
376 226 368 220
382 226 373 221
406 226 402 231
460 226 448 221
466 226 454 223
472 226 460 224
478 226 466 225
484 226 472 226
490 226 483 213
364 232 354 227
370 232 361 225
376 232 368 226
382 232 373 227
418 232 402 225
424 232 444 260
454 232 448 234
460 232 447 228
466 232 455 228
472 232 460 230
478 232 467 230
484 232 473 231
490 232 482 220
285 238 284 219
297 238 299 213
327 238 331 210
358 238 348 232
364 238 353 233
370 238 360 232
376 238 367 232
382 238 373 233
472 238 459 237
285 244 282 231
315 244 311 221
327 244 330 216
358 244 348 237
364 244 353 239
370 244 359 239
376 244 367 239
400 244 389 236
442 244 414 233
478 244 470 245
285 250 282 237
309 250 314 253
352 250 352 252
376 250 366 245
382 250 374 247
388 250 379 242
394 250 386 242
436 250 426 233
448 250 440 240
285 256 282 243
309 256 314 258
358 256 347 245
364 256 354 246
370 256 364 254
388 256 379 248
394 256 385 249
291 262 288 244
358 262 346 250
382 262 374 253
388 262 378 254
394 262 385 254
436 262 410 277
448 262 428 279
291 268 287 250
370 268 365 260
382 268 374 260
388 268 379 260
394 268 385 260
400 268 396 261
412 268 409 263
418 268 416 264
478 268 470 258
291 274 287 257
345 274 343 270
364 274 358 265
370 274 364 266
376 274 369 267
382 274 376 267
394 274 384 268
412 274 409 271
418 274 415 270
364 281 358 272
370 281 363 271
376 281 369 273
382 281 375 275
394 281 382 275
339 287 330 282
364 287 356 278
388 287 381 287
400 287 390 287
406 287 396 288
345 293 323 274
364 293 355 284
460 293 447 279
466 293 455 278
472 293 462 277
478 293 467 284
339 299 317 273
358 299 349 289
364 299 354 290
460 299 446 288
466 299 452 288
478 299 466 295
333 305 312 279
358 305 336 283
364 305 342 284
418 305 422 293
424 305 428 294
321 311 304 286
327 311 328 303
339 311 317 286
358 311 336 289
364 311 342 290
376 311 361 292
472 311 457 308
327 317 328 307
333 317 334 308
339 317 341 308
358 317 359 311
424 317 426 300
364 323 348 303
376 323 328 289
424 323 425 306
436 323 418 317
442 323 424 317
448 323 432 318
460 323 450 314
364 329 347 310
376 329 365 316
412 329 392 320
418 329 398 321
430 329 411 323
436 329 417 323
364 335 345 317
418 335 403 324
