419 66 404 75
436 66 425 71
447 66 437 71
413 72 402 81
419 72 407 81
424 72 412 81
436 72 425 77
441 72 431 77
447 72 436 76
407 77 396 87
413 77 402 87
419 77 407 87
424 77 413 86
430 77 420 83
436 77 424 84
441 77 430 83
447 77 436 81
402 83 391 92
407 83 397 93
419 83 407 92
424 83 412 93
430 83 420 89
436 83 425 89
441 83 430 88
407 88 397 97
419 88 407 99
424 88 412 98
430 88 418 98
436 88 425 94
402 94 391 104
413 94 403 104
419 94 408 104
430 94 418 103
447 94 436 104
396 100 385 109
402 100 391 109
419 100 409 111
441 100 430 109
447 100 436 109
453 100 442 109
458 100 448 109
469 100 457 109
419 105 409 116
424 105 414 120
430 105 419 119
441 105 430 115
447 105 436 115
458 105 449 115
464 105 454 114
419 111 408 121
424 111 414 124
430 111 419 125
436 111 424 125
453 111 442 122
458 111 449 121
464 111 454 120
469 111 459 121
413 117 402 127
424 117 414 130
430 117 420 131
436 117 426 132
447 117 437 132
453 117 442 132
458 117 449 127
464 117 453 127
469 117 460 126
475 117 465 126
481 117 475 126
402 122 391 132
407 122 397 132
413 122 402 132
419 122 407 133
441 122 432 139
447 122 437 138
453 122 441 137
458 122 448 132
464 122 454 132
469 122 459 132
475 122 468 132
385 128 381 131
391 128 381 137
396 128 385 136
402 128 392 136
407 128 397 137
413 128 402 137
441 128 432 144
464 128 454 138
469 128 462 138
379 134 371 143
385 134 376 143
391 134 380 143
407 134 397 142
413 134 403 142
453 134 447 143
464 134 457 143
469 134 462 144
475 134 467 144
515 134 508 136
374 139 366 148
379 139 372 150
385 139 377 148
391 139 385 147
396 139 390 147
402 139 396 147
413 139 404 148
424 139 413 148
441 139 442 142
447 139 441 148
453 139 447 148
458 139 453 149
464 139 458 148
469 139 463 149
475 139 468 149
481 139 473 148
486 139 480 147
503 139 498 144
515 139 509 141
374 145 366 154
379 145 371 155
391 145 385 153
396 145 390 152
402 145 396 154
441 145 442 159
447 145 442 153
453 145 448 154
458 145 454 154
464 145 458 154
469 145 462 154
475 145 469 154
481 145 475 153
486 145 480 152
492 145 486 152
498 145 491 152
503 145 497 149
509 145 503 148
379 151 371 160
385 151 376 160
391 151 386 159
396 151 391 158
402 151 396 160
413 151 403 160
441 151 442 164
453 151 448 160
458 151 454 159
464 151 459 158
469 151 463 159
475 151 470 159
481 151 475 159
486 151 480 158
492 151 485 159
498 151 491 158
503 151 498 154
509 151 503 153
379 156 374 166
391 156 386 165
396 156 391 164
402 156 396 164
407 156 402 165
413 156 407 165
419 156 412 166
453 156 448 165
458 156 453 164
464 156 458 165
469 156 462 166
475 156 469 165
481 156 475 165
486 156 480 165
492 156 485 164
498 156 491 164
374 162 368 170
379 162 373 170
396 162 391 170
402 162 397 171
407 162 401 170
413 162 407 171
441 162 436 171
447 162 442 170
453 162 447 171
458 162 452 171
464 162 457 172
469 162 462 171
475 162 469 172
481 162 473 172
486 162 479 171
362 167 357 175
368 167 362 175
374 167 369 175
379 167 374 175
385 167 380 176
413 167 407 176
424 167 419 176
430 167 425 177
436 167 430 176
441 167 437 176
447 167 442 176
453 167 446 176
458 167 452 176
464 167 457 177
469 167 462 177
475 167 468 177
368 173 364 181
374 173 370 181
379 173 375 181
385 173 380 181
396 173 386 176
413 173 407 181
419 173 414 182
424 173 419 183
430 173 424 183
436 173 429 182
441 173 437 182
447 173 442 181
453 173 447 181
458 173 453 181
464 173 458 182
469 173 463 182
475 173 468 182
492 173 486 177
374 179 370 186
379 179 376 186
385 179 381 186
396 179 392 183
402 179 397 182
407 179 402 183
413 179 407 187
419 179 415 188
424 179 420 187
430 179 425 188
436 179 430 187
441 179 437 187
447 179 442 186
453 179 448 186
458 179 454 186
464 179 459 186
357 184 353 192
362 184 358 192
379 184 377 192
391 184 387 192
396 184 392 188
402 184 397 188
413 184 408 191
419 184 414 192
424 184 420 192
430 184 426 192
436 184 432 192
441 184 437 192
447 184 442 192
453 184 449 192
458 184 454 191
464 184 462 187
475 184 476 183
481 184 480 182
486 184 485 182
357 190 354 197
362 190 359 198
368 190 364 197
374 190 370 198
379 190 377 198
385 190 381 198
396 190 392 193
402 190 398 198
407 190 403 197
413 190 408 197
419 190 415 197
424 190 421 197
430 190 427 198
436 190 432 198
441 190 438 198
464 190 462 192
469 190 469 189
475 190 475 188
345 196 346 198
357 196 355 204
362 196 359 204
374 196 371 203
379 196 377 203
385 196 382 203
391 196 387 203
396 196 393 203
407 196 403 203
413 196 408 202
419 196 415 203
424 196 421 203
430 196 427 203
436 196 432 204
441 196 438 203
447 196 443 204
453 196 449 199
458 196 458 197
362 201 362 205
374 201 371 208
379 201 377 208
385 201 382 209
391 201 388 208
396 201 393 208
402 201 398 208
407 201 403 208
419 201 415 207
424 201 421 208
430 201 427 208
436 201 432 209
441 201 438 208
447 201 443 208
453 201 451 204
362 207 363 210
379 207 377 215
385 207 382 214
391 207 388 214
396 207 394 213
402 207 399 213
407 207 402 213
413 207 408 211
419 207 415 213
424 207 421 214
430 207 426 214
441 207 437 214
447 207 443 214
453 207 452 209
464 207 463 206
475 207 473 205
328 213 326 220
362 213 363 215
368 213 365 220
374 213 371 220
379 213 377 219
385 213 383 219
391 213 388 219
396 213 394 218
407 213 407 219
419 213 415 219
424 213 421 219
447 213 446 215
458 213 457 213
464 213 463 211
469 213 468 211
475 213 473 211
340 218 337 221
345 218 346 221
379 218 377 226
402 218 401 225
407 218 406 224
419 218 415 225
430 218 429 221
436 218 435 221
441 218 442 219
464 218 463 216
469 218 468 216
475 218 473 216
334 224 336 232
351 224 352 231
357 224 358 231
362 224 364 231
374 224 375 231
379 224 380 231
385 224 385 230
391 224 390 230
396 224 395 230
402 224 401 230
407 224 406 230
413 224 412 230
430 224 429 227
441 224 442 225
464 224 462 222
469 224 468 222
481 224 479 222
334 229 336 237
340 229 342 237
351 229 352 236
357 229 358 236
362 229 364 236
368 229 370 236
374 229 375 237
379 229 380 237
385 229 385 236
391 229 390 235
419 229 418 233
424 229 425 232
453 229 452 228
458 229 457 228
464 229 463 228
469 229 469 228
317 235 319 237
323 235 324 237
340 235 342 243
345 235 347 243
351 235 353 242
357 235 358 241
362 235 363 241
368 235 370 242
374 235 375 242
379 235 379 242
385 235 384 242
391 235 390 241
396 235 396 238
402 235 402 239
407 235 407 239
413 235 413 239
419 235 418 238
424 235 425 237
453 235 451 233
458 235 458 233
464 235 463 233
312 241 314 243
317 241 318 243
328 241 326 244
334 241 336 247
340 241 341 247
345 241 347 247
368 241 370 248
374 241 375 247
379 241 379 246
385 241 384 246
396 241 396 244
402 241 402 244
407 241 407 244
413 241 412 244
419 241 419 243
453 241 452 239
458 241 458 238
464 241 464 238
469 241 470 238
312 246 313 249
317 246 318 249
328 246 326 249
334 246 336 253
340 246 342 253
345 246 348 253
362 246 365 253
379 246 380 252
385 246 385 252
391 246 390 250
396 246 398 249
402 246 402 249
407 246 407 249
413 246 414 248
419 246 420 248
424 246 426 247
430 246 431 246
447 246 448 244
453 246 453 244
458 246 458 244
464 246 464 243
469 246 469 243
306 252 308 254
312 252 315 254
317 252 319 254
328 252 326 254
334 252 336 258
374 252 376 258
379 252 380 257
385 252 386 257
391 252 391 255
396 252 397 255
402 252 403 254
407 252 409 254
413 252 415 253
419 252 421 252
424 252 426 251
430 252 431 251
441 252 442 250
447 252 448 250
453 252 453 250
458 252 459 249
464 252 464 249
469 252 469 248
306 258 309 261
312 258 314 260
323 258 325 260
334 258 337 264
374 258 376 263
379 258 380 263
385 258 387 263
391 258 391 261
396 258 398 261
402 258 404 259
407 258 409 259
436 258 437 256
441 258 442 255
458 258 459 255
464 258 464 254
328 263 330 265
334 263 337 269
345 263 353 270
374 263 376 269
379 263 381 269
391 263 392 266
396 263 398 266
402 263 404 265
430 263 431 261
436 263 437 261
441 263 443 261
447 263 448 260
453 263 454 260
323 269 325 270
328 269 331 271
334 269 336 275
340 269 341 271
345 269 347 270
357 269 360 271
385 269 387 272
391 269 393 271
396 269 399 271
402 269 405 270
413 269 415 269
436 269 437 266
447 269 447 266
323 275 326 276
328 275 331 275
334 275 337 280
340 275 343 280
357 275 359 277
362 275 365 276
374 275 377 277
379 275 382 277
385 275 388 277
391 275 393 276
396 275 399 275
402 275 404 275
407 275 410 274
413 275 416 274
419 275 421 273
424 275 426 272
430 275 432 272
436 275 437 271
441 275 442 272
447 275 448 272
334 280 337 286
340 280 343 286
357 280 359 283
362 280 364 282
379 280 383 282
385 280 388 281
391 280 395 280
396 280 400 279
407 280 410 280
430 280 433 277
436 280 438 277
323 286 329 291
328 286 335 292
334 286 342 292
351 286 354 288
357 286 359 287
362 286 364 288
368 286 374 287
379 286 384 287
385 286 390 286
391 286 395 285
419 286 423 283
424 286 428 283
436 286 438 281
328 292 336 297
334 292 341 297
345 292 348 294
351 292 354 294
357 292 359 293
362 292 365 293
368 292 374 293
374 292 379 292
379 292 385 291
385 292 390 291
424 292 428 288
334 297 341 302
340 297 347 303
351 297 358 299
357 297 364 299
362 297 369 299
368 297 374 298
374 297 380 296
379 297 386 296
385 297 390 295
391 297 396 295
345 303 353 304
351 303 358 304
357 303 364 304
362 303 369 304
368 303 374 303
374 303 380 302
379 303 387 302
351 308 358 309
357 308 363 309
362 308 368 309
368 308 373 308
379 308 381 308
345 314 352 314
351 314 357 314
357 314 363 314
362 314 369 313
