481 127 328 164
493 127 325 158
493 133 331 160
530 133 333 129
530 139 338 131
401 145 307 165
456 145 348 191
401 151 311 167
419 151 317 153
432 151 347 206
438 151 348 202
450 151 350 197
456 151 352 193
462 151 355 189
548 151 349 130
401 157 315 168
444 157 354 199
462 157 360 191
548 157 355 132
468 170 361 241
560 170 367 127
493 176 369 178
499 176 372 174
505 176 369 168
524 176 361 152
548 176 383 140
370 182 332 188
462 182 363 193
474 182 365 188
505 182 374 170
517 182 362 160
542 182 387 143
560 182 372 129
567 182 373 127
505 188 379 172
511 188 381 169
560 188 361 130
321 194 343 232
419 194 379 249
425 194 381 245
481 194 377 188
499 194 381 178
505 194 383 175
511 194 385 171
346 200 348 224
395 200 341 182
401 200 342 178
425 200 385 246
432 206 389 243
474 206 391 201
481 206 393 197
536 206 410 164
542 206 401 152
419 213 389 254
425 213 391 249
432 213 392 246
438 213 394 241
481 219 398 199
499 219 405 197
530 219 413 171
536 219 415 167
542 219 405 152
370 225 358 227
376 225 360 224
530 225 416 174
548 225 411 151
339 231 347 239
468 231 404 218
474 231 403 213
481 231 406 209
487 231 407 203
505 231 399 177
530 231 394 152
542 231 410 154
407 237 363 214
450 237 406 241
456 237 408 236
505 237 403 179
370 262 356 233
468 262 416 219
487 262 407 182
376 274 362 231
493 280 421 187
309 286 362 263
499 292 426 178
530 292 431 166
487 305 428 175
481 311 429 181
407 335 417 240
425 335 376 211
389 341 372 230
407 341 377 221
358 348 404 279
382 348 421 254
358 354 417 274
