0.9973843693733215 0.05272622033953667 -0.04943980649113655 0.003342953976243734 
-0.05373326316475868 0.9983694553375244 -0.0192649457603693 0.02653751522302628 
0.04834340512752533 0.02187116257846355 0.9985912442207336 -0.3784977495670319 
0 0 0 1 

0.9767216444015503 0.0660281777381897 -0.2040957659482956 0.06611537933349609 
-0.07197527587413788 0.99716717004776 -0.02184605784714222 0.02823603898286819 
0.2020751386880875 0.03602736443281174 0.9787071347236633 -0.369992733001709 
0 0 0 1 

0.9466512799263 0.06338483840227127 -0.3159646391868591 0.1123317927122116 
-0.06259455531835556 0.9979587197303772 0.01266037300229073 0.01578750461339951 
0.3161221444606781 0.007792721502482891 0.9486864805221558 -0.3584054410457611 
0 0 0 1 

0.9328283667564392 0.07158802449703217 -0.3531377017498016 0.1282638907432556 
-0.06198644265532494 0.9973364472389221 0.0384400337934494 0.009249933063983917 
0.3549489676952362 -0.01396818365901709 0.9347812533378601 -0.3509206175804138 
0 0 0 1 

0.5661704540252686 0.8172340393066406 -0.1076075285673141 0.02973516471683979 
-0.8214592933654785 0.5702049732208252 0.008409049361944199 0.03050312213599682 
0.06823050230741501 0.08363427221775055 0.9941579103469849 -0.2285623997449875 
0 0 0 1 

0.5358192920684814 0.8387746214866638 -0.09671911597251892 0.02449708990752697 
-0.8423967957496643 0.5233196020126343 -0.1284676641225815 0.06622549146413803 
-0.05714045837521553 0.1503113359212875 0.9869860410690308 -0.2238660752773285 
0 0 0 1 

0.5270165205001831 0.8442068099975586 -0.09781820327043533 0.02217295952141285 
-0.8342411518096924 0.4919338822364807 -0.2490835636854172 0.0968417301774025 
-0.1621579825878143 0.2128751128911972 0.9635294079780579 -0.213377833366394 
0 0 0 1 

0.4632652103900909 0.8779438138008118 -0.1208301782608032 0.02822864055633545 
-0.8379266858100891 0.3895363211631775 -0.3822828233242035 0.1311695426702499 
-0.2885551154613495 0.278345137834549 0.9161112904548645 -0.1949311047792435 
0 0 0 1 

0.4251237809658051 0.895318329334259 -0.1329457461833954 0.03229096531867981 
-0.8184818625450134 0.3175418972969055 -0.4788049757480621 0.1557332426309586 
-0.3864671885967255 0.3123650252819061 0.8677967190742493 -0.1785287857055664 
0 0 0 1 

0.4014360308647156 0.9013965129852295 -0.1622752845287323 0.04166021198034286 
-0.8179196119308472 0.273097038269043 -0.506384551525116 0.1619061976671219 
-0.4121364057064056 0.3360091149806976 0.8469010591506958 -0.1723997741937637 
0 0 0 1 

