415 144 406 149
420 144 415 145
426 144 423 147
420 149 412 150
415 155 399 154
420 155 405 156
426 155 411 159
431 155 417 161
436 155 428 157
404 160 396 161
420 160 403 162
426 160 409 166
431 160 413 168
436 160 425 164
442 160 433 165
398 165 360 172
436 165 414 174
442 165 430 172
447 165 436 174
426 171 406 170
447 171 426 179
453 171 433 183
420 176 476 188
442 176 417 184
453 176 427 185
464 176 445 191
469 176 452 194
436 182 403 187
442 182 411 189
447 182 418 190
453 182 425 192
458 182 432 190
464 182 438 190
480 182 506 191
485 182 512 193
387 187 334 185
404 187 356 184
409 187 362 186
426 187 383 192
436 187 400 193
442 187 407 194
447 187 414 195
453 187 421 197
458 187 428 197
464 187 436 198
398 193 347 189
404 193 355 190
415 193 362 195
420 193 373 197
431 193 389 196
436 193 397 198
442 193 404 199
458 193 425 204
464 193 433 205
469 193 440 205
398 198 339 194
404 198 347 196
409 198 353 199
415 198 358 201
420 198 363 203
431 198 384 202
442 198 397 205
447 198 402 208
453 198 415 207
458 198 423 209
464 198 430 211
480 198 444 216
382 203 351 236
404 203 343 202
409 203 349 204
415 203 355 207
420 203 362 209
431 203 381 208
436 203 387 210
442 203 392 212
447 203 400 212
453 203 408 213
458 203 416 215
469 203 436 213
475 203 434 221
480 203 444 222
491 203 459 222
415 209 353 212
426 209 369 213
431 209 375 213
436 209 382 215
442 209 390 217
453 209 404 219
458 209 412 220
464 209 419 222
475 209 432 227
485 209 448 226
491 209 454 229
398 214 334 207
409 214 345 213
420 214 358 218
426 214 365 218
431 214 373 220
447 214 395 223
453 214 402 224
458 214 409 225
469 214 419 228
475 214 425 231
480 214 432 233
485 214 438 235
491 214 452 235
393 220 348 252
398 220 331 214
404 220 337 216
409 220 345 219
415 220 350 221
431 220 367 227
436 220 379 232
442 220 385 233
453 220 401 230
491 220 441 245
387 225 321 220
431 225 367 236
469 225 389 258
420 231 349 228
431 231 357 232
436 231 363 235
436 236 362 239
442 236 368 242
339 247 277 212
333 252 268 217
349 252 262 235
404 263 339 302
453 263 484 191
328 269 245 244
333 269 251 247
415 269 314 263
409 274 304 266
447 274 481 197
415 280 315 278
420 280 322 280
420 285 320 287
382 291 280 272
398 291 295 277
382 296 277 279
393 296 284 283
398 296 294 284
458 296 502 206
382 307 276 286
436 323 318 312
436 329 317 317
349 334 261 281
426 334 295 317
431 334 301 320
436 334 308 322
431 339 299 325
409 361 291 329
415 361 297 332
