0.4578182101249695 0.859552800655365 -0.227093368768692 0.06370993703603745 
-0.8880502581596375 0.4300500750541687 -0.1625534296035767 0.08655566722154617 
-0.04206180572509766 0.2760902345180511 0.960210919380188 -0.2752629816532135 
0 0 0 1 

0.533302903175354 0.8186761736869812 -0.2129722237586975 0.05363159626722336 
-0.8413606286048889 0.4872239232063293 -0.2339337468147278 0.1060890704393387 
-0.08775085955858231 0.3039439916610718 0.948639988899231 -0.2680007219314575 
0 0 0 1 

0.5937354564666748 0.7788476943969727 -0.2021741718053818 0.046284019947052 
-0.7951017618179321 0.5292503237724304 -0.2961539924144745 0.1213115230202675 
-0.1236581280827522 0.3365861475467682 0.9334979653358459 -0.2599729895591736 
0 0 0 1 

0.6747782230377197 0.7164024710655212 -0.1773181259632111 0.03275186568498611 
-0.7196252942085266 0.5853783488273621 -0.3734586238861084 0.1373932212591171 
-0.163748562335968 0.3796043395996094 0.9105420708656311 -0.2490285485982895 
0 0 0 1 

0.7384910583496094 0.6544033885002136 -0.1624408662319183 0.0247423704713583 
-0.6465560793876648 0.6189347505569458 -0.4459649920463562 0.1518895924091339 
-0.1913008093833923 0.4343683123588562 0.8801864385604858 -0.234939381480217 
0 0 0 1 

0.767211377620697 0.6240402460098267 -0.1481898427009583 0.01824868097901344 
-0.5937761068344116 0.6036745309829712 -0.5319836735725403 0.1713375002145767 
-0.2425209879875183 0.4961355030536652 0.833686351776123 -0.2142976820468903 
0 0 0 1 

0.7945927977561951 0.5882967114448547 -0.1500970125198364 0.01598440669476986 
-0.5324209332466125 0.556354284286499 -0.6379636526107788 0.1985145658254623 
-0.2918049395084381 0.5868360996246338 0.7552967667579651 -0.1855663806200027 
0 0 0 1 

0.8176687955856323 0.5567985773086548 -0.1462634652853012 0.01275713928043842 
-0.4780653417110443 0.5151813626289368 -0.7113659381866455 0.2177527546882629 
-0.3207354247570038 0.6515852212905884 0.6874338984489441 -0.1614526659250259 
0 0 0 1 

0.8483735322952271 0.5111801028251648 -0.1376851201057434 0.007207555696368217 
-0.4080328345298767 0.4656746983528137 -0.7852745652198792 0.2367663979530334 
-0.3373003304004669 0.7223861813545227 0.6036444306373596 -0.1376641988754272 
0 0 0 1 

0.8363009095191956 0.5408230423927307 -0.09006334096193314 -0.01044371351599693 
-0.4541012048721313 0.5911998748779297 -0.6665394306182861 0.2153986692428589 
-0.3072344958782196 0.598325252532959 0.7400093674659729 -0.181128591299057 
0 0 0 1 

