0.2026038616895676 0.1428700387477875 -0.9687827229499817 0.3926031887531281 
-0.08863681554794312 0.9879146218299866 0.1271546632051468 -0.01964304968714714 
0.9752411842346191 0.06010777503252029 0.2128188759088516 -0.07972706109285355 
0 0 0 1 

0.1825450658798218 0.1557249426841736 -0.9707866907119751 0.3915939927101135 
-0.07458976656198502 0.9867252111434937 0.1442559063434601 -0.02188895270228386 
0.9803639054298401 0.04607757925987244 0.1917372941970825 -0.06435165554285049 
0 0 0 1 

0.174540638923645 0.1516607403755188 -0.9728999733924866 0.3893642127513885 
-0.07720788568258286 0.987132728099823 0.1400281190872192 -0.01637719012796879 
0.9816182255744934 0.05067497119307518 0.1840042024850845 -0.05283327028155327 
0 0 0 1 

0.1938917636871338 0.1455688923597336 -0.9701626896858215 0.385019838809967 
-0.0854119211435318 0.9876793026924133 0.131127193570137 -0.01118582021445036 
0.9772976636886597 0.05743898078799248 0.2039361894130707 -0.05068258568644524 
0 0 0 1 

0.4148546457290649 0.2756442129611969 -0.8671306967735291 0.40467369556427 
-0.2967224419116974 0.9418942332267761 0.1574514955282211 -0.003809479530900717 
0.8601459860801697 0.1919776946306229 0.4725390374660492 -0.0515025369822979 
0 0 0 1 

0.4343107938766479 0.299114465713501 -0.8496496677398682 0.4096142947673798 
-0.3256982862949371 0.931583046913147 0.1614732444286346 -0.003879673313349485 
0.8398181796073914 0.2065999060869217 0.5020177364349365 -0.06439679861068726 
0 0 0 1 

0.4168618023395538 0.3044213950634003 -0.8564773797988892 0.4003792405128479 
-0.2593090832233429 0.9429231286048889 0.2089371085166931 -0.02381401136517525 
0.8711972832679749 0.1349945515394211 0.4720079302787781 -0.05986637622117996 
0 0 0 1 

0.4216363430023193 0.3020452857017517 -0.8549802303314209 0.3940044641494751 
-0.2272036075592041 0.9480036497116089 0.2228621393442154 -0.03037825971841812 
0.8778388500213623 0.1002878844738007 0.4683386087417603 -0.06191322207450867 
0 0 0 1 

0.3998442888259888 0.3088440895080566 -0.8629830479621887 0.3714939653873444 
-0.1253093034029007 0.9511008262634277 0.2823203206062317 -0.05879291892051697 
0.9079768657684326 -0.004744331818073988 0.4189932942390442 -0.05205829441547394 
0 0 0 1 

0.4354849457740784 0.3397524356842041 -0.8336192965507507 0.3408228158950806 
-0.08018423616886139 0.9370014071464539 0.3399986624717712 -0.08972173929214478 
0.8966176509857178 -0.08122110366821289 0.4352927207946777 -0.06304540485143661 
0 0 0 1 

