438 131 477 153
450 131 481 156
456 131 488 160
414 143 414 164
420 143 419 165
432 143 440 169
408 149 405 167
414 149 411 169
426 149 423 171
390 155 358 171
402 155 379 174
420 155 415 176
432 155 426 184
384 161 349 175
390 161 356 177
396 161 362 179
414 161 407 179
420 161 413 181
426 161 419 184
438 161 433 187
396 167 358 186
420 167 412 186
426 167 417 189
432 167 421 191
438 167 429 193
444 167 436 196
450 167 443 198
474 167 489 197
366 173 334 178
372 173 339 180
396 173 398 181
402 173 371 191
420 173 409 192
426 173 414 195
432 173 419 197
438 173 425 199
444 173 433 201
450 173 440 203
396 179 356 196
432 179 417 202
444 179 430 207
486 179 496 213
342 185 317 180
348 185 363 175
432 185 410 208
438 185 417 210
444 185 424 213
450 185 431 216
330 191 309 181
336 191 314 183
420 191 394 210
426 191 401 211
432 191 409 213
444 191 422 218
450 191 427 222
498 191 503 231
324 197 300 184
330 197 305 188
336 197 312 190
420 197 390 216
426 197 399 217
432 197 407 220
450 197 425 228
456 197 430 229
468 197 442 234
312 203 284 188
414 203 383 218
462 203 434 237
468 203 440 240
480 203 447 244
486 203 454 247
492 203 494 240
498 203 501 242
504 203 506 245
306 209 275 192
462 209 429 240
474 209 438 248
480 209 444 250
486 209 451 252
348 215 314 205
390 215 353 222
462 215 423 247
480 215 442 255
300 221 298 193
354 221 317 213
360 221 324 216
366 221 330 219
390 221 350 228
396 221 357 230
276 227 247 196
282 227 252 197
288 227 292 191
384 227 340 232
390 227 347 235
462 227 419 257
468 227 426 260
270 233 332 184
276 233 338 185
294 233 279 206
300 233 284 209
318 233 299 208
330 233 307 212
354 233 315 223
384 233 338 237
396 233 353 238
462 233 422 263
264 239 237 198
276 239 335 192
282 239 341 194
348 239 312 229
366 239 321 233
372 239 327 235
390 239 343 242
396 239 350 243
258 245 228 202
264 245 236 204
360 245 311 236
366 245 318 239
372 245 323 242
378 245 330 245
384 245 336 246
390 245 342 247
270 251 246 210
282 251 263 261
354 251 301 240
366 251 315 244
372 251 321 247
378 251 326 251
384 251 333 253
378 257 323 256
384 257 330 258
420 257 364 269
306 263 268 231
312 263 274 234
270 269 233 226
276 269 238 228
354 269 302 255
384 269 323 262
390 269 328 264
402 269 339 273
270 275 231 233
282 275 248 231
342 275 297 252
390 275 326 272
396 275 332 274
288 281 258 238
294 281 266 239
366 281 319 267
384 281 324 276
396 281 330 281
282 287 235 240
288 287 242 244
294 287 263 245
312 287 267 254
318 287 273 256
336 287 284 263
348 287 292 266
354 287 298 268
360 287 305 270
372 287 311 274
288 293 239 251
294 293 245 253
324 293 270 263
330 293 275 265
348 293 288 272
354 293 295 274
366 293 303 277
372 293 309 279
378 293 313 283
294 299 241 258
330 299 273 270
342 299 279 274
354 299 287 279
360 299 292 281
366 299 300 282
372 299 305 285
306 305 255 264
312 305 262 266
318 305 267 268
348 305 279 281
354 305 285 283
360 305 291 286
306 311 247 268
312 311 258 272
324 311 266 276
330 311 272 278
342 311 270 284
348 311 276 286
354 311 283 288
300 317 237 270
306 317 243 274
312 317 249 276
318 317 257 279
306 323 241 281
318 323 248 282
324 323 254 285
276 329 234 263
318 329 246 288
306 335 238 288
306 341 251 291
