449 70 353 3
405 77 361 6
474 89 400 39
480 89 405 37
474 95 402 48
480 95 407 46
486 95 415 42
505 120 473 96
468 127 356 134
474 127 351 112
505 127 474 103
468 133 358 140
474 133 363 140
480 139 361 124
493 139 368 117
511 139 386 136
518 139 393 135
524 139 400 133
436 145 334 146
493 145 368 124
499 145 377 122
518 145 395 142
524 145 403 140
380 152 299 160
387 152 303 158
405 152 314 155
424 152 328 155
430 152 327 146
436 152 338 155
443 152 342 154
468 152 359 156
480 152 367 157
493 152 370 131
518 152 396 149
524 152 406 148
380 158 300 166
393 158 307 164
405 158 314 163
418 158 320 154
424 158 330 163
436 158 338 162
443 158 343 163
455 158 352 161
474 158 362 162
480 158 369 162
511 158 398 157
405 164 314 171
418 164 325 172
424 164 330 171
436 164 340 170
468 164 363 169
480 164 370 168
493 164 384 168
499 164 390 167
511 164 400 165
543 164 449 60
318 170 263 185
374 170 295 177
380 170 304 177
387 170 308 176
418 170 325 177
424 170 331 177
436 170 341 176
443 170 347 175
455 170 355 175
374 177 296 183
380 177 304 184
393 177 312 183
399 177 315 180
418 177 327 184
424 177 333 185
436 177 343 183
443 177 347 183
455 177 357 181
468 177 365 181
474 177 370 180
486 177 379 177
493 177 386 176
374 183 297 189
380 183 304 190
393 183 311 189
399 183 316 188
418 183 329 190
424 183 334 191
436 183 344 191
443 183 349 189
455 183 357 187
474 183 373 187
486 183 381 184
493 183 388 182
499 183 396 180
524 183 426 181
324 189 267 195
374 189 298 197
380 189 305 197
393 189 312 195
405 189 321 196
474 189 376 193
480 189 380 192
493 189 391 189
499 189 397 188
511 189 413 187
524 189 426 187
374 195 299 204
387 195 308 204
393 195 312 202
405 195 322 202
418 195 331 202
424 195 336 201
436 195 345 199
443 195 351 197
474 195 375 200
480 195 381 198
493 195 393 195
499 195 399 195
505 195 406 194
511 195 413 194
349 202 284 211
387 202 309 211
393 202 315 210
418 202 332 209
424 202 337 208
443 202 354 204
455 202 361 203
474 202 377 206
480 202 383 205
486 202 391 203
499 202 401 201
505 202 407 201
511 202 413 201
337 208 270 220
343 208 276 218
349 208 284 216
418 208 334 214
424 208 340 214
436 208 349 213
443 208 354 211
455 208 361 209
461 208 368 208
486 208 393 211
493 208 399 209
343 214 278 224
418 214 335 222
424 214 341 219
455 214 364 215
461 214 370 215
468 214 377 215
380 220 301 224
405 220 325 225
418 220 336 229
436 220 350 223
443 220 356 222
461 220 373 222
474 220 384 243
511 220 424 206
530 220 448 204
405 226 327 232
430 226 345 230
436 226 352 229
443 226 358 228
449 226 364 227
461 226 374 229
505 226 419 216
511 226 432 213
518 226 439 212
524 226 446 210
536 226 457 210
424 233 343 238
436 233 352 238
443 233 358 236
449 233 366 234
480 233 396 227
486 233 402 227
493 233 409 224
499 233 418 221
505 233 427 220
511 233 434 220
518 233 440 219
536 233 464 215
543 233 470 215
299 239 279 257
399 239 322 242
405 239 329 240
412 239 337 237
449 239 368 240
486 239 403 233
505 239 428 226
511 239 434 226
518 239 441 225
524 239 450 224
530 239 457 222
536 239 464 221
543 239 472 221
387 245 313 249
393 245 321 250
405 245 330 246
424 245 346 244
430 245 352 244
436 245 358 242
511 245 435 233
518 245 442 233
412 251 337 247
436 251 360 248
499 251 423 238
505 251 430 235
524 251 453 232
330 258 303 267
393 258 323 258
468 258 393 252
474 258 401 250
486 258 411 247
511 258 437 242
405 264 335 262
443 264 372 256
493 264 418 255
443 270 372 262
493 270 419 261
362 276 303 276
418 276 355 258
424 276 363 256
443 276 380 261
374 283 315 281
380 283 321 280
418 283 356 264
424 283 359 273
430 283 366 272
436 283 373 270
443 283 382 267
449 283 389 266
461 289 411 262
474 289 427 259
412 295 353 283
418 295 359 282
424 295 367 280
449 295 391 290
461 295 412 269
387 301 330 294
393 301 338 292
399 301 344 291
412 301 354 288
418 301 360 287
330 320 309 297
374 320 332 302
405 333 372 303
424 333 394 298
374 339 364 303
393 339 379 295
399 339 385 292
