412 83 370 13
474 95 403 60
474 133 341 152
436 139 317 150
474 145 347 176
511 145 470 125
518 145 478 124
524 145 485 119
474 152 348 182
480 152 356 181
380 158 292 177
393 158 298 176
418 158 308 173
449 158 332 180
387 164 295 185
393 164 301 184
424 164 319 189
486 164 381 231
387 170 296 192
393 170 302 190
424 170 319 195
430 170 326 194
443 170 333 193
455 170 341 193
486 170 382 238
374 177 288 195
424 177 321 203
430 177 326 201
455 177 342 198
480 177 359 197
486 177 365 195
393 183 303 200
424 183 322 209
430 183 328 208
474 183 359 203
486 183 367 201
493 183 375 199
387 189 298 208
393 189 304 207
412 189 313 205
474 189 362 210
493 189 377 206
511 189 390 206
387 195 299 215
412 195 314 211
474 195 363 217
349 202 277 220
412 202 316 220
430 202 332 218
461 202 359 241
499 202 385 216
343 208 272 228
349 208 277 227
362 208 287 226
412 208 318 227
418 208 325 227
468 208 366 242
412 214 320 235
418 214 327 234
430 214 334 232
443 214 342 231
455 214 350 230
468 214 368 248
412 220 321 241
418 220 328 240
430 220 336 239
443 220 345 236
449 220 350 235
536 226 442 227
299 233 267 253
499 233 404 234
505 233 412 234
511 233 420 233
518 233 426 232
399 239 315 253
405 239 322 251
499 239 407 240
505 239 414 240
511 239 420 239
518 239 427 237
524 239 434 236
530 239 444 241
493 245 401 249
499 245 408 247
505 245 415 246
511 245 421 245
518 245 428 245
387 251 307 261
499 251 410 254
505 251 415 253
518 251 424 253
524 251 430 251
480 258 395 260
486 258 401 257
499 258 410 263
511 258 419 261
486 276 408 280
430 283 359 274
436 283 366 274
443 283 374 272
449 283 382 270
455 283 389 269
405 289 338 285
412 289 344 284
418 289 350 282
424 289 358 281
436 289 366 281
443 289 374 281
449 289 383 277
455 289 390 275
474 289 419 271
418 295 351 289
424 295 359 287
449 295 384 292
393 301 330 297
412 301 347 293
399 308 339 299
393 333 370 295
393 339 371 302
405 345 386 302
