107 3 106 2
111 3 110 2
115 3 113 2
128 3 127 3
132 3 130 3
136 3 134 3
140 3 138 2
144 3 146 4
148 3 150 3
153 3 154 3
157 3 158 3
161 3 162 3
165 3 167 3
169 3 171 3
174 3 174 3
178 3 179 3
182 3 184 3
190 3 191 3
199 3 199 3
207 3 203 2
107 7 105 7
111 7 109 7
115 7 113 9
119 7 117 9
123 7 122 11
128 7 126 11
132 7 131 7
136 7 135 7
140 7 142 9
144 7 145 8
148 7 150 9
153 7 154 8
157 7 158 8
161 7 162 9
165 7 167 9
169 7 171 9
174 7 175 9
178 7 179 7
182 7 183 8
186 7 187 7
190 7 192 7
203 7 204 9
211 7 212 9
215 7 216 9
107 11 105 14
111 11 109 14
115 11 114 13
119 11 118 14
123 11 122 15
128 11 126 14
140 11 141 14
144 11 145 12
153 11 154 12
157 11 158 12
161 11 163 13
165 11 167 13
169 11 171 13
174 11 174 13
178 11 179 14
182 11 183 12
186 11 186 12
190 11 191 12
203 11 198 10
207 11 208 13
211 11 212 13
215 11 216 13
219 11 221 13
224 11 224 13
107 15 105 18
111 15 110 17
115 15 114 17
132 15 132 17
136 15 137 17
140 15 142 18
144 15 145 17
148 15 149 16
153 15 155 17
161 15 163 17
165 15 167 18
169 15 171 18
174 15 174 18
178 15 178 18
182 15 182 18
203 15 199 14
207 15 207 18
211 15 212 18
215 15 217 18
219 15 221 17
232 15 228 15
107 19 106 22
111 19 110 22
115 19 115 22
123 19 122 22
128 19 127 22
132 19 132 21
136 19 137 21
140 19 141 22
144 19 145 21
148 19 149 21
153 19 154 22
157 19 158 20
161 19 162 22
165 19 166 22
178 19 178 22
182 19 183 22
199 19 195 23
211 19 213 22
219 19 221 21
224 19 223 20
232 19 229 19
236 19 235 21
111 23 111 25
115 23 116 26
119 23 120 26
128 23 129 26
132 23 133 25
136 23 137 25
140 23 141 25
144 23 145 26
148 23 150 26
153 23 154 27
157 23 158 27
161 23 162 26
165 23 166 26
174 23 174 22
178 23 178 27
182 23 183 26
186 23 187 26
190 23 190 26
215 23 215 26
219 23 220 26
228 23 231 27
240 23 239 26
107 28 106 30
115 28 116 30
123 28 125 30
128 28 129 30
132 28 133 30
136 28 137 30
140 28 142 30
144 28 145 30
148 28 149 30
153 28 154 30
157 28 158 31
161 28 162 31
174 28 173 30
178 28 178 30
182 28 183 30
186 28 186 30
190 28 190 30
194 28 194 30
207 28 208 30
211 28 212 28
228 28 227 31
232 28 230 31
236 28 235 30
107 32 106 34
111 32 111 34
115 32 115 34
123 32 122 34
128 32 130 34
132 32 133 34
136 32 137 34
140 32 141 34
144 32 145 34
148 32 149 34
153 32 154 34
157 32 158 35
161 32 162 35
169 32 170 31
174 32 174 34
182 32 183 34
186 32 187 34
190 32 191 34
194 32 195 34
199 32 200 35
211 32 212 32
215 32 215 32
219 32 219 32
228 32 227 35
232 32 231 35
236 32 235 35
107 36 106 38
111 36 111 38
115 36 114 38
119 36 119 38
123 36 123 38
128 36 129 38
132 36 133 38
136 36 137 38
140 36 141 38
144 36 145 39
148 36 149 39
153 36 154 40
157 36 159 40
161 36 162 39
165 36 166 38
169 36 171 38
178 36 179 36
186 36 187 38
190 36 191 38
194 36 195 38
199 36 200 39
203 36 204 38
207 36 208 38
215 36 215 38
219 36 219 38
224 36 224 38
228 36 228 38
232 36 231 39
236 36 235 39
240 36 238 40
107 40 106 42
111 40 110 42
115 40 114 42
123 40 125 42
128 40 129 42
132 40 133 42
136 40 137 42
140 40 141 42
144 40 146 43
148 40 151 44
153 40 155 44
157 40 159 43
161 40 162 42
165 40 167 43
169 40 170 42
174 40 175 42
178 40 179 40
182 40 183 40
186 40 187 42
190 40 191 42
194 40 195 43
199 40 200 43
203 40 204 43
207 40 208 42
211 40 213 43
224 40 224 42
228 40 228 43
232 40 232 42
236 40 235 43
107 44 106 46
115 44 115 47
119 44 118 43
123 44 125 46
128 44 129 47
132 44 133 47
136 44 137 47
140 44 142 47
144 44 146 47
148 44 151 47
153 44 155 47
157 44 158 47
161 44 163 46
165 44 167 46
169 44 171 46
174 44 175 46
178 44 179 46
182 44 183 46
186 44 187 46
190 44 191 47
194 44 195 47
199 44 200 47
203 44 204 47
207 44 209 48
211 44 213 48
215 44 217 47
219 44 220 46
228 44 228 47
232 44 232 47
236 44 235 47
107 49 106 50
111 49 110 49
115 49 115 51
119 49 118 51
123 49 125 51
132 49 132 51
136 49 137 51
140 49 142 51
144 49 146 51
148 49 150 51
153 49 155 51
157 49 158 51
161 49 162 50
165 49 167 51
169 49 171 51
174 49 175 51
178 49 180 51
182 49 184 51
186 49 188 52
190 49 192 52
199 49 200 51
203 49 204 51
211 49 213 52
215 49 217 51
219 49 220 50
224 49 223 50
228 49 228 50
232 49 232 50
236 49 235 51
102 53 102 54
107 53 106 54
111 53 111 54
115 53 115 55
119 53 118 55
123 53 124 55
128 53 129 55
132 53 133 55
136 53 137 55
140 53 141 56
144 53 145 55
148 53 150 55
153 53 154 54
157 53 158 55
161 53 162 55
165 53 166 55
169 53 171 55
174 53 176 55
178 53 180 56
182 53 184 55
186 53 188 55
190 53 192 55
199 53 200 56
203 53 204 55
207 53 208 56
211 53 213 56
215 53 217 56
219 53 220 55
224 53 223 55
228 53 228 55
232 53 231 54
102 57 102 58
107 57 106 58
111 57 110 58
115 57 114 58
119 57 118 58
123 57 122 58
128 57 128 59
132 57 132 59
136 57 137 59
140 57 141 60
144 57 145 60
148 57 150 59
153 57 154 58
157 57 158 59
161 57 162 59
165 57 166 59
169 57 171 59
174 57 176 59
178 57 180 59
182 57 184 59
186 57 188 59
190 57 192 60
194 57 196 60
199 57 200 60
203 57 204 59
207 57 208 59
211 57 213 60
215 57 217 60
219 57 220 60
224 57 224 60
236 57 235 56
102 61 102 63
107 61 106 63
111 61 111 63
115 61 114 63
119 61 118 63
123 61 122 63
128 61 128 64
132 61 132 63
140 61 141 64
148 61 150 63
153 61 154 62
157 61 158 63
161 61 162 64
165 61 167 64
169 61 171 63
174 61 175 63
178 61 180 63
182 61 183 63
186 61 188 64
190 61 192 64
194 61 196 64
199 61 200 64
203 61 205 63
207 61 208 64
211 61 212 64
215 61 217 64
219 61 220 64
224 61 223 64
228 61 227 64
232 61 231 60
102 65 103 67
107 65 107 67
111 65 110 67
115 65 114 67
119 65 118 67
123 65 122 67
128 65 130 68
132 65 133 68
140 65 142 68
144 65 145 68
148 65 149 67
153 65 155 67
157 65 158 68
161 65 163 68
165 65 167 68
169 65 171 67
174 65 175 67
178 65 180 67
182 65 184 68
186 65 188 68
194 65 195 68
199 65 200 67
203 65 204 67
207 65 208 68
211 65 213 68
215 65 216 68
219 65 220 67
224 65 224 67
98 69 98 72
102 69 102 72
107 69 107 72
111 69 111 72
115 69 114 71
119 69 118 72
123 69 122 72
128 69 126 72
132 69 130 71
136 69 135 71
140 69 138 71
144 69 145 71
148 69 150 71
153 69 154 71
157 69 158 72
161 69 163 72
165 69 167 72
169 69 171 71
174 69 175 71
178 69 180 71
182 69 184 72
186 69 187 71
190 69 190 71
199 69 199 72
203 69 204 72
207 69 208 71
211 69 212 72
215 69 216 73
219 69 220 72
224 69 224 71
228 69 228 68
98 74 98 76
102 74 102 76
107 74 106 76
111 74 110 75
115 74 114 76
119 74 118 76
123 74 122 76
128 74 126 76
132 74 131 75
136 74 135 75
144 74 142 75
148 74 150 75
153 74 154 76
157 74 158 76
161 74 162 76
165 74 167 76
169 74 171 76
174 74 175 76
178 74 179 76
182 74 184 76
186 74 187 76
190 74 190 75
199 74 200 76
203 74 204 76
207 74 208 76
215 74 216 77
219 74 220 78
98 78 98 80
102 78 102 80
107 78 106 81
111 78 110 80
115 78 115 80
119 78 119 80
123 78 122 80
128 78 127 80
136 78 135 80
140 78 138 80
144 78 143 79
148 78 150 80
153 78 154 80
157 78 158 80
161 78 162 80
165 78 166 80
169 78 171 80
174 78 176 80
178 78 179 81
182 78 184 80
186 78 187 80
190 78 191 79
194 78 195 80
199 78 200 80
203 78 204 80
207 78 208 80
215 78 216 81
224 78 224 76
94 82 94 84
98 82 98 84
102 82 102 84
107 82 106 85
111 82 109 85
115 82 114 84
119 82 119 84
123 82 122 84
128 82 127 84
136 82 134 84
140 82 138 84
144 82 143 84
148 82 150 84
153 82 154 84
157 82 158 84
161 82 162 84
165 82 166 84
169 82 171 84
174 82 176 84
178 82 179 84
182 82 183 84
186 82 188 84
190 82 191 84
194 82 195 83
199 82 200 84
207 82 207 84
211 82 212 84
215 82 216 84
219 82 220 80
224 82 224 80
94 86 94 88
98 86 98 88
102 86 101 89
107 86 105 89
111 86 110 89
115 86 114 89
119 86 118 89
123 86 122 89
128 86 127 89
132 86 130 88
136 86 133 89
144 86 145 88
148 86 149 89
153 86 153 88
157 86 158 88
161 86 162 89
165 86 167 88
169 86 172 89
174 86 175 88
178 86 179 88
182 86 184 89
186 86 188 88
190 86 191 87
194 86 195 88
199 86 200 88
203 86 204 88
215 86 216 89
219 86 220 89
224 86 223 89
94 90 94 92
98 90 98 92
102 90 101 93
107 90 105 93
111 90 109 93
115 90 114 93
119 90 118 93
123 90 122 94
128 90 129 92
132 90 134 92
136 90 137 91
144 90 145 92
148 90 149 93
153 90 153 93
157 90 157 93
161 90 163 93
165 90 167 93
169 90 172 92
174 90 175 92
178 90 180 92
182 90 184 92
186 90 188 92
190 90 192 93
194 90 196 92
199 90 200 92
203 90 204 92
207 90 207 92
211 90 212 93
215 90 216 93
219 90 219 93
86 94 85 97
90 94 90 97
94 94 94 96
98 94 98 97
102 94 101 97
107 94 105 97
111 94 109 97
115 94 114 97
119 94 118 97
123 94 125 97
128 94 129 97
132 94 133 96
136 94 137 96
140 94 140 96
144 94 145 97
148 94 149 97
153 94 152 97
157 94 157 96
161 94 163 96
165 94 167 97
169 94 171 97
174 94 175 96
178 94 179 96
182 94 184 97
186 94 188 97
190 94 192 97
194 94 196 96
199 94 200 96
203 94 204 96
207 94 208 96
211 94 212 97
215 94 215 98
219 94 219 98
86 99 85 101
90 99 90 101
94 99 94 101
98 99 98 101
102 99 101 101
107 99 106 101
111 99 110 101
115 99 114 101
119 99 117 101
123 99 125 101
128 99 129 101
132 99 133 101
136 99 136 100
144 99 143 101
148 99 147 100
153 99 153 100
157 99 157 100
161 99 162 100
165 99 166 100
169 99 170 100
174 99 174 100
178 99 179 101
182 99 182 100
186 99 187 100
190 99 192 101
194 99 196 101
199 99 200 100
203 99 204 100
207 99 207 100
211 99 212 101
215 99 215 102
219 99 219 101
82 103 81 105
86 103 85 105
90 103 90 105
94 103 94 105
98 103 98 105
102 103 102 105
107 103 108 105
111 103 112 105
119 103 117 106
123 103 126 105
128 103 130 105
132 103 132 105
136 103 136 105
144 103 143 105
148 103 147 104
153 103 153 103
157 103 157 104
161 103 161 104
165 103 165 104
169 103 170 104
174 103 174 104
178 103 179 105
182 103 182 104
186 103 187 104
190 103 191 105
194 103 195 105
199 103 200 105
203 103 204 105
207 103 207 104
215 103 216 105
219 103 219 105
86 107 86 110
90 107 90 109
94 107 94 109
98 107 98 109
102 107 104 109
107 107 108 110
111 107 112 109
115 107 116 109
119 107 121 110
123 107 125 110
128 107 129 109
132 107 133 109
136 107 136 109
144 107 143 109
148 107 147 108
153 107 153 108
157 107 157 108
161 107 161 108
165 107 165 108
169 107 171 108
174 107 175 108
178 107 179 109
182 107 183 109
186 107 186 109
190 107 191 109
194 107 195 109
199 107 199 109
203 107 204 109
207 107 208 108
211 107 212 108
215 107 215 109
82 111 82 113
86 111 86 113
90 111 90 114
94 111 94 113
98 111 100 114
102 111 104 114
107 111 108 114
111 111 112 114
115 111 116 114
119 111 121 114
128 111 129 113
132 111 133 113
136 111 137 114
140 111 141 114
144 111 146 113
148 111 149 113
153 111 153 112
157 111 157 113
161 111 161 113
165 111 166 113
169 111 171 113
174 111 175 113
178 111 179 112
182 111 183 113
186 111 187 113
190 111 191 113
194 111 196 113
199 111 200 114
203 111 204 114
207 111 207 113
211 111 211 113
215 111 216 113
82 115 81 117
86 115 86 117
90 115 89 117
94 115 94 117
98 115 100 118
102 115 104 118
107 115 108 118
111 115 112 118
115 115 117 118
119 115 120 118
123 115 125 117
128 115 129 117
132 115 134 118
136 115 137 118
140 115 141 118
144 115 146 117
148 115 150 117
153 115 154 117
157 115 157 117
161 115 161 118
165 115 166 117
169 115 171 117
174 115 174 117
178 115 178 117
186 115 188 117
190 115 191 118
194 115 196 117
199 115 200 118
203 115 203 118
207 115 207 118
211 115 211 118
215 115 215 118
219 115 219 118
86 120 85 121
90 120 89 120
94 120 96 121
107 120 108 122
111 120 112 122
115 120 117 122
119 120 121 122
123 120 125 121
128 120 129 121
132 120 134 122
136 120 137 122
140 120 140 121
144 120 145 121
148 120 150 121
153 120 154 121
157 120 158 122
161 120 162 122
165 120 167 122
169 120 170 122
174 120 174 122
178 120 178 121
186 120 188 121
190 120 191 121
194 120 195 122
199 120 199 121
203 120 203 121
207 120 207 122
211 120 211 122
215 120 215 122
219 120 219 122
86 124 84 125
90 124 88 125
119 124 121 126
123 124 125 125
128 124 129 126
132 124 134 126
136 124 138 126
140 124 141 125
144 124 145 126
148 124 150 126
153 124 154 126
157 124 158 126
161 124 163 126
165 124 167 126
169 124 170 126
174 124 174 125
178 124 179 126
186 124 187 125
190 124 192 125
194 124 195 126
199 124 199 125
203 124 203 125
207 124 207 126
211 124 211 126
215 124 215 126
219 124 219 126
90 128 88 129
119 128 121 130
123 128 125 130
128 128 129 129
132 128 134 130
136 128 139 130
140 128 142 130
144 128 146 130
148 128 150 130
153 128 154 131
157 128 159 130
161 128 163 130
165 128 167 130
169 128 171 130
174 128 175 130
178 128 180 130
182 128 184 130
186 128 188 130
190 128 192 130
194 128 195 130
199 128 199 130
203 128 203 130
207 128 208 130
211 128 211 130
215 128 215 130
219 128 219 130
94 132 93 133
128 132 130 135
132 132 134 135
136 132 138 135
140 132 143 134
144 132 146 134
148 132 150 134
153 132 154 135
157 132 159 134
161 132 163 135
165 132 167 134
169 132 171 134
174 132 175 134
178 132 180 134
182 132 184 134
186 132 187 134
190 132 192 134
194 132 195 134
199 132 199 134
203 132 203 134
207 132 208 134
211 132 212 134
215 132 215 134
219 132 219 133
98 136 97 137
123 136 125 139
128 136 130 138
132 136 133 139
136 136 138 139
140 136 142 138
144 136 146 138
153 136 154 138
157 136 159 138
161 136 164 138
165 136 168 139
169 136 171 139
174 136 175 139
178 136 180 138
182 136 184 139
186 136 187 138
190 136 191 138
194 136 196 138
199 136 200 138
203 136 204 138
207 136 208 138
211 136 212 138
215 136 216 138
219 136 219 138
102 140 101 141
123 140 125 142
128 140 130 142
132 140 133 142
144 140 142 142
148 140 146 142
157 140 158 142
161 140 163 142
165 140 167 142
169 140 171 142
174 140 175 143
178 140 180 143
182 140 184 143
186 140 188 142
190 140 192 142
194 140 196 142
199 140 200 141
203 140 204 142
207 140 208 142
211 140 212 142
215 140 216 141
219 140 219 141
123 145 117 146
140 145 138 146
144 145 142 146
148 145 146 146
161 145 167 149
174 145 175 146
178 145 179 146
182 145 183 147
186 145 187 147
190 145 192 146
194 145 196 146
199 145 200 146
203 145 204 146
207 145 208 146
211 145 211 146
215 145 215 146
219 145 219 145
107 149 106 151
119 149 114 149
123 149 117 150
128 149 121 150
136 149 133 150
140 149 137 150
144 149 142 150
153 149 149 150
157 149 155 149
178 149 179 150
182 149 183 150
186 149 187 151
190 149 191 150
194 149 196 151
199 149 199 150
203 149 203 150
207 149 207 150
211 149 211 150
215 149 215 150
132 153 129 154
136 153 133 154
140 153 137 154
148 153 146 154
153 153 150 154
165 153 162 154
182 153 182 154
186 153 187 154
190 153 190 154
199 153 199 154
203 153 203 154
207 153 207 154
211 153 212 153
215 153 215 153
136 157 133 158
140 157 137 158
144 157 141 158
148 157 146 158
161 157 158 158
165 157 162 159
174 157 178 158
178 157 174 158
182 157 182 158
190 157 187 159
203 157 204 157
148 161 146 162
153 161 150 162
157 161 154 162
161 161 159 162
165 161 162 163
178 161 179 163
182 161 182 162
186 161 186 162
199 161 195 163
169 166 170 167
178 166 178 167
182 166 183 167
186 166 186 167
