464 183 490 122
467 183 497 126
471 183 506 130
436 186 460 114
471 186 501 138
474 186 508 139
464 211 487 127
464 214 483 135
478 214 491 173
443 218 464 124
446 218 471 128
478 222 488 182
372 225 405 96
375 225 413 101
379 225 420 105
382 225 435 112
386 225 442 116
389 225 448 118
432 225 450 138
450 225 468 152
453 225 474 157
372 229 403 103
375 229 410 108
457 229 481 160
386 236 440 139
393 236 445 142
414 236 439 159
386 239 437 147
393 239 442 151
404 239 402 251
443 239 442 167
460 239 466 195
460 243 462 202
382 246 361 243
379 250 351 247
414 253 415 191
407 257 404 193
478 257 437 289
407 260 400 200
411 260 408 203
478 260 433 296
418 264 376 250
446 264 423 282
428 268 405 139
443 268 413 285
428 275 339 274
464 282 409 326
464 285 462 238
464 289 458 245
414 292 378 208
428 292 437 237
464 292 455 252
428 296 434 244
432 296 447 249
425 307 352 335
421 310 338 345
414 314 326 339
418 314 332 342
457 314 380 366
372 317 299 318
375 317 303 327
382 317 321 336
418 317 329 349
453 317 371 370
457 317 379 373
372 321 292 331
375 321 301 334
379 321 308 338
382 321 316 343
421 321 333 359
425 321 340 362
375 324 299 342
379 324 305 346
