413 78 361 113
441 85 389 106
448 85 395 104
448 92 398 109
462 92 411 105
469 92 418 102
441 99 395 118
462 99 414 110
441 106 405 121
448 106 410 118
427 113 392 126
490 120 439 114
490 127 441 120
413 142 388 150
406 149 384 159
413 149 397 154
476 149 438 142
420 156 402 159
392 170 386 175
378 177 381 186
392 177 389 181
399 177 396 179
378 184 383 191
399 184 398 184
406 184 403 182
392 191 394 193
413 191 413 184
420 191 418 181
462 191 432 168
349 198 363 224
371 198 383 206
378 198 386 198
448 198 439 178
469 205 465 175
378 212 393 218
385 212 398 216
378 219 395 224
385 219 401 220
371 226 392 232
378 226 397 229
385 226 403 226
406 226 421 218
364 233 391 239
378 233 399 236
385 233 406 232
371 240 397 244
378 240 402 241
392 240 410 231
371 247 400 249
385 247 408 240
357 254 392 264
378 254 404 249
385 254 413 251
399 254 427 246
349 261 389 273
371 261 402 257
378 261 411 259
335 268 383 280
342 268 388 278
364 268 407 269
399 268 432 256
427 268 456 231
364 275 409 274
392 275 427 261
413 275 439 255
420 275 453 241
427 275 458 237
357 282 397 282
378 282 418 273
378 289 427 282
371 296 425 289
378 296 430 286
364 303 421 295
406 303 445 281
293 318 365 351
300 325 373 352
406 325 466 295
286 332 364 365
300 332 375 359
335 332 408 337
378 332 446 303
406 332 469 302
293 339 373 367
314 339 391 360
314 346 393 367
321 346 401 363
307 353 391 375
314 353 398 373
321 353 404 369
328 353 410 367
335 353 417 365
342 353 423 361
307 360 394 379
314 360 401 378
321 360 410 372
314 367 407 382
364 374 455 367
371 374 461 364
364 381 457 373
371 381 463 370
