396 92 388 66
413 92 397 70
422 92 414 66
431 92 417 67
435 92 424 67
391 97 387 72
413 97 397 75
422 97 405 75
378 101 362 80
387 101 382 77
413 105 397 86
470 105 454 77
391 110 377 90
400 110 373 97
426 110 408 81
475 110 458 81
374 114 346 106
400 114 373 103
413 114 407 88
431 114 412 88
435 114 434 93
484 114 474 92
382 119 362 96
396 119 363 110
457 119 443 86
484 119 469 92
488 119 469 87
396 123 364 115
422 123 483 149
466 123 449 87
470 123 454 107
488 123 475 98
492 123 479 98
396 127 363 120
418 127 394 97
479 127 468 107
418 132 394 102
484 132 459 92
492 132 479 108
497 132 484 107
374 136 352 168
422 136 393 128
484 136 459 97
488 136 464 97
497 136 484 112
378 141 369 116
382 141 372 117
488 141 474 118
492 141 478 119
356 145 343 121
365 145 347 162
435 145 422 126
484 145 478 148
356 149 361 131
369 149 353 128
431 149 417 131
435 149 422 131
457 149 337 157
466 149 448 102
506 149 489 117
352 154 357 136
369 154 345 171
422 154 397 138
435 154 418 142
506 154 488 121
422 158 402 143
453 158 449 144
457 158 453 144
360 163 382 197
422 163 402 148
426 163 407 148
457 163 453 148
413 167 407 102
422 167 423 102
497 167 463 112
334 171 322 146
356 171 407 176
409 171 403 107
413 171 406 107
418 171 414 108
422 171 419 108
334 176 322 151
382 176 418 177
409 176 402 112
413 176 407 112
422 176 419 113
440 176 438 148
466 176 352 187
510 176 488 144
334 180 323 156
338 180 328 156
387 180 371 142
396 180 376 146
409 180 402 116
413 180 408 117
466 180 352 192
334 185 323 162
338 185 328 161
343 185 332 161
369 185 413 188
396 185 377 152
400 185 382 148
409 185 397 148
422 185 409 152
492 185 463 178
369 189 413 193
374 189 417 193
400 189 382 153
404 189 387 152
409 189 397 153
413 189 403 156
422 189 409 158
426 189 412 158
492 189 462 182
369 193 413 198
400 193 382 158
404 193 387 157
413 193 403 161
422 193 408 162
426 193 412 162
514 193 493 179
404 198 387 162
409 198 397 163
422 198 418 168
426 198 422 172
435 198 432 179
448 198 423 183
409 202 397 168
413 202 401 168
444 202 357 132
330 207 322 182
374 207 361 162
409 207 397 172
470 207 452 174
418 211 418 183
435 211 442 178
444 211 386 194
338 215 324 177
426 215 423 187
501 215 478 184
330 220 322 192
501 220 478 188
409 224 372 193
497 224 482 249
343 229 331 191
343 233 331 197
347 233 336 197
497 233 476 260
343 237 331 203
396 237 432 204
462 237 447 188
374 246 337 188
378 246 341 189
382 246 346 187
387 255 355 203
422 255 402 203
426 255 406 203
444 255 452 259
466 255 457 199
470 255 457 215
391 259 361 212
396 259 366 213
418 259 392 213
448 259 457 264
462 259 453 204
466 259 453 219
404 264 376 217
413 264 383 220
418 264 392 219
431 264 419 218
435 264 422 219
440 264 427 218
466 264 467 270
404 268 372 222
409 268 378 222
418 268 387 223
426 268 413 224
431 268 418 224
435 268 423 223
453 268 428 230
457 268 437 228
387 273 362 228
396 273 366 228
426 273 413 228
431 273 418 228
435 273 422 228
426 277 412 233
431 277 416 234
435 277 421 233
