478 134 473 133
484 134 481 133
491 134 488 132
459 140 454 141
465 140 467 138
478 140 475 140
484 140 480 140
491 140 486 140
433 147 450 141
491 147 487 147
421 153 431 150
427 153 436 150
459 153 456 160
408 159 420 156
414 159 426 156
421 159 431 156
389 166 387 169
395 166 406 163
408 166 420 163
414 166 426 162
350 172 329 182
357 172 335 182
363 172 369 175
389 172 386 176
395 172 400 174
408 172 418 172
414 172 424 172
446 172 456 173
357 178 363 181
363 178 370 180
389 178 387 183
401 178 410 179
408 178 418 178
293 185 312 185
299 185 319 185
306 185 326 185
344 185 351 187
363 185 370 186
414 185 426 181
274 191 294 192
280 191 301 191
287 191 307 191
293 191 314 190
299 191 320 190
306 191 325 191
312 191 332 191
318 191 338 191
363 191 371 192
401 191 414 187
408 191 420 187
414 191 427 187
427 191 442 187
440 191 451 186
446 191 456 185
465 191 463 184
274 198 294 197
280 198 301 197
287 198 307 196
299 198 319 196
306 198 324 196
312 198 331 197
318 198 338 197
331 198 344 197
338 198 357 196
344 198 362 196
363 198 370 199
389 198 403 194
395 198 408 194
401 198 414 194
408 198 421 194
414 198 426 194
421 198 434 193
427 198 440 194
433 198 446 193
440 198 451 193
446 198 456 190
478 198 481 188
242 204 268 203
287 204 300 203
293 204 306 203
306 204 318 203
312 204 331 203
318 204 338 203
325 204 345 204
338 204 358 202
344 204 362 203
376 204 390 202
382 204 400 200
389 204 407 201
395 204 414 200
408 204 421 201
414 204 427 200
421 204 434 200
427 204 440 199
433 204 446 199
484 204 488 194
223 210 237 214
229 210 245 214
274 210 282 212
306 210 326 208
312 210 332 209
318 210 339 209
325 210 345 209
331 210 352 209
338 210 357 209
344 210 363 209
357 210 372 209
363 210 378 209
369 210 388 208
376 210 394 207
382 210 400 207
389 210 406 206
395 210 414 206
408 210 421 206
414 210 428 205
421 210 435 204
427 210 440 205
223 217 237 220
229 217 244 220
236 217 251 220
242 217 256 220
248 217 277 263
287 217 296 217
293 217 303 218
299 217 314 218
306 217 327 215
312 217 332 215
318 217 339 215
331 217 351 215
338 217 356 215
344 217 364 215
350 217 370 215
357 217 376 214
363 217 382 215
369 217 388 214
376 217 394 213
382 217 400 213
389 217 407 213
395 217 413 212
401 217 420 211
414 217 428 211
421 217 435 210
503 217 496 214
510 217 508 209
223 223 238 227
229 223 245 226
236 223 251 225
242 223 257 225
287 223 297 224
312 223 332 222
318 223 339 222
338 223 357 222
344 223 363 222
350 223 370 221
357 223 376 221
363 223 382 220
369 223 388 220
376 223 394 220
382 223 401 220
389 223 407 220
395 223 414 219
401 223 421 217
414 223 428 217
421 223 434 217
229 229 244 232
236 229 252 232
242 229 258 231
274 229 285 229
280 229 290 229
299 229 313 230
306 229 320 230
312 229 333 228
318 229 339 228
325 229 346 229
331 229 352 230
338 229 359 230
344 229 364 227
350 229 370 227
357 229 376 227
363 229 382 226
369 229 388 225
376 229 395 226
382 229 401 226
389 229 407 226
395 229 414 225
401 229 422 225
414 229 426 224
421 229 434 224
497 229 503 222
229 236 244 238
236 236 251 238
242 236 259 237
261 236 279 235
267 236 282 236
299 236 314 236
306 236 321 236
312 236 333 235
318 236 339 234
325 236 345 235
331 236 353 238
344 236 365 234
350 236 371 234
357 236 377 233
363 236 383 232
369 236 390 232
382 236 401 232
395 236 421 230
440 236 453 229
459 236 472 227
229 242 245 249
236 242 254 248
287 242 308 241
293 242 314 241
306 242 322 242
312 242 327 241
318 242 339 240
325 242 346 241
338 242 359 241
344 242 366 240
350 242 372 240
357 242 376 240
363 242 383 239
395 242 415 235
401 242 421 235
408 242 428 234
229 249 245 255
236 249 255 255
242 249 260 255
280 249 302 247
287 249 309 247
293 249 315 248
306 249 321 247
312 249 327 247
318 249 339 246
325 249 346 246
331 249 353 246
338 249 359 246
344 249 367 246
350 249 372 245
369 249 385 246
389 249 409 244
395 249 415 243
401 249 420 241
408 249 427 242
421 249 435 243
427 249 446 241
440 249 454 241
236 255 252 262
242 255 260 261
299 255 299 211
306 255 321 253
312 255 327 254
318 255 340 252
325 255 346 252
331 255 353 252
338 255 360 252
344 255 367 252
350 255 373 250
363 255 378 252
389 255 408 250
401 255 416 249
408 255 422 249
414 255 427 250
421 255 435 248
236 261 251 269
242 261 259 267
248 261 265 263
306 261 323 260
312 261 327 260
318 261 341 258
325 261 348 263
331 261 353 263
344 261 365 258
357 261 378 256
369 261 391 256
382 261 402 257
389 261 408 257
395 261 416 255
401 261 422 254
248 268 266 270
255 268 272 269
306 268 322 267
312 268 328 267
318 268 334 267
338 268 361 265
344 268 365 265
357 268 374 264
376 268 391 265
382 268 403 263
248 274 266 276
255 274 273 274
280 274 297 280
306 274 322 274
312 274 328 274
318 274 337 272
325 274 347 272
331 274 353 272
338 274 359 272
344 274 366 271
350 274 373 271
363 274 385 270
242 280 253 281
248 280 267 281
255 280 273 281
261 280 280 279
267 280 291 278
306 280 322 281
312 280 329 280
318 280 336 280
325 280 347 278
331 280 353 277
338 280 359 277
344 280 365 277
242 287 253 286
248 287 269 291
255 287 274 287
274 287 299 285
280 287 305 285
287 287 317 284
318 287 335 287
248 300 268 303
255 300 275 301
267 300 292 300
