1.000000000000000000e+00 0.000000000000000000e+00 0.000000000000000000e+00 -4.542167112231254578e-02
0.000000000000000000e+00 1.000000000000000000e+00 0.000000000000000000e+00 9.935460984706878662e-04
0.000000000000000000e+00 0.000000000000000000e+00 1.000000000000000000e+00 -2.875000238418579102e-01
0.000000000000000000e+00 0.000000000000000000e+00 0.000000000000000000e+00 1.000000000000000000e+00
9.964529275894165039e-01 8.306773006916046143e-02 1.346829440444707870e-02 -4.807763546705245972e-02
-8.284498751163482666e-02 9.964286684989929199e-01 -1.632955670356750488e-02 9.279268793761730194e-03
-1.477664895355701447e-02 1.515585742890834808e-02 9.997759461402893066e-01 -2.933012843132019043e-01
0.000000000000000000e+00 0.000000000000000000e+00 0.000000000000000000e+00 1.000000000000000000e+00
9.860606193542480469e-01 1.631293743848800659e-01 3.275999054312705994e-02 -5.215243995189666748e-02
-1.613661646842956543e-01 9.855899214744567871e-01 -5.072763189673423767e-02 2.485089935362339020e-02
-4.056313261389732361e-02 4.473412036895751953e-02 9.981750845909118652e-01 -2.924721539020538330e-01
0.000000000000000000e+00 0.000000000000000000e+00 0.000000000000000000e+00 1.000000000000000000e+00
9.662321209907531738e-01 2.552042901515960693e-01 3.558282926678657532e-02 -5.075493082404136658e-02
-2.518759667873382568e-01 9.645724296569824219e-01 -7.847671955823898315e-02 3.826743736863136292e-02
-5.434982106089591980e-02 6.686426699161529541e-02 9.962807297706604004e-01 -2.918234169483184814e-01
0.000000000000000000e+00 0.000000000000000000e+00 0.000000000000000000e+00 1.000000000000000000e+00
9.374959468841552734e-01 3.447270691394805908e-01 4.758624359965324402e-02 -5.139529332518577576e-02
-3.373785912990570068e-01 9.338751435279846191e-01 -1.185433119535446167e-01 5.527060851454734802e-02
-8.530477434396743774e-02 9.507925808429718018e-02 9.918079972267150879e-01 -2.894588410854339600e-01
0.000000000000000000e+00 0.000000000000000000e+00 0.000000000000000000e+00 1.000000000000000000e+00
8.932150602340698242e-01 4.486790597438812256e-01 2.922104299068450928e-02 -4.266232624650001526e-02
-4.410468041896820068e-01 8.869501352310180664e-01 -1.371023207902908325e-01 6.492588669061660767e-02
-8.743258565664291382e-02 1.095739975571632385e-01 9.901258349418640137e-01 -2.900144159793853760e-01
0.000000000000000000e+00 0.000000000000000000e+00 0.000000000000000000e+00 1.000000000000000000e+00
8.455061316490173340e-01 5.336891412734985352e-01 1.717388816177845001e-02 -3.609530255198478699e-02
-5.241687297821044922e-01 8.356969356536865234e-01 -1.638826727867126465e-01 7.724123448133468628e-02
-1.018146499991416931e-01 1.295617967844009399e-01 9.863304495811462402e-01 -2.887242138385772705e-01
0.000000000000000000e+00 0.000000000000000000e+00 0.000000000000000000e+00 1.000000000000000000e+00
7.925098538398742676e-01 6.098098754882812500e-01 -7.738088723272085190e-03 -2.525367774069309235e-02
-6.019602417945861816e-01 7.801470756530761719e-01 -1.703361421823501587e-01 8.265711367130279541e-02
-9.783583134412765503e-02 1.396510750055313110e-01 9.853555560111999512e-01 -2.894969284534454346e-01
0.000000000000000000e+00 0.000000000000000000e+00 0.000000000000000000e+00 1.000000000000000000e+00
7.227881550788879395e-01 6.902885437011718750e-01 -3.284403681755065918e-02 -1.220621168613433838e-02
-6.855363249778747559e-01 7.101888656616210938e-01 -1.602231115102767944e-01 8.254848420619964600e-02
-8.727476745843887329e-02 1.383231431245803833e-01 9.865342974662780762e-01 -2.906911969184875488e-01
0.000000000000000000e+00 0.000000000000000000e+00 0.000000000000000000e+00 1.000000000000000000e+00
6.487938165664672852e-01 7.602612972259521484e-01 -3.269428759813308716e-02 -7.349133491516113281e-03
-7.563702464103698730e-01 6.395679712295532227e-01 -1.373192220926284790e-01 7.783050835132598877e-02
-8.348833024501800537e-02 1.138208433985710144e-01 9.899871349334716797e-01 -2.934391796588897705e-01
0.000000000000000000e+00 0.000000000000000000e+00 0.000000000000000000e+00 1.000000000000000000e+00
5.499368309974670410e-01 8.340507149696350098e-01 -4.391554743051528931e-02 2.364694140851497650e-03
-8.334711194038391113e-01 5.446478724479675293e-01 -9.319020807743072510e-02 6.603478640317916870e-02
-5.380687490105628967e-02 8.785106241703033447e-02 9.946793913841247559e-01 -2.984775900840759277e-01
0.000000000000000000e+00 0.000000000000000000e+00 0.000000000000000000e+00 1.000000000000000000e+00
4.557188153266906738e-01 8.851103782653808594e-01 -9.433988481760025024e-02 2.437178976833820343e-02
-8.901028037071228027e-01 4.524141550064086914e-01 -5.512129515409469604e-02 5.434188619256019592e-02
-6.107734981924295425e-03 1.090920120477676392e-01 9.940128922462463379e-01 -3.019630312919616699e-01
0.000000000000000000e+00 0.000000000000000000e+00 0.000000000000000000e+00 1.000000000000000000e+00
3.538092374801635742e-01 9.291141033172607422e-01 -1.075451299548149109e-01 3.257595747709274292e-02
-9.350767731666564941e-01 3.539810180664062500e-01 -1.813249848783016205e-02 4.060450196266174316e-02
2.122177183628082275e-02 1.069783940911293030e-01 9.940347671508789062e-01 -3.035801351070404053e-01
0.000000000000000000e+00 0.000000000000000000e+00 0.000000000000000000e+00 1.000000000000000000e+00
2.730372846126556396e-01 9.534508585929870605e-01 -1.279915571212768555e-01 4.176402091979980469e-02
-9.587136507034301758e-01 2.806780338287353516e-01 4.569169506430625916e-02 1.689362712204456329e-02
7.948919385671615601e-02 1.102317273616790771e-01 9.907221794128417969e-01 -3.031770884990692139e-01
0.000000000000000000e+00 0.000000000000000000e+00 0.000000000000000000e+00 1.000000000000000000e+00
1.939611732959747314e-01 9.681349396705627441e-01 -1.584098637104034424e-01 5.279298126697540283e-02
-9.721005558967590332e-01 2.113898098468780518e-01 1.016608327627182007e-01 -3.749685594812035561e-03
1.319076269865036011e-01 1.342720538377761841e-01 9.821259379386901855e-01 -3.014621734619140625e-01
0.000000000000000000e+00 0.000000000000000000e+00 0.000000000000000000e+00 1.000000000000000000e+00
1.151207610964775085e-01 9.801928997039794922e-01 -1.611498594284057617e-01 5.545118078589439392e-02
-9.708955883979797363e-01 1.453273296356201172e-01 1.903729140758514404e-01 -3.380515798926353455e-02
2.100216597318649292e-01 1.345437616109848022e-01 9.683949351310729980e-01 -2.985072731971740723e-01
0.000000000000000000e+00 0.000000000000000000e+00 0.000000000000000000e+00 1.000000000000000000e+00
1.871598213911056519e-01 9.716791510581970215e-01 -1.442590653896331787e-01 4.929826408624649048e-02
-9.544188380241394043e-01 2.146281898021697998e-01 2.074108868837356567e-01 -3.883580118417739868e-02
2.324989140033721924e-01 9.886459261178970337e-02 9.675588607788085938e-01 -2.963899374008178711e-01
0.000000000000000000e+00 0.000000000000000000e+00 0.000000000000000000e+00 1.000000000000000000e+00
2.736013531684875488e-01 9.503713250160217285e-01 -1.481099426746368408e-01 4.802434891462326050e-02
-9.378635883331298828e-01 2.977679669857025146e-01 1.781742125749588013e-01 -2.744912914931774139e-02
2.134340554475784302e-01 9.015823900699615479e-02 9.727884531021118164e-01 -2.953315377235412598e-01
0.000000000000000000e+00 0.000000000000000000e+00 0.000000000000000000e+00 1.000000000000000000e+00
