439 14 558 176
467 14 561 156
383 21 538 123
390 21 540 141
418 21 548 163
432 21 550 170
439 21 553 177
376 28 530 119
432 28 544 173
439 28 546 178
474 28 546 222
481 28 549 229
362 35 517 108
397 35 530 144
418 35 540 166
432 35 537 177
474 35 557 167
432 42 531 179
439 42 533 185
453 42 534 193
467 42 538 217
348 49 506 104
355 49 508 110
390 49 520 140
411 49 531 163
418 49 525 170
453 49 529 194
460 49 531 205
362 56 502 115
376 56 506 121
383 56 509 130
390 56 511 137
446 56 524 189
453 56 523 199
460 56 524 206
362 63 497 117
369 63 500 122
404 63 506 164
418 63 509 172
425 63 513 178
446 63 517 191
481 63 523 222
488 63 525 229
376 70 497 142
390 70 497 157
411 70 499 168
418 70 503 172
460 70 512 218
474 70 520 216
488 70 519 231
495 70 522 239
467 77 511 211
495 77 517 241
341 84 477 108
362 84 482 122
432 84 499 183
439 84 500 190
509 84 515 259
439 91 494 193
474 91 499 223
488 91 502 233
495 91 504 240
502 91 506 248
516 91 507 264
334 98 465 105
348 98 468 113
355 98 471 119
362 98 473 125
432 98 490 186
488 98 496 235
495 98 499 241
502 98 500 248
509 98 502 257
516 98 501 265
348 105 462 114
355 105 466 121
369 105 469 130
376 105 470 136
383 105 473 144
432 105 484 188
502 105 494 250
509 105 495 258
376 112 464 138
432 112 476 191
481 112 484 230
488 112 486 238
495 112 488 245
509 112 490 260
516 112 492 269
348 119 451 117
432 119 469 195
488 119 480 240
495 119 483 247
502 119 485 253
348 126 446 121
362 126 450 130
369 126 453 135
474 126 474 226
481 126 476 231
495 126 477 250
481 133 469 235
516 133 438 276
327 140 434 108
362 140 442 130
418 140 453 177
425 140 450 186
432 140 453 194
439 140 454 202
467 140 464 221
411 147 443 173
418 147 446 180
306 154 417 93
313 154 419 98
320 154 424 105
327 154 426 112
341 154 351 87
404 154 433 162
418 154 439 182
425 154 440 189
306 161 412 94
411 161 427 172
425 161 434 192
411 168 420 173
418 168 422 181
397 175 416 168
397 182 409 171
404 182 412 177
397 196 402 173
397 203 390 187
383 210 381 166
313 224 348 105
320 224 350 112
383 224 375 168
313 231 341 109
320 231 344 114
327 231 347 121
313 238 336 112
334 238 338 125
299 245 331 106
306 252 326 113
320 252 328 121
327 252 331 127
341 252 335 135
376 252 353 160
313 259 321 118
376 259 347 164
383 259 349 170
390 259 352 178
320 266 322 125
327 266 325 132
334 266 328 137
334 273 323 140
390 273 326 189
397 273 328 196
495 273 350 287
320 280 295 136
376 280 318 176
383 280 321 183
488 280 340 283
376 287 312 179
383 287 315 186
404 287 323 206
425 287 323 225
439 287 329 236
495 287 342 289
369 294 299 183
383 294 307 188
390 294 310 195
397 294 313 202
404 294 317 209
411 294 313 222
425 294 317 228
432 294 318 232
439 294 321 240
460 294 331 261
467 294 335 269
474 294 330 278
320 301 273 162
404 301 303 216
411 301 305 223
432 301 312 237
439 301 314 243
460 301 324 263
467 301 325 271
383 308 291 202
397 308 293 212
404 308 296 218
418 308 301 233
432 308 305 240
439 308 307 246
453 308 311 255
460 308 316 266
467 308 319 273
397 315 287 214
404 315 289 220
418 315 293 229
425 315 296 235
432 315 299 241
439 315 301 247
453 315 304 258
460 315 307 265
432 322 291 246
439 322 294 252
