404 136 406 116
408 136 412 116
399 145 401 126
408 145 411 122
413 145 416 122
418 150 416 133
501 159 500 147
505 159 505 147
408 164 410 137
515 164 513 151
427 168 428 149
431 168 438 150
436 168 443 150
404 173 405 148
408 173 410 148
413 173 415 149
418 173 421 149
431 173 438 159
436 173 444 159
441 173 449 157
468 173 467 156
482 173 488 157
515 173 514 159
408 177 410 153
418 177 421 154
422 177 426 155
431 177 439 165
436 177 444 165
441 177 449 165
491 177 494 163
496 177 498 162
505 177 504 161
510 177 509 161
515 177 514 162
427 182 426 171
431 182 439 171
436 182 443 171
482 182 487 167
496 182 497 166
505 182 504 167
519 182 518 170
436 187 444 178
510 187 509 170
436 191 443 183
501 191 497 178
510 191 509 174
515 191 513 174
408 196 399 193
422 196 415 187
510 196 509 178
515 196 513 179
464 201 459 196
505 201 504 185
408 205 405 193
413 205 410 193
496 205 492 195
501 205 496 195
505 205 502 192
510 205 508 189
515 205 513 187
404 210 399 198
408 210 405 198
413 210 410 198
418 210 415 198
404 214 399 204
408 214 404 204
413 214 410 204
418 214 414 204
422 214 420 204
510 214 506 201
408 219 405 209
413 219 409 209
418 219 415 209
482 219 480 208
496 219 491 208
394 224 392 209
399 224 398 210
413 224 410 214
418 224 414 214
422 224 419 213
482 224 480 213
390 228 386 214
394 228 391 213
399 228 398 214
408 228 404 216
418 228 415 219
422 228 419 219
390 233 386 219
394 233 391 218
399 233 397 219
413 233 411 222
441 233 436 222
445 233 441 225
413 238 410 227
418 238 415 227
422 238 419 227
431 238 430 231
436 238 435 232
450 238 447 229
454 238 451 229
459 238 457 229
464 238 462 229
390 242 387 225
422 242 420 232
445 242 442 235
450 242 447 235
454 242 451 235
459 242 456 235
478 242 475 233
381 247 379 231
390 247 386 230
413 247 410 236
436 247 435 239
441 247 440 239
450 247 446 242
459 247 456 241
362 251 359 235
367 251 363 235
381 251 380 235
390 251 386 235
427 251 424 238
436 251 435 243
441 251 440 243
450 251 445 248
454 251 451 246
459 251 455 246
376 256 373 240
381 256 379 240
390 256 386 240
408 256 406 244
418 256 415 243
422 256 420 243
427 256 425 244
436 256 436 247
441 256 441 248
454 256 451 251
459 256 455 250
362 261 359 246
371 261 368 246
376 261 373 245
385 261 381 246
390 261 386 246
394 261 391 246
408 261 406 248
418 261 415 248
422 261 420 248
427 261 425 248
381 265 375 250
385 265 380 251
390 265 385 251
399 265 397 253
404 265 402 253
408 265 406 253
418 265 415 253
422 265 419 253
427 265 425 253
431 265 431 254
436 265 436 255
441 265 442 256
376 270 370 254
408 270 407 259
418 270 415 258
422 270 419 258
427 270 424 258
431 270 429 259
436 270 435 260
445 270 446 260
468 270 466 261
381 274 374 259
413 274 412 265
422 274 418 263
427 274 423 264
431 274 429 264
436 274 434 264
445 274 445 265
459 274 456 265
353 279 346 274
381 279 374 263
408 279 408 269
413 279 412 270
422 279 417 269
427 279 423 269
436 279 434 271
441 279 440 271
450 279 446 269
454 279 452 270
459 279 456 270
348 284 340 283
353 284 346 284
357 284 352 285
362 284 362 273
367 284 368 274
399 284 408 282
413 284 412 275
436 284 434 277
441 284 440 277
445 284 446 276
454 284 452 276
348 288 341 288
362 288 363 278
367 288 368 278
385 288 396 280
436 288 435 283
450 288 445 282
459 288 456 282
362 293 363 284
367 293 368 285
385 293 396 285
390 293 401 285
394 293 400 292
445 293 445 286
454 293 451 288
339 298 328 302
362 298 357 296
367 298 367 291
376 298 372 290
390 298 378 302
418 298 417 293
390 302 378 307
418 302 417 298
339 307 329 306
344 307 340 307
348 307 345 307
353 307 350 307
357 307 356 307
418 307 416 303
427 307 422 304
344 311 340 313
348 311 345 312
353 311 351 313
357 311 356 313
362 311 361 313
371 311 367 311
408 311 395 308
413 311 411 308
367 316 362 318
371 316 366 317
376 316 371 318
385 316 377 319
394 316 383 318
371 321 365 324
381 321 372 323
390 321 378 323
394 321 383 323
408 321 400 325
344 325 333 333
371 325 363 329
376 325 367 329
381 325 372 328
385 325 377 328
408 325 399 330
334 330 327 339
344 330 333 338
353 330 344 339
362 330 356 334
371 330 361 335
376 330 367 335
381 330 371 336
385 330 376 335
367 335 356 345
376 339 364 351
381 339 371 352
385 339 377 351
