413 154 422 100
418 159 428 107
422 159 432 106
418 164 427 113
427 164 438 113
427 168 439 120
431 168 445 120
422 173 432 125
427 173 437 126
450 173 463 128
454 173 470 128
487 177 490 137
501 182 500 142
441 187 450 140
478 196 473 162
408 205 416 151
501 205 500 169
408 210 407 174
413 210 415 174
418 210 421 174
408 214 407 180
413 214 414 180
418 214 420 181
422 214 427 182
427 214 433 183
468 214 472 187
408 219 406 187
413 219 412 187
418 219 419 188
422 219 425 188
427 219 432 188
431 219 438 188
436 219 445 189
413 224 412 193
422 224 421 193
464 224 465 192
399 228 394 193
459 233 456 210
454 238 451 215
445 242 443 222
454 242 450 221
367 247 367 203
381 247 383 198
394 251 393 205
371 256 369 212
376 256 376 211
394 256 393 211
436 256 438 222
376 261 375 217
362 265 360 222
371 265 366 223
376 265 373 224
381 265 379 224
390 265 387 225
394 265 392 225
399 265 397 226
408 265 406 227
422 265 422 228
371 270 366 230
376 270 372 230
385 270 380 231
390 270 386 230
408 270 405 233
413 270 412 235
418 270 417 233
422 270 422 234
431 270 431 235
422 274 423 241
436 274 436 242
371 279 385 251
385 279 386 238
436 279 435 249
441 279 441 250
445 279 446 250
371 284 383 258
413 284 415 253
436 284 435 255
441 284 440 256
445 284 446 257
454 284 454 256
399 288 396 264
427 288 428 253
436 288 434 260
445 288 446 263
454 288 455 263
357 293 357 269
399 293 395 270
427 293 428 261
441 293 434 268
445 293 441 269
344 298 336 287
357 298 349 288
362 298 355 289
339 302 324 293
344 302 335 293
353 302 343 295
357 302 349 295
362 302 355 294
371 302 368 295
339 307 329 298
357 307 349 300
362 307 355 300
404 307 387 297
408 307 395 297
348 311 343 305
357 311 349 306
362 311 355 306
371 311 362 301
399 311 386 302
408 311 393 303
371 316 360 312
376 316 366 313
367 321 354 319
371 321 359 319
381 321 368 320
390 321 373 320
399 321 377 315
408 321 403 323
376 325 361 327
381 325 368 327
404 325 384 322
413 325 406 328
