413 136 412 128
422 136 421 129
413 140 413 132
418 140 417 132
422 140 421 132
408 145 408 137
413 145 413 136
418 145 420 138
459 145 455 138
399 150 399 142
418 150 420 143
408 159 407 147
431 159 430 152
496 159 495 154
501 159 500 155
505 159 504 155
408 164 407 153
478 164 479 158
496 164 495 158
501 164 499 158
505 164 504 158
515 164 513 159
436 168 436 162
441 168 445 163
445 168 451 164
478 168 478 163
501 168 500 162
505 168 504 162
515 168 514 163
427 173 431 169
441 173 440 167
464 173 464 168
404 177 404 167
427 177 430 174
431 177 436 174
473 177 471 169
478 177 474 170
505 177 505 171
510 177 509 171
515 177 513 171
427 182 431 179
431 182 435 178
478 182 475 174
482 182 480 179
496 182 494 178
501 182 499 176
505 182 505 176
510 182 508 176
515 182 514 176
519 182 518 178
473 187 469 184
478 187 474 184
482 187 480 184
491 187 490 183
496 187 494 183
505 187 504 181
510 187 509 181
519 187 518 183
404 191 399 191
413 191 409 192
459 191 445 184
473 191 469 188
478 191 475 189
482 191 479 189
491 191 489 188
496 191 494 187
505 191 504 185
510 191 509 185
515 191 513 185
408 196 405 193
422 196 420 192
427 196 425 193
468 196 460 197
473 196 468 194
478 196 474 194
482 196 479 194
491 196 489 193
501 196 498 191
505 196 504 190
510 196 508 190
515 196 513 190
519 196 518 189
408 201 405 198
427 201 425 198
431 201 435 203
445 201 434 193
454 201 444 194
496 201 495 195
501 201 500 195
505 201 504 195
510 201 509 194
515 201 513 194
519 201 518 194
404 205 400 202
408 205 405 202
418 205 414 202
422 205 419 202
427 205 424 202
450 205 438 197
454 205 443 198
459 205 449 203
468 205 463 207
491 205 489 202
501 205 499 200
505 205 504 200
510 205 509 199
515 205 514 199
399 210 395 206
404 210 400 207
408 210 405 207
413 210 409 207
418 210 414 207
422 210 419 207
427 210 425 208
436 210 439 213
445 210 443 212
454 210 444 207
459 210 450 209
464 210 458 212
515 210 514 204
408 214 405 212
413 214 410 212
418 214 414 212
422 214 419 212
427 214 429 212
459 214 450 214
464 214 458 217
473 214 473 213
510 214 509 209
399 219 399 212
408 219 405 218
413 219 410 217
418 219 415 217
422 219 420 216
427 219 425 216
431 219 434 218
436 219 440 217
450 219 444 218
464 219 454 223
496 219 499 209
353 224 351 225
413 224 410 221
418 224 415 220
422 224 420 221
431 224 430 222
436 224 439 222
450 224 444 223
454 224 448 222
390 228 385 225
394 228 395 221
399 228 400 222
404 228 404 222
413 228 410 227
418 228 416 226
422 228 420 227
441 228 439 227
454 228 448 227
385 233 380 230
390 233 389 226
394 233 395 226
399 233 400 226
418 233 415 232
422 233 421 233
436 233 434 231
468 233 464 233
353 238 350 237
385 238 384 231
390 238 390 231
394 238 395 231
399 238 400 231
431 238 430 237
436 238 434 236
441 238 439 236
450 238 448 236
459 238 458 234
353 242 350 241
362 242 360 240
367 242 364 240
371 242 368 239
376 242 373 240
399 242 399 242
404 242 403 238
408 242 407 237
413 242 412 237
422 242 420 238
441 242 439 241
445 242 443 241
450 242 448 241
454 242 452 240
459 242 457 239
353 247 351 245
385 247 389 243
404 247 403 243
413 247 412 243
441 247 438 247
445 247 442 247
459 247 457 245
353 251 350 250
362 251 360 247
367 251 364 247
371 251 369 247
385 251 389 247
390 251 394 248
399 251 399 247
422 251 420 248
441 251 438 252
450 251 448 249
454 251 453 250
357 256 355 254
367 256 365 251
371 256 369 251
376 256 374 250
381 256 380 251
385 256 384 251
394 256 393 252
399 256 398 253
413 256 411 252
422 256 420 252
427 256 425 252
436 256 435 252
445 256 445 253
450 256 449 254
348 261 345 260
362 261 360 256
376 261 374 255
381 261 379 256
385 261 384 256
390 261 388 256
394 261 393 256
399 261 397 256
404 261 403 257
408 261 407 257
427 261 425 256
441 261 439 257
445 261 444 258
450 261 449 258
459 261 458 257
371 265 369 260
376 265 373 261
381 265 378 261
399 265 398 261
404 265 402 261
408 265 407 262
431 265 432 261
436 265 437 262
441 265 442 261
376 270 373 266
394 270 388 265
399 270 393 266
404 270 403 267
408 270 408 267
418 270 417 266
422 270 421 266
427 270 427 266
445 270 445 266
459 270 457 267
468 270 467 267
399 274 398 272
404 274 403 271
408 274 407 271
413 274 413 272
418 274 417 272
422 274 422 272
431 274 432 272
441 274 439 272
445 274 444 272
450 274 447 271
459 274 457 272
390 279 388 276
399 279 393 276
404 279 403 276
408 279 408 276
413 279 413 276
418 279 417 277
427 279 424 277
431 279 432 277
445 279 444 277
450 279 447 276
454 279 451 276
459 279 457 276
464 279 462 276
348 284 345 283
353 284 350 284
357 284 359 281
371 284 358 295
390 284 387 281
431 284 432 282
441 284 439 282
445 284 443 281
450 284 448 282
454 284 452 282
459 284 457 282
464 284 462 282
348 288 345 289
362 288 364 285
385 288 382 285
390 288 387 286
431 288 432 287
445 288 442 287
450 288 446 288
454 288 452 288
459 288 457 287
344 293 339 294
353 293 353 291
390 293 387 291
394 293 392 290
399 293 397 290
445 293 442 291
450 293 447 293
454 293 452 293
344 298 339 300
348 298 344 299
390 298 387 296
394 298 386 302
445 298 442 297
450 298 448 297
385 302 376 305
390 302 381 306
394 302 387 307
399 302 392 306
408 302 403 305
418 302 408 306
348 307 347 306
376 307 367 310
381 307 372 311
385 307 377 311
394 307 383 312
399 307 392 312
404 307 398 311
408 307 403 310
418 307 407 311
422 307 412 311
330 311 327 310
334 311 332 311
385 311 377 315
394 311 383 316
399 311 393 316
404 311 397 316
413 311 407 315
367 316 363 316
376 316 373 316
385 316 377 320
408 316 402 317
334 321 332 324
362 321 357 321
367 321 363 322
404 321 398 322
408 321 402 322
413 321 407 322
334 325 332 329
367 325 362 329
371 325 369 326
376 325 373 327
381 325 377 327
385 325 381 327
394 325 388 326
399 325 393 326
404 325 401 326
418 325 413 327
385 330 381 334
408 330 406 333
418 330 412 335
330 335 331 338
334 335 337 338
344 335 342 339
390 335 387 340
385 339 382 344
390 339 386 345
399 339 393 345
