300 154 297 161
306 154 303 160
313 154 309 159
319 154 316 158
326 154 322 157
339 154 335 156
287 160 284 169
300 160 295 169
306 160 302 167
313 160 309 166
319 160 315 166
326 160 321 166
332 160 328 166
339 160 335 166
371 160 367 163
378 160 374 163
384 160 381 162
391 160 388 162
410 160 406 162
417 160 413 162
423 160 420 162
436 160 432 159
442 160 439 159
449 160 445 158
293 167 289 176
300 167 295 176
306 167 301 176
313 167 307 176
326 167 321 173
332 167 328 173
339 167 335 173
345 167 341 173
352 167 348 172
358 167 354 171
365 167 359 171
371 167 366 171
378 167 373 170
384 167 380 170
391 167 386 170
397 167 393 170
404 167 400 169
410 167 407 169
417 167 413 168
430 167 426 168
436 167 433 167
442 167 439 166
449 167 446 166
455 167 452 166
462 167 458 165
468 167 464 165
293 173 290 182
306 173 302 182
313 173 308 183
326 173 321 180
332 173 328 179
339 173 334 180
345 173 341 179
352 173 348 179
358 173 354 179
365 173 360 179
371 173 366 178
378 173 373 178
384 173 380 178
391 173 386 177
397 173 393 178
404 173 399 177
410 173 406 177
417 173 413 176
423 173 419 176
430 173 426 176
436 173 432 175
442 173 438 174
449 173 445 174
455 173 452 174
462 173 457 173
468 173 464 172
475 173 471 172
481 173 478 172
488 173 484 171
494 173 491 171
313 180 308 190
319 180 314 189
345 180 341 186
352 180 348 187
358 180 354 187
365 180 360 186
371 180 367 186
378 180 373 186
384 180 380 185
391 180 386 185
397 180 392 185
404 180 399 184
410 180 406 184
417 180 413 183
423 180 420 183
430 180 425 183
436 180 431 183
442 180 438 182
449 180 445 180
455 180 452 181
462 180 458 180
468 180 465 180
475 180 472 180
481 180 478 180
488 180 484 179
494 180 491 179
501 180 498 179
507 180 505 178
514 180 511 177
520 180 517 177
527 180 525 177
533 180 531 177
540 180 537 176
546 180 544 176
553 180 548 175
559 180 556 175
566 180 564 173
306 186 302 195
313 186 308 196
319 186 314 197
326 186 321 195
332 186 328 195
345 186 341 193
352 186 347 193
358 186 354 193
365 186 361 193
371 186 367 193
378 186 373 192
384 186 380 192
397 186 392 191
404 186 399 191
410 186 406 190
417 186 412 190
423 186 419 190
430 186 425 190
436 186 432 189
449 186 442 189
455 186 452 188
462 186 458 187
468 186 465 187
475 186 471 187
481 186 478 187
488 186 484 186
494 186 491 186
501 186 498 186
507 186 504 186
514 186 511 185
520 186 518 185
527 186 524 185
533 186 531 184
540 186 537 185
546 186 543 184
553 186 550 183
559 186 557 183
566 186 563 182
572 186 571 183
300 193 296 202
306 193 302 202
313 193 308 202
319 193 315 202
326 193 322 202
332 193 328 202
345 193 342 199
352 193 348 199
358 193 354 199
365 193 361 199
371 193 368 198
378 193 374 198
384 193 380 198
397 193 390 197
404 193 396 197
410 193 406 197
417 193 412 196
423 193 419 196
430 193 425 196
442 193 435 196
449 193 440 195
475 193 471 193
481 193 478 193
488 193 485 193
494 193 491 193
501 193 498 193
507 193 505 192
514 193 511 193
520 193 518 192
527 193 524 192
533 193 531 192
540 193 538 191
546 193 544 191
553 193 551 191
559 193 556 191
566 193 564 190
579 193 578 190
306 199 303 208
313 199 308 209
319 199 316 209
326 199 322 209
332 199 329 208
339 199 336 208
352 199 348 206
358 199 355 205
365 199 361 205
371 199 368 205
378 199 375 205
384 199 381 205
397 199 390 204
404 199 395 204
410 199 402 203
417 199 412 203
423 199 420 203
430 199 426 203
462 199 460 202
475 199 472 199
481 199 480 199
488 199 486 199
494 199 492 199
501 199 498 199
507 199 505 199
514 199 512 198
520 199 519 198
527 199 525 198
533 199 531 198
540 199 538 197
546 199 545 197
553 199 550 196
559 199 558 196
566 199 565 196
572 199 572 196
579 199 577 196
293 206 290 217
300 206 297 216
306 206 304 215
313 206 309 216
319 206 315 216
326 206 322 215
332 206 330 215
345 206 342 215
358 206 355 211
365 206 361 211
371 206 369 211
378 206 374 211
384 206 381 212
391 206 387 211
404 206 396 211
410 206 402 210
417 206 413 210
423 206 420 210
475 206 473 206
481 206 480 206
488 206 487 205
494 206 494 206
501 206 500 205
507 206 506 205
514 206 512 205
520 206 519 205
527 206 525 204
533 206 532 205
540 206 543 203
546 206 551 202
553 206 558 203
559 206 563 202
572 206 571 203
579 206 576 202
293 212 291 223
306 212 303 223
326 212 322 222
365 212 362 218
371 212 369 218
378 212 375 218
384 212 381 218
391 212 387 218
423 212 420 217
442 212 434 215
468 212 460 215
475 212 472 215
481 212 481 212
488 212 487 212
494 212 493 212
507 212 506 211
514 212 512 212
520 212 519 212
527 212 526 212
533 212 536 212
540 212 543 211
546 212 550 211
553 212 558 211
559 212 563 210
572 212 571 209
579 212 577 210
319 219 315 228
326 219 323 228
339 219 338 229
345 219 344 229
371 219 369 223
378 219 375 224
384 219 382 224
404 219 394 224
436 219 427 222
442 219 439 224
449 219 447 222
468 219 460 223
475 219 472 223
481 219 480 222
488 219 486 218
494 219 493 219
501 219 499 218
507 219 507 218
514 219 512 218
520 219 519 218
527 219 530 218
533 219 536 219
540 219 543 219
546 219 551 218
553 219 557 218
559 219 564 218
572 219 571 216
579 219 578 215
319 225 316 234
365 225 363 230
378 225 375 229
417 225 413 234
423 225 421 232
436 225 434 232
442 225 440 231
449 225 446 230
462 225 453 230
468 225 461 231
481 225 481 229
488 225 486 225
494 225 493 225
501 225 499 225
507 225 506 225
514 225 512 224
520 225 523 225
527 225 531 224
533 225 536 225
540 225 543 225
553 225 558 224
559 225 564 222
572 225 569 223
579 225 577 222
300 232 299 238
306 232 304 238
352 232 354 236
365 232 364 237
423 232 422 237
442 232 441 235
455 232 447 235
462 232 454 236
468 232 460 236
475 232 466 237
481 232 481 235
501 232 503 231
514 232 516 230
520 232 524 230
527 232 531 230
540 232 543 231
546 232 551 232
566 232 562 231
572 232 570 230
579 232 577 228
306 238 303 244
423 238 421 242
430 238 428 241
436 238 434 241
442 238 440 241
455 238 448 242
462 238 454 242
468 238 459 242
488 238 487 237
494 238 498 236
520 238 524 235
527 238 531 235
533 238 538 236
540 238 544 237
572 238 569 235
404 245 402 249
423 245 420 248
430 245 428 248
436 245 434 248
442 245 440 247
449 245 445 247
455 245 452 248
481 245 479 244
488 245 486 244
494 245 492 244
514 245 512 243
520 245 520 242
527 245 532 241
546 245 544 242
436 251 434 254
442 251 441 254
455 251 452 253
462 251 460 255
468 251 466 254
481 251 479 251
488 251 486 251
494 251 493 252
397 258 395 263
404 258 402 262
430 258 432 261
436 258 439 260
449 258 447 258
475 258 475 258
481 258 480 258
488 258 487 258
494 258 493 258
501 258 500 259
507 258 506 257
514 258 512 258
410 264 409 268
449 264 448 267
455 264 454 265
488 264 487 266
501 264 500 266
507 264 506 266
514 264 512 266
501 271 500 272
507 271 505 273
