357 148 358 139
346 153 346 145
357 153 357 144
346 159 346 149
368 164 368 155
336 170 338 154
417 170 417 166
444 175 445 168
450 181 452 175
325 186 323 171
423 186 421 180
428 186 426 179
325 191 323 177
417 191 416 185
423 191 421 185
325 197 324 183
406 197 403 191
412 197 408 190
423 197 421 190
308 202 304 194
406 202 403 195
412 202 408 196
493 202 496 196
395 208 394 200
401 208 400 199
412 208 412 196
417 208 420 196
428 208 430 197
406 213 405 204
412 213 411 203
428 213 431 204
461 213 473 208
308 219 305 202
401 219 399 209
412 219 413 209
417 219 418 209
482 219 489 214
499 219 498 209
504 219 503 209
314 224 311 208
319 224 316 208
390 224 388 214
412 224 412 215
504 224 503 215
510 224 508 215
515 224 514 216
520 224 519 216
314 229 311 214
319 229 316 214
390 229 388 219
395 229 392 219
499 229 497 219
504 229 502 220
510 229 508 221
515 229 514 222
520 229 519 222
526 229 530 229
314 235 310 219
395 235 392 223
417 235 417 219
499 235 498 226
510 235 508 226
515 235 513 226
520 235 519 227
526 235 525 228
314 240 310 223
395 240 392 229
493 240 494 232
510 240 508 232
515 240 514 232
520 240 519 233
526 240 525 234
308 246 304 229
314 246 309 229
493 246 494 243
499 246 500 243
510 246 508 238
520 246 520 239
526 246 525 240
531 246 529 240
537 246 535 241
308 251 303 235
368 251 364 239
374 251 369 240
390 251 387 236
395 251 392 237
482 251 486 248
520 251 519 244
526 251 525 245
531 251 530 246
303 257 297 242
308 257 303 241
314 257 308 241
368 257 364 245
379 257 375 243
384 257 381 243
390 257 386 243
461 257 463 249
477 257 474 248
482 257 481 249
488 257 491 255
504 257 505 258
520 257 518 250
526 257 524 251
531 257 530 252
542 257 540 255
548 257 546 258
303 262 296 248
308 262 302 247
314 262 308 247
319 262 313 247
363 262 358 251
374 262 369 249
379 262 375 249
384 262 381 248
390 262 386 249
477 262 475 253
482 262 480 253
488 262 491 260
520 262 517 256
526 262 523 257
531 262 528 259
542 262 539 263
548 262 545 263
308 268 302 253
319 268 313 253
330 268 324 257
368 268 363 254
374 268 368 254
379 268 374 254
384 268 380 254
390 268 385 253
406 268 401 251
412 268 407 251
423 268 421 252
461 268 457 254
504 268 505 263
510 268 508 262
526 268 523 263
531 268 529 271
542 268 539 271
308 273 301 259
314 273 307 258
319 273 312 259
330 273 324 262
363 273 357 259
368 273 362 259
374 273 367 259
379 273 374 261
384 273 380 259
390 273 385 259
406 273 402 257
412 273 407 257
417 273 413 258
455 273 452 260
461 273 457 260
466 273 462 261
472 273 467 261
477 273 473 262
482 273 479 262
493 273 488 261
504 273 503 267
510 273 508 268
537 273 533 277
314 278 307 265
319 278 312 265
325 278 317 266
330 278 323 267
357 278 351 264
368 278 361 263
374 278 364 271
379 278 374 267
384 278 379 267
390 278 385 265
395 278 391 264
401 278 396 263
406 278 402 263
412 278 407 263
417 278 412 263
450 278 445 266
455 278 451 266
461 278 457 266
466 278 462 267
472 278 468 267
477 278 473 267
482 278 478 267
488 278 484 268
499 278 496 271
504 278 502 272
314 284 306 272
319 284 311 271
325 284 317 271
363 284 356 269
368 284 360 268
374 284 365 277
379 284 373 278
384 284 378 278
390 284 384 270
439 284 434 271
450 284 445 271
461 284 456 271
466 284 461 272
472 284 468 273
477 284 472 273
482 284 478 273
488 284 484 274
493 284 489 275
330 289 322 276
336 289 328 275
341 289 334 274
352 289 346 292
357 289 350 274
395 289 390 274
401 289 396 274
406 289 402 274
412 289 407 275
417 289 414 280
439 289 434 276
450 289 444 277
455 289 450 277
461 289 455 278
466 289 460 278
472 289 466 278
477 289 472 278
482 289 478 279
488 289 484 280
493 289 490 280
504 289 501 285
510 289 507 285
515 289 512 286
520 289 518 288
330 295 322 282
336 295 328 280
341 295 334 279
352 295 342 280
357 295 349 281
363 295 354 280
390 295 384 279
395 295 390 280
401 295 395 280
406 295 402 281
412 295 407 287
417 295 413 286
450 295 444 283
455 295 450 284
461 295 455 283
466 295 459 283
472 295 467 283
477 295 472 284
488 295 484 285
493 295 490 286
499 295 496 291
504 295 501 291
510 295 506 291
515 295 512 292
520 295 520 294
336 300 328 285
341 300 335 285
352 300 343 286
374 300 364 290
384 300 378 288
390 300 384 285
395 300 389 285
401 300 396 287
412 300 407 297
439 300 436 289
450 300 445 289
455 300 450 289
461 300 455 289
466 300 460 289
472 300 467 288
477 300 473 290
482 300 478 292
488 300 484 292
493 300 490 293
504 300 501 296
510 300 506 297
515 300 513 299
346 306 337 292
390 306 383 289
395 306 389 290
406 306 402 297
423 306 413 298
433 306 431 293
439 306 436 294
450 306 444 295
455 306 450 295
461 306 455 295
466 306 461 294
472 306 466 295
477 306 472 297
482 306 478 297
488 306 484 299
493 306 489 298
499 306 495 299
504 306 500 304
510 306 507 305
330 311 322 298
341 311 330 298
352 311 342 300
390 311 383 294
395 311 389 295
423 311 419 298
428 311 425 299
433 311 431 300
439 311 436 300
444 311 440 300
455 311 450 300
461 311 455 301
466 311 459 300
477 311 472 303
482 311 477 304
488 311 484 305
493 311 489 305
499 311 495 304
504 311 502 310
330 317 322 303
368 317 358 298
433 317 429 304
450 317 443 305
455 317 449 306
461 317 454 306
466 317 459 306
477 317 472 309
482 317 478 310
488 317 484 311
499 317 496 314
357 322 347 306
390 322 382 306
395 322 393 308
406 322 398 308
412 322 405 309
417 322 411 309
423 322 419 311
433 322 429 310
444 322 437 311
455 322 449 311
461 322 454 312
466 322 460 313
477 322 472 315
482 322 477 316
493 322 490 317
357 327 347 312
363 327 357 313
368 327 363 314
390 327 380 313
423 327 418 316
444 327 437 316
461 327 454 318
466 327 459 320
477 327 472 321
488 327 483 323
363 333 357 319
368 333 362 319
379 333 370 319
384 333 376 319
401 333 394 316
406 333 399 316
412 333 405 317
417 333 410 317
428 333 421 320
455 333 448 323
466 333 459 326
472 333 465 326
482 333 478 328
488 333 486 329
363 338 352 324
368 338 358 324
374 338 364 324
390 338 380 324
406 338 399 321
439 338 433 327
455 338 451 330
466 338 459 332
472 338 465 332
477 338 469 339
482 338 477 337
363 344 351 329
368 344 357 330
374 344 363 329
384 344 375 329
395 344 385 328
417 344 411 328
428 344 421 329
450 344 443 334
466 344 459 337
482 344 477 344
357 349 345 335
363 349 351 335
374 349 368 337
390 349 381 333
395 349 386 334
406 349 399 334
417 349 411 335
428 349 423 335
433 349 427 339
444 349 433 341
450 349 445 341
461 349 452 344
472 349 465 345
357 355 344 341
363 355 351 341
379 355 369 341
390 355 381 339
395 355 386 339
401 355 392 340
406 355 397 340
412 355 403 341
428 355 420 345
433 355 426 346
439 355 432 345
450 355 443 347
461 355 452 349
466 355 458 350
363 360 351 348
368 360 357 347
395 360 386 345
401 360 391 346
406 360 397 346
439 360 431 351
444 360 437 352
450 360 442 353
455 360 448 353
466 360 460 356
472 360 466 357
363 365 350 353
395 365 386 351
401 365 390 352
406 365 396 352
412 365 402 352
417 365 408 353
428 365 420 354
433 365 425 355
444 365 437 357
450 365 442 358
455 365 448 358
395 371 385 357
401 371 390 356
406 371 396 357
412 371 402 358
417 371 408 358
428 371 420 359
433 371 425 360
439 371 432 361
450 371 442 363
455 371 448 364
466 371 460 368
390 376 384 369
401 376 390 362
406 376 396 363
412 376 401 364
417 376 408 364
423 376 414 364
428 376 420 366
439 376 432 366
450 376 442 370
455 376 449 370
461 376 454 372
466 376 462 371
406 382 395 369
412 382 401 370
417 382 407 370
423 382 412 372
428 382 419 372
433 382 425 373
444 382 436 376
450 382 442 376
455 382 447 377
461 382 454 377
417 387 405 379
423 387 412 379
428 387 418 380
433 387 424 380
439 387 429 382
444 387 435 383
450 387 441 383
455 387 447 384
461 387 455 385
401 393 388 386
406 393 395 385
433 393 430 394
439 393 435 395
444 393 434 390
450 393 441 391
455 393 446 395
