350 206 341 199
346 210 256 273
367 210 327 235
346 214 256 280
350 218 260 281
388 239 327 346
392 239 333 347
405 239 309 304
417 239 417 278
464 239 460 233
405 244 345 350
409 244 307 309
417 244 417 283
384 248 287 318
325 252 312 317
333 256 296 340
317 260 248 285
329 260 273 290
342 260 304 341
317 265 246 292
321 265 253 293
333 265 295 348
342 265 302 347
317 269 245 297
321 269 251 298
333 269 295 351
354 269 391 254
472 269 484 205
447 273 329 339
325 277 249 305
329 277 255 307
329 281 254 311
371 281 312 354
455 281 333 352
459 281 339 353
455 290 331 359
346 294 293 358
359 294 269 308
392 319 268 314
396 319 276 315
401 319 280 317
392 323 268 320
396 323 274 321
392 328 271 329
426 336 330 365
430 336 337 367
426 340 329 371
426 344 322 377
