476 120 478 122
482 120 485 122
458 127 465 126
464 127 471 126
470 127 476 126
476 127 482 127
445 133 452 132
451 133 458 132
458 133 463 132
464 133 469 132
470 133 476 133
476 133 481 134
433 139 434 140
439 139 440 140
445 139 445 140
451 139 451 140
458 139 458 140
464 139 470 140
408 145 408 145
414 145 414 146
421 145 420 146
427 145 427 146
439 145 439 146
445 145 445 146
451 145 453 147
458 145 457 146
396 151 396 151
402 151 402 151
408 151 409 151
414 151 414 151
421 151 420 152
427 151 427 152
439 151 438 152
445 151 446 152
451 151 452 152
458 151 459 152
396 157 394 157
402 157 401 157
408 157 408 158
414 157 414 158
421 157 421 159
427 157 427 158
433 157 433 158
439 157 438 158
445 157 445 159
451 157 453 158
464 157 466 159
371 164 371 163
396 164 394 164
402 164 402 165
408 164 408 164
414 164 415 164
421 164 422 165
427 164 428 164
433 164 433 165
439 164 439 164
445 164 445 165
451 164 451 166
458 164 459 167
464 164 463 167
470 164 470 166
476 164 477 165
346 170 346 169
353 170 352 169
359 170 364 166
377 170 377 169
384 170 383 170
390 170 390 170
396 170 396 170
402 170 401 170
408 170 408 170
414 170 415 170
421 170 421 172
427 170 428 171
433 170 434 170
439 170 439 171
445 170 446 172
451 170 452 172
458 170 458 172
464 170 464 172
470 170 470 172
476 170 476 171
334 176 333 175
340 176 339 175
353 176 352 175
359 176 358 176
365 176 364 176
371 176 370 176
377 176 377 176
384 176 383 176
390 176 389 176
396 176 396 176
402 176 401 176
408 176 408 176
414 176 415 176
421 176 421 177
427 176 427 178
433 176 432 177
439 176 439 177
445 176 445 177
458 176 458 177
464 176 464 177
470 176 470 176
476 176 477 177
482 176 484 176
328 182 326 181
334 182 333 181
340 182 339 181
353 182 353 182
359 182 359 182
365 182 365 182
371 182 371 182
377 182 377 182
384 182 383 182
396 182 396 182
402 182 401 182
408 182 408 182
414 182 414 182
421 182 420 183
427 182 425 183
433 182 432 183
439 182 438 183
445 182 444 183
451 182 451 184
464 182 464 183
470 182 471 182
328 188 326 188
334 188 332 188
340 188 338 187
353 188 352 188
359 188 358 188
365 188 364 188
377 188 377 188
384 188 383 188
390 188 389 188
396 188 396 188
402 188 401 188
408 188 406 189
414 188 413 189
421 188 419 189
427 188 426 189
433 188 432 189
439 188 438 189
445 188 444 190
451 188 451 190
458 188 458 190
464 188 463 189
470 188 471 188
476 188 478 185
482 188 483 185
489 188 489 186
495 188 496 189
501 188 501 189
309 195 313 191
322 195 320 193
334 195 332 194
340 195 339 194
346 195 346 193
353 195 351 194
371 195 372 192
377 195 377 194
384 195 382 194
390 195 389 194
396 195 395 194
402 195 400 195
408 195 406 195
414 195 412 195
421 195 419 196
427 195 425 196
433 195 432 196
439 195 438 196
445 195 444 196
451 195 451 197
458 195 457 196
464 195 463 196
470 195 471 196
476 195 478 195
482 195 482 192
489 195 489 192
495 195 495 196
501 195 502 197
507 195 509 196
513 195 515 196
272 201 276 196
278 201 283 195
285 201 289 195
297 201 300 197
303 201 307 196
316 201 315 198
322 201 321 198
328 201 326 199
340 201 338 201
346 201 344 201
359 201 359 198
365 201 365 198
371 201 370 200
377 201 375 200
384 201 381 201
390 201 387 201
396 201 394 201
402 201 400 201
408 201 406 201
414 201 412 201
421 201 419 201
427 201 425 202
433 201 433 201
439 201 438 202
445 201 444 203
451 201 450 202
458 201 457 203
464 201 463 203
470 201 469 202
476 201 476 201
482 201 483 201
489 201 488 201
495 201 495 202
501 201 502 202
507 201 510 202
513 201 516 202
519 201 521 203
260 207 263 201
266 207 270 201
272 207 276 201
278 207 283 201
285 207 289 201
291 207 295 201
309 207 309 204
316 207 316 204
322 207 321 204
328 207 327 205
334 207 332 205
340 207 338 206
346 207 344 207
353 207 351 204
365 207 364 207
371 207 369 207
377 207 375 207
384 207 381 207
390 207 387 207
396 207 394 207
402 207 400 207
408 207 406 207
414 207 412 207
421 207 419 207
427 207 425 208
433 207 433 208
439 207 438 208
445 207 445 208
451 207 450 209
458 207 457 209
464 207 463 208
470 207 469 208
476 207 477 207
482 207 483 207
489 207 489 208
495 207 496 208
501 207 501 209
507 207 508 209
513 207 515 209
254 213 253 209
260 213 260 208
266 213 270 207
272 213 276 207
278 213 283 208
285 213 290 208
297 213 295 210
303 213 303 210
309 213 310 210
316 213 316 211
322 213 322 211
328 213 327 211
334 213 332 211
353 213 350 211
359 213 358 210
371 213 369 213
377 213 375 213
384 213 380 213
390 213 387 213
396 213 393 213
402 213 400 214
408 213 406 214
414 213 413 213
421 213 419 214
427 213 425 215
433 213 431 214
439 213 438 214
445 213 446 215
451 213 451 214
458 213 456 215
464 213 462 215
470 213 469 215
476 213 476 214
482 213 483 214
489 213 489 214
495 213 497 214
501 213 501 215
507 213 507 215
241 219 240 216
248 219 247 216
254 219 252 216
260 219 259 214
266 219 265 214
278 219 278 214
285 219 285 215
291 219 290 215
297 219 295 216
303 219 302 216
309 219 308 217
316 219 315 217
322 219 322 216
328 219 327 217
334 219 332 217
340 219 338 218
353 219 350 219
359 219 358 217
365 219 365 217
384 219 380 219
390 219 387 220
402 219 397 220
408 219 403 220
414 219 410 219
421 219 419 219
427 219 425 220
433 219 431 220
439 219 439 220
445 219 444 220
451 219 451 220
458 219 456 221
464 219 462 222
470 219 469 221
476 219 475 221
489 219 488 221
241 225 240 222
248 225 246 222
254 225 252 223
260 225 258 222
266 225 264 221
272 225 272 220
278 225 282 219
291 225 291 222
297 225 296 222
303 225 301 223
309 225 307 223
316 225 314 223
322 225 322 223
328 225 327 223
334 225 333 224
340 225 338 224
353 225 350 225
359 225 357 223
365 225 365 223
377 225 372 223
384 225 381 226
390 225 387 226
402 225 396 227
408 225 402 227
414 225 414 225
421 225 420 226
427 225 426 226
433 225 432 226
445 225 442 226
451 225 447 227
458 225 453 228
464 225 462 228
470 225 469 227
476 225 476 227
241 232 239 228
248 232 246 229
254 232 252 230
260 232 258 228
266 232 264 227
272 232 273 226
285 232 285 227
328 232 329 228
334 232 333 229
340 232 338 230
346 232 344 229
359 232 356 229
371 232 364 228
377 232 372 229
384 232 382 232
396 232 391 232
402 232 396 232
408 232 402 233
414 232 414 232
421 232 419 232
427 232 425 232
439 232 435 233
445 232 440 233
451 232 445 234
458 232 452 235
464 232 459 235
248 238 246 236
254 238 252 235
260 238 257 233
266 238 264 233
322 238 322 234
328 238 327 235
334 238 334 235
340 238 338 236
346 238 344 236
359 238 354 235
365 238 358 235
371 238 363 235
377 238 371 235
390 238 383 240
396 238 389 240
402 238 396 239
408 238 407 239
414 238 413 239
427 238 422 238
433 238 428 239
439 238 433 240
445 238 438 241
451 238 445 241
248 244 246 241
254 244 252 242
260 244 258 241
266 244 263 240
316 244 316 239
322 244 321 240
328 244 327 240
334 244 332 241
340 244 338 242
346 244 344 242
384 244 377 245
390 244 383 245
414 244 413 245
427 244 425 244
433 244 432 245
439 244 438 245
248 250 245 247
254 250 251 247
260 250 257 246
266 250 263 247
303 250 304 246
309 250 308 247
316 250 314 247
322 250 320 247
328 250 325 247
334 250 331 248
340 250 338 248
346 250 344 248
365 250 360 249
384 250 378 251
390 250 384 250
408 250 408 252
414 250 414 251
427 250 423 251
433 250 427 252
291 256 291 251
297 256 296 251
303 256 302 251
309 256 307 253
316 256 315 254
322 256 320 254
328 256 325 254
334 256 332 255
340 256 339 254
346 256 344 254
353 256 351 254
384 256 378 257
390 256 384 256
396 256 396 254
402 256 400 256
408 256 407 256
414 256 413 256
266 262 263 259
272 262 269 259
278 262 276 258
285 262 282 258
291 262 289 258
297 262 296 257
303 262 303 258
309 262 307 260
316 262 314 260
322 262 319 261
328 262 325 263
334 262 332 261
340 262 339 261
346 262 345 261
353 262 350 260
359 262 356 261
371 262 366 261
390 262 384 263
396 262 395 261
266 269 263 264
272 269 269 264
278 269 275 264
285 269 282 264
291 269 290 264
297 269 296 264
303 269 302 264
309 269 307 266
316 269 313 267
334 269 332 267
340 269 338 266
346 269 345 266
353 269 350 267
359 269 356 267
371 269 366 267
377 269 372 267
384 269 377 269
260 275 258 271
266 275 263 271
272 275 268 271
278 275 274 272
285 275 281 270
291 275 288 270
297 275 296 272
303 275 302 272
309 275 307 272
316 275 313 272
322 275 318 273
328 275 325 273
334 275 332 273
340 275 339 273
346 275 344 272
353 275 352 272
359 275 357 272
365 275 362 273
377 275 372 274
260 281 258 278
266 281 263 278
272 281 269 278
278 281 275 279
285 281 281 277
291 281 287 276
297 281 295 277
303 281 300 278
309 281 308 278
316 281 313 278
322 281 319 279
328 281 325 278
334 281 333 278
340 281 339 277
353 281 352 277
359 281 358 278
365 281 363 278
260 287 258 285
266 287 263 284
272 287 269 285
278 287 275 284
285 287 281 284
291 287 286 284
297 287 293 283
303 287 300 284
309 287 307 284
316 287 313 284
322 287 319 283
328 287 326 284
334 287 334 283
340 287 340 282
346 287 347 282
353 287 353 283
260 293 258 292
266 293 263 290
272 293 269 290
278 293 275 291
285 293 281 291
291 293 287 290
297 293 293 291
303 293 300 290
309 293 307 289
316 293 316 288
322 293 322 288
328 293 328 288
334 293 334 288
340 293 340 288
266 300 264 297
272 300 270 297
278 300 275 297
285 300 281 297
297 300 292 296
303 300 300 296
309 300 309 294
316 300 315 294
322 300 321 294
266 306 263 302
272 306 269 302
278 306 275 303
285 306 281 303
297 306 291 302
303 306 298 302
309 306 302 303
272 312 269 308
278 312 275 308
285 312 281 309
297 312 291 309
278 318 275 313
