0.7223646640777588 0.6908150315284729 -0.03104303404688835 -0.01272410899400711 
-0.6856104731559753 0.7096253037452698 -0.1623884737491608 0.08321887254714966 
-0.09015154093503952 0.1385871171951294 0.9862384796142578 -0.2905400991439819 
0 0 0 1 

0.6481848359107971 0.7608270049095154 -0.03159591183066368 -0.007562573533505201 
-0.7569015622138977 0.6391856670379639 -0.1361669898033142 0.07755517959594727 
-0.08340393751859665 0.112176351249218 0.9901819229125977 -0.2934730648994446 
0 0 0 1 

0.5493962168693542 0.8345166444778442 -0.04178035259246826 0.001594661036506295 
-0.8337019681930542 0.5441532135009766 -0.09401145577430725 0.0661141648888588 
-0.05571923404932022 0.08648189902305603 0.9946940541267395 -0.2983740866184235 
0 0 0 1 

0.4580888748168945 0.8839541077613831 -0.09369955956935883 0.02399054914712906 
-0.888886034488678 0.4548133313655853 -0.05501292273402214 0.05443034321069717 
-0.006013098638504744 0.1084890365600586 0.9940794706344604 -0.3020358383655548 
0 0 0 1 

0.3520687222480774 0.9298554062843323 -0.1068476736545563 0.0324687585234642 
-0.9357810616493225 0.3520132303237915 -0.02000825852155685 0.04110828042030334 
0.01900700479745865 0.1070303246378899 0.9940740466117859 -0.3035286664962769 
0 0 0 1 

0.2709951996803284 0.9537181854248047 -0.1303191334009171 0.04249053820967674 
-0.9591963291168213 0.2788989543914795 0.04645035043358803 0.01655932143330574 
0.08064641058444977 0.1124138161540031 0.9903833866119385 -0.3030625283718109 
0 0 0 1 

0.3253085911273956 0.9332932233810425 -0.1521113961935043 0.04757155478000641 
-0.9335734844207764 0.342568039894104 0.1052975654602051 -0.001793592935428023 
0.15038201212883 0.1077529862523079 0.9827383160591125 -0.2950098216533661 
0 0 0 1 

0.3606003820896149 0.9125522971153259 -0.1929132789373398 0.0586140938103199 
-0.9292396903038025 0.3693380951881409 0.01013989374041557 0.03098561055958271 
0.08050339668989182 0.1756062507629395 0.9811634421348572 -0.2904353141784668 
0 0 0 1 

0.4015242755413055 0.8927692770957947 -0.2043062895536423 0.0601375550031662 
-0.915586531162262 0.3966270089149475 -0.06624263525009155 0.0566667802631855 
0.02189396880567074 0.2136581540107727 0.9766631126403809 -0.2854843735694885 
0 0 0 1 

0.4626643657684326 0.8559058308601379 -0.2310122549533844 0.06378000974655151 
-0.8860395550727844 0.4377338588237762 -0.1527190059423447 0.08255920559167862 
-0.02959132194519043 0.2753435969352722 0.960890531539917 -0.2760391235351562 
0 0 0 1 

