423 159 306 128
429 211 314 165
423 222 317 175
452 222 324 160
522 222 352 122
440 228 322 171
446 228 325 168
452 228 328 164
510 234 355 132
516 234 359 129
493 246 354 152
510 246 361 138
481 251 349 159
498 251 358 148
504 251 360 144
539 251 406 124
423 257 326 197
435 257 331 192
452 257 337 179
464 257 344 172
481 257 352 162
417 263 327 204
423 263 329 200
481 263 356 165
348 269 309 248
429 269 334 197
435 269 337 194
464 269 350 178
481 269 358 169
348 275 311 250
394 275 321 226
423 275 334 203
429 275 337 200
464 275 353 181
504 275 380 154
510 275 382 150
440 280 342 196
464 280 358 184
481 280 368 173
487 280 371 169
498 280 380 161
504 280 383 156
394 286 324 229
423 286 338 206
452 286 351 192
487 286 376 172
498 286 383 163
452 292 355 195
458 292 359 192
464 292 362 189
464 298 365 192
458 304 365 198
464 304 369 195
469 304 373 191
377 309 340 242
464 309 373 197
469 309 377 194
377 315 325 250
475 315 391 201
359 321 327 258
458 333 388 212
394 338 343 253
458 338 392 214
371 367 363 271
411 385 391 261
