509 137 521 167
515 137 527 167
485 143 494 172
503 143 507 178
509 143 514 178
515 143 519 179
521 143 524 179
503 149 507 184
509 149 512 185
515 149 519 185
528 149 524 185
534 174 537 214
393 180 401 221
528 180 529 219
534 180 536 219
290 192 298 234
406 192 414 236
460 192 465 233
271 198 278 239
369 198 381 239
375 198 388 240
412 198 420 241
418 198 425 242
460 198 465 240
284 204 291 240
399 204 413 248
412 204 419 247
460 204 465 244
290 216 297 246
357 216 362 252
363 216 368 253
369 216 374 253
284 223 290 253
302 223 317 254
308 223 322 254
320 223 337 256
326 223 343 256
332 223 349 256
296 229 297 259
326 229 343 262
277 235 280 265
296 235 296 266
284 241 286 270
290 241 291 270
284 253 284 279
296 259 296 278
302 259 302 278
308 259 308 278
491 259 480 278
497 259 485 279
296 265 296 284
302 265 302 284
497 265 487 285
503 265 492 286
314 271 308 291
