447 122 403 116
447 127 405 123
464 127 437 117
464 133 439 123
435 139 402 131
424 145 396 140
458 145 435 135
406 150 402 110
412 150 391 155
418 150 397 154
424 150 400 148
412 156 394 161
435 156 412 151
441 156 419 149
412 162 395 168
418 162 401 166
424 162 406 162
441 162 423 155
447 162 429 153
412 168 397 173
418 168 403 171
435 168 416 159
389 173 381 191
401 173 389 188
424 173 410 171
441 173 427 164
447 173 432 162
366 179 365 207
378 179 375 194
389 179 384 197
401 179 391 194
406 179 394 186
412 179 402 183
418 179 408 180
424 179 414 178
435 179 423 174
441 179 430 171
447 179 435 167
470 179 449 160
498 179 474 146
504 179 481 142
510 179 486 140
361 185 361 215
378 185 379 202
401 185 394 199
406 185 399 192
412 185 405 188
418 185 411 185
424 185 418 183
429 185 423 181
441 185 432 176
504 185 482 153
366 191 369 215
372 191 375 212
378 191 380 209
389 191 389 204
406 191 403 198
412 191 408 194
418 191 414 191
424 191 420 188
429 191 426 186
470 191 448 167
481 191 458 165
498 191 480 161
355 196 360 225
361 196 365 223
366 196 370 220
372 196 377 217
378 196 383 213
389 196 391 209
395 196 396 206
406 196 405 203
412 196 410 200
418 196 416 196
424 196 422 194
429 196 428 191
441 196 431 182
464 196 444 171
475 196 455 172
343 202 353 235
361 202 368 229
378 202 382 222
412 202 415 205
418 202 419 202
424 202 425 200
464 202 448 177
332 208 345 246
338 208 349 239
343 208 355 240
349 208 363 233
384 208 389 221
389 208 395 219
395 208 401 216
435 208 437 204
441 208 441 196
447 208 446 193
475 208 455 179
338 214 351 246
349 214 365 240
355 214 371 237
366 214 377 234
378 214 386 230
384 214 392 227
389 214 398 224
395 214 403 223
401 214 409 220
412 214 418 215
418 214 423 214
424 214 429 211
441 214 443 203
447 214 448 201
464 214 463 192
470 214 470 190
481 214 477 187
309 219 334 259
320 219 341 257
332 219 348 255
338 219 354 253
343 219 360 251
349 219 366 248
361 219 375 242
366 219 380 238
372 219 385 237
384 219 395 233
389 219 401 231
395 219 406 229
401 219 411 226
412 219 421 221
418 219 426 220
424 219 431 216
435 219 440 212
441 219 445 210
452 219 455 206
458 219 460 202
464 219 467 199
326 225 343 264
332 225 351 261
338 225 357 259
343 225 362 256
349 225 368 253
361 225 378 248
366 225 382 247
372 225 388 244
384 225 397 239
389 225 403 236
395 225 408 233
401 225 413 231
412 225 423 226
418 225 429 224
429 225 439 217
441 225 448 215
447 225 453 213
458 225 462 208
464 225 468 205
309 231 338 267
326 231 344 271
332 231 353 266
338 231 359 264
343 231 364 261
349 231 370 259
361 231 380 254
366 231 385 251
372 231 391 248
384 231 400 244
389 231 405 242
395 231 411 239
424 231 437 224
338 236 362 270
343 236 367 268
349 236 372 264
366 236 388 256
384 236 402 250
401 236 419 240
406 236 425 236
418 236 435 231
424 236 440 230
429 236 445 226
441 236 455 224
361 242 384 264
372 242 395 258
389 242 410 251
395 242 415 249
401 242 422 245
406 242 427 241
418 242 437 237
424 242 442 235
435 242 450 232
441 242 455 230
447 242 461 225
274 248 304 305
309 248 334 292
343 248 372 276
349 248 377 273
361 248 387 270
366 248 392 267
372 248 397 264
384 248 406 259
389 248 412 256
395 248 417 254
401 248 423 250
406 248 429 247
418 248 439 243
424 248 445 242
435 248 453 239
269 254 302 313
274 254 308 311
343 254 374 279
349 254 380 277
361 254 389 275
366 254 394 272
372 254 399 269
384 254 409 265
269 259 305 318
274 259 311 317
286 259 319 314
309 259 337 299
315 259 341 296
338 259 366 295
349 259 378 288
361 259 391 281
389 259 416 264
395 259 424 259
401 259 430 258
406 259 435 255
424 259 445 258
251 265 290 328
257 265 297 326
326 265 388 316
338 265 369 301
343 265 374 299
372 265 400 278
378 265 406 275
384 265 412 274
389 265 420 272
395 265 425 268
401 265 432 263
406 265 437 262
257 271 299 332
269 271 308 327
274 271 313 325
309 271 340 306
320 271 345 304
326 271 350 301
338 271 371 307
355 271 388 291
361 271 392 288
372 271 401 283
384 271 415 280
389 271 422 278
395 271 428 275
401 271 433 271
412 271 442 268
269 277 310 332
274 277 315 330
286 277 365 348
309 277 341 313
361 277 395 294
378 277 409 287
384 277 418 286
389 277 425 284
395 277 429 281
263 282 305 338
286 282 326 330
309 282 354 323
315 282 360 319
326 282 320 300
332 282 375 312
338 282 382 311
372 282 407 294
378 282 413 294
384 282 421 291
389 282 427 289
395 282 433 288
269 288 314 342
274 288 320 339
309 288 356 329
320 288 364 327
349 288 386 307
366 288 409 306
384 288 423 298
389 288 430 296
269 294 317 347
274 294 323 346
280 294 329 344
315 294 359 335
332 294 377 321
372 294 417 302
274 300 325 350
280 300 332 349
286 300 338 347
297 300 348 343
303 300 353 340
378 300 425 305
280 305 335 355
286 305 341 352
297 305 350 347
303 305 355 345
309 305 361 342
320 305 369 340
355 305 412 312
361 305 405 331
286 311 344 359
303 311 358 351
326 311 372 345
286 317 348 365
297 317 352 357
297 323 355 362
303 323 361 360
326 323 386 359
297 328 358 368
303 328 364 366
332 328 388 363
303 334 367 371
309 334 373 370
315 334 380 368
309 340 377 375
315 340 385 374
