401 85 483 159
408 98 472 171
472 98 486 229
414 104 470 186
408 110 460 175
414 110 465 187
395 117 453 157
414 117 457 186
395 123 445 160
408 149 420 190
414 149 422 197
446 149 429 217
408 155 414 191
421 155 411 200
446 155 418 220
453 155 420 226
472 155 427 233
427 162 412 208
433 162 414 213
472 162 422 234
478 162 425 240
408 168 399 192
414 168 401 199
421 168 404 204
427 168 406 210
433 168 408 215
446 168 410 223
478 168 416 241
408 175 393 195
414 175 395 202
421 175 398 207
427 175 400 211
433 175 402 217
446 175 404 226
408 181 387 196
414 181 389 203
421 181 393 210
427 181 396 215
433 181 396 219
472 181 394 239
478 181 402 243
472 187 387 241
414 194 383 204
421 194 383 211
427 194 386 217
433 194 387 222
440 194 390 230
408 200 379 197
414 200 376 206
421 200 377 213
427 200 379 219
433 200 381 226
440 200 383 233
414 207 371 209
421 207 372 215
433 207 374 225
440 207 376 235
414 213 365 210
421 213 367 216
433 213 368 226
440 213 369 232
446 213 370 238
408 220 359 205
433 220 362 227
440 220 364 234
472 220 365 261
408 226 353 207
414 226 354 214
421 226 356 221
453 226 360 250
401 232 346 203
408 232 347 210
421 232 351 223
433 232 353 230
440 232 356 236
369 239 330 178
382 239 334 190
389 239 336 198
401 239 341 213
408 239 344 220
433 239 348 232
440 239 349 239
446 239 352 245
369 245 324 179
376 245 325 186
382 245 327 193
389 245 329 199
395 245 330 206
401 245 333 214
408 245 337 221
453 245 346 247
459 245 348 254
408 252 330 223
440 252 337 244
446 252 339 251
466 252 345 263
472 252 346 269
478 252 347 276
421 258 324 226
466 258 338 266
472 264 334 274
376 271 305 194
395 271 310 208
401 271 312 215
408 271 315 222
401 277 307 216
427 277 312 239
433 277 314 242
453 277 320 257
446 284 312 252
453 284 314 260
369 290 296 189
363 297 287 187
369 297 289 193
376 297 291 200
389 303 291 215
433 309 290 259
446 309 292 265
446 316 286 267
440 322 278 262
446 322 281 270
369 329 249 207
453 329 277 278
421 335 265 252
433 335 269 261
440 335 270 266
446 335 273 272
363 341 241 203
421 341 259 254
446 341 266 274
363 348 234 205
369 348 236 213
376 348 239 219
408 348 248 245
414 348 252 251
421 348 254 257
427 348 255 263
440 348 257 272
446 348 259 279
408 354 242 247
414 354 245 252
446 354 253 281
453 354 255 286
395 361 235 242
427 361 242 262
433 361 244 270
