-0.4762232005596161 0.7542737126350403 0.4519763290882111 -0.09937366843223572 
0.8141468167304993 0.1840167641639709 0.5507293343544006 -0.2340119928121567 
0.3322294056415558 0.6302452087402344 -0.7017225623130798 0.2183340489864349 
0 0 0 1 

0.1709656417369843 0.932758092880249 0.3173849284648895 -0.1070212125778198 
0.8213824033737183 -0.3128351867198944 0.476933091878891 -0.2346371710300446 
0.5441523790359497 0.1791551560163498 -0.8196350932121277 0.2451905757188797 
0 0 0 1 

0.5924914479255676 0.7393690347671509 0.319823831319809 -0.1409012973308563 
0.4651811718940735 0.0101150069385767 -0.8851576447486877 0.244191586971283 
-0.6576932072639465 0.6732243895530701 -0.3379475474357605 0.1875958144664764 
0 0 0 1 

0.1853013634681702 0.9141449332237244 0.3605580031871796 -0.1084728986024857 
0.564228355884552 0.2014296352863312 -0.80066978931427 0.2259583324193954 
-0.8045554161071777 0.3518022000789642 -0.4784614443778992 0.2351021617650986 
0 0 0 1 

0.8042502999305725 0.1659898608922958 0.5706389546394348 -0.2159550040960312 
-0.06956729292869568 -0.9273049235343933 0.3677854835987091 -0.124943882226944 
0.5902048945426941 -0.335489422082901 -0.7342377901077271 0.2059927731752396 
0 0 0 1 

0.814127504825592 0.09417774528264999 0.5729982256889343 -0.2147981375455856 
-0.07395411282777786 -0.961909294128418 0.2631745040416718 -0.08729797601699829 
0.5759575963020325 -0.2566331923007965 -0.7761520147323608 0.2198033928871155 
0 0 0 1 

0.7945626974105835 0.012915781699121 0.6070447564125061 -0.2213658541440964 
-0.1084657162427902 -0.9806728959083557 0.1628363728523254 -0.04805278405547142 
0.5974155068397522 -0.1952272355556488 -0.7778050303459167 0.2210099399089813 
0 0 0 1 

0.8276752829551697 -0.08290765434503555 0.5550494790077209 -0.202025443315506 
-0.1362369954586029 -0.9891257882118225 0.05540752783417702 -0.00570225715637207 
0.5444199442863464 -0.1214777156710625 -0.8299700021743774 0.2413983792066574 
0 0 0 1 

0.8214320540428162 -0.0468113049864769 0.5683820247650146 -0.2024844884872437 
-0.06600086390972137 -0.9977322220802307 0.01321309804916382 0.02397255040705204 
0.566474437713623 -0.04836736246943474 -0.822658896446228 0.2424311637878418 
0 0 0 1 

0.8078201413154602 -0.06271906197071075 0.5860826969146729 -0.2052225023508072 
-0.07775033265352249 -0.9969726204872131 0.000476194400107488 0.0370018258690834 
0.5842785835266113 -0.04595280811190605 -0.8102509379386902 0.2394712120294571 
0 0 0 1 

