0.0284417737275362 0.09609610587358475 -0.9949656128883362 0.3857370018959045 
-0.1392870098352432 0.9860386252403259 0.09125229716300964 0.01667403802275658 
0.9898434281349182 0.1359903961420059 0.04142961651086807 0.04967902973294258 
0 0 0 1 

0.07240098714828491 0.1102703958749771 -0.9912610054016113 0.3886505663394928 
-0.178680494427681 0.9792242646217346 0.09588069468736649 0.01969631388783455 
0.9812396764755249 0.1701771467924118 0.09059999883174896 0.04620609432458878 
0 0 0 1 

0.1029429659247398 0.6283210515975952 -0.7711129784584045 0.2811812162399292 
0.6102540493011475 0.5722934603691101 0.5477864146232605 -0.2107039988040924 
0.7854887247085571 -0.5269656181335449 -0.3245219588279724 0.1470612585544586 
0 0 0 1 

-0.04521188884973526 0.6153773069381714 -0.7869348526000977 0.2917124927043915 
0.6556733250617981 0.6125994920730591 0.4413777589797974 -0.1714347153902054 
0.753689706325531 -0.4960166215896606 -0.4311832189559937 0.1856207549571991 
0 0 0 1 

-0.1241153627634048 0.5853322744369507 -0.8012374043464661 0.2989296019077301 
0.6568593978881836 0.6536925435066223 0.375794917345047 -0.147235095500946 
0.7437278628349304 -0.4796583950519562 -0.4656142294406891 0.1977034360170364 
0 0 0 1 

-0.2109055370092392 0.5567977428436279 -0.80342698097229 0.3015762269496918 
0.6347734332084656 0.7030491828918457 0.3206002414226532 -0.1249673217535019 
0.7433581948280334 -0.4423778057098389 -0.5017173886299133 0.2103541344404221 
0 0 0 1 

-0.3047824203968048 0.5141777396202087 -0.8017033338546753 0.3025666177272797 
0.6041638851165771 0.7550927400588989 0.2545993328094482 -0.09869034588336945 
0.7362697720527649 -0.4067628681659698 -0.5407866835594177 0.2242681831121445 
0 0 0 1 

-0.3694992065429688 0.4561003148555756 -0.8095940351486206 0.3060147762298584 
0.5569844841957092 0.8061009049415588 0.1999242007732391 -0.07511954754590988 
0.7437999248504639 -0.3770595490932465 -0.5518943667411804 0.2281166017055511 
0 0 0 1 

-0.498222827911377 0.3589871823787689 -0.7892414927482605 0.2976686954498291 
0.4607274234294891 0.8807289600372314 0.1097578853368759 -0.03741349279880524 
0.7345095872879028 -0.3089413642883301 -0.6041945219039917 0.2462397217750549 
0 0 0 1 

-0.5407415628433228 0.3130425810813904 -0.7807705402374268 0.2937467098236084 
0.4239129722118378 0.903108537197113 0.06850176304578781 -0.02206034585833549 
0.7265648245811462 -0.2939372062683105 -0.6210511326789856 0.2510097622871399 
0 0 0 1 

