-0.9943071603775024 -0.1029553934931755 -0.02746151573956013 0.05777491256594658 
-0.1009269878268242 0.9926257729530334 -0.06714055687189102 0.04103335738182068 
0.03417149186134338 -0.06398671120405197 -0.9973658323287964 0.308978259563446 
0 0 0 1 

-0.9999800324440002 -0.00616426533088088 -0.001507415901869535 0.05032867565751076 
-0.00611449358984828 0.9994990825653076 -0.0310511589050293 0.01878084242343903 
0.001698068343102932 -0.03104131668806076 -0.9995167255401611 0.3130728900432587 
0 0 0 1 

-0.7515895962715149 -0.3951539695262909 -0.5281728506088257 0.217492550611496 
-0.6177597045898438 0.7023956179618835 0.3535723686218262 -0.08270874619483948 
0.2312707602977753 0.5920251607894897 -0.7720234394073486 0.2357169836759567 
0 0 0 1 

-0.8172944784164429 -0.3998865485191345 -0.4148738086223602 0.1793798953294754 
-0.5710132122039795 0.6586347222328186 0.4900450706481934 -0.1327592581510544 
0.07728780806064606 0.6374096274375916 -0.7666388750076294 0.2400461882352829 
0 0 0 1 

-0.8759706020355225 -0.3996264040470123 -0.2701371014118195 0.1322012841701508 
-0.4750139117240906 0.6172667741775513 0.6271710395812988 -0.1841281801462173 
-0.08388745039701462 0.6777023673057556 -0.7305356860160828 0.2337884902954102 
0 0 0 1 

-0.9102046489715576 -0.3703326284885406 -0.1854208409786224 0.1022064834833145 
-0.3893270194530487 0.6123989820480347 0.6880347728729248 -0.2071820944547653 
-0.1412502229213715 0.6984419226646423 -0.7015888690948486 0.2268974632024765 
0 0 0 1 

-0.9435248374938965 -0.3119542002677917 -0.1115596890449524 0.07787439227104187 
-0.2981155514717102 0.6525350213050842 0.6966528296470642 -0.2123062312602997 
-0.1445271968841553 0.6905668973922729 -0.7086812853813171 0.2319512963294983 
0 0 0 1 

-0.9720141291618347 -0.2346849739551544 -0.01055765431374311 0.04763560369610786 
-0.1565375179052353 0.6135246157646179 0.7740048766136169 -0.2419674545526505 
-0.1751699298620224 0.7539963722229004 -0.6330916285514832 0.2143222242593765 
0 0 0 1 

-0.975767195224762 -0.2157525569200516 0.03646521270275116 0.03516004979610443 
-0.08572880178689957 0.5302784442901611 0.8434782028198242 -0.2699951529502869 
-0.2013192623853683 0.8199120163917542 -0.5359246730804443 0.1860853433609009 
0 0 0 1 

-0.9768267869949341 -0.2103768587112427 0.03937696292996407 0.0345715694129467 
-0.06841666251420975 0.4812468886375427 0.8739110231399536 -0.2810063362121582 
-0.2028007209300995 0.8509658575057983 -0.4844880402088165 0.1690533459186554 
0 0 0 1 

