350 50 272 155
434 92 352 153
440 92 357 150
434 98 355 158
440 98 360 155
434 104 357 162
464 104 370 151
368 122 303 194
344 128 288 210
362 128 305 201
374 134 313 203
536 134 469 143
356 140 307 221
536 140 472 149
350 146 305 228
362 146 297 213
530 146 467 158
536 146 473 155
320 152 280 247
560 152 489 153
458 158 400 183
542 158 481 164
560 158 492 160
368 164 321 228
458 164 403 189
554 164 489 168
560 164 494 166
368 170 322 234
374 170 327 231
380 170 333 228
392 170 345 224
554 170 490 173
560 170 496 171
392 176 346 230
398 176 352 228
464 176 405 195
560 176 498 176
326 182 296 253
374 182 330 239
380 182 336 234
392 182 348 235
482 182 427 197
500 182 443 189
512 182 450 185
488 188 440 226
494 188 446 223
500 188 452 220
512 188 465 221
326 194 301 278
332 194 308 275
350 194 325 254
398 194 360 256
494 194 449 228
512 194 468 226
332 200 310 281
338 200 316 278
536 200 492 219
542 200 499 216
326 212 313 287
362 212 338 267
362 218 340 274
428 224 404 247
356 230 329 292
518 230 493 232
536 230 496 239
374 236 343 292
470 236 439 266
542 236 503 242
398 248 377 291
470 254 443 259
518 254 484 244
512 278 498 273
