488 140 521 145
483 145 514 150
488 145 520 150
295 150 327 140
477 150 510 155
483 150 515 155
488 150 520 156
493 150 525 156
363 155 406 149
467 155 497 160
472 155 504 161
477 155 509 160
483 155 514 161
488 155 520 162
493 155 525 162
498 155 531 164
467 160 496 164
472 160 502 166
477 160 508 167
483 160 514 167
488 160 520 168
368 166 409 160
431 166 462 166
472 166 500 172
477 166 507 172
483 166 513 173
488 166 518 173
498 166 526 168
275 171 296 153
477 171 505 178
483 171 513 179
503 176 534 193
503 181 532 197
285 186 299 164
290 186 305 164
311 186 330 168
316 186 335 169
373 186 415 176
379 186 420 177
467 186 475 190
285 192 299 169
290 192 311 165
295 192 318 167
342 192 356 173
379 192 406 184
384 192 412 184
493 192 520 208
301 197 324 174
342 197 356 178
405 197 437 186
420 197 455 188
483 197 515 206
493 197 519 213
503 197 530 210
368 202 394 200
493 202 519 219
503 202 531 216
399 207 427 208
488 207 513 225
394 212 422 213
472 212 507 224
368 218 376 214
436 218 455 218
472 218 506 229
477 218 512 230
493 218 517 231
425 223 444 226
285 233 298 226
337 233 373 231
363 233 368 231
285 238 298 232
337 238 372 236
363 238 368 235
316 244 353 240
337 244 372 241
363 244 367 241
415 244 453 242
493 244 514 257
503 244 528 243
275 249 285 237
306 249 322 224
363 249 365 246
415 249 453 248
420 249 458 248
457 249 474 255
503 249 527 250
280 254 291 243
373 254 377 248
472 254 500 276
280 259 289 250
285 259 295 251
493 259 514 271
280 264 289 256
285 264 294 257
358 264 353 251
488 264 507 275
493 264 512 276
498 264 518 278
280 270 289 261
384 270 386 267
389 270 391 268
493 270 511 283
498 270 517 283
389 275 391 273
410 275 408 275
462 275 464 281
467 275 470 283
342 285 349 279
425 285 418 288
363 290 366 287
