486 146 443 110
436 177 430 143
335 183 366 195
436 183 435 149
442 183 439 145
448 183 445 141
480 183 452 138
278 190 318 234
303 190 343 218
310 190 350 214
322 190 359 209
329 190 364 205
335 190 370 201
373 190 397 189
379 190 402 185
436 190 439 155
442 190 443 151
272 196 309 248
322 196 363 218
329 196 368 212
341 196 380 205
348 196 386 201
392 196 418 179
398 196 424 175
411 196 429 173
436 196 444 162
285 202 319 249
329 202 373 218
335 202 379 214
341 202 384 211
354 202 391 205
373 202 404 198
379 202 410 194
385 202 414 191
398 202 428 182
411 202 433 179
429 202 445 171
228 209 278 282
240 209 286 279
329 209 377 223
335 209 382 220
341 209 387 216
348 209 392 212
366 209 400 210
373 209 406 205
379 209 413 200
385 209 418 195
411 209 436 184
316 215 367 238
322 215 373 233
329 215 379 229
335 215 385 226
348 215 391 222
354 215 396 219
366 215 402 216
373 215 409 211
379 215 416 206
385 215 421 201
392 215 429 197
411 215 440 190
303 221 362 246
316 221 371 242
322 221 376 239
335 221 386 232
348 221 395 225
354 221 400 223
360 221 407 219
373 221 414 218
379 221 420 214
234 228 297 296
253 228 312 291
310 228 368 251
316 228 374 247
322 228 379 245
329 228 385 242
335 228 390 238
348 228 399 231
354 228 405 228
360 228 411 225
373 228 418 223
379 228 424 219
240 234 308 300
253 234 316 296
272 234 333 285
316 234 378 254
322 234 383 252
329 234 389 249
322 240 387 258
335 240 395 252
354 240 415 233
486 240 491 187
492 240 497 182
505 240 504 177
348 246 412 246
297 253 366 280
329 253 398 260
348 253 413 254
354 253 418 250
429 253 471 206
354 259 420 255
240 272 326 331
272 272 345 321
278 272 352 317
329 272 408 275
259 278 344 330
291 278 368 312
322 278 404 286
329 278 410 280
272 284 354 333
278 284 360 328
285 284 367 323
