414 47 293 155
386 52 283 181
398 52 285 166
409 52 291 162
398 58 287 173
403 58 290 169
409 58 294 165
414 58 299 160
364 81 288 183
364 86 292 187
398 86 342 184
426 86 382 162
392 98 348 198
398 98 351 193
364 103 294 194
437 109 370 166
431 115 443 178
437 132 354 178
398 143 324 188
437 143 398 181
381 149 368 203
324 154 332 281
335 154 336 274
341 154 339 268
403 154 364 186
324 160 337 283
335 160 340 277
398 160 433 190
437 160 468 224
375 166 374 217
477 166 469 163
335 171 347 283
375 171 341 217
386 171 437 204
465 171 420 175
477 171 475 166
482 171 478 160
386 177 443 207
454 177 467 186
482 182 451 167
499 188 473 158
341 194 364 289
381 194 428 227
488 194 455 169
341 199 369 292
352 199 374 287
369 199 452 276
392 205 380 247
494 205 492 174
499 205 495 168
505 205 485 161
511 205 489 156
494 211 497 179
505 211 490 165
511 211 495 159
426 216 399 204
431 216 403 199
511 216 498 163
522 216 509 153
431 222 408 203
499 222 494 181
386 228 397 281
505 228 503 181
516 228 509 163
386 239 400 284
494 239 499 186
499 239 506 176
488 245 499 194
511 245 514 175
398 256 482 281
403 256 484 278
414 256 479 242
420 256 483 236
437 256 481 219
454 256 491 203
465 262 504 189
431 273 499 265
426 284 501 275
431 284 505 270
426 290 509 273
431 290 513 268
