461 84 428 143
466 84 437 144
461 90 427 147
404 105 403 145
409 110 403 152
409 115 408 152
445 115 418 183
445 121 417 189
404 126 406 164
404 131 407 169
404 136 406 175
481 136 526 214
404 141 405 180
399 146 398 185
440 146 421 199
445 146 428 200
461 146 440 202
445 152 425 212
461 152 517 227
393 157 386 197
409 162 412 188
528 162 448 162
548 172 584 163
512 177 537 158
522 177 553 159
548 177 584 168
497 183 537 163
528 183 564 172
533 183 570 173
522 188 558 179
528 188 563 179
533 188 569 179
553 188 589 175
466 193 526 157
528 193 563 185
533 193 568 186
455 198 507 167
461 198 512 168
466 198 524 164
533 198 568 191
584 198 598 181
517 203 542 216
522 203 548 219
579 203 606 228
584 203 598 188
590 203 604 189
595 203 610 189
435 208 474 186
455 208 512 174
461 208 518 176
522 208 548 223
548 208 515 191
559 208 523 191
569 208 527 208
595 208 609 195
455 213 512 181
461 213 518 180
471 213 500 237
538 213 571 215
553 213 516 196
559 213 522 196
564 213 508 261
440 219 493 188
466 219 491 266
497 219 547 188
502 219 553 189
533 219 564 223
538 219 572 224
553 219 516 202
559 219 533 264
564 219 538 264
595 219 608 224
435 224 487 194
440 224 492 194
481 224 519 244
486 224 524 244
502 224 551 194
507 224 556 194
538 224 571 230
559 224 532 269
564 224 537 270
579 224 592 245
590 224 601 217
595 224 608 217
600 224 614 219
430 229 475 211
435 229 487 201
440 229 493 201
455 229 528 181
471 229 509 249
481 229 517 249
486 229 523 249
533 229 564 236
538 229 571 236
590 229 601 223
424 234 469 216
455 234 506 238
507 234 547 230
533 234 564 242
435 239 484 217
476 239 441 233
543 239 576 243
435 244 483 223
440 244 491 223
445 244 496 223
461 244 512 243
481 244 520 268
564 244 566 278
559 250 559 283
564 250 565 285
569 250 572 285
590 250 596 270
595 250 603 270
424 255 470 234
559 255 560 288
564 255 565 289
569 255 570 291
590 255 596 277
595 255 601 276
430 260 469 270
440 260 493 248
461 260 515 273
559 260 558 294
564 260 564 294
579 260 582 284
584 260 588 285
590 260 595 283
430 265 469 275
435 265 477 275
440 265 492 252
559 265 557 299
435 270 477 280
548 281 573 279
564 291 563 313
461 301 517 301
543 301 570 302
