507 148 488 157
507 154 488 162
512 154 494 161
512 159 493 166
523 159 500 166
523 165 500 171
448 170 435 193
518 170 493 178
523 170 499 178
287 181 277 188
512 181 485 193
282 186 271 193
287 186 276 193
298 191 288 204
303 191 294 204
287 197 274 210
292 197 283 210
298 197 289 210
384 197 392 212
400 197 376 214
437 197 425 205
443 197 431 205
518 197 492 204
287 202 279 216
292 202 284 217
298 202 295 220
384 202 391 217
437 202 425 210
453 202 447 214
459 202 452 214
287 207 279 221
303 207 301 225
341 207 322 222
346 207 328 222
405 207 400 217
453 207 447 219
512 207 481 213
282 213 269 222
287 213 280 226
341 213 323 229
410 213 406 222
512 213 481 218
287 218 279 230
491 218 455 237
491 223 454 241
496 223 460 241
518 223 486 222
523 223 493 221
501 229 475 232
512 229 482 232
518 229 487 228
523 229 492 228
325 234 307 235
341 234 333 233
491 234 465 241
501 234 476 238
292 240 286 253
298 240 298 263
314 240 297 241
319 240 302 241
325 240 308 241
443 240 445 251
480 240 455 246
491 240 466 246
501 240 477 244
523 240 494 239
314 245 297 246
367 245 364 251
501 245 478 249
292 250 288 264
464 250 440 270
512 250 484 267
373 256 369 269
453 256 457 274
459 256 457 279
464 256 462 278
512 256 485 272
298 261 293 263
303 261 305 272
309 261 310 272
453 261 453 284
459 261 459 284
464 261 463 283
292 266 289 274
303 266 305 277
309 266 310 277
314 266 315 278
346 266 342 271
453 266 453 289
459 266 458 290
464 266 463 289
292 272 290 279
303 272 306 283
330 272 345 280
501 272 480 279
507 272 485 282
501 277 481 287
507 277 486 288
378 282 388 289
501 282 481 293
507 282 486 293
448 288 436 297
475 288 463 293
469 293 449 301
480 293 470 299
501 293 493 302
512 293 502 303
