341 267 420 172
345 267 427 174
310 272 381 155
314 272 387 158
372 272 464 195
354 281 447 195
426 281 513 227
430 281 519 230
399 285 489 218
408 285 498 223
417 285 505 228
421 285 510 231
426 285 514 234
434 285 523 240
439 285 526 243
336 290 409 190
341 290 415 192
354 290 444 201
403 290 490 226
408 290 494 228
412 290 499 231
421 290 507 237
426 290 512 239
434 290 520 244
439 290 524 247
448 290 531 252
354 294 434 204
426 294 508 244
434 294 516 249
439 294 521 252
452 294 530 258
336 299 402 201
341 299 412 199
408 299 489 237
412 299 493 240
457 299 530 265
466 299 535 270
336 303 397 206
345 303 414 208
394 303 475 234
399 303 479 237
408 303 487 242
417 303 494 246
426 303 499 249
430 303 505 253
434 303 510 258
443 303 518 263
341 308 403 213
345 308 410 214
408 308 484 248
426 308 496 254
430 308 502 258
434 308 507 262
443 308 514 267
452 308 521 272
434 312 504 266
443 312 512 272
457 312 522 279
345 316 399 224
426 316 491 262
457 316 518 284
403 321 469 258
408 321 475 260
417 321 482 265
426 321 488 268
443 321 507 279
350 325 399 234
363 325 423 238
368 325 429 241
390 325 454 255
408 325 472 265
417 325 480 270
426 325 486 273
430 325 491 277
434 325 495 279
439 325 494 271
443 325 504 284
452 325 510 288
470 325 525 290
359 330 414 242
363 330 420 244
430 330 489 282
434 330 493 284
443 330 500 290
452 330 507 294
341 334 391 235
354 334 410 245
363 334 416 249
403 334 463 271
417 334 475 278
421 334 479 281
390 339 447 267
403 339 459 275
408 339 464 278
417 339 472 283
421 339 476 285
430 339 484 291
434 339 489 294
443 339 496 298
452 339 502 300
336 343 363 254
390 343 444 272
394 343 448 275
403 343 456 280
408 343 461 283
417 343 469 288
421 343 474 291
430 343 481 296
434 343 485 299
443 343 491 305
452 343 498 307
283 348 319 219
421 348 471 296
443 348 489 309
461 348 506 304
341 352 381 255
345 352 384 258
390 352 438 281
399 352 447 286
403 352 451 289
412 352 463 295
461 352 503 308
278 357 309 221
283 357 315 225
341 357 376 259
345 357 383 263
350 357 388 266
372 357 415 276
390 357 436 286
403 357 449 294
408 357 453 297
417 357 463 302
421 357 467 305
430 357 473 309
434 357 477 311
461 357 500 314
350 361 384 271
368 361 408 278
390 361 433 291
403 361 446 299
408 361 451 301
417 361 459 306
443 361 481 320
457 361 495 312
341 366 372 266
345 366 377 269
372 366 412 283
439 366 476 320
457 366 491 319
292 370 315 242
336 370 364 270
341 370 369 272
345 370 374 275
350 370 381 278
359 370 393 287
368 370 404 286
372 370 410 288
381 370 417 292
385 370 423 296
390 370 428 299
412 370 449 311
417 370 454 314
421 370 458 317
430 370 466 322
434 370 470 324
443 370 476 328
457 370 489 324
336 374 362 275
341 374 367 278
345 374 373 280
359 374 391 293
368 374 402 291
381 374 412 297
385 374 420 302
390 374 426 305
399 374 433 309
403 374 438 311
412 374 446 316
417 374 451 318
421 374 455 322
430 374 463 326
434 374 468 329
296 379 314 257
323 379 336 275
332 379 352 278
336 379 360 281
350 379 377 286
354 379 384 289
368 379 398 297
385 379 417 308
390 379 423 310
421 379 452 326
430 379 460 331
434 379 465 334
443 379 466 347
452 379 473 349
296 383 311 262
301 383 315 266
310 383 323 271
332 383 352 287
341 383 363 287
345 383 368 288
350 383 374 291
354 383 381 295
381 383 411 305
403 383 432 320
412 383 441 324
417 383 445 327
452 383 469 354
301 388 311 272
310 388 321 276
314 388 325 278
341 388 361 290
345 388 366 293
350 388 372 296
354 388 378 300
390 388 419 317
399 388 426 321
403 388 430 323
412 388 439 329
417 388 444 331
421 388 448 334
310 392 316 282
314 392 322 284
408 392 430 329
417 392 441 336
421 392 445 338
327 397 339 294
412 397 434 336
430 397 451 345
434 397 456 348
376 401 398 323
394 401 412 331
399 401 419 334
408 401 428 339
417 401 437 343
421 401 441 346
430 401 448 350
376 406 396 329
403 406 420 341
421 406 439 351
439 406 452 360
443 406 456 363
390 410 408 335
399 410 414 341
417 410 431 351
430 410 444 359
376 415 392 335
381 415 397 337
390 415 404 341
412 415 423 354
417 415 428 356
421 415 434 360
430 415 441 364
434 415 446 367
452 415 456 378
376 419 388 340
412 419 419 360
417 419 426 363
421 419 431 365
430 419 438 369
434 419 442 372
443 419 450 377
363 423 366 337
368 423 372 338
372 423 378 341
376 423 384 344
381 423 390 347
421 423 428 370
430 423 436 374
439 423 441 379
443 423 446 382
452 423 453 386
394 428 401 358
403 428 409 364
359 432 343 332
381 432 381 356
385 432 387 359
390 432 392 360
399 432 400 365
403 432 405 368
408 432 410 371
417 432 418 376
421 432 424 378
439 432 436 387
443 432 442 389
381 437 377 361
385 437 382 364
394 437 390 366
399 437 397 371
403 437 401 374
408 437 406 377
417 437 419 384
430 437 426 387
376 441 366 363
381 441 372 366
390 441 380 368
399 441 393 376
403 441 399 379
417 441 412 388
434 441 431 393
381 446 369 372
394 446 389 383
403 446 396 386
