328 126 328 127
332 126 332 127
336 126 336 127
340 126 340 126
344 126 344 126
348 126 349 127
352 126 352 127
356 126 356 127
360 126 360 126
368 126 368 126
372 126 372 126
375 126 376 126
383 126 388 127
387 126 391 127
391 126 394 127
399 126 399 127
313 130 314 131
317 130 318 130
321 130 322 130
324 130 327 130
328 130 331 130
336 130 337 130
340 130 342 130
344 130 345 130
348 130 348 130
352 130 353 130
356 130 356 130
360 130 360 131
364 130 367 130
372 130 372 130
375 130 376 131
379 130 379 131
383 130 388 130
387 130 391 131
391 130 394 131
395 130 398 131
399 130 402 131
403 130 406 131
407 130 410 131
411 130 414 131
415 130 419 131
419 130 422 131
313 134 313 135
317 134 318 134
321 134 323 134
324 134 327 134
328 134 331 134
332 134 335 134
340 134 341 134
344 134 345 134
348 134 349 134
352 134 353 134
356 134 357 134
360 134 360 134
364 134 365 134
372 134 373 134
375 134 377 135
383 134 387 134
387 134 391 134
391 134 394 134
395 134 398 134
399 134 402 134
403 134 406 135
407 134 410 134
411 134 414 135
415 134 418 135
422 134 423 135
426 134 427 134
430 134 431 134
434 134 434 135
313 138 314 138
317 138 318 139
321 138 322 139
324 138 327 138
328 138 331 138
332 138 335 138
336 138 339 138
348 138 351 137
356 138 357 138
360 138 360 138
364 138 365 138
368 138 369 138
372 138 374 138
375 138 378 138
379 138 382 138
383 138 387 138
387 138 391 138
391 138 395 138
395 138 398 138
399 138 403 139
403 138 407 138
407 138 410 138
411 138 414 138
415 138 418 138
422 138 423 138
426 138 427 138
430 138 430 138
434 138 434 138
313 141 314 143
317 141 318 142
321 141 322 142
324 141 327 142
332 141 334 142
336 141 339 142
344 141 345 142
348 141 351 141
352 141 355 142
360 141 361 142
364 141 365 142
368 141 369 142
372 141 375 142
375 141 378 142
379 141 383 143
383 141 386 142
387 141 390 141
395 141 396 141
399 141 399 142
403 141 406 142
407 141 410 142
411 141 413 142
415 141 418 142
422 141 423 143
426 141 427 142
430 141 430 142
434 141 434 141
285 145 281 146
289 145 293 146
313 145 314 146
317 145 318 146
321 145 323 146
324 145 327 146
328 145 331 146
332 145 335 146
336 145 339 146
344 145 345 146
348 145 349 146
352 145 355 145
356 145 359 146
360 145 362 146
368 145 369 145
372 145 374 146
375 145 379 146
379 145 383 146
383 145 387 146
387 145 390 145
403 145 406 146
407 145 409 146
411 145 413 146
419 145 418 146
422 145 423 146
426 145 426 146
430 145 430 146
281 149 282 150
285 149 286 150
289 149 290 150
293 149 293 150
297 149 297 150
301 149 301 150
313 149 314 150
317 149 318 150
321 149 324 150
328 149 329 150
332 149 335 150
340 149 341 149
352 149 353 149
356 149 357 149
360 149 361 150
368 149 369 150
372 149 374 150
379 149 383 149
383 149 387 150
387 149 390 150
403 149 403 149
411 149 412 149
415 149 416 150
426 149 426 149
430 149 430 149
289 153 290 154
293 153 293 154
297 153 297 154
301 153 301 154
305 153 305 153
313 153 314 154
317 153 318 154
324 153 325 153
332 153 336 154
340 153 341 154
344 153 345 153
348 153 349 153
352 153 353 153
356 153 357 153
360 153 361 154
368 153 368 154
379 153 380 154
383 153 386 153
387 153 391 154
391 153 395 154
407 153 408 154
411 153 412 154
415 153 415 154
419 153 419 151
422 153 422 150
426 153 426 153
430 153 430 153
301 157 300 158
305 157 305 158
309 157 309 158
313 157 314 158
317 157 318 158
321 157 322 158
324 157 326 158
328 157 331 158
332 157 335 158
340 157 341 158
344 157 345 158
348 157 349 157
352 157 353 157
356 157 357 157
360 157 361 158
364 157 365 157
368 157 368 157
372 157 373 157
379 157 381 158
383 157 386 158
387 157 390 158
391 157 395 157
395 157 398 158
403 157 404 158
407 157 408 158
411 157 412 157
419 157 419 157
422 157 422 155
426 157 426 157
430 157 430 157
434 157 434 156
313 161 314 161
317 161 318 162
321 161 322 161
324 161 326 161
328 161 331 162
332 161 335 162
340 161 341 162
344 161 345 162
348 161 349 161
352 161 353 161
356 161 358 161
364 161 364 161
368 161 368 161
372 161 372 161
375 161 377 161
383 161 387 162
387 161 391 162
391 161 395 162
399 161 401 162
407 161 408 161
411 161 412 162
415 161 416 161
419 161 419 161
422 161 423 161
426 161 427 162
430 161 430 161
317 165 318 166
321 165 322 165
324 165 327 166
328 165 331 166
332 165 335 166
336 165 339 166
344 165 347 166
348 165 352 166
352 165 356 165
356 165 359 165
360 165 362 165
368 165 368 165
372 165 374 166
375 165 378 165
379 165 382 165
383 165 386 165
387 165 390 165
391 165 395 166
395 165 398 166
399 165 402 166
407 165 409 165
411 165 412 165
415 165 415 165
419 165 419 165
422 165 423 166
426 165 427 166
430 165 430 165
266 169 265 169
317 169 318 169
321 169 323 170
324 169 327 170
328 169 331 170
332 169 335 170
336 169 339 170
344 169 345 169
348 169 351 170
352 169 355 170
356 169 359 169
360 169 362 169
364 169 367 169
368 169 371 170
372 169 375 169
375 169 378 169
379 169 382 169
383 169 386 169
387 169 390 169
391 169 394 169
395 169 398 169
399 169 402 169
407 169 408 169
411 169 412 169
415 169 415 169
419 169 419 169
422 169 423 170
426 169 427 169
430 169 431 169
262 173 261 174
266 173 266 172
313 173 314 174
317 173 318 173
321 173 323 174
324 173 327 174
328 173 331 174
332 173 335 174
340 173 341 173
344 173 347 173
348 173 351 173
352 173 355 174
356 173 359 174
360 173 363 173
364 173 367 174
368 173 372 174
372 173 375 173
375 173 379 173
379 173 382 173
383 173 386 173
387 173 390 173
391 173 394 173
395 173 398 173
399 173 402 173
403 173 405 173
411 173 412 173
415 173 415 172
419 173 419 173
422 173 423 174
426 173 427 174
430 173 430 173
262 177 261 177
266 177 266 177
313 177 314 178
317 177 318 177
321 177 322 177
324 177 327 177
328 177 331 177
332 177 335 177
336 177 339 177
344 177 345 177
348 177 351 177
352 177 355 177
356 177 359 177
360 177 363 177
364 177 367 177
368 177 371 178
372 177 375 178
375 177 379 177
379 177 382 177
383 177 386 177
387 177 390 177
391 177 394 177
395 177 399 177
399 177 402 177
403 177 405 177
411 177 412 177
415 177 415 177
419 177 419 177
422 177 423 178
426 177 427 177
262 181 261 181
266 181 265 181
313 181 314 181
317 181 317 181
321 181 322 181
324 181 326 181
328 181 331 180
336 181 339 180
340 181 343 180
344 181 347 181
348 181 350 181
352 181 355 181
356 181 358 181
360 181 363 181
364 181 367 181
368 181 371 181
372 181 375 181
375 181 378 181
379 181 382 181
383 181 386 181
387 181 391 181
391 181 394 181
395 181 399 182
399 181 402 182
415 181 416 181
419 181 419 180
422 181 423 181
426 181 427 181
430 181 430 180
262 185 261 185
266 185 265 185
313 185 314 186
317 185 317 186
321 185 322 185
324 185 326 185
328 185 331 185
340 185 343 184
344 185 347 185
348 185 351 184
352 185 354 185
360 185 360 185
364 185 367 185
368 185 371 185
372 185 375 185
375 185 379 185
379 185 382 186
383 185 386 185
387 185 391 185
391 185 395 185
395 185 399 186
399 185 402 185
411 185 411 182
262 188 261 189
266 188 265 189
313 188 314 190
317 188 318 189
321 188 322 190
332 188 335 189
336 188 339 189
340 188 344 189
344 188 348 189
348 188 351 189
356 188 356 189
360 188 360 189
368 188 371 188
372 188 375 189
375 188 379 189
379 188 383 190
383 188 386 190
387 188 391 189
391 188 395 189
395 188 398 189
399 188 402 189
403 188 406 189
419 188 418 185
422 188 422 186
426 188 426 187
430 188 430 187
266 192 265 193
270 192 269 193
313 192 314 193
317 192 318 193
321 192 323 190
324 192 325 194
328 192 329 194
332 192 333 193
336 192 339 193
340 192 343 193
344 192 347 193
348 192 351 193
356 192 356 193
360 192 361 193
372 192 375 193
379 192 383 193
383 192 386 193
387 192 390 192
391 192 394 193
395 192 398 193
399 192 402 193
403 192 405 192
415 192 415 189
419 192 418 189
422 192 422 189
426 192 426 191
430 192 430 190
313 196 314 197
317 196 318 196
324 196 326 197
328 196 329 198
332 196 333 197
336 196 339 197
340 196 343 197
344 196 347 196
348 196 351 197
356 196 356 196
360 196 361 196
364 196 365 197
368 196 368 194
372 196 371 194
383 196 386 197
391 196 393 196
395 196 398 197
399 196 402 197
403 196 406 196
415 196 416 195
422 196 423 194
426 196 426 194
313 200 314 201
317 200 318 200
321 200 323 200
324 200 327 201
332 200 333 201
336 200 339 200
340 200 343 201
344 200 347 200
348 200 351 201
352 200 356 201
360 200 361 201
364 200 365 200
368 200 367 198
372 200 371 197
375 200 375 196
391 200 394 200
395 200 398 201
399 200 402 200
403 200 406 201
415 200 415 198
419 200 420 201
422 200 423 201
426 200 426 201
313 204 314 205
317 204 318 204
321 204 323 204
324 204 327 204
328 204 331 204
336 204 339 204
340 204 343 205
356 204 359 205
368 204 368 202
375 204 375 201
379 204 380 202
383 204 384 202
391 204 395 204
395 204 400 204
399 204 403 205
403 204 406 204
411 204 411 202
419 204 420 204
422 204 423 204
426 204 427 205
313 208 314 209
317 208 318 208
321 208 322 208
324 208 327 208
328 208 331 208
332 208 335 208
336 208 339 208
340 208 343 208
344 208 347 206
348 208 351 205
352 208 356 205
364 208 364 206
368 208 368 206
372 208 372 206
379 208 380 208
387 208 388 208
391 208 395 208
395 208 399 208
399 208 403 209
403 208 406 208
419 208 419 208
422 208 423 209
426 208 426 209
313 212 314 212
317 212 318 212
321 212 322 212
324 212 327 212
328 212 331 212
332 212 335 213
340 212 342 212
344 212 345 212
352 212 352 209
360 212 361 209
364 212 364 209
368 212 368 209
372 212 372 210
375 212 376 210
379 212 380 212
387 212 388 213
391 212 394 212
395 212 398 212
399 212 403 213
403 212 406 212
407 212 409 212
419 212 419 213
426 212 427 212
317 216 318 217
321 216 322 216
324 216 327 216
328 216 331 216
332 216 335 217
340 216 341 216
344 216 345 216
348 216 348 216
352 216 353 212
356 216 356 213
360 216 361 214
364 216 364 213
368 216 369 213
372 216 372 213
375 216 376 213
379 216 379 215
387 216 390 216
391 216 394 216
395 216 398 216
399 216 403 216
403 216 406 216
407 216 410 216
419 216 419 217
422 216 423 216
426 216 427 217
317 220 317 221
321 220 322 221
324 220 327 221
332 220 334 220
336 220 337 220
340 220 341 220
344 220 344 220
348 220 349 219
352 220 352 219
356 220 356 219
360 220 360 219
364 220 364 221
368 220 368 220
372 220 372 220
375 220 376 220
379 220 379 219
383 220 383 220
387 220 388 220
391 220 394 220
395 220 398 220
399 220 402 220
403 220 406 221
407 220 410 220
411 220 413 220
419 220 419 220
422 220 423 220
426 220 427 221
313 224 313 226
317 224 317 225
321 224 322 225
324 224 327 224
328 224 331 224
332 224 335 224
340 224 341 223
344 224 344 224
348 224 349 224
352 224 353 223
356 224 357 223
360 224 361 223
364 224 364 224
368 224 367 224
372 224 371 224
375 224 376 223
379 224 379 223
383 224 383 224
387 224 388 224
391 224 394 224
395 224 398 224
399 224 402 224
403 224 406 224
407 224 410 225
415 224 416 224
419 224 419 224
422 224 423 225
426 224 427 225
430 224 430 226
285 228 285 228
289 228 288 228
313 228 314 229
317 228 318 229
321 228 323 228
324 228 327 228
332 228 333 228
336 228 338 228
340 228 342 228
344 228 346 228
348 228 349 228
352 228 353 228
356 228 359 228
364 228 364 228
368 228 368 227
372 228 372 228
375 228 375 228
379 228 379 228
383 228 383 227
387 228 390 228
391 228 394 228
395 228 398 228
399 228 402 228
403 228 405 228
407 228 409 229
419 228 419 228
422 228 423 229
426 228 427 229
430 228 430 229
285 232 285 232
289 232 289 232
313 232 313 232
317 232 319 232
324 232 327 232
328 232 331 232
336 232 337 232
340 232 342 231
344 232 345 232
348 232 348 232
352 232 353 232
360 232 360 232
364 232 364 232
368 232 368 232
372 232 372 232
375 232 376 232
379 232 379 233
383 232 383 232
387 232 390 232
391 232 394 232
395 232 398 232
399 232 401 232
403 232 405 232
407 232 409 232
415 232 416 232
419 232 419 233
422 232 423 232
426 232 427 232
430 232 430 233
281 236 282 237
285 236 285 236
289 236 289 236
293 236 293 237
297 236 297 237
301 236 300 237
305 236 306 236
313 236 314 236
321 236 323 236
324 236 327 235
332 236 333 237
336 236 337 237
340 236 341 236
344 236 344 237
348 236 349 237
352 236 355 237
364 236 364 236
368 236 368 236
372 236 372 236
375 236 375 236
379 236 379 237
383 236 383 236
387 236 388 235
391 236 394 236
395 236 398 236
399 236 402 236
403 236 405 236
407 236 409 236
415 236 416 236
419 236 419 236
422 236 424 236
426 236 427 236
430 236 430 236
285 239 285 241
289 239 289 241
293 239 293 241
297 239 297 240
301 239 301 240
305 239 306 240
313 239 315 240
317 239 319 240
321 239 323 240
324 239 327 239
332 239 334 240
336 239 337 240
340 239 341 240
344 239 347 240
352 239 355 241
356 239 359 240
364 239 365 240
368 239 368 240
372 239 372 241
379 239 379 240
383 239 384 240
387 239 390 240
391 239 394 240
399 239 401 239
403 239 406 239
415 239 416 240
419 239 419 240
422 239 423 240
426 239 427 240
430 239 430 240
285 243 285 244
289 243 289 245
293 243 293 245
297 243 297 244
301 243 302 244
309 243 310 244
313 243 315 244
317 243 319 244
324 243 327 243
332 243 334 244
336 243 337 244
340 243 341 244
344 243 347 244
352 243 354 244
356 243 358 244
360 243 362 244
368 243 370 244
372 243 375 244
375 243 379 244
383 243 384 245
387 243 388 244
391 243 395 244
395 243 398 243
399 243 402 243
403 243 406 243
407 243 411 243
415 243 416 244
419 243 420 244
422 243 424 243
426 243 427 243
430 243 431 244
289 247 289 248
293 247 293 249
297 247 297 248
301 247 302 248
309 247 310 247
313 247 315 248
317 247 319 248
321 247 323 247
324 247 328 248
328 247 332 248
336 247 337 248
340 247 341 248
344 247 349 247
348 247 352 248
352 247 354 248
356 247 358 248
360 247 362 248
364 247 367 248
368 247 371 248
372 247 375 247
375 247 379 247
379 247 383 247
383 247 386 248
391 247 395 247
395 247 398 247
399 247 402 247
403 247 406 247
407 247 411 247
411 247 414 247
415 247 417 248
422 247 424 247
426 247 428 248
430 247 431 248
297 251 297 252
305 251 306 252
309 251 310 252
313 251 315 251
317 251 319 252
321 251 324 252
324 251 328 252
328 251 333 252
332 251 336 252
336 251 340 252
340 251 344 252
344 251 348 252
348 251 351 252
352 251 355 251
356 251 358 252
360 251 363 252
364 251 367 252
368 251 371 252
372 251 375 251
391 251 395 251
395 251 398 251
399 251 402 251
415 251 417 252
422 251 424 251
426 251 428 252
430 251 431 253
305 255 305 256
309 255 309 255
313 255 314 255
317 255 320 256
321 255 324 256
324 255 329 256
328 255 333 256
332 255 337 256
336 255 340 256
340 255 344 256
344 255 347 256
348 255 351 256
352 255 355 255
356 255 359 256
360 255 363 255
364 255 368 256
368 255 371 256
372 255 375 255
375 255 380 255
379 255 384 255
387 255 391 255
395 255 398 255
399 255 402 255
403 255 406 255
411 255 414 256
415 255 417 256
422 255 424 255
426 255 428 256
430 255 431 256
309 259 309 260
313 259 313 260
317 259 320 260
321 259 324 260
324 259 328 259
328 259 332 260
332 259 336 260
336 259 340 260
340 259 343 259
344 259 347 259
348 259 351 259
352 259 355 259
356 259 360 259
360 259 364 259
364 259 368 259
368 259 372 259
372 259 376 259
383 259 387 259
387 259 391 259
391 259 395 259
395 259 399 259
399 259 402 259
403 259 406 260
407 259 410 260
411 259 413 260
415 259 417 260
422 259 424 260
426 259 427 260
430 259 430 260
313 263 313 263
317 263 316 263
321 263 324 264
324 263 328 264
328 263 332 264
332 263 336 264
336 263 339 263
340 263 344 263
344 263 348 263
352 263 356 263
356 263 360 263
360 263 364 264
364 263 368 264
368 263 372 263
372 263 376 263
375 263 379 263
379 263 383 263
383 263 387 263
387 263 390 263
391 263 394 263
395 263 399 263
399 263 403 264
403 263 406 264
411 263 412 264
419 263 420 264
422 263 424 264
426 263 427 264
313 267 313 267
317 267 316 267
321 267 324 268
324 267 328 268
328 267 332 268
332 267 336 268
336 267 340 268
340 267 343 267
348 267 348 268
352 267 356 268
356 267 360 268
360 267 364 268
364 267 367 268
368 267 371 267
372 267 375 267
375 267 379 268
379 267 383 268
383 267 387 267
387 267 391 267
403 267 406 268
407 267 410 268
411 267 414 268
415 267 417 267
422 267 424 267
321 271 320 271
324 271 328 272
328 271 332 272
332 271 336 272
336 271 340 271
340 271 344 272
344 271 347 272
352 271 356 272
356 271 359 272
360 271 364 272
364 271 367 271
372 271 375 271
375 271 379 271
379 271 383 272
383 271 386 272
391 271 391 272
399 271 399 271
407 271 410 271
411 271 413 271
324 275 324 275
328 275 329 275
332 275 334 275
336 275 337 275
340 275 339 275
344 275 343 275
348 275 348 275
352 275 352 276
356 275 359 276
379 275 382 275
387 275 388 276
391 275 392 276
395 275 395 275
403 275 406 275
407 275 410 275
415 275 415 275
332 279 332 279
336 279 336 279
340 279 340 279
344 279 343 279
348 279 348 279
352 279 352 279
356 279 356 279
364 279 364 279
368 279 368 279
372 279 371 279
375 279 379 279
387 279 388 279
391 279 392 279
395 279 395 279
399 279 399 279
403 279 402 279
407 279 407 279
352 283 352 283
356 283 355 283
364 283 360 283
368 283 367 283
372 283 370 283
375 283 374 283
379 283 380 283
383 283 384 283
387 283 388 283
391 283 392 282
395 283 396 283
