343 152 333 180
359 152 339 180
322 157 303 194
327 157 308 192
359 157 340 188
365 157 352 185
375 157 365 180
386 157 372 178
392 157 380 178
311 163 300 201
322 163 304 199
343 163 324 198
375 163 359 186
381 163 365 185
386 163 372 185
392 163 378 184
402 163 385 182
408 163 391 181
413 163 397 180
418 163 404 179
424 163 410 177
332 168 310 201
354 168 335 195
365 168 347 193
370 168 354 191
375 168 360 191
386 168 368 190
397 168 380 188
402 168 385 188
408 168 392 187
413 168 398 185
418 168 404 183
445 168 443 179
451 168 449 178
381 179 362 199
392 179 368 197
397 179 375 196
402 179 380 196
408 179 385 195
424 179 401 193
435 179 412 190
440 179 423 189
456 179 450 186
462 179 461 185
467 179 469 184
397 184 375 202
402 184 380 201
413 184 388 199
418 184 394 198
424 184 401 197
429 184 407 197
435 184 413 196
445 184 437 193
451 184 444 192
456 184 451 191
462 184 457 190
467 184 469 189
472 184 478 188
424 189 400 204
445 189 440 199
456 189 444 196
467 189 465 195
472 189 476 193
408 195 382 209
413 195 387 208
424 195 396 207
462 195 452 200
467 195 458 198
472 195 471 197
483 195 484 194
418 200 391 214
424 200 396 213
429 200 401 211
435 200 408 210
456 200 445 206
462 200 452 205
467 200 458 204
472 200 464 202
478 200 478 201
488 200 494 198
365 206 326 223
392 206 365 216
456 206 439 211
462 206 452 211
467 206 458 209
472 206 465 208
478 206 471 207
483 206 484 205
370 211 328 228
375 211 334 227
381 211 340 226
386 211 351 225
392 211 366 223
413 211 377 222
418 211 383 221
424 211 390 220
429 211 395 219
440 211 404 219
462 211 453 215
467 211 460 214
472 211 465 214
483 211 479 213
381 216 342 231
386 216 353 230
418 216 384 227
424 216 390 226
429 216 396 225
440 216 404 224
445 216 410 223
451 216 417 221
381 222 342 238
386 222 349 238
392 222 357 236
418 222 379 233
424 222 392 232
435 222 399 229
440 222 405 229
467 222 449 224
472 222 455 224
370 227 329 243
375 227 336 242
418 227 380 238
424 227 388 237
429 227 393 237
472 227 456 229
505 227 500 221
354 232 314 252
359 232 320 251
365 232 324 250
370 232 330 249
375 232 336 248
381 232 343 248
386 232 356 245
402 232 407 238
424 232 388 244
429 232 395 242
499 232 495 229
505 232 499 228
354 238 320 256
381 238 351 251
386 238 356 250
392 238 364 249
402 238 472 245
413 238 375 249
499 238 496 234
505 238 501 233
510 238 508 233
515 238 513 231
354 243 326 261
359 243 333 262
365 243 340 261
386 243 358 258
408 243 371 255
413 243 376 254
418 243 382 253
429 243 389 253
483 243 484 249
499 243 496 241
505 243 502 239
510 243 509 238
515 243 514 239
343 249 315 264
359 249 334 267
365 249 340 264
381 249 357 262
413 249 377 260
418 249 384 260
462 249 467 254
505 249 503 247
510 249 510 245
537 249 574 243
338 254 310 272
343 254 316 271
354 254 327 269
456 254 455 260
462 254 460 259
483 254 486 257
488 254 492 256
531 254 567 250
327 259 304 278
332 259 309 277
343 259 318 277
349 259 323 276
354 259 328 276
381 259 359 271
413 259 399 269
435 259 423 267
462 259 461 265
467 259 468 265
472 259 475 263
478 259 480 262
483 259 486 263
338 265 317 281
349 265 323 281
354 265 329 280
462 265 463 272
467 265 468 271
472 265 476 269
478 265 482 270
510 265 546 266
521 265 563 263
531 265 570 261
499 270 494 269
510 270 547 271
526 270 567 268
494 276 503 279
510 276 551 275
