0.1854330897331238 0.9346321821212769 0.3034422397613525 -0.103374294936657 
0.8194986581802368 -0.3174876868724823 0.4770990610122681 -0.2345300763845444 
0.5422512888908386 0.1602005660533905 -0.824802577495575 0.2468108832836151 
0 0 0 1 

0.5861836075782776 0.7460963129997253 0.3157991766929626 -0.138947457075119 
0.4675997495651245 0.006755359005182981 -0.8839145302772522 0.2435325384140015 
-0.661618709564209 0.665803849697113 -0.344914585351944 0.1898854076862335 
0 0 0 1 

0.1550894528627396 0.9264470338821411 0.3429912924766541 -0.1003074124455452 
0.563291072845459 0.2022932916879654 -0.8011120557785034 0.2260513603687286 
-0.811572790145874 0.3174479007720947 -0.4904858469963074 0.2387629896402359 
0 0 0 1 

0.5874616503715515 0.4434300065040588 0.6769479513168335 -0.2403599172830582 
-0.01426007971167564 -0.8307085037231445 0.5565248131752014 -0.1948445439338684 
0.8091262578964233 -0.3365902900695801 -0.4816859662532806 0.1142965853214264 
0 0 0 1 

0.6200256943702698 0.3316972553730011 0.711016833782196 -0.251761257648468 
-0.04948779568076134 -0.8878987431526184 0.4573692977428436 -0.1572040319442749 
0.7830191254615784 -0.3187673985958099 -0.534105122089386 0.133081778883934 
0 0 0 1 

0.7264725565910339 0.2079627811908722 0.6549726128578186 -0.23777174949646 
-0.06736510992050171 -0.9269675612449646 0.3690439462661743 -0.1250258237123489 
0.6838856339454651 -0.3122225999832153 -0.6594071388244629 0.1780978441238403 
0 0 0 1 

0.7174808382987976 0.1357633024454117 0.6832199096679688 -0.2437855452299118 
-0.07100559771060944 -0.9614595174789429 0.2656188309192657 -0.08811569213867188 
0.6929497718811035 -0.2390888631343842 -0.6801888346672058 0.1846475303173065 
0 0 0 1 

0.6856347918510437 0.04571054875850677 0.726509153842926 -0.2528241574764252 
-0.1089473515748978 -0.9803420305252075 0.164499044418335 -0.0487237423658371 
0.7197467684745789 -0.1919375061988831 -0.6671766042709351 0.1814814358949661 
0 0 0 1 

0.7319741249084473 -0.05779238045215607 0.6788768768310547 -0.2358244657516479 
-0.1333604007959366 -0.9892751574516296 0.05957452207803726 -0.007195331621915102 
0.6681532859802246 -0.1341423094272614 -0.7318310141563416 0.2065629065036774 
0 0 0 1 

0.7096980810165405 -0.02208727225661278 0.7041596174240112 -0.2411995381116867 
-0.07430166006088257 -0.9962805509567261 0.04363587126135826 0.002186067402362823 
0.7005767822265625 -0.0832885205745697 -0.7086994051933289 0.2009448260068893 
0 0 0 1 

