314 150 312 181
320 150 318 180
314 157 313 188
320 157 320 188
327 157 326 187
339 157 334 185
345 157 342 184
364 157 363 180
314 163 314 196
320 163 321 195
327 163 327 193
333 163 334 191
339 163 341 190
358 163 360 186
377 163 376 184
320 169 322 201
327 169 328 200
333 169 335 199
339 169 342 198
352 169 351 196
358 169 358 194
364 169 365 192
327 175 330 207
333 175 336 206
364 175 367 199
427 175 425 187
433 175 431 185
439 175 437 185
445 175 444 183
458 175 478 182
308 182 308 217
314 182 319 222
320 182 319 216
427 182 424 194
433 182 431 193
439 182 438 192
445 182 473 190
458 182 480 188
495 182 491 182
501 182 496 181
508 182 503 182
533 182 525 178
545 182 533 177
551 182 539 176
308 188 309 224
345 188 348 217
352 188 353 215
439 188 467 198
445 188 473 197
451 188 480 195
495 188 493 189
501 188 498 187
520 188 514 185
545 188 535 183
551 188 540 182
558 188 546 181
570 188 555 179
314 194 317 236
345 194 348 224
352 194 353 222
420 194 421 209
501 194 501 194
514 194 509 192
520 194 514 191
526 194 520 190
308 200 312 238
345 200 345 230
420 200 423 215
514 200 509 198
520 200 515 198
526 200 521 197
551 200 543 195
558 200 549 193
514 207 510 206
520 207 517 204
545 207 537 204
551 207 544 203
564 207 556 199
314 213 332 247
514 213 512 211
508 219 508 223
514 219 512 218
352 225 353 248
508 232 509 231
