358 169 333 229
395 169 374 215
377 175 355 229
383 175 363 226
389 175 370 225
395 175 376 222
402 175 382 219
383 182 366 237
389 182 374 235
402 182 385 227
439 182 428 211
445 182 435 209
451 182 441 206
458 182 454 202
383 188 369 246
395 188 382 235
445 188 437 217
464 188 463 207
470 188 470 205
476 188 476 202
533 188 523 182
514 194 499 198
526 194 519 191
539 194 526 188
545 194 533 185
551 194 541 182
520 200 515 201
526 200 521 199
533 200 528 196
539 200 533 193
545 200 540 191
551 200 547 189
558 200 554 187
570 200 569 180
320 207 307 267
508 207 494 205
514 207 510 209
526 207 524 204
533 207 531 202
539 207 536 201
545 207 544 199
551 207 549 197
558 207 557 194
570 207 569 187
445 213 446 242
533 213 534 208
539 213 540 207
533 225 507 219
539 225 514 216
533 232 508 226
539 232 515 221
539 238 517 228
