425 74 425 72
430 74 431 72
441 74 442 71
446 74 447 72
451 74 458 72
415 80 414 78
420 80 419 78
430 80 431 78
461 80 463 77
466 80 472 78
472 80 478 78
415 85 409 86
420 85 418 84
425 85 425 83
461 85 463 82
477 85 478 82
415 90 413 90
420 90 419 89
425 90 425 89
435 90 436 88
441 90 441 88
446 90 447 88
451 90 451 89
461 90 457 88
472 90 471 87
415 95 414 95
420 95 419 95
430 95 431 92
451 95 451 93
477 95 478 90
415 100 414 101
420 100 419 100
461 100 458 99
477 100 478 95
394 105 387 114
420 105 418 109
430 105 425 104
441 105 436 100
446 105 441 100
451 105 457 105
472 105 472 100
477 105 477 100
482 105 489 109
492 105 495 100
497 105 501 100
399 111 394 120
404 111 399 120
430 111 425 110
435 111 430 110
441 111 436 109
487 111 494 110
492 111 495 106
384 116 383 119
404 116 399 125
410 116 404 124
441 116 435 115
482 116 478 109
502 116 506 109
404 121 399 130
410 121 403 131
425 121 415 125
435 121 437 132
441 121 434 121
482 121 480 114
487 121 489 115
404 126 398 138
410 126 403 136
441 126 445 142
451 126 453 131
466 126 473 142
492 126 495 121
497 126 501 116
508 126 510 116
410 131 403 142
446 131 451 147
497 131 501 122
404 136 397 143
410 136 403 154
497 136 501 127
502 136 506 126
399 142 392 148
410 142 403 159
502 142 506 132
508 142 512 132
404 147 397 164
410 147 402 164
404 152 398 170
410 152 402 170
508 152 511 147
410 157 402 175
451 157 447 178
456 157 452 179
425 162 414 186
441 162 436 185
451 162 447 184
461 162 458 185
420 167 409 191
425 167 413 191
441 167 436 190
446 167 441 190
451 167 446 189
456 167 452 190
461 167 458 190
472 167 467 190
415 173 404 195
420 173 409 196
425 173 415 196
435 173 425 196
441 173 436 195
446 173 440 196
451 173 446 195
456 173 451 196
461 173 457 197
466 173 462 197
492 173 479 195
502 173 490 195
404 178 397 201
415 178 404 201
420 178 409 202
435 178 424 201
446 178 439 201
451 178 446 201
456 178 452 201
461 178 456 201
477 178 467 202
482 178 472 201
492 178 479 201
497 178 483 200
502 178 489 200
415 183 403 207
420 183 408 207
441 183 430 206
446 183 440 207
451 183 447 208
456 183 452 207
477 183 468 207
482 183 473 206
492 183 478 207
502 183 483 207
410 188 398 212
435 188 426 213
441 188 430 213
456 188 451 212
461 188 456 213
497 188 478 212
502 188 485 213
528 188 517 208
544 188 541 218
389 193 388 207
404 193 393 218
410 193 399 218
441 193 430 218
466 193 447 222
497 193 484 217
502 193 489 216
528 193 520 213
384 198 381 218
415 198 413 217
441 198 440 218
477 198 468 217
492 198 478 223
513 198 493 228
523 198 515 218
528 198 520 218
544 198 544 229
399 203 392 223
451 203 440 229
482 203 467 224
513 203 495 233
518 203 511 222
523 203 515 224
528 203 520 223
533 203 526 222
539 203 532 223
544 203 539 223
549 203 544 223
399 209 391 229
451 209 435 237
497 209 482 234
513 209 494 240
523 209 515 228
528 209 519 228
533 209 527 227
539 209 533 228
544 209 539 229
389 214 382 234
394 214 387 233
415 214 404 233
420 214 407 233
451 214 434 243
523 214 515 234
384 219 376 239
389 219 382 243
394 219 386 239
399 219 392 238
410 219 399 238
415 219 403 238
420 219 407 238
508 219 490 245
549 219 542 244
404 224 393 245
435 224 425 249
466 224 456 244
482 224 478 235
492 224 485 238
508 224 490 250
513 224 494 251
394 229 386 250
477 229 474 239
482 229 479 238
544 229 532 233
451 234 447 250
456 234 451 249
461 234 456 250
466 234 461 250
472 234 466 250
477 234 467 254
451 240 446 256
456 240 451 255
461 240 455 255
466 240 460 255
554 240 548 250
410 245 403 261
456 245 451 260
461 245 455 260
466 245 461 260
549 245 544 255
554 245 549 254
410 250 402 266
456 250 451 265
461 250 456 265
466 250 461 266
451 255 446 266
497 255 495 265
513 255 510 260
523 255 522 261
544 255 537 267
549 255 543 266
384 260 376 266
430 260 426 266
451 260 441 266
523 260 522 267
528 260 526 267
544 260 539 271
461 265 457 276
497 265 494 271
502 265 499 271
528 265 526 272
533 265 532 271
539 265 533 277
394 271 382 265
399 271 388 264
430 271 430 278
487 271 484 283
497 271 494 276
394 276 382 271
399 276 387 271
430 276 430 287
446 276 434 281
456 276 456 283
482 276 479 288
487 276 483 287
404 281 392 283
456 281 456 288
487 281 483 291
492 281 489 292
523 281 511 293
394 286 382 289
399 286 387 288
404 286 392 293
425 286 435 293
456 286 457 293
461 286 461 298
472 286 468 298
487 286 483 297
492 286 490 297
518 286 523 288
523 286 527 288
410 291 407 298
420 291 420 300
435 291 430 292
456 291 457 299
513 291 517 294
410 296 403 304
420 296 421 305
425 296 426 305
441 296 441 304
446 296 446 304
451 296 451 305
456 296 457 305
461 296 461 305
482 296 483 303
508 296 511 299
425 302 426 311
430 302 430 310
435 302 434 309
441 302 440 310
446 302 446 310
451 302 450 309
456 302 456 310
461 302 461 309
472 302 468 309
477 302 473 309
482 302 478 309
487 302 484 308
492 302 489 308
