399 157 393 155
409 162 399 157
418 166 410 161
413 171 404 165
418 171 410 166
399 175 348 203
377 180 327 206
386 180 334 209
390 180 340 209
404 180 360 204
390 184 340 214
395 184 345 213
404 184 354 211
404 189 352 217
409 189 357 218
436 189 411 200
440 193 412 205
445 193 420 205
422 198 376 233
427 198 383 221
440 198 404 216
445 198 419 211
427 202 383 227
431 202 388 227
440 202 403 223
440 207 397 230
458 207 442 214
368 216 325 232
427 216 366 249
449 220 385 251
454 225 391 259
458 238 391 273
431 270 374 289
445 288 351 324
449 288 364 321
440 297 337 342
