514 151 486 149
374 176 380 176
380 176 386 170
459 176 451 183
276 182 276 187
282 182 281 187
368 182 368 175
447 182 432 189
472 188 461 194
478 188 467 198
472 200 462 209
337 206 351 217
356 206 362 220
344 212 356 223
466 212 455 217
362 218 369 227
325 224 333 234
362 224 368 233
337 230 344 240
362 230 366 239
289 237 294 244
295 237 300 243
301 237 305 244
313 237 315 243
319 237 321 244
325 237 332 245
344 237 345 244
350 237 350 243
282 243 288 251
289 243 293 249
295 243 299 249
301 243 304 249
319 243 327 249
331 243 332 249
337 243 338 249
344 243 343 250
282 249 286 257
331 249 332 255
295 273 297 273
282 279 280 280
289 279 287 280
307 279 309 279
289 285 292 285
295 285 298 286
307 285 309 286
