401 138 353 13
406 138 360 18
420 138 373 26
460 138 411 60
485 138 425 82
499 138 441 91
509 138 461 106
554 138 489 122
396 143 346 16
406 143 354 25
415 143 368 34
430 143 378 37
455 143 405 68
460 143 410 73
485 143 415 85
490 143 422 88
499 143 444 102
509 143 458 110
529 143 476 126
396 148 341 24
430 148 373 45
435 148 380 48
440 148 386 51
445 148 392 57
450 148 395 68
455 148 400 73
465 148 409 79
490 148 416 96
554 148 482 131
564 148 491 136
569 148 497 140
411 153 344 39
425 153 359 47
430 153 367 52
435 153 375 54
445 153 387 66
455 153 391 77
564 153 487 141
583 153 506 144
425 158 354 53
430 158 362 59
440 158 378 61
445 158 381 72
583 158 501 151
465 167 384 103
450 177 360 108
588 177 490 184
445 187 338 114
499 197 419 169
603 202 493 229
499 212 403 178
504 212 408 183
504 217 406 190
509 222 407 199
514 222 414 203
534 222 440 203
583 237 429 258
470 246 331 208
534 246 377 232
559 256 404 249
564 256 410 254
569 256 414 265
470 261 315 201
490 261 342 235
494 261 349 240
499 261 355 247
554 261 394 251
559 261 400 255
564 261 405 260
569 261 410 272
440 266 287 183
450 266 294 187
494 266 346 248
509 266 358 259
534 266 368 245
539 266 376 248
554 266 389 258
559 266 395 263
564 266 401 269
440 271 284 188
549 271 386 265
559 271 391 271
564 271 397 276
440 276 280 195
465 276 299 210
475 276 307 215
480 276 312 219
534 276 364 261
539 276 371 267
544 276 379 273
554 276 386 278
430 281 267 197
455 281 289 210
470 281 302 221
480 281 309 227
509 281 337 242
524 281 351 255
445 286 277 203
450 286 283 207
465 286 294 216
509 286 333 250
524 286 348 260
529 286 354 265
534 286 359 270
539 286 367 275
430 291 263 203
460 291 286 218
465 291 291 222
470 291 296 227
480 291 303 232
490 291 312 237
494 291 317 242
534 291 356 277
539 291 363 282
549 291 372 287
440 296 269 210
450 296 275 215
490 296 309 244
494 296 314 249
499 296 321 254
509 296 328 259
514 296 334 262
524 296 343 269
529 296 350 272
564 296 392 302
440 301 266 217
450 301 273 220
455 301 277 224
465 301 284 231
475 301 293 237
499 301 316 259
509 301 325 265
514 301 331 269
519 301 337 273
529 301 345 279
544 301 361 289
559 301 380 303
455 306 274 230
465 306 282 236
470 306 287 241
490 306 303 252
494 306 309 257
430 311 255 221
440 311 260 224
450 311 267 231
494 311 306 263
499 311 311 267
509 311 322 273
514 311 325 279
524 311 332 283
529 311 338 288
534 311 345 291
539 311 353 294
549 311 362 303
554 311 369 307
440 316 257 232
445 316 262 235
455 316 269 240
465 316 277 246
470 316 282 249
480 316 290 254
519 316 327 288
529 316 336 293
554 316 365 312
445 321 259 241
455 321 266 245
465 321 274 250
470 321 279 255
480 321 287 261
485 321 291 264
494 321 301 272
499 321 306 276
509 321 314 282
514 321 320 285
534 321 341 300
539 321 347 303
544 321 354 308
480 325 283 266
485 325 288 269
494 325 297 277
499 325 302 281
509 325 311 286
514 325 316 291
519 325 322 294
529 325 331 301
534 325 338 305
539 325 343 309
544 325 350 314
455 330 260 256
465 330 268 261
470 330 273 264
465 335 264 266
470 335 270 270
480 335 276 275
485 335 282 279
494 335 291 286
499 335 297 290
504 335 303 294
514 335 311 301
519 335 316 304
524 335 322 307
534 335 333 314
539 335 340 318
475 340 273 281
485 340 279 285
490 340 285 289
499 340 295 296
504 340 300 299
514 340 309 305
524 340 315 310
529 340 321 315
