496 145 502 143
396 150 392 146
501 150 513 149
302 156 304 151
318 156 321 151
329 156 334 151
496 156 507 154
512 156 517 154
523 156 530 154
529 156 534 155
296 161 299 156
302 161 304 156
307 161 311 156
313 161 316 157
318 161 321 158
496 161 512 159
512 161 517 160
518 161 522 160
523 161 528 160
302 167 304 161
324 167 327 163
329 167 332 163
335 167 338 164
424 167 419 159
490 167 485 165
518 167 522 165
523 167 527 165
296 172 299 168
302 172 304 167
307 172 310 168
329 172 332 168
335 172 338 169
390 172 387 163
512 172 518 171
518 172 522 171
529 172 533 167
424 178 418 174
512 178 518 178
523 178 523 177
534 178 538 178
324 183 321 180
340 183 344 186
346 183 350 186
357 183 381 180
363 183 386 180
518 183 518 182
523 183 524 183
529 183 530 183
534 183 538 183
329 189 332 191
335 189 337 192
346 189 350 191
357 189 380 185
363 189 386 184
435 189 436 185
518 189 518 188
523 189 524 188
534 189 538 189
302 194 303 196
324 194 327 197
329 194 332 197
335 194 337 197
340 194 343 196
346 194 349 196
435 194 436 192
440 194 442 191
512 194 512 193
518 194 519 193
523 194 524 194
529 194 532 194
534 194 537 195
340 200 343 201
429 200 431 198
435 200 434 199
440 200 440 197
446 200 445 196
462 200 457 197
518 200 518 198
523 200 523 199
401 206 403 207
435 206 435 203
440 206 440 203
457 206 450 203
462 206 456 203
501 206 500 203
507 206 505 203
512 206 511 203
518 206 516 204
385 211 364 207
390 211 369 208
518 211 516 211
390 217 391 218
318 222 326 206
385 222 386 223
390 222 391 223
418 222 397 213
473 222 462 219
496 222 483 226
534 222 538 221
462 228 452 226
529 228 532 227
534 228 537 227
307 233 309 232
313 233 319 217
462 233 451 231
490 233 474 242
529 233 531 232
534 233 538 232
357 239 357 235
418 239 401 240
496 239 478 247
534 239 536 239
307 244 309 254
357 244 357 240
401 244 407 245
490 244 472 253
496 244 477 254
501 244 483 253
534 244 536 243
313 250 317 232
346 250 342 251
396 250 403 250
401 250 408 250
485 250 494 237
490 250 500 237
512 250 510 243
518 250 516 243
534 250 537 249
307 255 310 264
318 255 322 238
346 255 342 256
352 255 351 256
490 255 499 242
512 255 512 248
518 255 517 249
529 255 531 253
534 255 537 255
457 261 443 267
485 261 495 249
512 261 512 253
518 261 517 253
523 261 527 254
368 266 365 262
385 266 396 267
412 266 401 268
512 266 511 274
324 272 324 251
352 272 341 267
363 272 358 266
368 272 364 267
374 272 386 274
379 272 392 273
412 272 401 273
479 272 488 263
490 272 478 268
307 278 308 270
318 278 319 271
352 278 341 274
374 278 385 278
379 278 392 277
451 278 434 278
512 278 511 280
302 283 302 276
307 283 308 277
313 283 313 277
318 283 319 277
324 283 325 276
329 283 331 277
418 283 412 280
424 283 418 280
451 283 434 283
512 283 511 285
296 289 297 282
302 289 303 282
307 289 308 282
313 289 313 283
318 289 319 282
329 289 330 283
335 289 336 284
340 289 340 284
352 289 351 284
357 289 356 284
374 289 369 283
385 289 385 284
390 289 389 284
296 294 298 287
302 294 303 288
313 294 313 288
318 294 318 288
324 294 324 288
329 294 331 288
335 294 336 289
340 294 340 288
346 294 345 289
401 294 412 290
296 300 299 293
302 300 302 293
324 300 324 294
329 300 330 294
335 300 337 295
340 300 342 294
363 300 362 295
374 300 369 295
