410 66 514 167
410 72 508 169
381 77 488 158
381 83 482 160
410 83 498 173
452 89 505 197
457 89 507 202
487 89 516 217
457 95 502 204
493 95 511 223
457 101 497 211
493 101 506 226
528 101 513 273
522 113 500 269
528 113 502 275
534 113 503 282
528 125 496 278
534 125 497 284
522 136 491 278
351 190 390 160
345 195 384 156
345 201 378 158
328 225 337 148
481 237 383 272
322 248 314 148
328 248 316 155
416 248 325 233
416 254 321 238
357 290 302 171
351 296 299 166
369 296 303 183
345 302 289 163
351 302 290 169
363 302 291 180
369 302 298 185
446 302 320 262
452 308 309 268
452 319 290 289
