-0.2541005909442902 0.4247796237468719 0.8689044713973999 -0.2650891542434692 
-0.9646865129470825 -0.04687333852052689 -0.2591960430145264 0.131433367729187 
-0.06937268376350403 -0.9040824174880981 0.4216899275779724 -0.1145589873194695 
0 0 0 1 

-0.3371652960777283 0.3105650544166565 0.8887456655502319 -0.2607928514480591 
-0.9413438439369202 -0.1250762939453125 -0.3134127259254456 0.1481961160898209 
0.01382603589445353 -0.9422872066497803 0.3345199823379517 -0.09109947085380554 
0 0 0 1 

-0.3634560406208038 0.3500374853610992 0.8633498549461365 -0.2453139871358871 
-0.9273239374160767 -0.2247386872768402 -0.2992698550224304 0.1402960270643234 
0.08927259594202042 -0.9093766212463379 0.406281054019928 -0.1209476143121719 
0 0 0 1 

-0.3799071311950684 0.1164269000291824 0.9176681637763977 -0.2531095445156097 
-0.9163183569908142 -0.1831527054309845 -0.356111466884613 0.1540015339851379 
0.1266127228736877 -0.9761657118797302 0.1762654185295105 -0.06046242639422417 
0 0 0 1 

-0.3978229463100433 -0.04584323987364769 0.9163162112236023 -0.2518263459205627 
-0.9148417115211487 -0.0556119978427887 -0.3999649882316589 0.1664351671934128 
0.06929384917020798 -0.9973995089530945 -0.01981557160615921 0.00151437649037689 
0 0 0 1 

-0.3917867541313171 -0.2848576605319977 0.874847948551178 -0.2409889250993729 
-0.9180493950843811 0.05827344581484795 -0.3921597003936768 0.1658940613269806 
0.06072943285107613 -0.9567967653274536 -0.2843439877033234 0.08104892075061798 
0 0 0 1 

-0.4185506701469421 -0.3877334892749786 0.8212661147117615 -0.2251266688108444 
-0.9077020883560181 0.1488542109727859 -0.3923254311084747 0.1667190492153168 
0.02986883744597435 -0.9096730947494507 -0.4142494797706604 0.1191974803805351 
0 0 0 1 

-0.4628627300262451 -0.4456727206707001 0.7662464380264282 -0.2063940912485123 
-0.8864233493804932 0.2360229641199112 -0.3981792628765106 0.1650644093751907 
-0.003394096391275525 -0.8635212182998657 -0.5043008923530579 0.1487034559249878 
0 0 0 1 

-0.4868932962417603 -0.512637197971344 0.7072041034698486 -0.1897646337747574 
-0.8732926249504089 0.3016121089458466 -0.3826093673706055 0.1600508391857147 
-0.01716148667037487 -0.8038862347602844 -0.5945351123809814 0.1790446639060974 
0 0 0 1 

-0.4612483084201813 -0.5781559944152832 0.6730419397354126 -0.1835466176271439 
-0.8840874433517456 0.3636793196201324 -0.2934744656085968 0.1339341849088669 
-0.07509710639715195 -0.7303923368453979 -0.6788870096206665 0.2092539519071579 
0 0 0 1 

