389 256 617 177
464 256 619 222
434 266 610 178
394 271 603 172
399 271 607 219
404 291 465 214
449 301 499 245
434 305 532 192
449 310 527 246
449 315 521 245
429 320 570 235
444 320 506 244
399 325 486 215
404 325 487 222
454 325 509 255
389 330 482 201
394 330 483 207
464 330 512 269
469 335 508 276
384 340 548 194
459 340 528 258
464 340 523 266
469 355 488 281
469 365 481 283
444 370 419 246
464 370 466 273
449 380 501 251
459 390 496 254
424 400 423 235
464 420 456 270
454 425 489 261
449 429 480 256
459 429 484 268
464 444 454 275
409 454 424 183
369 459 387 225
