477 119 484 127
477 124 483 132
482 129 477 137
488 129 482 137
503 139 500 137
508 144 505 142
427 149 433 152
498 149 495 140
508 149 504 148
427 154 432 157
493 154 481 150
498 154 493 146
503 154 500 147
508 154 504 153
513 154 508 154
518 159 512 167
493 164 486 151
498 164 492 152
482 174 474 158
488 174 486 155
493 174 491 157
498 174 496 158
488 179 484 161
493 179 489 163
498 179 495 164
477 184 464 169
482 184 475 168
488 184 482 168
508 184 500 171
513 184 505 171
462 189 454 168
467 189 452 172
472 189 458 174
477 189 464 176
513 189 505 177
437 194 448 167
457 194 446 173
513 194 503 182
372 199 361 185
457 199 446 178
462 199 450 179
472 199 462 182
508 199 497 187
513 199 501 187
447 204 426 186
457 204 439 187
467 204 455 186
508 204 497 193
513 204 501 193
377 209 365 197
407 209 396 186
442 209 419 190
447 209 425 191
452 209 430 192
427 214 406 192
442 214 418 196
407 219 388 196
412 219 393 196
422 219 401 197
427 219 404 199
442 219 417 202
407 224 388 202
412 224 393 202
417 224 398 203
412 230 392 209
402 235 378 216
457 260 433 271
503 260 489 286
573 260 554 287
482 265 465 289
498 265 475 294
503 265 481 295
513 265 494 294
518 265 500 295
558 265 542 286
462 270 446 289
477 270 459 293
488 270 469 295
508 270 487 299
513 270 494 299
518 270 499 299
437 275 412 282
452 275 432 298
457 275 439 295
462 275 444 296
467 275 451 296
477 275 457 299
482 275 461 300
488 275 467 300
498 275 474 303
508 275 486 303
513 275 491 303
518 275 498 304
523 275 503 305
563 275 545 296
568 275 547 293
573 275 552 299
493 280 470 305
498 280 474 307
508 280 485 308
513 280 490 308
518 280 495 310
533 280 508 308
573 280 555 304
442 285 415 296
503 285 480 309
528 285 501 312
533 285 507 313
503 290 479 313
508 290 485 315
513 290 489 315
548 290 525 311
563 290 544 311
568 290 550 312
573 290 555 313
578 290 560 313
513 295 489 320
518 295 495 318
523 295 499 318
528 295 506 320
533 295 513 314
543 295 520 316
548 295 523 317
553 295 529 316
558 295 535 317
563 295 541 319
568 295 548 318
573 295 554 318
472 300 452 317
503 300 482 321
543 300 517 323
548 300 523 323
553 300 528 322
558 300 534 324
563 300 539 326
568 300 549 324
457 305 429 329
467 305 446 325
472 305 452 325
477 305 457 322
498 305 468 324
503 305 481 327
508 305 485 327
558 305 532 330
462 310 436 335
467 310 445 331
472 310 451 331
477 310 458 328
482 310 463 329
498 310 468 329
503 310 480 331
513 310 491 328
543 310 523 329
563 310 538 337
472 315 450 337
493 315 463 333
508 315 485 334
513 315 491 333
518 315 496 334
533 315 514 333
548 315 525 337
553 315 531 337
488 320 462 340
493 320 467 340
503 320 480 338
508 320 485 339
518 320 496 339
523 320 502 338
528 320 509 338
533 320 514 338
488 325 462 346
493 325 466 346
508 325 485 344
518 325 495 345
523 325 502 344
528 325 508 343
533 325 515 343
538 325 520 345
508 330 484 350
513 330 488 350
523 330 498 352
533 330 513 351
508 335 484 357
