363 73 490 144
459 86 503 238
395 105 474 190
402 105 477 197
408 105 479 204
402 111 470 197
408 111 472 206
402 117 462 197
414 117 466 207
427 117 470 219
433 117 471 226
395 124 452 191
414 124 459 210
433 130 459 217
389 156 409 198
395 156 411 205
408 156 412 209
389 162 402 201
395 162 402 208
408 162 406 211
427 162 413 230
408 168 399 213
414 168 402 219
408 175 395 215
414 175 395 221
408 181 388 216
414 181 390 224
414 188 383 226
382 213 367 197
395 219 350 215
402 219 354 221
363 226 335 183
370 226 338 196
363 232 329 191
370 232 330 198
344 239 318 175
351 239 320 181
357 239 321 187
363 239 322 193
370 239 324 201
376 239 326 207
344 245 312 177
351 245 313 182
363 245 316 196
370 245 319 202
376 245 321 209
402 245 328 235
344 251 305 179
351 251 307 184
363 251 310 198
370 251 312 204
376 251 314 211
395 251 319 224
421 251 331 242
344 258 298 181
363 258 304 200
389 258 312 228
414 258 317 246
351 264 294 190
395 264 306 228
446 264 319 274
344 290 270 190
344 296 262 192
395 309 272 241
338 328 242 194
344 328 244 199
344 334 237 200
351 334 240 205
351 347 228 210
421 353 241 278
440 353 251 288
440 360 244 290
