450 124 499 213
431 130 489 198
412 136 479 189
425 136 482 195
431 136 484 200
412 143 473 191
419 143 475 197
431 143 478 203
444 143 481 212
425 149 469 201
431 149 470 207
381 155 451 160
425 155 461 203
431 155 465 209
444 155 469 217
375 161 435 153
381 161 439 165
419 161 453 198
425 161 456 204
437 161 461 214
419 168 446 201
425 168 449 206
444 168 456 223
444 174 449 224
456 174 452 231
412 180 428 195
387 186 412 177
394 186 415 184
406 186 421 198
437 186 437 222
456 186 441 235
406 193 414 201
419 193 426 211
450 193 430 226
387 199 403 181
400 199 407 187
406 199 409 194
400 205 400 191
412 205 410 210
368 212 385 155
412 212 403 212
394 218 395 193
400 218 396 200
406 218 398 206
419 218 400 221
394 224 389 195
400 224 390 201
406 224 391 208
469 243 393 264
400 249 368 211
444 256 378 246
400 262 352 209
406 262 355 216
444 262 372 250
368 268 335 186
387 268 343 206
400 268 346 213
406 268 349 218
425 268 355 234
437 268 363 248
444 268 364 253
356 274 329 173
381 274 335 201
387 274 338 208
400 274 339 216
406 274 342 221
412 274 345 227
425 274 349 237
431 274 351 243
437 274 355 250
444 274 358 257
456 274 362 263
368 281 325 198
387 281 331 211
431 281 346 246
437 281 348 253
444 281 350 259
456 281 354 266
375 293 318 208
368 300 309 204
375 300 313 212
362 306 300 201
368 306 302 206
375 306 306 213
412 306 318 242
444 306 330 269
362 312 292 203
368 312 291 212
362 318 286 206
419 318 309 254
425 331 304 262
350 343 274 195
425 343 296 267
425 350 290 270
431 350 292 276
419 356 281 265
425 356 283 272
431 356 287 279
444 356 288 285
356 362 256 212
444 362 282 287
431 369 279 281
412 375 264 264
419 375 267 269
444 375 275 294
419 381 261 272
