406 192 384 97
411 192 391 95
415 192 398 95
411 196 393 100
411 201 395 107
451 219 435 96
379 228 382 134
473 228 459 95
482 228 470 90
460 232 445 106
464 232 454 104
473 232 460 101
478 232 466 98
482 232 474 95
460 237 449 113
464 237 456 110
460 241 452 120
464 241 458 117
370 245 379 167
464 245 459 124
469 245 466 122
375 250 387 170
411 250 418 154
469 250 470 134
419 259 447 167
366 263 381 198
397 263 407 185
406 263 427 180
451 263 465 166
370 268 391 201
402 268 423 189
411 268 430 186
415 268 437 184
442 268 457 176
366 272 387 210
370 272 393 207
375 272 399 205
388 272 411 201
402 272 420 196
406 272 426 194
411 272 432 192
415 272 438 191
424 272 445 188
433 272 453 185
442 272 459 183
357 277 382 218
366 277 388 216
370 277 395 213
375 277 400 212
402 277 421 204
406 277 428 201
411 277 434 199
419 277 442 197
424 277 448 195
433 277 454 193
437 277 460 191
393 281 416 214
402 281 423 210
406 281 429 208
411 281 436 206
419 281 446 204
424 281 451 203
397 286 426 217
419 286 447 210
424 286 452 209
361 290 387 254
397 290 426 240
361 295 389 260
379 295 416 250
406 295 440 241
415 295 449 239
419 295 456 237
370 299 398 263
375 299 410 259
379 299 418 258
384 299 423 256
402 299 439 249
406 299 444 248
419 299 458 243
375 304 413 266
379 304 420 265
384 304 426 263
415 304 458 250
316 331 376 375
