402 147 470 160
402 151 470 166
406 156 475 170
393 174 463 182
397 174 476 181
393 178 462 187
419 178 491 190
437 178 493 180
402 183 467 194
415 183 486 196
419 183 490 197
437 183 492 185
460 183 504 184
419 187 490 202
451 187 497 192
451 192 498 198
496 192 538 202
379 196 413 207
393 196 460 204
402 196 472 205
446 196 495 204
460 196 524 212
464 196 531 211
460 201 524 217
500 201 553 220
397 205 461 212
500 205 552 225
388 210 430 220
464 214 481 232
496 214 547 232
357 219 387 222
384 219 441 223
393 219 428 232
437 219 476 218
478 219 505 240
352 223 376 232
357 223 387 228
388 223 447 229
393 223 429 238
433 223 469 224
437 223 477 225
446 223 499 231
460 223 480 243
352 228 378 234
357 228 387 235
379 228 440 234
424 228 479 260
352 232 379 240
357 232 386 247
388 232 445 240
352 237 379 246
357 237 393 241
437 237 451 251
361 241 399 246
370 241 410 249
375 241 415 248
437 241 450 258
442 241 456 258
446 241 462 259
451 241 467 253
478 241 485 278
361 245 399 253
370 245 409 255
411 245 445 251
437 245 448 264
357 250 391 258
361 250 398 259
366 250 403 259
370 250 409 260
402 250 438 258
384 254 415 261
406 254 444 268
384 259 415 267
388 259 420 267
446 259 504 246
451 259 510 245
460 259 426 316
352 263 385 271
375 263 406 272
384 263 414 273
388 263 419 273
402 263 436 275
419 263 447 276
442 263 492 250
402 268 425 279
411 268 441 281
419 268 448 281
402 272 424 285
406 272 430 285
446 272 497 262
419 277 435 292
433 277 484 268
446 277 497 268
334 281 328 306
339 281 333 308
415 281 430 297
419 281 435 297
424 281 441 294
428 281 447 293
433 281 453 295
424 286 441 299
379 290 393 300
419 290 434 303
428 290 442 303
361 295 376 305
366 295 363 299
379 295 393 306
419 295 404 307
352 299 357 308
366 299 362 304
375 299 386 311
397 299 410 314
415 299 396 312
419 299 404 312
348 304 351 309
384 304 391 316
424 304 414 326
316 308 302 321
321 308 314 317
348 308 352 314
397 308 402 320
406 308 408 320
316 313 306 322
321 313 314 322
352 313 356 321
357 313 360 322
316 317 302 328
330 317 324 324
334 317 331 324
348 317 349 326
379 317 373 328
411 317 421 319
415 317 402 338
325 322 313 329
334 322 332 330
411 322 395 342
316 326 302 334
321 326 308 335
325 326 313 335
330 326 319 335
334 326 331 335
397 326 382 341
316 331 302 340
321 331 307 340
325 331 312 341
330 331 317 341
334 331 331 340
366 331 359 344
375 331 370 342
325 335 311 346
357 335 353 344
348 340 335 349
352 340 341 350
357 340 347 350
