441 60 381 83
447 60 386 81
424 65 369 94
430 65 375 92
441 65 383 89
424 71 373 101
430 71 378 98
441 71 386 95
465 71 427 90
412 77 365 113
418 77 369 110
436 77 383 104
441 77 389 101
447 77 396 99
465 77 431 96
470 77 437 94
488 77 408 80
424 83 376 109
465 83 427 100
482 83 404 88
488 83 412 85
493 83 418 83
418 88 374 115
453 88 416 111
465 88 428 105
482 88 406 93
488 88 414 91
493 88 420 88
499 88 434 87
407 94 369 120
465 94 430 113
488 94 417 96
493 94 423 92
407 100 371 124
424 100 397 120
436 100 405 118
453 100 419 117
465 100 428 120
389 106 352 156
401 106 368 135
407 106 374 131
412 106 385 126
418 106 393 123
436 106 408 122
505 106 465 104
401 112 371 140
412 112 389 133
418 112 396 129
424 112 402 126
465 112 432 128
511 112 473 107
522 112 477 98
522 117 487 108
499 123 464 118
505 123 471 117
366 129 350 129
389 129 369 157
401 129 375 152
505 129 473 121
395 135 374 161
401 135 378 158
522 135 478 113
372 140 352 200
401 140 381 164
430 140 400 144
436 140 448 148
453 140 413 137
378 146 365 181
459 146 421 139
465 146 427 135
522 146 481 124
343 152 330 198
372 152 362 190
378 152 368 187
470 152 438 140
511 152 469 131
528 152 492 127
378 158 371 190
384 158 377 188
465 158 428 151
470 158 434 148
511 158 482 140
522 158 485 132
366 164 361 206
395 164 392 189
459 164 428 167
465 164 429 156
470 164 436 154
522 164 496 141
360 169 358 214
401 169 399 188
407 169 396 180
424 169 404 201
453 169 426 176
459 169 431 174
465 169 435 170
493 169 467 177
499 169 466 155
511 169 488 152
517 169 494 149
522 169 498 146
389 175 389 199
395 175 394 196
401 175 401 193
407 175 406 191
459 175 433 180
465 175 438 176
493 175 470 182
499 175 476 180
511 175 491 158
378 181 381 211
389 181 392 206
395 181 399 203
436 181 416 209
447 181 424 195
476 181 453 192
372 187 376 220
389 187 396 212
395 187 402 210
453 187 432 196
482 187 461 196
303 192 308 266
308 192 316 263
320 192 331 264
326 192 336 261
378 192 384 222
384 192 392 219
436 192 424 191
470 192 449 203
303 198 312 272
314 198 328 272
320 198 333 270
337 198 348 256
297 204 308 280
303 204 315 277
320 204 335 275
332 204 346 264
291 210 305 289
297 210 315 285
308 210 323 282
332 210 349 270
343 210 364 271
401 210 402 237
453 210 448 214
459 210 454 213
465 210 460 211
291 216 312 294
308 216 329 292
314 216 334 291
360 216 369 269
366 216 374 266
401 216 403 245
453 216 451 221
465 216 462 217
297 221 316 299
303 221 323 297
326 221 340 289
355 221 365 278
360 221 371 275
366 221 377 270
395 221 395 257
441 221 440 244
320 227 339 298
343 227 371 289
355 227 367 284
436 227 436 251
441 227 442 249
453 227 450 252
459 227 457 250
320 233 341 304
332 233 363 302
343 233 374 297
349 233 379 292
366 233 383 284
395 233 408 256
459 233 460 258
332 239 365 307
337 239 371 305
343 239 377 303
355 239 383 298
366 239 387 289
378 239 386 275
389 239 404 265
395 239 410 262
407 239 418 258
424 239 431 261
337 245 374 310
343 245 380 308
349 245 386 306
401 245 414 271
407 245 420 268
424 245 435 267
343 250 383 314
349 250 389 311
355 250 394 308
366 250 401 304
430 250 450 231
355 256 396 313
366 256 405 310
372 256 409 307
378 256 413 300
384 256 400 291
401 256 416 289
412 256 428 279
418 256 433 277
378 262 416 307
389 262 410 294
407 262 423 286
412 262 428 284
418 262 434 282
424 262 441 279
360 268 406 320
372 268 414 315
378 268 420 312
384 268 425 311
389 268 432 307
401 268 419 297
407 268 426 292
412 268 431 290
418 268 436 287
424 268 444 285
366 273 412 324
372 273 417 321
378 273 421 319
384 273 426 316
389 273 433 313
395 273 440 309
407 273 428 299
412 273 434 296
418 273 440 293
372 279 419 327
378 279 424 324
384 279 429 320
389 279 436 318
412 279 438 301
430 285 461 308
384 291 432 327
389 291 439 326
412 297 451 314
412 302 454 318
