445 123 440 158
433 135 414 166
427 141 402 171
433 141 410 172
439 141 415 174
541 153 524 167
415 159 394 175
402 165 377 173
541 165 551 170
529 171 538 163
396 183 368 194
493 183 514 176
415 189 483 187
487 189 502 170
493 189 512 184
511 189 541 213
517 189 547 214
396 195 420 182
360 201 364 177
360 207 363 184
463 213 471 178
439 219 455 194
336 225 310 191
415 225 482 238
451 225 424 239
451 231 421 246
433 238 434 185
354 250 341 218
408 256 404 192
415 268 417 196
421 268 415 202
270 274 269 195
451 274 458 252
270 280 267 203
402 280 394 205
408 280 400 206
415 280 406 208
312 286 330 244
390 286 381 202
300 292 289 201
306 292 295 202
415 292 396 277
294 298 279 206
300 298 288 206
294 304 277 212
300 304 286 213
306 304 293 214
306 310 290 221
324 316 304 225
330 316 317 227
354 322 326 229
366 322 396 269
372 322 404 271
342 346 310 240
