451 114 453 122
471 114 468 130
461 119 463 134
461 124 463 139
466 124 466 140
501 134 496 139
506 139 501 145
402 144 373 169
417 144 385 172
501 144 496 144
511 144 505 150
407 149 385 176
496 149 488 149
501 149 494 150
506 149 500 152
516 149 509 157
506 154 500 157
511 154 505 157
516 154 509 163
521 154 515 170
451 159 450 145
461 159 437 148
496 159 489 155
506 159 502 162
476 163 469 157
481 163 475 159
491 163 485 160
496 163 491 161
501 163 497 162
516 163 509 169
426 168 420 152
431 168 425 153
476 168 470 164
481 168 474 164
486 168 480 164
496 168 491 166
501 168 497 167
506 168 502 169
422 173 415 157
426 173 420 157
476 173 468 169
481 173 473 169
486 173 479 170
491 173 484 170
496 173 490 171
501 173 495 173
506 173 501 175
431 178 424 164
476 178 467 174
481 178 472 175
486 178 478 175
491 178 484 176
496 178 490 177
501 178 495 178
506 178 501 180
481 183 469 181
486 183 478 180
491 183 483 182
496 183 489 183
511 183 503 185
516 183 508 186
466 188 443 190
496 188 489 189
506 188 495 185
377 193 366 186
456 193 463 175
491 193 477 194
506 193 495 190
511 193 500 190
536 193 530 222
541 193 536 223
377 198 365 192
382 198 372 192
402 198 394 190
466 198 450 196
496 198 484 194
501 198 489 196
506 198 494 195
511 198 509 215
516 198 506 198
536 198 530 228
377 203 364 198
382 203 372 198
387 203 377 198
392 203 381 199
446 203 431 197
451 203 437 198
466 203 449 202
506 203 494 200
516 203 515 225
521 203 519 226
536 203 534 240
377 208 363 203
407 208 393 199
441 208 425 203
446 208 431 203
461 208 436 210
481 208 457 219
516 208 518 238
521 208 522 238
387 213 369 204
392 213 375 205
397 213 382 205
402 213 392 205
407 213 397 205
431 213 408 209
436 213 413 210
441 213 418 210
446 213 430 209
451 213 424 214
516 213 517 243
521 213 522 243
531 213 529 244
387 218 369 210
392 218 376 210
397 218 380 211
402 218 386 211
412 218 403 209
431 218 407 215
436 218 412 215
441 218 418 216
456 218 428 221
392 223 374 216
397 223 379 217
402 223 386 216
407 223 391 216
412 223 397 216
417 223 401 217
431 223 406 220
526 223 523 248
531 223 528 249
536 223 532 250
560 223 532 217
397 228 377 222
402 228 383 222
412 228 395 223
417 228 400 224
431 228 405 226
461 228 433 229
466 228 438 229
531 228 528 254
536 228 532 256
546 228 539 256
555 228 517 198
417 233 396 229
431 233 405 231
436 233 410 231
536 233 532 261
555 233 515 202
417 238 395 234
426 238 400 234
431 238 404 235
456 238 485 233
511 238 491 263
426 243 410 248
441 243 411 236
446 243 416 237
570 243 558 272
441 248 427 238
496 248 485 272
560 248 547 270
426 253 402 253
431 253 408 253
436 253 429 256
441 253 436 256
446 253 416 247
491 253 473 276
446 258 425 266
496 258 480 279
501 258 485 280
506 258 491 280
511 258 496 281
516 258 501 282
546 258 531 268
560 258 547 275
441 263 417 266
446 263 424 272
481 263 461 286
491 263 474 285
496 263 479 285
501 263 485 285
506 263 491 285
516 263 501 287
550 263 535 273
555 263 541 274
560 263 546 278
570 263 557 282
585 263 568 282
431 268 416 283
436 268 412 270
441 268 417 271
476 268 456 292
491 268 472 291
496 268 478 291
501 268 483 291
506 268 489 290
511 268 495 291
516 268 499 292
526 268 506 287
531 268 512 288
555 268 540 279
560 268 545 284
565 268 550 285
570 268 557 287
580 268 564 287
585 268 569 288
461 273 442 295
481 273 461 298
491 273 472 296
496 273 477 296
501 273 483 296
506 273 489 296
511 273 494 296
516 273 498 296
526 273 505 292
531 273 512 293
546 273 528 283
550 273 534 284
555 273 539 285
560 273 546 291
565 273 550 291
570 273 557 291
575 273 561 292
451 278 428 289
466 278 447 303
481 278 459 305
486 278 467 300
491 278 472 300
496 278 478 300
501 278 483 300
506 278 488 301
511 278 493 301
516 278 499 302
521 278 506 299
546 278 528 288
550 278 534 290
555 278 539 295
560 278 546 297
565 278 551 298
570 278 557 298
575 278 562 297
456 283 437 302
461 283 443 303
476 283 454 310
481 283 459 310
496 283 478 305
501 283 483 305
506 283 489 306
511 283 493 307
521 283 505 303
541 283 522 294
550 283 534 296
555 283 539 302
560 283 545 303
565 283 550 303
570 283 556 303
575 283 561 303
446 287 416 287
456 287 438 307
461 287 443 309
476 287 453 314
481 287 458 315
516 287 499 308
521 287 504 308
531 287 514 304
541 287 522 304
560 287 545 307
565 287 550 307
570 287 555 308
575 287 560 309
461 292 442 314
466 292 447 316
501 292 482 313
506 292 488 314
511 292 493 314
516 292 499 313
526 292 510 310
531 292 515 310
541 292 522 311
546 292 526 311
550 292 531 311
560 292 544 312
565 292 549 313
570 292 555 313
575 292 560 315
461 297 442 319
466 297 447 320
471 297 451 321
511 297 493 320
516 297 499 319
521 297 504 316
526 297 510 316
531 297 515 315
536 297 519 316
546 297 526 315
550 297 531 319
555 297 536 319
560 297 542 319
565 297 548 319
570 297 553 320
461 302 435 318
466 302 445 326
471 302 450 326
486 302 469 317
491 302 474 322
496 302 480 324
501 302 484 325
506 302 489 324
521 302 504 321
526 302 509 321
531 302 514 321
536 302 519 322
541 302 525 322
546 302 530 321
555 302 536 324
560 302 543 323
565 302 547 325
570 302 552 326
481 307 463 322
491 307 474 327
496 307 479 329
501 307 484 330
506 307 489 330
516 307 498 325
521 307 503 325
526 307 508 326
531 307 513 326
536 307 519 326
541 307 523 327
546 307 529 327
550 307 534 327
560 307 542 329
565 307 546 330
466 312 445 331
471 312 451 331
511 312 494 330
521 312 502 331
526 312 507 330
531 312 513 331
541 312 523 332
546 312 529 332
471 317 450 336
501 317 484 336
506 317 488 335
511 317 494 335
516 317 500 335
526 317 506 336
531 317 511 337
536 317 516 337
546 317 528 338
486 322 468 340
496 322 477 341
501 322 483 342
506 322 488 341
511 322 494 341
516 322 499 340
526 322 507 341
531 322 511 342
536 322 515 343
541 322 522 343
481 327 459 349
486 327 465 348
491 327 471 347
496 327 476 347
501 327 482 346
506 327 488 346
511 327 493 347
521 327 501 347
526 327 505 347
531 327 511 347
536 327 516 348
501 332 480 353
506 332 488 353
511 332 494 354
521 332 500 352
