411 67 372 91
417 67 379 89
428 67 382 87
434 67 409 86
446 67 415 84
452 67 422 83
458 67 428 82
399 72 365 97
405 72 370 96
417 72 380 95
422 72 385 94
434 72 405 93
440 72 411 91
446 72 417 90
452 72 424 90
458 72 429 88
469 72 442 85
399 78 366 105
405 78 371 102
417 78 382 100
422 78 386 100
434 78 406 99
440 78 412 98
446 78 419 96
452 78 426 95
458 78 433 95
405 84 373 109
417 84 382 106
422 84 388 105
452 84 427 101
458 84 434 100
464 84 440 100
469 84 445 98
475 84 453 97
493 84 464 91
434 90 409 112
440 90 415 111
446 90 422 110
452 90 429 110
458 90 436 107
464 90 442 104
469 90 446 103
475 90 452 102
481 90 458 101
493 90 467 97
399 96 371 117
405 96 376 116
411 96 382 115
434 96 410 119
440 96 417 118
452 96 436 112
458 96 443 111
464 96 448 110
475 96 454 107
499 96 444 91
505 96 472 96
376 102 343 137
381 102 350 135
417 102 398 124
452 102 437 118
458 102 443 117
464 108 459 120
516 108 489 106
464 113 459 126
510 113 484 112
516 113 490 112
381 119 363 137
387 119 365 145
510 119 485 118
522 119 497 117
405 125 381 135
411 125 389 133
417 125 395 131
499 125 464 119
505 125 471 117
510 125 476 116
399 131 378 141
405 131 384 140
411 131 391 138
417 131 397 137
505 131 471 122
510 131 478 120
516 131 492 124
405 137 386 146
411 137 391 145
417 137 397 143
446 137 417 137
499 137 467 130
505 137 473 129
516 137 492 129
405 143 386 152
434 143 452 149
452 143 424 143
464 143 438 139
499 143 468 136
510 143 482 132
522 143 499 130
352 149 342 157
434 149 454 155
452 149 426 150
510 149 484 139
516 149 494 137
399 154 375 180
411 154 387 177
452 154 430 166
458 154 435 165
510 154 493 148
516 154 497 144
381 160 383 159
411 160 389 185
446 160 426 175
452 160 432 174
458 160 439 171
487 160 461 181
505 160 488 155
335 166 325 195
440 166 420 182
446 166 428 182
452 166 434 180
487 166 463 187
499 166 479 181
510 166 494 159
335 172 327 201
346 172 340 198
411 172 385 198
417 172 390 196
428 172 409 193
434 172 416 191
440 172 422 189
446 172 429 188
452 172 435 186
464 172 443 184
487 172 464 192
493 172 470 191
329 178 323 208
335 178 329 208
411 178 386 204
417 178 392 202
422 178 401 202
428 178 411 199
434 178 418 197
440 178 425 195
446 178 432 194
458 178 436 190
464 178 442 190
469 178 450 189
475 178 453 202
481 178 460 199
487 178 467 197
329 184 325 214
335 184 332 215
428 184 413 205
434 184 419 204
440 184 427 201
458 184 437 196
475 184 455 208
399 190 381 228
428 190 414 212
446 190 427 206
469 190 451 214
475 190 457 214
323 195 324 222
329 195 332 220
399 195 382 234
405 195 388 231
417 195 393 251
428 195 411 246
469 195 451 219
475 195 457 219
317 201 319 230
405 201 389 237
411 201 393 235
417 201 394 257
446 201 435 212
317 207 316 255
323 207 322 254
411 207 397 243
428 207 419 223
434 207 422 258
311 213 312 263
329 213 334 260
346 213 348 255
411 213 399 249
464 213 461 205
311 219 312 271
317 219 326 268
323 219 330 267
340 219 343 263
346 219 363 263
364 219 376 260
387 219 374 257
464 219 461 212
469 219 469 210
475 219 476 209
311 225 314 277
323 225 331 273
329 225 336 271
364 225 376 267
464 225 464 224
299 231 307 278
311 231 321 282
317 231 328 280
323 231 333 278
335 231 346 276
358 231 372 275
364 231 377 273
393 231 388 257
458 231 455 234
469 231 472 229
294 237 303 286
299 237 309 284
305 237 314 284
311 237 323 288
317 237 328 286
323 237 334 284
329 237 341 282
335 237 348 282
340 237 355 281
364 237 380 281
399 237 396 262
428 237 430 239
434 237 437 239
446 237 448 241
458 237 457 239
464 237 468 237
469 237 474 235
294 242 303 293
299 242 310 292
311 242 324 294
317 242 330 293
323 242 336 291
329 242 344 290
340 242 355 287
346 242 362 285
352 242 368 284
358 242 373 282
364 242 383 285
381 242 384 266
393 242 390 265
399 242 397 269
428 242 432 245
434 242 438 245
440 242 443 244
464 242 469 243
294 248 305 299
299 248 312 299
317 248 331 298
323 248 337 296
329 248 346 296
335 248 352 295
352 248 371 290
370 248 388 285
376 248 394 283
305 254 315 303
329 254 347 303
346 254 359 298
352 254 365 297
364 254 378 292
370 254 390 291
422 254 427 274
335 260 349 307
346 260 362 304
352 260 367 303
358 260 373 301
364 260 378 299
370 260 385 299
376 260 399 296
346 266 363 310
352 266 368 308
358 266 374 307
370 266 387 304
346 272 370 315
370 272 381 307
381 272 402 308
387 272 407 306
411 272 416 289
417 272 424 295
422 272 431 293
387 278 409 311
399 278 420 305
411 278 418 297
399 283 420 311
411 283 434 307
428 283 440 297
434 283 451 296
440 283 457 292
446 283 462 292
381 289 405 321
387 289 412 320
393 289 417 319
399 289 422 317
411 289 430 314
434 289 452 302
440 289 457 300
446 289 463 298
387 295 413 326
393 295 418 325
399 295 424 323
405 295 430 320
411 295 436 319
434 295 454 307
440 295 460 305
393 301 421 329
399 301 427 328
405 301 432 327
411 301 438 324
428 301 449 316
434 301 455 313
440 301 461 311
422 307 444 323
428 307 451 321
434 307 456 319
422 313 446 328
428 313 451 326
434 313 458 324
422 319 449 336
428 319 455 333
