342 176 293 204
348 176 298 203
329 183 287 210
535 183 487 166
303 189 268 215
310 189 276 214
329 189 290 214
380 189 355 202
335 196 297 217
541 196 491 176
310 202 282 230
335 202 299 222
342 202 305 221
374 209 320 222
400 209 365 211
406 209 370 209
329 215 297 231
335 215 302 229
400 215 366 218
329 221 299 236
335 221 305 235
438 221 398 221
380 228 357 229
393 228 365 227
400 228 370 225
425 228 388 230
329 234 304 249
400 234 372 229
425 234 387 237
458 234 415 228
374 241 340 237
419 241 383 242
458 241 417 233
387 247 363 241
393 247 369 240
400 247 376 242
