245 134 254 233
327 143 316 172
341 143 324 165
327 148 321 178
245 162 281 236
249 162 286 233
309 162 328 201
336 162 329 178
249 166 289 239
258 166 298 233
263 166 303 229
309 166 332 206
313 166 337 203
341 166 333 174
240 171 277 249
245 171 285 242
258 171 301 237
286 171 321 224
309 171 337 211
313 171 342 208
245 175 289 248
249 175 293 244
290 175 327 222
240 180 285 259
249 180 295 251
254 180 300 248
258 180 305 244
281 180 321 232
290 180 330 226
295 180 344 223
245 184 292 261
281 184 323 238
286 184 327 234
290 184 333 231
295 184 348 228
300 189 353 232
254 194 311 255
268 198 325 252
240 203 300 271
245 203 305 267
268 203 328 257
277 203 335 252
281 203 340 249
245 207 308 273
249 207 315 269
240 212 304 279
249 212 318 274
254 212 323 271
281 212 345 256
313 212 365 239
332 212 373 227
240 216 308 284
245 216 313 280
254 216 327 276
263 216 333 273
313 216 369 244
322 216 371 236
327 216 375 233
240 221 311 287
245 221 317 284
249 221 322 280
290 221 358 260
313 221 373 250
327 221 379 237
240 226 314 292
245 226 320 288
249 226 326 285
254 226 331 281
300 226 364 256
304 226 370 253
318 226 384 255
327 226 388 249
235 230 309 296
249 230 330 289
254 230 336 286
313 230 383 266
318 230 388 262
235 235 313 300
281 235 360 277
286 235 364 273
300 235 374 263
313 235 386 271
290 239 370 275
295 239 374 270
300 239 378 268
290 244 373 280
295 244 378 276
300 244 383 273
350 244 397 239
245 262 345 311
249 262 351 308
254 281 353 322
