483 179 501 157
494 183 517 165
385 186 410 127
487 208 503 176
490 208 507 179
388 212 411 146
399 212 422 151
403 212 432 155
407 212 438 156
410 212 444 158
392 215 415 153
396 215 420 155
407 215 437 162
410 215 447 166
418 215 458 171
439 219 461 181
443 219 467 184
450 223 479 189
494 223 507 197
509 223 518 202
436 226 449 185
439 226 454 187
443 226 458 188
447 226 463 190
450 226 478 195
494 226 505 203
436 230 446 192
443 230 456 195
447 230 462 196
465 237 472 206
472 237 474 221
476 237 480 221
468 241 466 225
465 244 459 227
465 248 458 234
414 252 408 223
414 255 406 228
425 255 419 233
428 266 421 238
432 277 424 252
476 281 463 271
468 284 450 272
414 288 397 257
418 288 402 258
421 288 407 261
439 288 426 268
450 288 442 274
468 288 451 279
388 292 373 253
414 292 396 263
418 292 401 265
421 292 407 267
461 292 439 282
465 292 445 285
472 292 453 288
388 295 372 259
450 295 428 280
454 295 434 282
465 295 443 292
468 295 448 292
388 299 370 266
410 299 384 279
461 299 441 297
381 303 362 269
385 303 367 271
461 303 438 303
468 306 435 313
425 310 389 297
443 310 400 302
447 310 407 305
465 310 427 318
425 314 387 303
443 314 398 309
385 328 346 316
