395 67 416 54
408 67 423 56
414 67 430 57
420 67 436 57
426 67 443 58
438 67 451 59
444 67 457 59
450 67 462 59
456 67 468 59
383 73 402 58
389 73 410 59
401 73 417 61
408 73 423 62
414 73 430 62
420 73 435 63
426 73 440 63
438 73 455 66
444 73 461 67
463 73 473 65
469 73 480 66
371 80 389 63
377 80 395 64
383 80 402 64
389 80 408 65
395 80 415 66
408 80 428 68
420 80 434 69
426 80 439 69
432 80 454 73
444 80 461 73
469 80 480 73
475 80 487 74
365 86 381 70
371 86 388 69
383 86 401 70
389 86 409 71
420 86 439 75
426 86 446 77
432 86 454 78
438 86 461 81
469 86 486 84
475 86 491 85
371 92 386 76
389 92 414 75
444 92 459 85
450 92 465 86
456 92 471 87
463 92 477 88
469 92 486 91
475 92 490 91
359 98 379 74
371 98 392 77
377 98 398 79
383 98 407 78
408 98 432 82
414 98 438 83
426 98 433 87
432 98 439 87
444 98 459 92
469 98 485 97
475 98 490 98
481 98 495 98
493 98 507 99
359 104 373 85
365 104 380 86
383 104 400 85
389 104 405 86
420 104 423 93
426 104 431 93
438 104 451 97
469 104 483 102
475 104 489 103
481 104 495 105
493 104 506 106
499 104 511 107
365 110 377 93
371 110 384 94
383 110 398 90
389 110 405 92
395 110 412 92
432 110 437 98
456 110 465 100
463 110 470 107
493 110 505 113
499 110 511 114
365 116 375 100
389 116 403 98
395 116 410 99
456 116 462 114
463 116 470 114
469 116 477 115
475 116 481 110
481 116 494 118
487 116 499 117
493 116 502 126
499 116 510 120
346 122 358 103
352 122 366 100
359 122 372 101
371 122 385 104
475 122 481 117
481 122 493 123
493 122 501 132
499 122 510 127
346 129 360 105
365 129 377 107
371 129 387 110
383 129 409 104
414 129 452 132
444 129 449 116
450 129 454 118
463 129 468 120
469 129 474 123
475 129 481 123
499 129 508 134
340 135 347 117
359 135 369 111
365 135 376 113
371 135 382 113
389 135 414 113
444 135 446 122
450 135 459 125
463 135 468 127
469 135 474 129
475 135 480 130
487 135 495 137
493 135 500 138
499 135 507 141
340 141 346 124
346 141 352 126
359 141 368 118
365 141 375 119
371 141 382 121
377 141 388 122
450 141 458 132
487 141 494 143
493 141 499 144
334 147 338 130
340 147 344 132
346 147 352 132
359 147 367 127
365 147 374 128
371 147 381 129
377 147 387 130
487 147 493 150
493 147 498 151
499 147 506 148
334 153 338 136
340 153 344 138
359 153 366 134
365 153 372 135
371 153 379 136
377 153 386 137
383 153 392 138
408 153 417 153
426 153 428 155
487 153 491 157
493 153 498 159
359 159 365 140
365 159 370 140
371 159 378 141
377 159 385 142
383 159 392 143
389 159 397 145
395 159 402 145
401 159 408 146
426 159 428 161
432 159 434 162
487 159 490 164
493 159 497 166
499 159 503 166
365 165 370 147
371 165 376 147
389 165 396 150
395 165 401 151
401 165 407 151
426 165 426 169
499 165 502 172
328 171 337 141
334 171 344 141
352 171 357 144
401 171 406 157
481 171 483 169
487 171 489 170
493 171 494 172
322 178 329 146
328 178 328 155
334 178 336 156
352 178 355 152
359 178 360 152
371 178 368 153
438 178 439 169
481 178 482 175
487 178 487 177
322 184 323 160
328 184 328 161
334 184 334 162
365 184 368 161
383 184 386 168
389 184 393 168
487 184 487 183
493 184 493 184
499 184 500 186
334 190 341 162
346 190 347 165
352 190 353 166
359 190 360 167
365 190 367 168
371 190 375 169
377 190 381 170
383 190 384 175
395 190 401 173
316 196 318 167
322 196 324 168
328 196 326 173
340 196 333 174
346 196 339 175
352 196 352 172
359 196 360 174
365 196 367 175
371 196 373 175
377 196 377 181
389 196 391 178
414 196 412 180
426 196 420 181
481 196 479 194
487 196 484 197
316 202 317 174
322 202 320 177
328 202 326 179
340 202 332 182
346 202 339 183
352 202 351 183
359 202 358 184
365 202 364 185
371 202 373 182
377 202 376 187
383 202 384 185
389 202 390 190
395 202 396 191
401 202 403 191
414 202 406 186
420 202 412 188
426 202 416 188
432 202 423 189
481 202 478 202
487 202 484 203
316 208 311 184
322 208 318 184
328 208 325 184
334 208 331 186
346 208 337 189
359 208 356 191
365 208 364 192
371 208 371 193
377 208 376 193
383 208 382 194
389 208 389 196
395 208 396 196
401 208 401 197
408 208 408 199
426 208 416 194
432 208 422 195
450 208 450 205
469 208 465 206
475 208 470 208
481 208 476 208
487 208 482 211
303 214 302 185
322 214 316 192
328 214 324 193
371 214 370 200
377 214 376 201
383 214 381 202
389 214 388 203
395 214 395 203
401 214 402 204
408 214 408 205
432 214 422 202
438 214 428 202
444 214 434 202
450 214 448 210
456 214 453 212
475 214 469 214
481 214 476 216
487 214 482 217
303 220 303 191
310 220 310 193
328 220 315 200
334 220 330 201
352 220 341 202
365 220 363 200
377 220 375 207
383 220 382 209
389 220 388 211
395 220 394 209
432 220 421 207
438 220 428 208
444 220 433 209
450 220 447 218
456 220 453 218
475 220 468 221
481 220 474 223
487 220 481 224
493 220 486 223
297 226 294 197
303 226 302 197
371 226 368 206
377 226 374 214
383 226 380 215
420 226 407 212
438 226 427 214
444 226 434 216
450 226 441 219
456 226 452 224
469 226 461 223
481 226 473 227
487 226 480 229
493 226 485 229
297 233 294 202
365 233 360 218
371 233 367 214
389 233 387 215
395 233 393 216
432 233 421 215
444 233 433 224
450 233 441 226
469 233 460 228
475 233 467 230
487 233 478 234
297 239 294 209
371 239 365 220
377 239 371 221
383 239 378 221
389 239 385 221
395 239 392 223
438 239 425 227
444 239 432 230
450 239 440 232
456 239 447 233
463 239 452 233
469 239 459 235
475 239 466 235
481 239 471 235
291 245 285 215
297 245 293 216
334 245 313 231
365 245 357 227
371 245 364 227
377 245 370 228
383 245 377 229
389 245 384 229
395 245 392 230
401 245 399 231
432 245 418 232
438 245 423 234
444 245 430 234
463 245 451 238
469 245 458 240
475 245 464 241
481 245 472 242
487 245 476 242
365 251 356 232
371 251 363 233
377 251 369 234
383 251 376 235
395 251 389 237
401 251 396 238
450 251 437 239
469 251 456 246
475 251 463 248
481 251 470 249
359 257 349 237
365 257 355 238
371 257 362 239
377 257 368 240
383 257 375 241
389 257 381 242
395 257 388 243
401 257 396 244
408 257 403 246
420 257 408 241
426 257 416 240
438 257 421 246
444 257 428 245
450 257 436 245
456 257 442 245
475 257 463 253
481 257 468 255
487 257 474 255
291 263 283 234
365 263 354 243
371 263 361 246
377 263 367 247
383 263 373 248
389 263 380 248
420 263 407 247
444 263 427 255
450 263 435 256
456 263 440 256
475 263 462 260
481 263 467 261
487 263 474 261
297 269 294 257
371 269 360 254
377 269 366 254
383 269 372 254
401 269 396 252
408 269 400 252
420 269 412 260
432 269 426 261
481 269 467 267
487 269 473 269
291 275 281 242
297 275 293 262
365 275 348 257
377 275 365 261
383 275 371 259
395 275 381 260
401 275 387 262
408 275 399 259
420 275 412 267
426 275 418 269
432 275 425 269
456 275 448 265
487 275 472 276
303 282 303 272
365 282 347 264
371 282 358 264
377 282 365 266
383 282 371 267
426 282 418 275
432 282 425 276
487 282 471 282
303 288 304 277
310 288 310 278
316 288 316 280
365 288 344 271
371 288 358 273
377 288 364 272
383 288 371 273
389 288 377 274
420 288 413 273
438 288 432 277
303 294 304 284
310 294 310 284
371 294 358 279
377 294 365 279
383 294 370 280
389 294 376 281
401 294 383 284
426 294 418 282
432 294 424 283
438 294 431 283
444 294 437 284
310 300 315 293
316 300 321 296
377 300 364 286
383 300 369 286
395 300 378 289
420 300 410 287
426 300 417 288
432 300 423 289
438 300 430 290
444 300 437 290
456 300 419 314
481 300 463 295
346 306 344 284
377 306 364 292
389 306 369 295
395 306 377 295
426 306 417 294
432 306 423 294
450 306 442 297
469 306 428 309
481 306 462 301
389 312 367 301
414 312 408 301
420 312 413 306
426 312 420 306
450 312 442 305
456 312 447 303
469 312 454 293
352 318 347 306
395 318 375 300
463 324 448 313
371 331 371 319
438 331 425 316
450 331 438 318
365 337 353 319
371 337 358 319
438 337 425 323
444 337 432 323
