355 148 343 145
381 148 372 146
385 148 377 146
390 148 381 147
394 148 386 147
398 148 391 149
403 148 396 148
407 148 401 148
385 152 377 151
390 152 380 150
394 152 385 151
403 152 396 153
411 152 405 152
347 157 335 151
360 157 350 155
364 157 353 156
385 157 376 154
394 157 386 155
398 157 391 155
407 157 401 155
411 157 405 156
437 157 437 159
342 161 331 155
347 161 335 155
351 161 339 156
360 161 349 159
364 161 354 160
394 161 386 160
398 161 391 160
403 161 396 160
437 161 438 164
441 161 442 164
446 161 446 164
334 165 321 158
338 165 326 159
398 165 391 163
428 165 422 165
441 165 441 168
446 165 446 168
351 170 344 169
381 170 364 164
446 170 446 172
330 174 318 168
334 174 326 169
355 174 339 164
381 174 363 169
441 174 435 174
446 174 440 174
454 174 456 177
330 178 318 173
347 178 331 168
390 178 373 173
325 183 313 177
330 183 318 177
334 183 322 178
416 183 404 178
446 183 440 182
321 187 311 182
338 187 326 183
411 187 395 181
416 187 400 182
420 187 409 183
424 187 413 183
441 187 432 186
446 187 437 186
351 191 335 182
355 191 340 183
441 191 432 191
446 191 437 190
351 196 335 187
355 196 340 187
368 196 353 188
347 200 331 192
351 200 335 191
355 200 339 192
360 200 344 192
368 200 353 191
373 200 358 192
385 200 372 191
416 200 395 192
347 204 331 196
351 204 335 196
355 204 339 196
364 204 345 196
368 204 353 196
424 204 410 196
428 204 415 197
463 204 455 202
471 204 468 205
476 204 474 205
347 208 331 201
351 208 335 200
355 208 339 200
364 208 349 201
368 208 353 202
373 208 357 201
385 208 381 215
351 213 335 206
355 213 340 205
360 213 346 206
364 213 350 206
368 213 353 206
373 213 357 206
471 213 463 211
476 213 469 211
480 213 474 211
338 217 321 206
351 217 334 210
355 217 340 210
360 217 345 211
364 217 350 211
368 217 353 210
373 217 358 210
420 217 405 209
424 217 409 210
497 217 496 219
342 221 325 209
355 221 339 215
360 221 345 216
373 221 358 215
381 221 371 214
502 221 502 225
355 226 341 220
373 226 358 219
381 226 372 218
385 226 378 219
416 226 396 216
420 226 401 216
424 226 406 216
437 226 418 218
441 226 423 219
446 226 431 219
493 226 498 233
497 226 495 230
502 226 501 230
347 230 336 228
355 230 340 225
373 230 357 223
377 230 363 224
381 230 372 224
385 230 377 224
407 230 391 219
416 230 395 219
420 230 398 220
424 230 403 219
428 230 409 219
437 230 419 224
441 230 428 223
351 234 340 233
355 234 344 233
360 234 349 232
373 234 359 230
377 234 363 229
381 234 372 228
416 234 395 223
420 234 399 224
355 238 345 238
360 238 349 237
373 238 359 235
381 238 367 233
385 238 371 232
390 238 377 233
407 238 385 233
360 243 349 241
390 243 377 237
381 247 363 238
381 251 363 242
385 251 368 242
394 251 376 243
377 256 353 243
381 256 363 247
390 256 371 246
394 256 376 247
398 256 381 247
467 256 464 259
377 260 353 247
381 260 364 252
385 260 367 251
390 260 372 252
394 260 377 252
407 260 390 255
416 260 408 256
377 264 358 255
381 264 363 255
385 264 368 255
390 264 373 256
394 264 377 256
390 269 372 260
