319 165 270 271
376 165 325 215
387 165 332 210
347 170 317 233
376 170 328 221
387 170 335 218
392 170 339 209
308 176 268 285
336 176 307 246
342 176 314 242
409 176 360 221
415 176 361 213
420 176 368 209
432 176 373 200
443 176 384 189
460 176 399 167
297 182 247 286
409 182 363 228
415 182 369 226
420 182 372 216
426 182 380 214
432 182 383 205
449 182 392 189
460 182 403 174
465 182 406 167
398 187 362 245
409 187 366 236
415 187 372 233
426 187 384 222
432 187 388 219
437 187 393 209
454 187 404 195
460 187 407 188
477 187 423 171
297 193 256 306
409 193 372 249
426 193 387 229
432 193 392 225
443 193 402 213
454 193 407 204
477 193 426 178
336 199 271 274
437 199 402 227
449 199 412 216
460 199 417 208
465 199 422 203
314 204 312 329
449 204 420 222
465 204 425 211
331 210 293 305
420 210 395 270
488 210 452 206
314 215 317 341
465 215 446 226
482 215 457 213
297 221 280 343
420 221 401 283
482 221 460 220
325 227 320 332
302 232 302 364
308 232 297 351
415 244 332 248
325 249 338 341
460 260 331 227
325 266 348 360
331 266 353 355
