316 152 298 241
322 152 302 237
332 152 306 230
365 152 346 193
359 157 345 205
386 157 357 185
397 157 363 180
424 168 390 182
359 173 405 260
424 173 391 187
456 173 402 145
418 179 397 200
327 184 339 280
343 184 357 271
349 184 361 268
408 184 397 216
413 184 402 213
418 184 400 206
402 189 403 232
413 189 405 224
462 189 430 181
322 195 336 292
462 195 433 186
467 195 439 185
322 200 339 296
338 200 371 306
456 200 432 203
467 200 442 191
483 200 459 183
306 206 324 311
311 206 329 309
316 206 334 308
327 206 342 303
338 206 372 312
467 206 444 197
311 211 327 317
332 211 368 322
306 216 321 326
332 216 351 309
386 216 343 201
306 222 324 331
311 222 293 295
322 222 292 283
338 222 328 288
316 227 297 295
327 227 362 337
332 227 367 334
338 227 369 326
311 232 301 306
316 232 360 351
327 232 364 342
332 232 369 339
338 232 373 333
386 232 392 258
499 232 374 197
316 238 361 357
332 238 372 345
499 238 378 202
316 243 357 358
338 243 377 345
445 243 382 214
327 259 352 279
537 259 476 212
521 270 391 340
