430 115 437 166
385 119 387 125
390 119 392 124
367 124 365 137
381 124 402 122
394 124 413 122
399 124 418 121
403 124 422 120
408 124 426 120
412 124 432 119
385 128 390 134
394 128 390 139
417 128 438 127
439 128 457 124
443 128 462 123
511 128 511 157
354 133 356 149
358 133 361 148
367 133 370 147
403 133 422 125
408 133 427 124
515 133 515 161
358 137 367 148
363 137 366 152
367 137 371 151
372 137 376 150
403 137 423 129
434 137 457 134
448 137 467 129
354 142 358 159
358 142 362 158
363 142 367 157
367 142 372 156
381 142 384 161
385 142 388 159
399 142 414 170
408 142 420 144
430 142 449 140
434 142 454 140
452 142 468 137
358 146 364 163
363 146 369 162
367 146 374 161
381 146 385 165
372 151 373 171
376 151 379 170
381 151 384 169
403 151 420 175
408 151 423 175
443 151 460 144
408 155 424 178
448 155 465 153
457 155 474 151
466 155 472 132
358 160 361 222
408 160 430 137
443 160 461 159
448 160 466 158
515 160 447 126
363 164 380 208
390 164 408 230
403 164 418 190
443 164 463 163
448 164 468 163
466 164 485 146
511 164 444 127
363 169 381 214
376 169 382 184
394 169 406 191
399 169 425 145
412 169 431 188
421 169 441 186
381 173 386 174
408 173 426 194
421 173 441 191
425 173 453 170
470 173 503 173
417 178 437 195
466 178 500 182
484 178 502 157
488 178 506 158
412 182 434 197
434 182 446 199
461 182 495 188
466 182 500 188
470 182 504 182
488 182 506 161
372 187 387 223
390 187 409 196
488 187 507 167
363 191 381 253
376 191 366 216
417 191 446 184
434 191 461 184
349 196 372 196
376 196 366 220
399 196 419 204
403 196 425 203
408 196 432 201
412 196 437 201
452 196 484 215
461 196 402 181
484 196 492 170
399 200 419 209
403 200 426 208
408 200 432 207
412 200 438 206
417 200 444 205
448 200 382 190
452 200 484 219
349 204 372 206
399 204 420 214
403 204 426 213
408 204 433 212
412 204 438 211
417 204 444 210
448 204 384 195
475 204 473 206
385 209 411 225
390 209 416 224
399 209 425 217
403 209 430 216
412 209 440 216
340 213 366 246
399 213 426 222
408 213 434 217
502 213 524 214
340 218 366 250
385 218 407 225
430 218 451 247
466 218 508 206
470 218 512 205
434 222 455 251
439 222 480 214
425 227 446 254
367 231 408 269
399 231 387 228
434 231 464 245
457 231 474 177
385 240 396 252
421 240 468 203
466 245 491 259
354 249 368 261
475 249 511 235
479 249 515 234
376 254 464 251
479 254 516 239
363 258 380 274
376 258 466 255
470 258 491 271
475 258 514 244
484 258 525 229
358 263 376 278
363 263 380 278
367 263 389 277
434 263 459 272
358 267 376 282
363 267 381 282
376 267 409 282
448 267 478 268
376 272 411 287
390 272 395 280
434 272 453 281
448 272 478 274
466 272 493 276
372 276 407 294
376 276 412 292
385 276 391 286
390 276 396 284
443 276 474 280
448 276 479 279
461 276 488 283
466 276 494 281
372 281 408 299
376 281 412 296
385 281 391 291
390 281 397 289
394 281 401 289
430 281 444 288
457 281 480 292
461 281 490 287
381 285 387 297
385 285 393 295
417 285 436 294
457 285 482 298
