475 101 478 108
475 106 478 112
479 106 482 113
479 110 483 117
488 110 486 116
493 110 492 116
403 115 407 103
425 115 428 108
488 115 486 120
385 119 380 108
399 119 402 108
403 119 406 107
417 119 421 111
421 119 424 111
425 119 428 111
439 119 442 112
443 119 447 113
376 124 393 107
399 124 402 113
403 124 407 112
417 124 415 117
421 124 424 115
434 124 437 116
439 124 442 117
443 124 447 116
452 124 455 116
367 128 372 117
376 128 376 117
381 128 380 117
421 128 424 121
430 128 432 122
434 128 437 121
448 128 451 120
452 128 456 121
511 128 508 131
354 133 371 112
367 133 371 121
372 133 388 117
376 133 392 117
381 133 380 121
385 133 384 121
403 133 408 118
421 133 424 126
430 133 432 127
434 133 437 125
439 133 441 122
457 133 461 125
461 133 465 125
511 133 509 138
515 133 514 139
372 137 388 121
376 137 392 120
381 137 380 126
408 137 412 122
421 137 424 130
425 137 428 131
430 137 433 131
434 137 437 129
443 137 447 129
457 137 461 130
461 137 465 130
403 142 406 126
408 142 412 126
412 142 416 126
425 142 426 143
430 142 430 143
448 142 457 138
466 142 469 134
511 142 509 147
515 142 513 148
340 146 349 130
345 146 354 131
367 146 376 139
403 146 407 130
408 146 412 130
421 146 421 147
425 146 425 148
457 146 464 140
466 146 470 139
345 151 340 152
367 151 376 144
403 151 402 158
408 151 406 157
412 151 410 156
417 151 420 139
421 151 421 151
425 151 425 152
430 151 430 153
484 151 487 144
511 151 508 152
515 151 513 153
367 155 361 148
421 155 420 157
425 155 425 156
475 155 481 149
484 155 488 148
488 155 491 148
511 155 509 157
515 155 513 158
331 160 331 153
345 160 352 139
412 160 411 162
417 160 415 164
425 160 425 161
470 160 468 147
484 160 487 152
488 160 490 152
511 160 509 162
412 164 411 166
430 164 437 148
484 164 487 156
515 164 514 166
376 169 366 161
394 169 399 160
399 169 403 160
417 169 416 171
425 169 424 175
430 169 428 175
475 169 478 160
488 169 491 160
381 173 389 149
399 173 402 165
403 173 406 165
417 173 416 175
502 173 504 169
327 178 327 171
336 178 331 179
394 178 402 149
399 178 406 149
412 178 411 180
417 178 415 179
479 178 481 166
488 178 490 166
493 178 495 166
327 182 335 156
331 182 327 184
358 182 345 178
394 182 401 153
399 182 406 153
417 182 415 184
488 182 490 170
331 187 327 189
367 187 358 179
479 187 479 202
327 191 335 162
367 191 357 183
376 191 362 184
466 191 460 201
479 191 478 206
502 191 504 184
403 196 403 191
408 196 408 191
412 196 412 191
497 196 500 187
502 196 504 187
408 200 408 196
412 200 412 196
457 200 455 211
488 200 491 187
493 200 495 187
497 200 500 192
502 200 504 192
399 204 399 197
493 204 496 192
502 204 504 197
394 209 394 202
399 209 399 201
403 209 404 202
408 209 408 202
412 209 411 201
497 209 500 197
502 209 504 200
331 213 331 184
385 213 384 206
390 213 390 206
394 213 395 205
399 213 400 206
403 213 404 207
408 213 408 206
412 213 412 206
493 213 495 210
497 213 500 202
502 213 504 206
506 213 505 214
322 218 322 214
336 218 340 223
390 218 390 211
394 218 395 210
403 218 404 211
408 218 408 211
412 218 412 211
417 218 416 211
331 222 327 201
336 222 331 196
412 222 411 215
417 222 415 215
502 222 500 223
336 227 331 202
340 227 340 214
345 227 344 215
372 227 375 210
331 231 327 210
336 231 331 209
345 231 344 223
363 231 371 215
443 231 433 244
493 231 496 219
331 236 327 214
340 236 336 213
363 236 372 220
367 236 376 219
421 236 424 254
443 236 434 249
448 236 438 250
488 236 491 223
493 236 495 223
331 240 331 232
336 240 332 218
470 240 464 241
488 240 492 227
336 245 331 227
479 254 482 244
385 258 398 246
390 258 403 246
394 258 407 246
475 258 477 247
390 263 403 251
349 267 349 263
354 267 362 269
412 267 416 263
425 267 430 263
443 267 423 273
448 267 427 273
466 267 474 255
372 272 371 263
421 272 425 266
425 272 429 267
457 272 455 263
466 272 474 258
470 272 478 258
363 276 359 267
372 276 371 268
376 276 394 277
381 276 398 276
417 276 419 272
403 281 407 273
412 281 411 276
434 281 438 276
412 285 411 280
417 285 415 280
421 285 423 281
417 290 416 284
434 290 433 285
408 294 407 289
