482 157 475 133
489 157 480 131
414 163 419 150
408 169 416 157
426 169 432 154
339 176 365 170
377 176 399 163
389 176 394 170
402 176 413 164
408 176 418 163
420 176 427 161
426 176 432 159
439 176 445 156
445 176 451 156
458 176 457 155
464 176 463 153
377 182 400 168
389 182 394 176
395 182 407 172
402 182 413 170
420 182 428 167
426 182 433 166
433 182 440 164
439 182 445 164
445 182 453 162
377 188 382 185
389 188 395 182
395 188 409 177
402 188 413 177
420 188 429 173
426 188 435 171
433 188 441 170
439 188 447 171
445 188 454 168
308 194 319 204
321 194 336 197
333 194 345 197
346 194 351 195
364 194 364 195
370 194 372 194
377 194 379 193
383 194 390 190
389 194 402 186
395 194 409 184
408 194 417 184
414 194 428 180
426 194 437 178
433 194 442 177
321 200 338 206
327 200 345 204
352 200 358 201
370 200 374 200
389 200 403 192
395 200 410 190
408 200 419 190
414 200 424 188
420 200 431 187
426 200 438 184
445 200 454 179
283 207 300 216
290 207 306 215
321 207 340 212
327 207 345 211
339 207 355 209
352 207 360 210
358 207 366 207
364 207 371 207
370 207 379 205
383 207 399 197
395 207 410 196
414 207 425 194
420 207 433 192
439 207 449 187
445 207 455 185
227 213 245 236
271 213 290 225
277 213 296 224
283 213 303 222
290 213 308 221
327 213 348 218
346 213 353 217
352 213 360 217
389 213 405 203
414 213 427 200
420 213 434 198
426 213 440 195
439 213 451 193
227 219 245 240
234 219 254 241
246 219 265 238
252 219 271 236
265 219 284 233
271 219 290 232
296 219 315 228
383 219 401 210
389 219 407 209
395 219 412 207
402 219 418 206
414 219 428 207
420 219 434 206
426 219 442 205
433 219 446 199
451 219 466 194
458 219 472 193
234 225 255 247
240 225 262 245
252 225 273 243
259 225 278 242
321 225 343 229
358 225 378 226
389 225 408 215
395 225 414 214
426 225 442 211
445 225 463 209
234 232 256 253
240 232 263 251
290 232 314 246
308 232 332 237
315 232 340 235
321 232 344 235
327 232 350 234
352 232 365 235
364 232 391 230
402 232 419 219
408 232 425 217
420 232 438 216
426 232 442 217
433 232 450 213
439 232 454 210
501 232 508 201
308 238 333 243
339 238 360 238
389 238 412 227
402 238 419 226
408 238 425 225
414 238 432 223
420 238 437 222
433 238 451 219
451 238 468 205
470 238 483 213
476 238 489 211
489 238 497 210
495 238 503 208
501 238 508 207
246 244 270 262
302 244 328 251
327 244 353 246
339 244 367 242
346 244 373 241
383 244 407 235
426 244 445 226
433 244 451 225
240 250 264 270
296 250 324 258
302 250 330 256
315 250 336 256
339 250 368 249
395 250 415 240
402 250 420 239
420 250 435 236
426 250 447 232
433 250 453 231
240 256 266 278
259 256 285 274
296 256 323 264
308 256 336 262
383 256 396 250
408 256 422 246
414 256 429 244
420 256 436 243
426 256 442 241
240 263 267 285
271 263 293 277
277 263 299 276
283 263 310 274
290 263 316 272
296 263 325 270
352 263 377 260
240 269 267 290
246 269 277 289
252 269 283 287
265 269 294 283
277 269 300 282
290 269 318 278
296 269 326 277
265 275 296 290
277 275 303 289
283 275 311 288
290 275 317 286
296 275 323 284
327 275 360 276
277 281 308 294
283 281 315 293
252 288 287 304
259 288 293 303
283 288 317 299
246 294 280 313
