479 136 438 74
443 141 405 109
453 141 416 100
479 141 442 79
484 141 448 75
293 146 293 196
314 146 308 188
484 146 452 80
489 146 457 77
319 151 320 189
370 151 339 177
381 151 350 169
391 151 362 158
406 151 374 148
277 156 295 222
360 156 337 187
494 156 473 83
293 161 308 211
376 167 353 185
432 167 386 149
370 172 354 196
381 172 361 178
391 172 372 170
443 172 399 141
355 177 344 211
283 182 316 234
489 208 495 114
277 213 336 260
283 213 340 256
283 218 345 262
484 218 499 133
437 223 419 193
443 223 424 189
448 223 431 186
505 223 517 129
412 229 413 206
437 229 423 198
443 229 430 196
448 229 435 191
453 229 441 186
443 234 435 201
448 234 440 196
453 234 447 192
458 234 454 186
463 234 458 180
277 239 352 284
401 239 409 230
406 244 420 232
350 254 396 262
355 259 406 263
293 270 378 304
303 270 386 297
288 275 370 309
360 275 427 264
484 275 520 185
303 280 388 305
298 290 388 318
308 290 395 312
