437 130 372 120
443 136 405 100
468 136 431 81
479 136 438 74
443 141 405 109
453 141 416 100
463 141 429 91
468 141 433 86
479 141 442 79
484 141 448 75
288 146 287 199
293 146 293 196
314 146 308 188
319 146 315 183
386 146 354 157
391 146 359 153
396 146 365 148
406 146 372 144
412 146 378 138
484 146 452 80
489 146 457 77
283 151 287 210
288 151 296 208
319 151 320 189
355 151 326 187
370 151 339 177
376 151 345 173
381 151 350 169
391 151 362 158
406 151 374 148
479 151 446 87
489 151 462 82
499 151 468 77
277 156 295 222
293 156 303 207
303 156 308 201
308 156 314 198
360 156 337 187
484 156 455 87
494 156 473 83
283 161 300 218
293 161 308 211
298 161 312 208
376 167 353 185
432 167 386 149
283 172 310 228
293 172 315 218
370 172 354 196
381 172 361 178
391 172 372 170
443 172 399 141
288 177 317 225
355 177 344 211
283 182 316 234
288 182 322 231
298 187 328 227
283 192 322 240
288 192 325 235
298 192 332 231
308 198 333 222
412 198 413 160
422 198 420 155
272 203 319 251
288 203 332 242
293 203 336 238
277 208 328 253
288 208 337 248
293 208 342 245
386 208 408 240
489 208 495 114
277 213 336 260
283 213 340 256
401 213 410 171
406 213 416 166
277 218 340 267
283 218 345 262
293 218 352 257
484 218 499 133
277 223 345 271
293 223 351 267
298 223 358 261
437 223 419 193
443 223 424 189
448 223 431 186
505 223 517 129
277 229 347 277
288 229 353 272
412 229 413 206
437 229 423 198
443 229 430 196
448 229 435 191
453 229 441 186
458 229 447 180
463 229 454 174
355 234 428 204
443 234 435 201
448 234 440 196
453 234 447 192
458 234 454 186
463 234 458 180
277 239 352 284
288 239 360 279
298 239 367 272
314 239 370 259
401 239 409 230
308 244 370 271
314 244 377 266
319 244 383 259
406 244 420 232
314 249 383 271
298 254 376 285
308 254 382 280
319 254 388 267
350 254 396 262
319 259 395 272
355 259 406 263
370 259 431 242
376 259 435 240
401 259 455 225
308 265 386 288
319 265 398 277
324 265 405 271
453 265 492 197
458 265 497 192
484 265 514 179
293 270 378 304
303 270 386 297
365 270 434 251
376 270 441 247
448 270 489 206
453 270 495 201
479 270 512 187
499 270 529 157
288 275 370 309
360 275 427 264
376 275 445 249
484 275 520 185
494 275 528 178
499 275 532 173
288 280 374 315
298 280 384 308
303 280 388 305
308 280 393 301
401 280 476 229
406 280 483 223
458 280 500 209
288 285 372 320
360 285 445 262
293 290 382 323
298 290 388 318
308 290 395 312
314 290 399 308
