329 128 328 125
333 128 334 124
337 128 337 124
341 128 341 124
348 128 346 123
352 128 349 124
356 128 353 124
360 128 359 123
364 128 363 122
368 128 366 122
387 128 387 122
391 128 391 123
395 128 395 123
399 128 398 123
407 128 402 123
317 132 316 129
321 132 321 129
325 132 324 129
329 132 329 128
333 132 333 128
337 132 336 127
341 132 340 127
348 132 347 127
352 132 350 127
356 132 354 127
360 132 359 126
364 132 363 126
368 132 366 126
372 132 370 126
384 132 383 126
387 132 387 126
391 132 390 126
395 132 394 126
399 132 398 126
407 132 406 127
411 132 410 127
419 132 415 127
422 132 419 127
313 136 313 133
317 136 317 133
321 136 321 132
325 136 324 132
329 136 328 132
333 136 332 131
337 136 336 131
341 136 340 131
344 136 344 131
352 136 351 131
356 136 355 131
364 136 363 130
368 136 367 130
372 136 370 130
380 136 378 130
384 136 383 130
387 136 387 129
391 136 391 129
403 136 403 130
407 136 406 130
411 136 410 130
415 136 413 130
422 136 420 131
426 136 424 130
309 139 309 135
313 139 313 137
317 139 317 137
321 139 321 136
325 139 324 136
333 139 333 135
364 139 363 134
372 139 371 135
380 139 379 134
387 139 387 133
403 139 403 133
407 139 407 134
411 139 410 133
415 139 413 133
422 139 420 134
430 139 431 129
309 143 309 138
313 143 313 140
317 143 318 140
321 143 321 141
329 143 329 138
337 143 337 138
341 143 340 138
348 143 349 138
352 143 352 138
356 143 356 138
376 143 375 137
380 143 379 138
384 143 383 137
395 143 395 137
403 143 403 138
407 143 406 138
411 143 410 137
415 143 413 137
419 143 417 137
430 143 430 132
309 147 309 142
321 147 322 144
325 147 325 144
329 147 329 142
333 147 333 142
337 147 337 142
341 147 341 141
344 147 345 141
348 147 349 142
352 147 353 142
368 147 367 141
372 147 371 141
376 147 375 140
399 147 399 140
407 147 406 142
411 147 410 141
415 147 414 141
430 147 430 136
294 151 294 147
298 151 298 146
309 151 310 150
313 151 313 149
317 151 317 147
321 151 322 148
325 151 326 147
329 151 329 147
333 151 332 146
337 151 337 146
341 151 341 146
344 151 345 145
348 151 349 145
352 151 353 145
364 151 363 144
368 151 367 144
372 151 371 144
376 151 375 144
380 151 379 144
384 151 383 144
387 151 387 144
399 151 399 144
407 151 406 145
430 151 430 140
266 155 266 153
270 155 269 154
294 155 294 152
298 155 297 152
302 155 301 151
305 155 306 154
309 155 310 155
313 155 314 153
317 155 318 152
325 155 326 151
329 155 329 151
333 155 333 151
341 155 341 150
348 155 349 149
352 155 354 149
356 155 357 149
364 155 363 149
368 155 367 148
372 155 371 148
376 155 375 147
380 155 379 147
384 155 383 147
387 155 387 148
403 155 403 148
419 155 417 146
302 159 301 157
305 159 305 157
309 159 310 158
313 159 314 157
317 159 318 156
321 159 322 156
325 159 326 156
333 159 333 155
348 159 349 153
352 159 353 153
360 159 359 153
364 159 363 153
368 159 367 152
372 159 371 152
376 159 375 152
380 159 379 152
384 159 384 151
387 159 388 152
391 159 391 152
395 159 395 152
399 159 399 152
403 159 403 152
407 159 407 151
411 159 411 152
422 159 421 150
426 159 425 150
263 163 261 162
302 163 302 161
305 163 305 161
321 163 322 161
325 163 326 160
329 163 330 160
333 163 333 158
341 163 341 157
348 163 349 157
352 163 353 157
360 163 360 157
364 163 363 157
368 163 367 157
372 163 372 157
376 163 375 156
380 163 379 156
384 163 383 156
387 163 388 156
391 163 391 156
395 163 395 156
399 163 399 155
403 163 403 155
407 163 407 155
411 163 411 155
415 163 415 155
419 163 418 155
422 163 422 154
426 163 426 153
259 167 258 163
305 167 306 165
309 167 309 163
313 167 313 163
317 167 317 162
333 167 333 162
337 167 337 162
341 167 341 161
344 167 345 161
348 167 349 162
360 167 360 161
368 167 367 161
372 167 372 160
376 167 376 160
380 167 379 160
384 167 383 160
387 167 388 160
391 167 392 160
395 167 395 160
399 167 399 159
403 167 403 158
407 167 407 159
411 167 411 160
415 167 415 159
419 167 418 158
422 167 423 157
426 167 426 157
259 171 259 168
263 171 263 167
309 171 309 167
313 171 313 167
317 171 317 167
321 171 321 166
325 171 325 166
329 171 329 166
333 171 333 166
337 171 337 166
341 171 341 166
344 171 346 165
348 171 349 165
356 171 356 166
360 171 360 165
364 171 364 165
368 171 368 165
372 171 372 164
376 171 376 164
380 171 380 164
384 171 384 165
387 171 388 164
391 171 392 164
395 171 395 163
399 171 399 163
403 171 403 162
407 171 407 163
411 171 411 163
415 171 414 163
419 171 419 162
422 171 423 162
426 171 427 161
259 174 259 172
263 174 263 171
309 174 309 171
313 174 313 170
317 174 317 171
321 174 321 170
325 174 325 170
329 174 330 170
333 174 334 169
337 174 338 169
341 174 341 169
344 174 345 169
352 174 352 169
356 174 357 169
360 174 360 169
364 174 364 169
368 174 368 169
372 174 372 168
376 174 376 168
380 174 379 168
384 174 384 168
387 174 388 168
391 174 392 168
395 174 396 168
399 174 400 168
403 174 403 167
407 174 407 167
411 174 411 167
415 174 415 167
419 174 419 167
422 174 424 165
426 174 427 165
259 178 259 176
263 178 263 175
313 178 313 173
317 178 317 174
321 178 321 173
325 178 326 174
329 178 330 173
333 178 334 173
337 178 339 172
341 178 342 173
344 178 346 173
348 178 350 173
356 178 357 173
360 178 361 173
364 178 365 173
368 178 369 173
372 178 372 172
376 178 376 172
380 178 380 172
384 178 384 172
387 178 388 172
391 178 392 172
395 178 396 172
399 178 400 171
403 178 404 171
407 178 407 171
411 178 411 171
415 178 415 171
419 178 419 171
422 178 424 170
426 178 428 169
259 182 259 180
263 182 263 180
313 182 313 177
317 182 318 177
321 182 322 178
325 182 326 178
329 182 330 178
333 182 335 177
337 182 338 177
341 182 342 177
344 182 346 177
348 182 350 177
352 182 354 177
360 182 361 177
364 182 365 176
368 182 369 176
372 182 372 176
376 182 377 176
380 182 380 176
384 182 384 176
387 182 389 176
391 182 393 176
395 182 397 176
399 182 400 176
403 182 404 175
407 182 407 174
411 182 411 174
415 182 415 175
419 182 419 175
422 182 423 175
259 186 259 184
263 186 263 184
313 186 314 181
321 186 322 181
325 186 326 181
329 186 330 181
333 186 334 181
337 186 338 181
341 186 342 182
344 186 346 181
348 186 350 181
352 186 354 181
360 186 361 181
364 186 365 180
368 186 369 180
372 186 373 181
376 186 377 181
384 186 384 180
387 186 389 180
391 186 393 179
395 186 397 180
399 186 400 179
403 186 404 179
407 186 408 179
411 186 411 178
415 186 415 179
419 186 419 179
422 186 423 179
259 190 260 188
263 190 263 188
317 190 319 183
321 190 322 185
325 190 327 185
329 190 330 185
333 190 334 185
337 190 338 186
341 190 342 186
344 190 346 185
348 190 350 185
352 190 354 185
360 190 361 184
364 190 365 184
368 190 368 184
372 190 373 184
376 190 377 184
380 190 380 184
384 190 384 184
387 190 388 183
391 190 392 183
395 190 396 183
399 190 400 184
403 190 404 183
407 190 408 183
411 190 412 183
415 190 415 183
419 190 419 182
422 190 423 182
259 194 260 192
263 194 263 192
266 194 267 192
313 194 315 190
317 194 319 187
321 194 323 190
325 194 327 190
329 194 331 189
333 194 335 190
337 194 338 190
341 194 342 189
344 194 346 189
352 194 354 189
356 194 357 189
360 194 361 188
364 194 365 188
368 194 368 188
372 194 373 188
376 194 376 188
380 194 380 187
384 194 384 187
387 194 388 187
391 194 392 187
395 194 396 187
399 194 400 187
403 194 403 187
407 194 408 187
411 194 412 187
415 194 416 186
419 194 419 185
422 194 425 190
259 198 260 196
263 198 264 196
313 198 315 195
321 198 323 194
325 198 327 193
329 198 331 193
333 198 335 193
341 198 341 193
344 198 347 193
348 198 350 193
356 198 357 193
360 198 361 192
364 198 365 192
368 198 369 192
372 198 373 192
376 198 377 192
380 198 380 192
384 198 384 192
391 198 392 191
395 198 396 191
399 198 400 190
403 198 404 191
407 198 408 191
411 198 412 191
415 198 416 191
419 198 419 190
422 198 425 194
426 198 428 190
313 202 316 199
321 202 322 197
325 202 327 197
329 202 331 197
333 202 334 197
337 202 338 198
341 202 342 197
344 202 347 197
348 202 350 197
356 202 357 197
360 202 361 197
364 202 365 196
368 202 370 196
372 202 374 196
376 202 377 195
380 202 381 196
384 202 384 196
387 202 389 195
391 202 392 195
395 202 396 195
399 202 400 195
403 202 404 195
407 202 408 195
411 202 413 195
415 202 416 195
419 202 420 194
313 206 316 202
321 206 323 201
325 206 327 201
329 206 331 201
333 206 334 201
337 206 338 201
341 206 343 201
344 206 347 201
352 206 354 201
356 206 357 201
360 206 361 201
364 206 365 201
368 206 370 200
372 206 373 200
376 206 377 199
380 206 381 199
384 206 385 199
387 206 388 199
391 206 392 199
395 206 397 199
399 206 401 200
403 206 404 199
407 206 409 200
411 206 413 199
415 206 416 198
419 206 419 197
422 206 426 207
426 206 429 207
313 210 316 206
317 210 319 206
321 210 323 205
325 210 327 205
329 210 331 206
333 210 335 205
337 210 338 205
344 210 347 205
356 210 357 205
360 210 362 205
364 210 366 205
368 210 370 204
372 210 374 203
376 210 377 203
380 210 382 203
384 210 385 203
387 210 388 203
391 210 392 203
395 210 398 204
399 210 401 204
403 210 405 204
407 210 408 203
411 210 413 202
415 210 416 202
419 210 420 202
422 210 426 211
426 210 429 211
313 214 315 210
317 214 319 210
325 214 327 209
329 214 331 209
333 214 335 209
337 214 338 210
344 214 346 210
348 214 349 209
352 214 354 209
356 214 358 209
360 214 362 209
364 214 366 209
368 214 370 208
372 214 374 207
376 214 377 207
380 214 381 207
384 214 385 207
387 214 389 207
391 214 393 207
395 214 398 208
399 214 401 208
403 214 404 208
407 214 408 206
411 214 413 206
415 214 417 206
317 217 319 214
321 217 323 214
325 217 327 214
329 217 331 213
333 217 335 213
337 217 339 213
344 217 346 213
348 217 349 213
352 217 353 213
356 217 358 213
360 217 362 213
364 217 366 212
368 217 370 212
372 217 373 211
376 217 378 211
380 217 382 211
384 217 386 211
387 217 390 211
391 217 393 212
395 217 398 212
399 217 401 212
403 217 405 211
407 217 408 211
411 217 412 211
415 217 416 210
419 217 420 210
426 217 430 215
317 221 319 218
321 221 323 218
325 221 327 217
329 221 331 217
333 221 335 217
337 221 339 217
344 221 346 217
348 221 349 217
352 221 354 217
356 221 358 216
360 221 362 216
364 221 366 216
368 221 370 215
372 221 374 215
376 221 378 215
380 221 382 215
384 221 386 215
387 221 390 215
391 221 394 216
395 221 398 216
399 221 401 216
403 221 405 215
407 221 409 215
411 221 413 215
415 221 416 214
422 221 426 220
426 221 429 219
317 225 319 221
321 225 323 221
325 225 327 221
329 225 331 221
333 225 335 221
337 225 339 221
348 225 350 221
352 225 354 221
356 225 358 220
360 225 362 220
364 225 366 219
368 225 370 219
372 225 374 219
376 225 378 219
380 225 382 219
384 225 386 219
387 225 390 219
391 225 394 219
395 225 397 219
399 225 401 219
403 225 405 218
407 225 409 218
411 225 413 218
415 225 417 218
317 229 319 225
321 229 323 225
325 229 328 225
329 229 331 225
333 229 335 224
337 229 339 224
348 229 350 224
352 229 353 224
356 229 358 224
360 229 362 224
364 229 366 223
368 229 370 223
376 229 378 223
380 229 382 223
384 229 386 224
387 229 390 223
391 229 394 223
395 229 398 223
399 229 401 223
403 229 406 222
407 229 410 222
411 229 413 222
415 229 417 221
422 229 424 221
309 233 311 229
313 233 315 229
337 233 339 228
341 233 343 228
356 233 358 228
360 233 362 227
364 233 367 228
368 233 370 227
372 233 374 226
376 233 378 227
380 233 382 227
384 233 386 227
387 233 390 227
391 233 393 227
395 233 397 227
403 233 406 226
407 233 410 226
411 233 413 226
419 233 420 224
290 237 291 233
294 237 296 234
298 237 300 234
302 237 304 235
305 237 308 234
309 237 312 233
317 237 320 232
321 237 324 232
325 237 328 232
329 237 332 232
333 237 336 232
364 237 367 231
368 237 371 232
372 237 375 231
376 237 378 231
380 237 382 231
384 237 386 231
399 237 402 231
403 237 406 230
407 237 410 230
411 237 413 230
422 237 425 229
282 241 285 238
286 241 288 237
290 241 292 237
294 241 296 238
305 241 308 238
309 241 312 238
313 241 316 236
317 241 321 235
321 241 324 235
325 241 328 235
329 241 332 236
333 241 336 236
337 241 340 235
341 241 344 235
348 241 352 235
368 241 371 235
387 241 391 233
391 241 394 234
395 241 398 234
399 241 402 234
407 241 409 234
411 241 413 234
415 241 418 232
430 241 432 234
286 245 288 242
290 245 292 242
294 245 297 242
298 245 300 241
302 245 304 241
313 245 316 242
317 245 320 242
321 245 324 239
325 245 328 240
329 245 332 240
337 245 340 240
341 245 344 239
344 245 348 239
348 245 353 239
352 245 357 238
356 245 360 238
360 245 364 238
372 245 375 238
376 245 379 238
380 245 382 238
384 245 387 238
387 245 390 237
391 245 394 237
395 245 398 238
403 245 405 237
419 245 421 236
422 245 425 236
298 249 300 245
302 249 304 245
305 249 308 244
309 249 312 244
321 249 324 244
325 249 328 244
329 249 332 244
344 249 348 242
348 249 353 242
352 249 357 242
356 249 360 242
360 249 366 242
368 249 371 242
372 249 374 242
376 249 379 242
380 249 382 242
384 249 387 242
387 249 390 241
391 249 394 242
399 249 402 242
403 249 405 241
407 249 410 240
411 249 413 241
294 252 296 249
298 252 300 249
302 252 304 248
305 252 308 248
309 252 312 248
313 252 316 248
317 252 321 248
321 252 324 248
325 252 328 248
329 252 332 247
333 252 336 247
344 252 347 247
348 252 353 247
352 252 357 246
360 252 366 246
368 252 371 246
372 252 375 246
376 252 379 246
380 252 382 246
384 252 387 246
387 252 390 245
391 252 394 246
395 252 398 246
399 252 402 245
403 252 406 245
422 252 426 247
305 256 308 253
309 256 312 252
313 256 316 252
317 256 321 252
321 256 324 251
325 256 328 251
337 256 339 251
341 256 343 251
344 256 347 251
348 256 351 251
352 256 355 251
356 256 359 250
360 256 363 250
364 256 367 250
368 256 371 250
372 256 375 250
376 256 379 249
380 256 382 250
384 256 386 250
387 256 391 249
391 256 394 249
395 256 398 249
399 256 403 249
403 256 407 249
407 256 410 249
411 256 414 249
415 256 418 247
419 256 422 247
313 260 315 255
317 260 318 255
325 260 329 255
329 260 333 255
333 260 337 255
348 260 351 254
352 260 356 255
356 260 360 254
364 260 367 254
368 260 371 254
372 260 375 254
376 260 379 253
380 260 383 254
384 260 386 254
387 260 391 253
391 260 395 253
395 260 399 253
399 260 403 253
403 260 406 253
407 260 410 253
411 260 414 253
415 260 418 252
419 260 422 251
422 260 427 250
313 264 317 259
325 264 329 259
329 264 333 259
337 264 338 258
348 264 351 258
352 264 355 258
356 264 361 258
360 264 365 258
368 264 371 258
372 264 375 258
376 264 379 258
380 264 383 258
387 264 391 257
391 264 395 256
395 264 399 256
399 264 403 257
403 264 406 257
407 264 410 257
419 264 419 256
422 264 424 256
317 268 322 263
321 268 326 264
325 268 329 264
333 268 334 261
337 268 338 262
341 268 342 263
344 268 346 263
348 268 351 262
352 268 355 262
356 268 364 262
360 268 366 261
368 268 372 262
372 268 375 262
376 268 379 262
380 268 383 261
395 268 399 260
399 268 403 260
403 268 406 260
407 268 410 260
325 272 329 266
333 272 334 266
337 272 338 266
341 272 342 266
344 272 345 266
348 272 351 266
352 272 355 266
360 272 366 265
368 272 372 266
372 272 375 266
376 272 379 266
380 272 382 265
384 272 387 264
387 272 391 264
391 272 395 264
395 272 400 265
399 272 403 264
403 272 407 264
407 272 410 264
411 272 415 264
415 272 418 264
329 276 333 270
337 276 338 269
341 276 341 269
344 276 351 270
348 276 346 269
356 276 362 270
368 276 371 270
372 276 375 269
384 276 387 269
387 276 391 268
391 276 395 269
395 276 399 269
399 276 403 269
403 276 408 268
407 276 411 268
411 276 415 268
352 280 358 274
356 280 362 274
364 280 367 274
372 280 370 274
380 280 382 273
384 280 388 273
387 280 391 273
391 280 394 273
395 280 398 273
399 280 402 273
