458 113 443 108
464 113 448 107
447 119 431 118
452 119 437 115
458 119 443 115
464 119 450 112
441 125 427 124
447 125 432 123
452 125 438 122
458 125 443 121
464 125 450 119
470 125 457 118
429 137 422 133
435 137 421 138
417 143 409 140
412 148 405 148
417 148 412 147
429 148 424 149
406 154 399 154
412 154 404 153
417 154 411 152
394 160 388 162
400 160 395 161
406 160 401 161
412 160 406 160
417 160 411 159
394 166 389 169
400 166 395 168
406 166 402 171
412 166 407 167
417 166 414 165
423 166 420 164
429 166 426 163
371 172 369 177
377 172 374 177
382 172 381 176
394 172 390 175
400 172 397 177
412 172 406 176
417 172 415 170
423 172 421 168
429 172 427 169
441 172 439 168
447 172 446 165
452 172 451 164
458 172 458 162
365 177 365 184
371 177 371 184
377 177 375 183
406 177 404 179
417 177 416 175
423 177 423 175
429 177 429 174
435 177 434 173
441 177 439 172
452 177 450 170
458 177 458 169
359 183 362 190
365 183 367 189
371 183 373 188
377 183 379 189
382 183 384 189
394 183 392 189
400 183 398 188
406 183 403 186
412 183 414 181
423 183 424 180
429 183 430 179
435 183 436 179
441 183 440 178
447 183 446 178
452 183 452 177
458 183 460 175
487 183 485 170
493 183 489 169
499 183 494 169
505 183 500 168
348 189 349 199
353 189 356 197
359 189 362 195
365 189 367 196
371 189 373 195
377 189 380 195
388 189 386 195
394 189 393 193
400 189 399 193
406 189 405 191
412 189 411 189
417 189 418 187
435 189 436 184
441 189 442 184
452 189 453 182
505 189 501 174
336 195 339 206
342 195 345 206
353 195 357 203
359 195 362 203
365 195 368 203
371 195 374 202
377 195 380 200
388 195 388 201
394 195 394 199
400 195 401 199
406 195 406 197
412 195 414 194
417 195 419 193
423 195 425 189
447 195 448 189
452 195 453 188
476 195 475 184
481 195 479 183
493 195 494 177
499 195 499 177
330 201 334 212
336 201 340 212
342 201 347 211
348 201 353 210
353 201 358 209
359 201 363 210
365 201 368 209
371 201 374 207
377 201 381 206
388 201 388 207
394 201 395 205
400 201 402 203
406 201 408 201
412 201 414 201
417 201 420 199
423 201 425 198
429 201 431 198
435 201 435 192
441 201 441 192
481 201 480 189
487 201 485 189
499 201 500 183
324 207 325 223
330 207 334 220
336 207 341 217
342 207 347 217
348 207 352 217
353 207 357 216
359 207 363 215
365 207 370 214
371 207 375 214
377 207 381 213
388 207 389 213
394 207 395 212
400 207 402 209
406 207 408 208
412 207 415 206
417 207 421 205
423 207 427 204
429 207 432 203
441 207 444 202
447 207 449 196
452 207 456 202
464 207 464 196
470 207 470 195
476 207 476 194
487 207 492 189
313 212 315 230
318 212 320 231
324 212 327 229
330 212 334 226
336 212 342 224
348 212 353 222
353 212 359 221
359 212 364 221
371 212 371 223
382 212 386 219
388 212 391 218
394 212 397 216
400 212 404 215
406 212 410 213
412 212 416 212
417 212 422 211
423 212 428 210
429 212 433 210
441 212 443 208
447 212 450 205
452 212 456 206
458 212 461 204
476 212 480 199
481 212 487 196
307 218 311 236
313 218 317 236
318 218 323 235
324 218 330 233
330 218 336 231
342 218 348 227
353 218 360 227
359 218 367 226
365 218 371 228
400 218 405 220
406 218 411 219
412 218 416 219
417 218 423 218
423 218 428 217
429 218 433 217
441 218 441 215
447 218 448 214
458 218 463 211
470 218 475 206
476 218 482 203
301 224 305 244
307 224 311 243
313 224 317 242
318 224 323 240
324 224 331 238
336 224 342 234
342 224 349 233
348 224 355 232
371 224 379 227
377 224 384 227
382 224 390 227
388 224 396 226
400 224 406 226
406 224 411 227
412 224 417 227
417 224 424 225
429 224 428 227
435 224 434 224
441 224 440 223
447 224 446 222
464 224 469 214
470 224 476 212
313 230 318 247
318 230 323 246
330 230 338 241
336 230 343 240
348 230 356 238
353 230 362 237
359 230 367 236
365 230 373 235
371 230 379 233
377 230 386 233
382 230 391 233
388 230 397 232
400 230 406 233
406 230 411 233
412 230 417 233
423 230 423 234
429 230 430 231
435 230 435 229
447 230 453 222
452 230 460 221
458 230 464 221
284 236 288 259
289 236 294 259
301 236 313 250
324 236 332 249
330 236 338 248
336 236 344 246
342 236 351 245
348 236 357 245
353 236 363 243
359 236 368 243
365 236 373 241
371 236 380 240
377 236 386 239
382 236 392 239
400 236 407 240
406 236 412 240
417 236 420 239
423 236 425 239
429 236 433 237
435 236 438 235
452 236 460 228
272 242 281 263
284 242 289 266
289 242 294 265
307 242 320 255
313 242 325 254
324 242 333 254
330 242 339 254
342 242 351 252
348 242 358 251
353 242 364 249
359 242 369 248
365 242 374 248
371 242 381 246
377 242 388 244
382 242 393 244
388 242 400 243
400 242 406 249
412 242 413 252
417 242 421 246
423 242 427 244
429 242 433 243
435 242 440 242
441 242 445 241
260 247 271 270
266 247 277 269
272 247 282 268
284 247 290 271
307 247 322 260
313 247 326 261
324 247 334 259
330 247 340 259
336 247 346 261
342 247 350 261
353 247 366 255
359 247 371 254
365 247 376 253
371 247 381 252
377 247 389 251
382 247 394 250
388 247 401 250
406 247 409 259
412 247 414 259
417 247 421 251
441 247 449 241
254 253 267 276
260 253 273 276
266 253 278 275
272 253 283 275
289 253 297 272
295 253 303 272
301 253 316 268
307 253 322 267
313 253 326 268
324 253 335 266
330 253 342 265
342 253 348 269
348 253 357 267
359 253 372 260
365 253 378 259
371 253 383 258
382 253 394 257
406 253 410 265
423 253 433 251
429 253 439 250
249 259 260 282
254 259 267 281
260 259 273 281
266 259 280 280
272 259 286 280
278 259 290 279
284 259 296 278
289 259 302 277
295 259 308 276
301 259 315 275
307 259 321 275
313 259 327 275
324 259 337 273
330 259 342 272
336 259 347 275
342 259 352 273
353 259 365 268
359 259 373 265
365 259 378 264
371 259 384 264
377 259 389 263
382 259 396 263
423 259 434 257
254 265 267 288
260 265 274 287
266 265 280 285
272 265 286 285
278 265 291 285
284 265 297 284
289 265 303 282
295 265 309 281
301 265 315 281
307 265 321 282
313 265 328 281
324 265 338 279
330 265 343 277
348 265 361 275
359 265 371 271
365 265 378 270
371 265 384 268
377 265 389 268
382 265 397 274
394 265 405 273
400 265 410 272
260 271 275 293
266 271 282 293
272 271 288 292
278 271 293 291
284 271 297 289
289 271 304 288
295 271 311 287
301 271 317 287
313 271 325 288
318 271 332 287
324 271 338 285
330 271 344 284
336 271 348 283
342 271 355 282
348 271 361 280
353 271 366 279
359 271 372 277
365 271 379 276
377 271 390 274
406 271 417 273
412 271 423 272
260 276 275 300
266 276 283 299
272 276 289 298
278 276 295 298
284 276 299 296
289 276 306 294
301 276 319 293
313 276 326 294
318 276 332 292
324 276 338 291
330 276 345 289
336 276 349 288
342 276 356 286
348 276 363 285
353 276 367 285
359 276 373 283
365 276 379 282
371 276 385 281
377 276 391 280
382 276 399 280
388 276 405 278
394 276 411 277
266 282 284 306
272 282 291 305
278 282 296 303
284 282 301 301
289 282 306 300
295 282 315 298
301 282 320 299
313 282 327 299
318 282 334 298
324 282 340 296
348 282 363 291
353 282 368 291
359 282 374 290
365 282 380 289
371 282 386 287
377 282 393 286
382 282 400 285
388 282 405 284
394 282 411 282
266 288 284 312
272 288 291 311
278 288 297 310
284 288 302 307
289 288 308 306
295 288 315 305
301 288 320 304
313 288 328 305
318 288 334 303
353 288 366 299
359 288 373 297
365 288 380 296
377 288 395 292
382 288 401 291
272 294 293 318
278 294 298 316
284 294 303 313
289 294 309 312
295 294 315 311
301 294 321 311
359 294 372 303
365 294 379 303
272 300 292 323
278 300 298 322
284 300 304 320
289 300 310 318
295 300 316 317
301 300 322 317
353 300 372 310
359 300 378 310
365 300 383 308
278 306 299 328
284 306 305 326
289 306 311 325
295 306 318 324
301 306 322 323
336 306 357 321
353 306 374 316
278 311 300 334
284 311 305 333
289 311 312 331
295 311 318 330
301 311 324 329
318 311 337 329
336 311 358 325
342 311 362 324
284 317 307 339
289 317 312 338
295 317 319 336
301 317 325 335
318 317 339 334
324 317 345 334
330 317 352 332
336 317 358 332
295 323 319 342
324 323 345 339
330 323 352 338
295 329 315 344
307 329 329 343
313 329 335 343
318 329 341 345
307 335 334 350
