442 166 438 151
447 166 443 151
453 166 449 152
459 166 455 152
506 166 495 157
418 172 409 157
424 172 415 157
430 172 421 157
436 172 427 157
442 172 432 157
447 172 443 156
453 172 448 157
459 172 454 157
377 178 376 162
383 178 381 162
389 178 385 162
395 178 391 162
401 178 396 162
407 178 402 162
412 178 408 162
424 178 419 162
436 178 428 162
442 178 433 162
447 178 443 161
453 178 448 161
482 178 477 166
488 178 483 167
494 178 488 166
331 184 334 167
348 184 346 168
401 184 397 168
407 184 403 169
412 184 410 168
418 184 414 168
430 184 425 168
436 184 432 168
442 184 438 167
447 184 443 167
290 190 295 171
307 190 308 173
342 190 342 173
348 190 347 173
354 190 353 172
360 190 358 172
366 190 365 172
371 190 371 172
377 190 376 172
383 190 382 171
389 190 387 172
395 190 392 171
430 190 426 173
436 190 432 173
442 190 437 173
447 190 442 173
453 190 448 173
494 190 488 174
517 190 506 174
272 196 275 178
278 196 284 177
290 196 295 177
296 196 301 177
307 196 309 178
348 196 348 178
354 196 354 178
360 196 358 178
366 196 364 178
371 196 372 177
377 196 377 177
395 196 394 177
401 196 404 176
412 196 410 176
418 196 415 176
430 196 427 179
436 196 433 179
442 196 437 180
447 196 443 179
453 196 449 179
459 196 455 180
360 201 358 184
371 201 371 183
377 201 381 182
383 201 382 188
389 201 387 188
395 201 393 186
407 201 405 182
412 201 411 182
418 201 417 181
459 201 457 186
266 207 269 190
272 207 274 189
360 207 363 188
366 207 370 188
371 207 375 186
377 207 377 192
383 207 382 194
389 207 387 194
401 207 402 188
459 207 457 191
465 207 463 190
471 207 467 186
272 213 274 195
366 213 365 194
471 213 466 190
477 213 471 191
278 219 280 196
360 219 364 198
471 219 466 195
366 225 366 206
371 225 376 205
325 231 329 207
336 231 342 210
342 231 348 210
360 231 360 210
366 231 364 211
278 236 285 212
366 236 366 216
371 236 373 215
319 242 326 218
371 242 373 221
290 248 297 230
296 248 303 230
301 248 308 228
313 248 321 224
325 248 332 223
342 248 341 230
366 248 367 229
371 248 372 229
290 254 293 236
296 254 298 236
336 254 338 238
342 254 343 238
360 254 362 238
366 254 368 239
371 254 373 238
278 260 281 242
290 260 292 243
348 260 350 243
354 260 356 243
360 260 362 243
366 260 368 244
371 260 372 244
377 260 378 244
278 266 282 248
284 266 287 251
296 266 302 248
301 266 309 248
348 266 349 249
354 266 355 249
360 266 362 249
366 266 368 249
371 266 372 254
377 266 377 254
278 271 282 254
348 271 349 255
354 271 356 256
360 271 361 256
366 271 367 256
272 277 276 259
278 277 282 263
336 277 340 263
342 277 344 263
348 277 349 263
354 277 354 264
360 277 359 266
377 277 372 267
383 277 382 267
278 283 281 269
290 283 293 270
296 283 299 270
331 283 331 272
336 283 338 269
342 283 343 270
348 283 350 270
354 283 355 270
360 283 361 271
383 283 383 273
296 289 299 276
325 289 325 278
336 289 337 277
