458 95 436 73
464 95 444 72
469 95 449 71
458 100 437 79
464 100 445 76
469 100 450 76
475 100 456 75
453 106 433 85
469 106 452 82
481 106 464 80
486 106 471 79
436 111 414 98
469 111 453 87
475 111 459 87
481 111 466 86
486 111 480 91
414 123 390 119
419 123 397 117
402 128 384 124
430 128 405 120
497 128 491 102
391 139 381 133
408 139 394 129
425 145 408 133
430 145 414 132
442 145 421 132
503 145 493 108
425 151 410 140
436 151 417 138
442 151 422 137
503 151 493 113
430 156 412 146
503 156 494 120
347 162 346 161
386 162 374 162
503 167 497 133
324 173 322 182
347 173 337 185
363 173 356 179
520 173 517 136
525 173 528 148
296 178 292 194
302 178 299 194
324 178 324 186
352 178 344 189
369 178 360 186
285 184 280 204
308 184 306 198
358 184 353 193
291 190 294 206
296 190 300 205
319 190 315 204
386 190 387 188
397 190 393 187
458 190 453 172
464 190 460 171
291 195 298 213
296 195 304 212
453 195 448 180
458 195 453 178
464 195 461 176
280 201 285 218
296 201 307 218
302 201 312 216
308 201 317 216
347 201 351 215
397 201 394 193
430 201 428 190
453 201 449 185
458 201 455 184
469 201 467 177
525 201 525 162
296 206 308 224
302 206 314 222
330 206 346 217
397 206 395 199
408 206 410 201
430 206 430 196
469 206 468 181
514 206 513 171
525 206 526 168
308 212 318 224
419 212 424 200
442 212 439 203
469 212 470 189
475 212 476 187
486 212 488 184
492 212 493 183
520 212 520 177
525 212 527 176
291 218 301 233
302 218 314 230
308 218 319 229
319 218 336 233
330 218 324 214
336 218 348 232
341 218 355 228
402 218 407 210
408 218 412 210
419 218 425 206
453 218 452 200
469 218 471 196
486 218 490 189
497 218 503 186
520 218 521 184
525 218 528 180
442 223 447 208
447 223 453 207
469 223 472 202
296 229 318 250
302 229 324 249
308 229 325 243
313 229 331 241
341 229 357 234
397 229 390 234
414 229 423 218
447 229 449 219
464 229 459 211
313 234 333 248
319 234 339 247
330 234 350 242
352 234 364 241
369 234 367 247
458 234 457 219
464 234 462 217
469 234 468 216
319 240 340 252
324 240 344 249
341 240 357 242
369 240 379 244
380 240 385 242
436 240 445 229
458 240 458 225
469 240 469 225
308 245 327 256
313 245 332 255
319 245 340 258
336 245 352 249
341 245 358 247
414 245 421 240
419 245 427 240
308 251 328 263
313 251 334 261
330 251 349 256
336 251 354 256
341 251 360 254
375 251 382 256
380 251 388 255
408 251 415 247
308 257 329 268
313 257 336 268
319 257 342 266
330 257 351 264
336 257 355 261
402 257 411 256
414 257 422 249
319 262 342 271
330 262 352 269
408 262 417 257
447 262 461 244
319 268 344 277
324 268 350 275
336 268 360 272
419 268 432 260
430 268 443 257
341 273 366 275
347 273 371 274
324 279 352 284
330 279 358 282
341 279 368 281
341 284 368 286
341 290 371 294
347 296 378 299
341 301 374 306
347 301 379 306
347 307 380 311
