481 87 552 155
421 105 535 160
421 116 528 185
427 116 530 168
522 116 560 220
398 128 509 173
421 128 518 197
486 128 536 252
492 128 541 256
392 134 499 171
398 134 505 176
421 134 513 203
439 134 522 220
486 134 532 257
492 134 537 260
540 134 561 231
552 134 568 239
415 140 509 180
475 140 524 253
540 140 556 237
386 146 487 173
392 146 491 179
404 146 498 182
415 146 505 187
439 146 516 226
469 146 547 211
475 146 553 216
486 146 525 264
516 146 541 247
386 152 484 180
398 152 489 196
415 152 500 192
439 152 512 230
486 152 523 269
563 152 569 246
415 158 493 219
475 158 540 235
481 158 544 240
546 158 554 256
392 164 478 207
475 164 536 240
380 170 467 197
451 170 506 249
463 170 528 237
540 170 547 261
386 176 466 214
427 176 489 237
540 176 542 266
546 181 541 273
552 181 534 280
534 187 534 267
552 187 545 278
368 193 455 137
398 193 460 233
445 193 478 276
534 193 527 274
433 199 468 277
404 205 469 170
409 205 427 174
415 205 432 179
421 211 457 278
427 211 461 283
421 217 426 187
427 217 457 289
540 217 512 294
350 223 390 208
481 223 469 249
528 223 508 290
415 229 416 189
451 229 442 227
457 229 448 233
528 229 502 295
469 235 451 247
475 235 455 251
481 235 460 255
451 241 443 241
475 241 451 256
481 241 457 261
516 241 475 302
333 247 309 234
504 253 461 243
522 253 473 310
374 258 396 263
386 264 369 220
333 276 325 199
374 276 356 224
386 276 363 228
333 282 323 205
386 282 359 233
392 282 365 239
439 282 401 246
504 282 444 321
338 288 314 212
344 288 321 216
350 288 330 221
374 288 365 277
504 288 440 326
333 294 305 212
338 294 310 217
421 300 376 277
433 300 382 282
433 306 377 289
439 306 387 275
386 312 333 267
392 312 339 276
498 312 419 340
386 318 325 267
427 318 368 291
439 318 372 295
427 324 364 296
433 324 368 300
445 324 373 305
463 324 386 315
498 324 413 346
451 329 375 317
498 329 407 352
404 335 313 280
415 335 328 301
433 335 353 319
439 335 359 324
486 335 380 350
439 341 354 330
457 341 366 342
