479 171 441 147
485 171 446 147
491 171 451 146
504 171 458 146
479 178 442 152
485 178 447 151
491 178 452 151
504 178 459 153
510 178 321 175
534 178 487 152
540 178 491 153
454 184 419 158
479 184 443 161
510 184 464 156
534 184 488 157
540 184 492 158
547 184 499 156
393 190 319 168
516 190 359 184
540 190 493 163
393 196 305 181
510 196 465 170
516 196 470 171
276 202 286 183
393 202 305 187
399 202 315 187
454 202 349 185
270 208 281 189
276 208 288 188
283 208 293 187
454 208 348 191
479 208 465 177
270 214 282 195
276 214 292 194
473 214 459 183
479 214 465 183
540 214 477 187
270 221 283 200
276 221 293 199
412 221 394 261
473 221 459 189
479 221 464 188
522 221 450 194
369 227 382 198
424 227 339 203
461 227 360 206
522 227 449 199
283 233 300 211
369 233 380 204
375 233 385 204
381 233 390 204
344 239 345 213
362 239 360 251
369 239 366 250
375 239 385 210
381 239 390 210
276 245 278 228
344 245 345 222
362 245 369 221
369 245 364 256
375 245 372 255
381 245 377 254
344 251 346 228
350 251 351 228
356 251 355 258
369 251 363 261
375 251 371 262
326 257 319 236
338 257 324 235
344 257 346 234
350 257 352 233
356 257 358 234
375 257 371 267
454 257 445 205
276 264 269 251
319 264 314 242
326 264 320 242
332 264 324 242
344 264 346 241
350 264 352 240
356 264 358 239
362 264 364 238
418 264 397 231
276 270 268 258
283 270 286 255
289 270 292 255
319 270 315 248
405 270 379 238
418 270 398 236
283 276 287 260
289 276 292 261
295 276 297 261
405 276 380 250
283 282 287 266
289 282 293 266
301 282 304 266
307 282 319 230
313 282 316 265
405 282 376 260
283 288 276 272
295 288 300 273
301 288 304 272
313 288 315 271
326 288 336 268
405 288 376 265
295 294 300 278
307 294 305 277
313 294 310 277
326 294 338 274
