455 124 396 115
425 129 373 118
435 129 379 118
440 129 384 118
490 129 446 125
495 129 452 126
500 129 457 127
420 134 368 121
480 134 431 125
485 134 437 125
470 139 424 128
475 139 428 128
420 144 367 130
435 144 378 131
440 144 383 132
455 144 395 133
394 169 361 167
430 169 391 166
435 169 398 166
480 169 441 176
440 174 403 171
389 185 356 179
470 190 430 181
425 195 406 189
460 195 417 186
465 195 422 186
470 195 428 187
384 200 352 201
389 200 358 199
420 200 395 195
465 200 422 192
420 205 395 200
425 205 400 200
470 205 428 197
475 205 439 217
425 210 398 205
430 210 405 206
465 210 421 202
470 210 427 203
389 215 346 213
394 215 358 214
409 215 375 209
414 215 382 210
425 215 398 211
389 220 345 219
404 220 369 214
414 220 379 215
420 220 386 217
435 220 410 217
414 225 378 221
394 230 362 232
404 230 374 232
389 235 360 238
394 235 365 238
404 235 374 238
389 240 360 244
394 240 366 244
425 240 390 239
394 245 366 250
480 245 439 245
450 255 422 255
455 255 427 254
420 270 385 280
420 280 379 280
425 295 389 303
399 300 355 304
394 306 348 309
399 306 355 309
404 306 360 310
394 311 348 314
399 311 354 315
404 311 361 315
409 311 370 319
414 311 376 320
404 316 364 324
515 336 466 346
525 336 468 351
520 341 464 355
525 341 467 356
