516 178 392 91
355 214 393 234
290 226 350 345
296 226 353 338
439 226 443 146
290 232 358 346
296 232 359 340
266 237 347 357
474 237 427 158
355 243 348 274
290 249 371 349
302 249 373 341
361 249 355 274
367 249 356 269
373 249 403 279
379 249 359 260
331 255 390 326
337 255 395 313
349 255 397 305
373 255 408 279
439 255 419 132
355 261 403 306
361 261 406 295
367 261 409 287
272 267 393 376
296 267 398 356
355 267 409 307
361 267 411 301
445 267 423 261
266 273 399 380
278 273 362 353
278 279 368 356
343 279 362 304
284 285 409 366
320 285 419 331
325 285 421 326
331 285 423 320
349 285 425 305
290 291 417 360
296 291 418 353
320 291 424 335
325 291 426 328
337 291 429 321
343 291 432 314
349 291 430 308
361 291 443 288
367 291 444 282
373 291 447 275
397 291 468 189
284 297 424 364
325 297 430 335
331 297 433 329
337 297 437 322
343 297 439 316
361 297 448 290
367 297 451 277
