361 166 324 122
414 166 350 118
420 166 354 117
426 166 358 117
432 166 362 116
414 172 353 121
426 172 360 121
432 172 363 120
303 177 289 141
314 177 293 140
320 177 297 139
397 177 326 128
467 177 370 119
309 183 293 143
326 183 301 142
332 183 306 141
403 183 331 130
409 183 334 129
414 183 338 128
479 183 402 122
485 183 406 122
303 189 293 147
326 189 303 147
373 189 317 137
385 189 322 136
403 189 331 134
409 189 334 133
414 189 338 132
479 189 402 126
497 189 410 124
350 195 310 145
403 195 331 138
409 195 335 137
438 195 351 131
473 195 377 127
479 195 381 126
485 195 385 126
514 195 424 124
385 201 336 141
473 201 377 131
479 201 380 130
485 201 385 130
491 201 389 129
514 201 423 127
456 207 369 140
473 207 378 135
479 207 381 135
485 207 385 133
491 207 389 133
356 213 313 154
379 213 321 152
409 213 340 149
420 213 349 147
438 213 354 143
473 213 379 140
479 213 382 139
485 213 386 137
503 213 415 154
356 219 312 158
367 219 316 158
379 219 322 156
385 219 326 155
391 219 329 155
414 219 346 152
426 219 355 151
438 219 355 147
461 219 371 145
467 219 376 144
473 219 379 144
479 219 383 143
485 219 388 142
491 219 396 141
514 219 430 140
361 224 313 161
367 224 317 160
379 224 323 159
385 224 326 159
391 224 329 158
426 224 355 155
432 224 360 155
456 224 366 149
461 224 372 149
467 224 376 148
473 224 380 147
479 224 384 146
485 224 389 146
491 224 396 144
497 224 411 161
508 224 423 145
361 230 314 166
367 230 317 165
379 230 323 164
385 230 327 163
409 230 339 159
414 230 342 158
432 230 360 159
467 230 377 152
473 230 381 151
479 230 385 150
485 230 392 149
491 230 397 149
497 230 401 148
508 230 428 149
361 236 315 169
367 236 319 169
379 236 324 167
385 236 327 167
397 236 332 164
403 236 336 164
409 236 340 163
414 236 343 163
420 236 347 162
426 236 351 161
450 236 365 158
467 236 378 156
473 236 382 155
479 236 387 154
485 236 392 154
491 236 397 153
497 236 406 153
350 242 310 176
367 242 320 173
391 242 330 168
403 242 337 167
409 242 340 167
414 242 343 167
420 242 347 166
432 242 354 164
444 242 362 163
450 242 366 162
456 242 373 162
467 242 378 159
473 242 383 159
491 242 398 157
350 248 311 179
361 248 316 178
367 248 321 177
379 248 323 174
385 248 327 173
391 248 331 173
403 248 337 171
409 248 340 170
414 248 344 170
420 248 347 169
432 248 354 168
438 248 358 167
444 248 362 167
450 248 366 166
456 248 371 165
467 248 379 164
473 248 385 163
485 248 394 162
491 248 400 161
350 254 312 183
361 254 317 182
379 254 324 178
385 254 328 177
391 254 331 176
403 254 336 175
409 254 340 175
414 254 344 174
420 254 348 173
426 254 352 172
444 254 363 171
450 254 370 171
456 254 375 170
461 254 377 169
467 254 381 168
473 254 386 167
479 254 391 167
491 254 401 165
497 254 408 165
503 254 426 189
350 260 312 187
373 260 322 183
379 260 326 182
385 260 329 181
391 260 332 180
409 260 341 178
414 260 345 178
420 260 349 177
426 260 353 176
432 260 357 176
444 260 366 174
450 260 370 174
456 260 375 174
461 260 379 173
473 260 387 172
485 260 401 179
350 266 313 197
367 266 320 187
379 266 326 186
385 266 330 185
391 266 333 184
397 266 336 184
432 266 358 180
461 266 379 178
467 266 384 177
350 271 314 200
373 271 323 195
379 271 326 190
385 271 329 189
391 271 333 188
397 271 337 188
426 271 354 184
432 271 359 184
450 271 368 180
456 271 372 179
461 271 376 179
344 277 313 211
379 277 326 194
391 277 334 193
432 277 360 188
450 277 369 185
456 277 372 184
461 277 380 183
467 277 384 183
367 283 329 212
403 283 340 195
409 283 344 195
444 283 365 189
450 283 370 188
456 283 374 188
461 283 381 187
467 283 385 186
356 289 320 213
367 289 330 215
385 289 350 212
414 289 347 196
444 289 366 193
450 289 371 192
456 289 376 191
461 289 381 191
467 289 386 190
473 289 397 201
479 289 400 200
361 295 335 215
409 295 344 201
414 295 348 200
444 295 367 197
450 295 373 196
456 295 377 196
461 295 382 195
467 295 387 194
473 295 392 194
285 301 289 221
291 301 292 220
409 301 342 205
414 301 346 204
456 301 378 200
461 301 383 200
467 301 388 199
473 301 392 198
479 301 397 197
279 307 285 226
285 307 288 225
291 307 292 224
320 307 302 229
461 307 384 203
467 307 388 203
473 307 393 202
285 313 289 230
291 313 292 229
303 313 298 228
414 313 350 207
426 313 355 207
461 313 384 207
467 313 388 207
473 313 393 207
479 313 398 206
285 319 290 234
291 319 294 233
303 319 299 233
461 319 384 211
467 319 389 211
473 319 394 211
479 319 399 211
303 324 299 238
344 324 311 227
350 324 314 227
426 324 360 212
461 324 384 214
473 324 394 215
479 324 400 214
485 324 407 212
303 330 300 242
338 330 307 232
344 330 311 230
350 330 315 230
356 330 319 230
432 330 364 215
467 330 390 219
485 330 407 216
303 336 300 246
338 336 307 236
344 336 311 235
350 336 315 234
356 336 320 234
361 336 324 234
426 336 357 224
432 336 361 223
444 336 416 245
485 336 408 221
326 342 303 241
338 342 307 241
350 342 316 238
356 342 320 237
391 342 348 225
426 342 358 229
432 342 361 228
467 342 391 224
473 342 396 226
485 342 409 226
326 348 304 245
344 348 312 244
391 348 350 229
461 348 385 230
467 348 391 228
479 348 401 230
485 348 406 230
491 348 418 227
326 354 305 249
338 354 310 249
391 354 346 237
414 354 351 238
420 354 355 238
426 354 359 237
444 354 372 236
461 354 386 234
467 354 391 232
473 354 396 232
485 354 407 234
491 354 419 232
338 360 310 252
361 360 318 247
420 360 355 240
444 360 373 240
450 360 376 239
456 360 381 238
461 360 386 238
467 360 392 237
473 360 397 236
479 360 402 238
485 360 409 238
367 366 322 251
373 366 327 250
409 366 352 245
450 366 377 242
456 366 381 243
461 366 386 243
467 366 393 241
473 366 397 241
479 366 402 242
485 366 410 242
350 371 315 257
356 371 319 256
361 371 322 256
373 371 328 254
379 371 332 253
385 371 335 253
403 371 345 250
426 371 360 249
456 371 382 246
461 371 387 246
473 371 398 245
479 371 404 246
485 371 411 246
344 377 316 261
361 377 322 260
373 377 329 258
379 377 332 257
414 377 353 254
420 377 357 254
426 377 361 253
450 377 379 251
456 377 383 250
461 377 388 250
473 377 399 249
479 377 405 250
350 383 320 265
373 383 329 262
379 383 333 261
385 383 336 261
391 383 339 258
403 383 348 259
420 383 358 258
426 383 362 257
432 383 366 256
438 383 371 256
444 383 375 256
450 383 379 255
456 383 387 254
461 383 392 254
467 383 396 254
473 383 401 256
479 383 406 256
361 389 325 268
379 389 333 265
385 389 337 265
403 389 349 263
426 389 363 261
456 389 388 258
461 389 392 257
467 389 396 258
391 395 338 269
426 395 367 266
432 395 372 265
397 401 342 272
409 401 359 272
426 401 377 270
