370 147 500 224
405 176 499 250
358 182 463 236
364 182 469 240
399 182 495 246
393 188 485 249
399 188 492 253
405 188 496 256
411 194 498 265
346 200 456 248
358 200 465 253
364 200 471 257
370 200 476 261
399 200 486 260
405 200 491 265
376 206 478 270
405 206 488 270
411 206 493 274
364 212 466 264
370 212 471 268
346 218 450 260
364 218 463 269
370 218 467 273
411 218 491 291
411 224 488 296
346 230 445 266
358 230 453 272
364 230 458 275
382 230 470 284
388 230 474 287
364 236 455 280
370 236 460 285
388 236 472 293
435 236 494 309
346 242 440 275
358 242 447 279
328 248 416 265
334 248 422 270
346 248 436 278
352 248 442 281
364 248 453 291
376 248 460 295
411 248 478 307
423 248 485 310
358 254 444 291
340 260 426 279
370 260 453 307
352 266 433 293
358 271 436 305
453 271 486 323
346 277 424 298
358 277 428 308
358 283 424 313
334 289 411 279
411 295 451 349
316 307 389 283
328 307 398 296
322 319 388 300
405 319 441 354
322 331 385 315
334 331 393 320
334 337 389 325
340 337 394 330
346 349 396 351
352 349 404 355
376 349 426 361
340 355 388 352
346 355 393 355
364 355 415 364
340 361 384 357
358 361 406 366
364 361 412 370
376 361 418 373
364 366 408 374
