420 157 394 164
414 163 381 175
420 163 394 170
437 163 411 174
426 174 394 183
431 174 399 190
437 174 405 190
443 174 410 190
420 180 386 188
471 180 446 196
420 186 384 194
431 186 395 197
460 186 427 201
465 186 434 201
471 186 441 201
460 191 425 206
465 191 433 206
471 191 441 207
403 197 353 210
409 197 358 211
414 197 364 212
431 197 387 213
403 203 351 216
409 203 356 216
414 203 363 217
420 203 369 217
426 203 380 217
454 203 416 217
409 208 356 222
414 208 362 223
420 208 375 225
426 208 380 225
431 208 385 225
465 208 430 221
488 208 455 227
409 214 355 229
414 214 362 231
420 214 373 230
426 214 378 230
443 214 397 230
420 220 367 237
426 220 372 237
431 220 379 237
448 220 403 236
460 220 417 236
420 225 366 242
426 225 371 243
431 225 376 244
437 225 383 244
443 225 390 245
448 225 402 242
454 225 409 241
369 231 317 231
420 231 364 247
426 231 371 248
431 231 376 249
437 231 382 250
448 231 396 251
369 237 317 236
437 237 382 256
443 237 389 257
380 242 335 251
426 242 365 256
443 242 387 263
454 254 394 271
460 259 397 277
465 265 404 284
471 265 410 284
465 271 401 291
471 271 407 290
323 276 254 279
329 276 261 284
426 276 373 288
323 282 255 285
426 282 372 292
431 282 377 294
323 288 255 290
318 293 253 296
323 293 259 297
318 299 252 301
323 299 257 303
329 299 262 304
340 299 271 304
323 305 257 309
340 305 270 309
369 322 294 326
375 322 300 327
363 328 287 326
369 328 293 331
375 328 300 333
357 339 285 338
375 339 303 346
375 350 301 353
426 350 337 363
380 356 306 359
397 356 315 354
403 356 326 361
414 356 332 362
380 362 306 364
403 362 325 366
409 362 330 367
397 367 318 369
397 373 319 374
