537 141 480 134
543 141 488 134
506 147 452 141
518 147 461 141
524 147 467 141
530 147 473 141
537 147 481 140
543 147 488 140
481 154 427 148
487 154 433 147
493 154 440 147
500 154 446 147
518 154 461 146
524 154 467 146
530 154 474 145
537 154 481 146
543 154 488 146
469 160 408 156
475 160 415 154
481 160 420 154
493 160 440 153
518 160 460 152
450 166 333 177
456 166 342 177
463 166 403 163
475 166 414 159
481 166 420 158
487 166 426 158
506 166 440 158
512 166 447 159
530 166 474 159
456 172 396 169
463 172 403 170
469 172 409 170
475 172 413 165
481 172 421 164
487 172 428 163
512 172 454 164
524 172 473 164
530 172 478 165
537 172 484 166
543 172 491 166
450 178 390 176
456 178 396 176
463 178 403 177
469 178 409 177
512 178 452 171
518 178 460 171
537 178 478 172
543 178 487 172
555 178 499 172
389 184 319 181
426 184 362 184
450 184 395 182
456 184 400 182
481 184 415 171
487 184 427 177
493 184 434 177
500 184 440 177
512 184 451 179
518 184 458 179
524 184 466 184
530 184 473 179
537 184 480 179
543 184 486 179
549 184 493 178
555 184 499 178
364 191 293 186
426 191 357 190
432 191 371 190
481 191 415 191
493 191 434 188
512 191 448 190
518 191 458 189
524 191 466 190
537 191 479 185
543 191 485 184
549 191 492 184
555 191 499 185
358 197 286 192
407 197 338 200
426 197 364 198
481 197 420 198
487 197 426 198
512 197 448 197
518 197 454 197
530 197 471 197
549 197 492 190
555 197 497 192
352 203 279 200
358 203 285 199
364 203 292 199
376 203 306 196
383 203 312 200
389 203 318 200
401 203 330 201
407 203 337 207
426 203 371 202
432 203 357 209
463 203 400 207
469 203 408 207
481 203 416 208
487 203 425 205
493 203 432 204
500 203 439 203
555 203 498 199
315 209 249 201
352 209 279 207
358 209 286 207
364 209 292 208
370 209 299 208
383 209 312 207
389 209 317 209
395 209 325 210
401 209 330 212
407 209 338 213
413 209 348 214
463 209 397 214
469 209 407 215
487 209 423 210
493 209 431 209
500 209 440 210
549 209 484 218
561 209 497 216
302 215 229 209
309 215 241 206
315 215 247 206
321 215 254 206
346 215 273 212
364 215 292 214
370 215 298 214
383 215 313 216
389 215 319 216
413 215 346 220
420 215 351 221
463 215 397 221
469 215 407 223
487 215 422 217
500 215 441 215
506 215 446 217
524 215 459 223
537 215 471 228
543 215 479 228
549 215 485 223
555 215 490 224
561 215 496 223
574 215 510 218
302 221 229 216
309 221 235 215
315 221 241 214
321 221 248 214
358 221 287 219
364 221 294 221
370 221 300 221
383 221 313 222
389 221 319 223
401 221 336 223
413 221 345 227
420 221 352 227
438 221 363 228
463 221 396 228
469 221 407 228
481 221 415 229
487 221 421 224
500 221 440 223
506 221 440 229
512 221 446 229
518 221 452 228
549 221 486 230
555 221 490 229
296 228 222 222
302 228 229 222
309 228 235 221
315 228 242 220
370 228 300 228
376 228 310 229
389 228 319 229
395 228 325 232
401 228 330 232
407 228 342 233
413 228 348 234
438 228 369 234
493 228 427 228
512 228 446 236
518 228 452 236
302 234 228 228
309 234 235 227
315 234 241 227
358 234 293 235
383 234 312 236
389 234 319 235
401 234 330 240
407 234 343 238
493 234 426 235
506 234 439 244
518 234 446 242
302 240 228 234
315 240 241 234
327 240 258 233
358 240 292 239
364 240 298 240
376 240 306 242
383 240 312 241
389 240 319 241
401 240 330 248
487 240 420 248
493 240 426 247
500 240 434 242
302 246 230 245
309 246 235 245
315 246 240 244
321 246 252 243
327 246 258 245
333 246 268 245
339 246 275 244
346 246 280 245
389 246 319 246
395 246 325 253
401 246 336 254
302 252 230 251
309 252 235 253
315 252 241 253
321 252 251 252
327 252 259 252
333 252 265 253
339 252 273 252
346 252 278 253
352 252 284 253
370 252 298 253
376 252 305 253
383 252 312 253
420 252 342 253
426 252 349 253
315 258 242 260
321 258 248 260
327 258 255 259
333 258 264 258
339 258 272 259
376 258 303 260
383 258 311 260
395 258 323 260
420 258 342 259
321 265 251 265
370 265 305 266
383 265 310 267
389 265 317 271
395 265 323 268
401 265 329 265
420 265 350 266
426 265 356 266
321 271 251 272
327 271 258 272
358 271 291 272
364 271 280 229
383 271 311 279
395 271 324 274
401 271 328 272
407 271 335 272
420 271 350 271
426 271 356 271
315 277 243 279
321 277 250 279
327 277 257 278
339 277 271 278
346 277 277 278
352 277 283 279
370 277 299 284
376 277 302 285
389 277 318 281
395 277 325 280
401 277 329 277
407 277 335 278
315 283 242 284
321 283 250 285
327 283 258 284
333 283 264 285
339 283 271 285
346 283 278 285
352 283 285 285
389 283 318 286
395 283 324 285
401 283 330 283
321 289 253 291
327 289 260 290
333 289 266 291
346 289 285 291
358 289 363 261
315 295 245 297
321 295 252 298
333 308 259 302
