536 137 481 126
517 143 396 154
523 143 466 132
529 143 474 132
536 143 480 133
542 143 488 134
499 150 380 160
511 150 453 140
517 150 460 140
523 150 466 140
529 150 473 139
536 150 480 140
542 150 487 141
486 156 441 141
511 156 391 168
529 156 472 146
462 162 408 150
468 162 421 147
474 162 427 147
480 162 433 147
486 162 440 147
492 162 448 147
505 162 454 153
462 168 411 156
468 168 422 155
474 168 428 155
480 168 433 154
486 168 441 154
505 168 453 159
468 174 422 161
480 174 434 162
425 180 371 168
462 180 415 168
468 180 422 167
474 180 428 168
480 180 435 166
492 180 448 166
449 187 404 173
455 187 410 174
462 187 417 174
468 187 422 174
474 187 428 177
480 187 434 174
511 187 462 179
388 193 340 172
400 193 358 173
412 193 372 175
419 193 384 175
425 193 379 179
443 193 403 178
455 193 410 180
462 193 418 181
468 193 424 182
474 193 428 183
492 193 443 183
499 193 453 183
511 193 462 184
517 193 467 184
375 199 326 186
382 199 332 186
394 199 346 185
400 199 352 185
406 199 358 186
412 199 365 186
419 199 377 186
425 199 392 182
437 199 397 186
443 199 403 186
455 199 411 187
462 199 418 187
474 199 428 189
480 199 434 189
523 199 474 191
548 199 494 190
554 199 500 190
560 199 506 189
566 199 512 191
332 205 257 200
345 205 302 188
363 205 308 193
369 205 315 193
375 205 326 192
388 205 335 193
394 205 345 193
400 205 354 193
406 205 359 194
412 205 365 193
419 205 377 194
425 205 384 194
431 205 397 191
443 205 404 194
455 205 412 197
462 205 417 196
468 205 423 196
474 205 431 196
480 205 434 196
486 205 440 197
499 205 450 197
505 205 457 198
529 205 480 198
542 205 489 197
548 205 494 198
554 205 500 196
560 205 507 196
566 205 513 197
345 211 302 193
357 211 297 201
363 211 308 200
369 211 314 199
375 211 323 199
382 211 332 200
388 211 339 200
394 211 347 200
400 211 354 201
406 211 358 201
412 211 373 201
419 211 378 201
455 211 411 203
462 211 416 203
468 211 424 203
474 211 430 203
480 211 436 204
486 211 441 203
505 211 456 203
523 211 474 205
548 211 494 203
554 211 500 203
560 211 507 203
566 211 514 202
573 211 519 202
301 217 237 208
363 217 303 207
369 217 314 206
382 217 331 206
388 217 341 206
394 217 347 206
400 217 359 207
412 217 372 211
449 217 403 212
455 217 409 210
462 217 416 210
468 217 422 210
474 217 430 211
480 217 435 210
486 217 442 211
492 217 447 210
505 217 455 209
511 217 461 210
517 217 467 210
548 217 494 209
566 217 505 212
573 217 511 211
295 224 231 214
301 224 239 215
314 224 252 215
369 224 316 213
382 224 331 214
388 224 340 213
394 224 346 213
406 224 360 213
455 224 409 218
462 224 415 217
468 224 423 217
474 224 429 216
480 224 436 216
486 224 442 217
505 224 456 215
511 224 462 216
517 224 468 216
560 224 508 216
566 224 513 216
573 224 519 215
295 230 233 220
301 230 239 222
308 230 246 221
314 230 252 221
357 230 307 219
375 230 322 221
382 230 332 221
388 230 340 221
394 230 346 220
400 230 352 219
406 230 360 219
431 230 391 217
443 230 397 218
486 230 443 223
492 230 447 223
499 230 454 222
529 230 292 289
560 230 506 221
295 236 233 227
301 236 240 227
308 236 247 227
314 236 253 226
332 236 270 226
338 236 281 226
345 236 289 226
375 236 322 227
382 236 332 227
388 236 340 230
394 236 346 226
400 236 352 225
406 236 358 226
412 236 372 226
486 236 442 228
492 236 449 228
301 242 240 232
308 242 246 232
314 242 253 233
320 242 257 233
369 242 315 238
382 242 333 233
462 242 417 224
480 242 437 231
320 248 259 239
388 248 338 239
394 248 345 244
437 248 384 236
443 248 398 232
449 248 403 236
462 248 423 233
480 248 435 236
301 254 238 241
308 254 251 254
320 254 258 247
375 254 320 243
382 254 327 244
394 254 346 252
425 254 379 238
449 254 398 244
455 254 423 238
308 261 249 259
314 261 257 259
375 261 320 250
382 261 327 249
388 261 334 251
394 261 347 258
406 261 360 249
412 261 367 250
425 261 379 252
431 261 384 251
455 261 424 243
314 267 256 266
375 267 321 257
382 267 328 256
388 267 336 258
394 267 346 264
406 267 359 257
412 267 366 255
425 267 378 255
431 267 384 256
455 267 424 250
369 273 310 272
375 273 320 271
382 273 328 271
388 273 336 271
394 273 343 270
400 273 353 268
406 273 360 269
419 273 372 262
425 273 378 262
431 273 385 262
437 273 393 261
345 279 290 278
369 279 311 278
394 279 348 275
400 279 353 274
412 279 366 270
419 279 372 269
425 279 379 269
320 285 263 284
326 285 251 238
394 285 342 283
314 291 256 289
320 291 264 292
326 291 271 291
332 291 277 290
314 297 257 296
320 297 264 298
326 297 271 297
320 304 261 302
326 310 265 307
