537 141 489 157
543 141 495 158
530 147 482 163
537 147 488 163
543 147 495 164
481 154 435 162
500 154 449 165
524 154 475 168
530 154 481 169
537 154 487 169
500 160 441 172
512 160 453 176
524 160 474 173
463 166 406 174
530 166 479 180
543 166 491 183
549 166 497 183
450 172 388 178
450 178 387 185
456 178 396 190
463 178 403 188
469 178 411 188
530 178 477 194
389 184 319 179
426 184 366 188
432 184 372 189
456 184 383 196
493 184 443 196
530 184 476 200
543 184 489 202
426 191 363 194
432 191 371 195
438 191 377 197
456 191 381 202
555 191 500 211
358 197 291 185
426 197 362 201
432 197 370 203
463 197 389 210
475 197 407 213
481 197 414 214
358 203 290 191
401 203 329 208
426 203 360 210
432 203 369 209
438 203 376 210
456 203 386 215
481 203 414 221
321 209 265 186
389 209 315 205
395 209 324 207
401 209 330 212
407 209 335 214
413 209 345 214
420 209 352 215
438 209 374 216
463 209 392 223
475 209 410 228
309 215 238 191
315 215 245 192
389 215 317 213
407 215 334 219
413 215 342 221
420 215 348 222
432 215 361 220
438 215 371 219
450 215 378 223
456 215 385 224
302 221 230 199
309 221 236 197
315 221 243 198
321 221 250 199
376 221 301 217
383 221 309 218
389 221 315 219
395 221 325 221
413 221 340 228
420 221 347 230
463 221 389 237
296 228 224 202
315 228 243 205
389 228 317 227
395 228 324 228
401 228 334 228
407 228 338 234
413 228 343 236
426 228 351 237
438 228 356 238
315 234 242 212
395 234 324 234
407 234 337 240
413 234 343 242
309 240 233 218
376 240 299 235
395 240 317 237
407 240 336 246
413 240 342 247
487 240 411 260
493 240 418 262
309 246 231 225
309 252 231 235
315 252 237 235
370 252 288 246
376 252 295 247
420 252 348 255
309 258 231 243
315 258 236 244
321 258 243 241
358 258 284 248
364 258 274 252
370 258 282 253
309 265 229 250
321 265 243 247
327 265 249 247
339 265 263 249
346 265 269 251
352 265 275 256
358 265 280 258
364 265 287 259
389 265 305 265
438 265 363 266
444 265 370 268
315 271 234 251
321 271 242 253
327 271 248 253
333 271 256 253
346 271 267 256
352 271 273 262
389 271 305 271
315 277 233 258
321 277 241 260
327 277 247 259
333 277 254 260
339 277 260 260
352 277 272 268
370 277 284 274
321 283 238 270
327 283 246 265
346 283 266 270
358 283 278 275
327 289 244 272
333 289 252 274
