398 183 293 148
419 183 314 136
398 188 294 151
403 188 303 154
414 188 311 143
424 194 317 141
341 199 260 183
414 199 308 156
393 204 300 160
429 204 325 136
403 214 308 163
487 214 362 128
330 220 260 171
403 220 309 167
320 230 259 200
440 230 321 151
455 230 330 145
466 230 333 139
502 230 342 132
434 235 320 156
440 235 323 154
466 235 335 142
471 235 338 140
450 241 329 152
455 241 333 149
466 241 337 146
502 241 376 132
434 246 323 161
440 246 326 160
450 246 332 156
455 246 334 153
471 246 342 146
497 246 358 134
424 251 322 173
434 251 325 165
440 251 328 163
450 251 333 159
471 251 343 149
434 256 327 170
455 256 337 159
492 256 358 143
497 256 361 141
429 261 326 175
434 261 329 173
445 261 334 165
455 261 339 162
492 261 360 147
497 261 363 144
513 261 373 139
549 261 426 134
424 267 326 181
440 267 333 172
450 267 338 168
455 267 341 167
471 267 361 158
476 267 352 156
487 267 357 152
492 267 362 150
497 267 366 148
549 267 429 138
434 272 332 178
440 272 335 176
450 272 340 172
466 272 347 165
471 272 350 162
502 272 373 150
508 272 378 148
513 272 380 146
549 272 433 146
330 277 282 232
398 277 319 207
408 277 322 194
434 277 334 182
455 277 345 172
466 277 350 168
471 277 353 166
476 277 357 164
492 277 371 157
508 277 381 151
513 277 384 150
320 282 279 239
335 282 297 241
393 282 317 214
403 282 321 201
419 282 328 192
434 282 336 186
450 282 344 178
455 282 347 176
461 282 350 173
471 282 357 170
476 282 360 168
481 282 363 166
487 282 368 163
492 282 372 161
497 282 377 159
508 282 383 156
513 282 386 154
523 282 405 155
539 282 428 161
320 288 281 243
341 288 302 240
393 288 320 218
403 288 323 205
414 288 326 198
419 288 329 196
445 288 342 184
450 288 346 182
455 288 349 179
461 288 352 177
466 288 357 175
481 288 366 170
487 288 371 167
492 288 375 165
497 288 379 164
325 293 287 246
335 293 301 246
341 293 305 244
367 293 410 220
414 293 329 202
424 293 333 194
445 293 346 187
455 293 352 184
461 293 356 181
466 293 361 179
492 293 378 169
497 293 382 167
502 293 387 165
513 293 392 163
335 298 302 250
408 298 327 209
414 298 330 206
419 298 332 201
424 298 335 198
434 298 341 195
445 298 348 191
450 298 353 188
476 298 367 178
481 298 370 176
487 298 374 174
497 298 384 171
502 298 388 169
518 298 405 168
330 303 298 253
382 303 320 228
419 303 334 206
445 303 350 195
461 303 359 188
466 303 363 186
476 303 369 182
481 303 373 180
487 303 377 178
492 303 382 176
518 303 407 171
335 308 304 255
414 308 332 212
434 308 348 199
450 308 356 195
461 308 361 192
466 308 365 189
476 308 371 186
481 308 380 185
487 308 379 181
492 308 384 180
497 308 388 178
502 308 392 175
335 314 306 259
408 314 329 217
419 314 341 207
429 314 347 204
434 314 349 203
445 314 353 201
450 314 358 199
476 314 372 190
481 314 384 190
502 314 403 186
508 314 412 193
346 319 310 256
419 319 343 211
429 319 349 207
450 319 360 202
466 319 370 198
471 319 374 196
476 319 378 193
502 319 410 199
508 319 414 197
341 324 310 263
346 324 313 260
382 324 366 244
461 324 368 203
466 324 372 201
471 324 375 200
476 324 380 197
502 324 413 203
346 329 315 265
393 329 380 238
466 329 374 205
471 329 378 203
481 329 391 204
497 329 411 209
346 334 318 269
372 334 318 247
377 334 321 244
471 334 381 208
481 334 394 208
398 340 334 239
408 340 340 236
445 340 365 221
471 340 387 210
481 340 418 185
487 340 423 182
372 345 320 253
382 345 325 250
388 345 328 248
393 345 332 245
403 345 339 243
408 345 342 240
455 345 377 221
466 345 385 217
471 345 389 214
372 350 322 257
382 350 327 253
388 350 330 252
393 350 335 250
398 350 340 247
434 350 367 233
481 350 422 186
361 355 325 272
367 355 330 270
372 355 334 268
393 355 336 253
414 355 344 244
419 355 348 242
487 355 431 238
377 361 324 261
382 361 330 260
388 361 334 257
419 361 350 246
466 361 393 230
471 361 398 227
377 366 327 266
382 366 332 264
388 366 336 262
471 366 400 231
398 371 341 260
408 376 353 262
414 376 358 259
419 376 361 257
434 376 376 250
440 376 379 248
450 376 385 246
455 376 394 242
461 376 398 240
466 376 401 238
424 381 368 259
434 381 377 254
440 381 381 252
445 381 386 250
455 381 393 248
461 381 400 244
445 387 388 255
455 387 396 256
461 387 402 248
440 392 387 261
445 392 392 259
