440 104 486 72
446 104 491 77
456 104 497 82
399 110 457 53
430 110 461 59
440 110 481 76
456 110 492 87
492 110 502 90
497 110 509 95
502 110 521 107
507 110 527 112
394 115 445 52
425 115 448 59
502 115 515 111
507 115 522 116
512 115 529 123
492 120 498 107
497 120 503 112
502 120 511 118
507 120 520 128
512 120 527 134
517 120 535 140
507 125 516 134
512 130 521 144
512 135 517 148
517 135 522 155
512 146 510 156
517 146 516 174
512 151 505 162
517 151 510 168
410 156 438 118
512 156 494 172
404 192 389 145
410 192 394 151
404 202 384 163
507 202 446 210
440 207 433 173
435 212 420 173
440 212 426 179
435 218 414 180
440 218 419 186
446 223 426 190
440 228 415 191
404 243 361 177
399 248 348 175
404 248 356 181
399 253 342 180
404 253 349 186
368 274 293 168
394 279 337 200
368 295 281 180
374 295 289 185
512 295 392 277
368 300 275 186
374 300 283 191
512 305 381 288
384 310 282 204
379 315 272 203
482 315 338 260
507 315 368 289
512 315 374 295
420 320 283 219
430 320 290 226
435 320 295 230
440 320 299 234
456 320 314 248
461 320 320 252
471 320 326 258
482 320 334 266
487 320 339 271
492 320 344 276
497 320 351 283
502 320 356 288
507 320 362 294
512 320 368 299
374 325 256 207
435 325 290 235
440 325 295 239
446 325 302 248
456 325 309 253
461 325 315 257
471 325 322 264
487 325 333 275
492 325 339 281
497 325 344 287
502 325 351 294
507 325 356 299
512 325 363 304
451 331 294 255
456 331 300 260
461 331 307 266
471 331 314 270
487 331 327 281
492 331 335 287
