441 55 434 57
447 55 440 56
453 55 446 55
459 55 452 56
447 61 440 62
453 61 447 62
459 61 453 62
465 61 459 62
478 61 471 62
484 61 478 61
459 67 454 69
465 67 460 69
472 67 465 70
478 67 472 70
490 67 486 69
397 73 395 74
403 73 402 73
490 73 487 78
391 86 394 83
403 86 409 79
503 86 495 86
379 92 377 96
391 92 393 89
397 92 402 88
403 92 410 85
410 92 416 85
496 92 488 93
503 92 495 92
366 98 368 102
372 98 375 101
385 98 390 96
391 98 396 95
397 98 402 95
403 98 410 94
410 98 417 93
503 98 494 99
509 98 503 98
360 104 363 109
379 104 383 103
385 104 389 102
391 104 396 100
397 104 403 100
403 104 411 100
509 104 504 106
372 110 377 110
379 110 383 109
385 110 390 107
391 110 396 107
509 110 504 113
515 110 512 112
527 110 529 116
527 117 530 122
385 123 397 115
391 123 404 113
397 123 410 112
403 123 417 111
527 123 526 123
360 129 348 152
366 129 353 151
379 129 393 122
385 129 399 121
391 129 405 121
397 129 410 121
403 129 418 119
509 129 507 131
341 135 341 153
385 135 401 127
391 135 406 127
397 135 412 127
403 135 418 125
527 135 526 135
379 141 373 150
391 141 406 133
397 141 412 132
416 148 432 130
515 148 514 149
521 148 521 147
527 148 528 145
286 154 276 184
298 154 286 183
317 154 303 182
397 154 388 161
416 154 433 136
515 154 514 156
521 154 522 155
527 154 529 152
286 160 278 189
292 160 283 189
385 160 374 168
391 160 383 169
397 160 388 168
441 160 458 143
503 160 508 156
527 160 532 157
292 166 285 196
385 166 375 174
391 166 383 175
397 166 389 175
416 166 410 172
261 172 259 200
323 172 310 195
385 172 378 182
391 172 384 181
416 172 411 179
422 172 417 179
428 172 449 162
453 172 468 157
527 172 534 170
379 179 372 189
385 179 377 190
416 179 437 166
422 179 417 185
434 179 457 170
484 179 489 178
503 179 509 173
279 185 273 218
292 185 281 218
410 185 437 179
422 185 417 193
441 185 463 175
279 191 274 224
292 191 282 223
434 191 457 176
496 191 505 185
292 197 282 229
503 197 503 200
298 203 288 236
304 203 294 237
478 203 478 209
484 203 486 207
490 203 492 206
298 210 289 242
478 210 478 215
484 210 486 213
472 216 471 220
304 222 296 249
317 222 302 248
428 222 429 230
428 228 429 237
422 234 421 245
428 234 428 244
416 241 415 252
422 241 421 252
391 253 390 267
385 259 382 275
391 259 390 273
397 259 397 272
410 259 411 267
354 265 347 294
360 265 354 291
366 265 360 284
391 265 390 280
397 265 399 279
410 265 410 278
422 265 424 274
428 265 442 264
366 272 361 290
372 272 367 290
379 272 374 289
385 272 380 287
391 272 392 287
397 272 396 288
372 278 371 296
379 278 377 295
391 278 386 294
385 284 381 301
391 284 387 301
397 284 393 300
372 309 381 315
