420 200 494 199
417 221 485 228
482 225 536 230
482 229 535 235
413 279 419 294
409 283 412 300
413 283 417 301
417 283 423 300
424 283 429 301
351 287 348 298
366 287 359 300
398 287 400 303
431 287 413 305
359 290 346 305
366 290 358 306
373 290 371 305
377 290 376 305
380 290 383 306
424 290 397 309
431 290 412 311
362 294 350 307
373 294 369 310
380 294 375 310
384 294 380 311
359 297 343 312
362 297 350 313
366 297 356 314
373 297 362 314
377 297 368 315
380 297 373 316
384 297 379 316
359 301 342 318
362 301 349 318
366 301 355 320
384 301 378 322
362 305 344 323
420 305 382 335
395 308 357 337
369 312 346 340
373 312 351 342
398 312 362 343
366 316 339 347
369 316 346 347
373 316 351 347
377 316 356 347
373 319 350 352
