498 100 369 108
516 112 390 100
498 124 389 115
504 124 393 109
504 130 398 113
510 142 408 120
438 148 380 196
444 148 383 191
450 148 385 186
456 148 388 180
492 148 412 147
444 154 389 205
450 154 390 189
462 154 396 182
426 160 383 214
444 160 393 207
462 160 405 183
552 160 458 99
426 166 388 216
450 166 402 197
456 166 406 192
462 166 410 188
468 166 413 181
419 172 389 225
444 172 401 212
462 172 412 195
468 172 416 188
474 172 419 182
498 172 429 160
516 172 435 141
413 178 390 243
426 178 397 224
432 178 401 220
444 178 408 210
456 178 415 200
468 178 420 193
474 178 426 183
498 178 433 164
504 178 433 155
426 184 402 231
432 184 406 225
438 184 409 221
444 184 413 214
450 184 416 208
456 184 419 204
468 184 426 196
474 184 430 191
480 184 433 184
492 184 434 172
377 190 379 275
383 190 383 271
401 190 392 263
413 190 399 248
426 190 407 235
432 190 411 228
444 190 418 218
450 190 421 212
456 190 424 207
474 190 434 196
480 190 437 184
522 190 447 148
383 196 387 275
389 196 390 270
401 196 397 260
413 196 406 249
419 196 408 241
426 196 412 237
432 196 415 231
438 196 419 226
444 196 423 220
486 196 447 188
371 202 386 285
383 202 391 278
395 202 398 268
401 202 403 263
407 202 408 257
413 202 411 251
419 202 413 245
426 202 417 240
432 202 421 234
450 202 430 218
456 202 434 212
462 202 438 207
401 208 409 265
407 208 413 260
413 208 415 254
419 208 418 249
426 208 422 244
432 208 425 238
438 208 428 232
450 208 434 221
456 208 438 215
462 208 442 210
395 214 400 277
401 214 414 269
419 214 423 254
426 214 427 248
438 214 433 242
317 220 360 346
353 220 382 303
359 220 385 298
395 220 415 278
401 220 420 273
407 220 420 265
413 220 422 261
450 220 443 243
365 227 392 297
407 227 424 268
413 227 427 264
419 227 430 260
426 227 435 254
432 227 439 249
389 233 418 288
395 233 422 283
407 233 429 273
413 233 432 267
419 233 436 262
426 233 439 258
438 233 445 252
444 233 448 246
456 233 458 244
468 233 464 223
389 239 422 291
395 239 426 286
401 239 430 282
407 239 434 276
419 239 441 265
432 239 446 259
438 239 450 256
419 245 448 270
432 245 450 265
456 245 466 233
401 251 435 287
413 251 448 278
419 251 452 273
438 251 461 260
444 251 465 255
450 251 469 250
407 257 443 286
413 257 453 282
432 257 462 271
438 257 465 265
287 263 375 381
419 263 456 277
438 263 471 272
419 269 467 286
432 269 472 278
347 275 423 349
353 275 426 344
341 281 423 358
365 281 435 334
371 281 439 329
359 287 436 343
365 287 440 336
311 293 414 384
341 299 435 363
347 329 466 379
353 329 469 375
