372 98 487 129
366 105 477 127
372 105 485 142
440 105 503 188
446 105 506 196
452 105 509 201
378 111 471 132
440 111 496 192
446 111 499 199
452 111 503 204
378 117 465 135
433 117 488 188
440 117 491 196
446 117 494 202
452 117 496 208
440 123 484 199
446 123 487 205
452 123 490 211
378 135 450 142
433 135 468 197
458 135 477 217
378 142 445 144
384 142 461 183
390 142 464 188
440 142 465 206
378 148 438 146
390 148 437 163
440 148 458 208
415 154 444 183
421 154 447 189
427 154 446 198
446 154 460 216
452 154 464 223
409 160 437 181
421 160 441 192
440 160 449 213
446 160 453 219
452 160 458 225
409 166 431 183
415 166 433 190
427 166 440 202
433 166 442 209
440 166 444 215
464 166 459 232
477 166 472 147
396 179 419 177
427 179 432 206
433 179 434 213
440 179 437 219
396 185 413 180
409 185 418 195
433 185 429 216
409 191 412 198
415 191 416 205
378 197 405 200
384 203 401 212
403 203 408 226
421 203 422 234
440 203 480 206
372 209 377 158
415 209 412 231
458 209 426 231
372 216 371 160
384 216 375 167
403 216 401 229
415 216 405 235
421 216 411 238
384 222 368 170
403 222 394 232
415 222 393 240
421 222 395 245
421 234 386 250
433 246 371 233
366 252 337 174
372 252 340 182
433 252 366 236
366 259 331 177
372 259 334 186
378 259 339 199
378 265 333 203
372 271 325 198
378 271 327 205
384 271 329 211
409 271 335 223
427 271 342 239
433 271 345 246
440 271 348 251
403 277 326 221
409 277 328 225
415 277 331 233
421 277 335 239
440 277 343 255
446 277 345 260
458 277 348 268
366 283 313 195
384 283 319 209
390 283 321 216
359 289 303 190
366 289 306 199
372 289 310 206
409 289 321 229
415 289 324 236
421 289 326 243
433 289 332 253
452 289 340 271
359 296 295 193
366 296 300 202
372 296 299 216
409 296 315 232
415 296 318 239
421 296 322 246
427 296 323 254
433 296 327 259
446 296 331 268
409 302 309 235
415 302 312 243
421 302 316 248
427 302 318 256
433 302 321 262
366 308 286 207
403 308 299 233
409 308 303 238
415 308 307 245
421 308 309 252
433 314 312 265
452 314 310 277
458 314 320 281
353 320 279 192
390 320 307 270
396 320 289 230
415 320 299 251
421 320 301 256
458 320 313 283
353 326 273 195
359 326 276 202
427 326 297 266
353 339 265 199
359 339 270 207
433 339 293 276
440 339 295 282
353 345 260 203
359 345 263 210
366 345 268 221
415 345 273 214
433 345 287 278
366 351 262 224
378 351 265 234
446 351 284 290
353 357 245 210
366 357 254 229
378 357 259 237
384 357 262 243
396 357 266 250
415 357 259 221
353 363 239 213
433 363 272 285
446 363 275 293
353 370 232 213
390 370 247 250
396 370 250 256
403 370 254 262
421 370 259 274
427 370 261 282
440 370 266 290
446 370 270 297
