360 177 352 231
353 202 350 266
371 202 359 263
353 206 350 269
356 206 354 268
360 206 358 268
353 210 351 272
356 210 354 272
360 210 359 271
338 213 338 277
345 213 345 275
349 213 349 274
356 213 356 274
407 213 409 264
462 213 458 244
338 220 340 281
342 220 342 280
462 220 460 251
338 224 341 283
356 224 366 283
451 224 450 265
411 228 411 274
447 228 448 269
451 228 451 268
407 231 410 281
411 231 414 280
426 231 428 282
447 231 450 272
458 231 458 259
367 235 404 293
418 235 418 282
360 239 399 299
364 239 403 298
367 239 405 297
422 239 421 281
451 239 452 278
455 239 455 277
440 242 443 284
444 242 446 283
451 242 453 281
455 242 456 280
444 246 448 286
451 246 454 284
436 250 441 288
335 279 348 292
338 286 363 297
349 286 373 294
331 290 348 295
345 290 371 298
353 290 376 293
335 293 352 297
342 293 367 300
342 297 368 302
396 297 402 295
353 301 375 301
367 304 389 302
378 308 416 297
389 308 419 296
396 308 422 294
382 311 423 301
386 311 426 301
389 311 430 300
404 311 451 295
