1.000000000000000000e+00 0.000000000000000000e+00 0.000000000000000000e+00 -4.542167112231254578e-02
0.000000000000000000e+00 1.000000000000000000e+00 0.000000000000000000e+00 9.935460984706878662e-04
0.000000000000000000e+00 0.000000000000000000e+00 1.000000000000000000e+00 -2.875000238418579102e-01
0.000000000000000000e+00 0.000000000000000000e+00 0.000000000000000000e+00 1.000000000000000000e+00
9.964684247970581055e-01 8.108491450548171997e-02 2.181093022227287292e-02 -5.018696188926696777e-02
-8.068549633026123047e-02 9.965659379959106445e-01 -1.860988140106201172e-02 1.015716232359409332e-02
-2.324501238763332367e-02 1.678434014320373535e-02 9.995890259742736816e-01 -2.929520308971405029e-01
0.000000000000000000e+00 0.000000000000000000e+00 0.000000000000000000e+00 1.000000000000000000e+00
9.854302406311035156e-01 1.639098674058914185e-01 4.539724439382553101e-02 -5.561747774481773376e-02
-1.614337116479873657e-01 9.854205846786499023e-01 -5.371378734707832336e-02 2.626461908221244812e-02
-5.353963002562522888e-02 4.560251906514167786e-02 9.975240230560302734e-01 -2.918672859668731689e-01
0.000000000000000000e+00 0.000000000000000000e+00 0.000000000000000000e+00 1.000000000000000000e+00
9.659164547920227051e-01 2.545296549797058105e-01 4.711800068616867065e-02 -5.380967631936073303e-02
-2.506568133831024170e-01 9.651476144790649414e-01 -7.523899525403976440e-02 3.777072951197624207e-02
-6.462642550468444824e-02 6.086407601833343506e-02 9.960514307022094727e-01 -2.915481925010681152e-01
0.000000000000000000e+00 0.000000000000000000e+00 0.000000000000000000e+00 1.000000000000000000e+00
9.377267956733703613e-01 3.411892056465148926e-01 6.525079905986785889e-02 -5.644581094384193420e-02
-3.319839537143707275e-01 9.355223178863525391e-01 -1.207658052444458008e-01 5.616626515984535217e-02
-1.022475883364677429e-01 9.158305078744888306e-02 9.905340075492858887e-01 -2.885615229606628418e-01
0.000000000000000000e+00 0.000000000000000000e+00 0.000000000000000000e+00 1.000000000000000000e+00
8.921138048171997070e-01 4.494096338748931885e-01 4.650722816586494446e-02 -4.754311218857765198e-02
-4.396350979804992676e-01 8.871985673904418945e-01 -1.399970948696136475e-01 6.659608334302902222e-02
-1.041772887110710144e-01 1.044472008943557739e-01 9.890592694282531738e-01 -2.891964614391326904e-01
0.000000000000000000e+00 0.000000000000000000e+00 0.000000000000000000e+00 1.000000000000000000e+00
8.457104563713073730e-01 5.327458381652832031e-01 3.090503998100757599e-02 -3.985665366053581238e-02
-5.210453867912292480e-01 8.368709087371826172e-01 -1.678048968315124512e-01 7.913707941770553589e-02
-1.152609363198280334e-01 1.258114576339721680e-01 9.853360652923583984e-01 -2.881439328193664551e-01
0.000000000000000000e+00 0.000000000000000000e+00 0.000000000000000000e+00 1.000000000000000000e+00
7.906886339187622070e-01 6.120708584785461426e-01 1.343314256519079208e-02 -3.122539073228836060e-02
-6.016641259193420410e-01 7.809270620346069336e-01 -1.677900552749633789e-01 8.256917446851730347e-02
-1.131897196173667908e-01 1.245873942971229553e-01 9.857311844825744629e-01 -2.892145514488220215e-01
0.000000000000000000e+00 0.000000000000000000e+00 0.000000000000000000e+00 1.000000000000000000e+00
7.208009958267211914e-01 6.929650306701660156e-01 -1.567966677248477936e-02 -1.730419322848320007e-02
-6.855953335762023926e-01 7.094410061836242676e-01 -1.632547080516815186e-01 8.423904329538345337e-02
-1.020060554146766663e-01 1.284240782260894775e-01 9.864592552185058594e-01 -2.905438840389251709e-01
0.000000000000000000e+00 0.000000000000000000e+00 0.000000000000000000e+00 1.000000000000000000e+00
6.453585624694824219e-01 7.636831998825073242e-01 -1.732868142426013947e-02 -1.157491095364093781e-02
-7.580996751785278320e-01 6.375250220298767090e-01 -1.372810304164886475e-01 7.863166928291320801e-02
-9.379174560308456421e-02 1.017323434352874756e-01 9.903802275657653809e-01 -2.935120165348052979e-01
0.000000000000000000e+00 0.000000000000000000e+00 0.000000000000000000e+00 1.000000000000000000e+00
5.518215894699096680e-01 8.335623145103454590e-01 -2.583352103829383850e-02 -3.296284470707178116e-03
-8.312667012214660645e-01 5.472857952117919922e-01 -9.733223915100097656e-02 6.810675561428070068e-02
-6.699414551258087158e-02 7.518456876277923584e-02 9.949166178703308105e-01 -2.984062433242797852e-01
0.000000000000000000e+00 0.000000000000000000e+00 0.000000000000000000e+00 1.000000000000000000e+00
4.583448767662048340e-01 8.861088752746582031e-01 -6.877458840608596802e-02 1.676036417484283447e-02
-8.886349201202392578e-01 4.555274546146392822e-01 -5.313160642981529236e-02 5.491043627262115479e-02
-1.575169153511524200e-02 8.546815067529678345e-02 9.962164163589477539e-01 -3.027810454368591309e-01
0.000000000000000000e+00 0.000000000000000000e+00 0.000000000000000000e+00 1.000000000000000000e+00
3.531305491924285889e-01 9.313694834709167480e-01 -8.859382569789886475e-02 2.735063619911670685e-02
-9.354511499404907227e-01 3.530344367027282715e-01 -1.727779209613800049e-02 4.140467569231987000e-02
1.518464367836713791e-02 8.897648006677627563e-02 9.959177970886230469e-01 -3.045006990432739258e-01
0.000000000000000000e+00 0.000000000000000000e+00 0.000000000000000000e+00 1.000000000000000000e+00
2.725081145763397217e-01 9.561684727668762207e-01 -1.071472764015197754e-01 3.594888001680374146e-02
-9.592903256416320801e-01 2.785920500755310059e-01 4.635205864906311035e-02 1.711565256118774414e-02
7.417076081037521362e-02 9.015402197837829590e-02 9.931620955467224121e-01 -3.041763305664062500e-01
0.000000000000000000e+00 0.000000000000000000e+00 0.000000000000000000e+00 1.000000000000000000e+00
1.969629973173141479e-01 9.717841744422912598e-01 -1.297717094421386719e-01 4.483497515320777893e-02
-9.721055626869201660e-01 2.107692211866378784e-01 1.028994023799896240e-01 -3.634091233834624290e-03
1.273478865623474121e-01 1.058844253420829773e-01 9.861904978752136230e-01 -3.029344379901885986e-01
0.000000000000000000e+00 0.000000000000000000e+00 0.000000000000000000e+00 1.000000000000000000e+00
1.161327287554740906e-01 9.844834208488464355e-01 -1.315518319606781006e-01 4.706744849681854248e-02
-9.715620279312133789e-01 1.401149332523345947e-01 1.908803284168243408e-01 -3.403412550687789917e-02
2.063508331775665283e-01 1.056433320045471191e-01 9.727584123611450195e-01 -3.000522553920745850e-01
0.000000000000000000e+00 0.000000000000000000e+00 0.000000000000000000e+00 1.000000000000000000e+00
1.917094737291336060e-01 9.729732871055603027e-01 -1.287263035774230957e-01 4.495668411254882812e-02
-9.540406465530395508e-01 2.155266702175140381e-01 2.082168906927108765e-01 -3.871391713619232178e-02
2.303334027528762817e-01 8.289305865764617920e-02 9.695748686790466309e-01 -2.969865202903747559e-01
0.000000000000000000e+00 0.000000000000000000e+00 0.000000000000000000e+00 1.000000000000000000e+00
2.788180112838745117e-01 9.518254995346069336e-01 -1.276265084743499756e-01 4.217708110809326172e-02
-9.372074007987976074e-01 2.986828088760375977e-01 1.800843626260757446e-01 -2.802333608269691467e-02
2.095288485288619995e-01 6.940178573131561279e-02 9.753364920616149902e-01 -2.963556945323944092e-01
0.000000000000000000e+00 0.000000000000000000e+00 0.000000000000000000e+00 1.000000000000000000e+00
3.288891315460205078e-01 9.358515739440917969e-01 -1.265436708927154541e-01 4.050642624497413635e-02
-9.333338141441345215e-01 3.425394296646118164e-01 1.074939444661140442e-01 -2.291263313964009285e-03
1.439446508884429932e-01 8.275397121906280518e-02 9.861192703247070312e-01 -2.960851490497589111e-01
0.000000000000000000e+00 0.000000000000000000e+00 0.000000000000000000e+00 1.000000000000000000e+00
3.628343641757965088e-01 9.188080430030822754e-01 -1.553789377212524414e-01 4.816436022520065308e-02
-9.293079972267150879e-01 3.690935075283050537e-01 1.249421853572130203e-02 3.107078373432159424e-02
6.882912665605545044e-02 1.398616135120391846e-01 9.877758622169494629e-01 -2.924584150314331055e-01
0.000000000000000000e+00 0.000000000000000000e+00 0.000000000000000000e+00 1.000000000000000000e+00
4.008158743381500244e-01 8.998579978942871094e-01 -1.720525920391082764e-01 5.162452906370162964e-02
-9.161222577095031738e-01 3.953466415405273438e-01 -6.649447977542877197e-02 5.791037902235984802e-02
8.184754289686679840e-03 1.842732429504394531e-01 9.828411936759948730e-01 -2.873366177082061768e-01
0.000000000000000000e+00 0.000000000000000000e+00 0.000000000000000000e+00 1.000000000000000000e+00
4.575134515762329102e-01 8.663484454154968262e-01 -2.003011852502822876e-01 5.669526383280754089e-02
-8.875262737274169922e-01 4.310902059078216553e-01 -1.626594662666320801e-01 8.721454441547393799e-02
-5.457204207777976990e-02 2.521915435791015625e-01 9.661371111869812012e-01 -2.769895195960998535e-01
0.000000000000000000e+00 0.000000000000000000e+00 0.000000000000000000e+00 1.000000000000000000e+00
5.269621014595031738e-01 8.300746679306030273e-01 -1.824481934309005737e-01 4.582071676850318909e-02
-8.437147140502929688e-01 4.851081967353820801e-01 -2.298177033662796021e-01 1.053613200783729553e-01
-1.022585704922676086e-01 2.750392556190490723e-01 9.559791684150695801e-01 -2.699767947196960449e-01
0.000000000000000000e+00 0.000000000000000000e+00 0.000000000000000000e+00 1.000000000000000000e+00
5.884160995483398438e-01 7.889075875282287598e-01 -1.771775931119918823e-01 3.998433798551559448e-02
-7.966141104698181152e-01 5.281078815460205078e-01 -2.941222488880157471e-01 1.211455538868904114e-01
-1.384664922952651978e-01 3.142080903053283691e-01 9.392020106315612793e-01 -2.613194882869720459e-01
0.000000000000000000e+00 0.000000000000000000e+00 0.000000000000000000e+00 1.000000000000000000e+00
6.652829051017761230e-01 7.312468290328979492e-01 -1.505895853042602539e-01 2.583787590265274048e-02
-7.234032154083251953e-01 5.814905762672424316e-01 -3.722320497035980225e-01 1.378749012947082520e-01
-1.846272498369216919e-01 3.565761148929595947e-01 9.158410429954528809e-01 -2.497944682836532593e-01
0.000000000000000000e+00 0.000000000000000000e+00 0.000000000000000000e+00 1.000000000000000000e+00
7.288234233856201172e-01 6.704010963439941406e-01 -1.392083168029785156e-01 1.916591636836528778e-02
-6.520017981529235840e-01 6.174409389495849609e-01 -4.400675296783447266e-01 1.509825885295867920e-01
-2.090688496828079224e-01 4.114956557750701904e-01 8.871085643768310547e-01 -2.363707870244979858e-01
0.000000000000000000e+00 0.000000000000000000e+00 0.000000000000000000e+00 1.000000000000000000e+00
7.525380849838256836e-01 6.468688249588012695e-01 -1.234787702560424805e-01 1.242558564990758896e-02
-6.013455986976623535e-01 5.985475778579711914e-01 -5.292680263519287109e-01 1.714936047792434692e-01
-2.684590518474578857e-01 4.725472927093505859e-01 8.394216299057006836e-01 -2.148871570825576782e-01
0.000000000000000000e+00 0.000000000000000000e+00 0.000000000000000000e+00 1.000000000000000000e+00
7.848445773124694824e-01 6.059782505035400391e-01 -1.296498328447341919e-01 1.139100268483161926e-02
-5.356515645980834961e-01 5.581911802291870117e-01 -6.336399316787719727e-01 1.981234252452850342e-01
-3.116029500961303711e-01 5.667558908462524414e-01 7.626871466636657715e-01 -1.865372806787490845e-01
0.000000000000000000e+00 0.000000000000000000e+00 0.000000000000000000e+00 1.000000000000000000e+00
8.040596246719360352e-01 5.807276964187622070e-01 -1.274498701095581055e-01 9.102570824325084686e-03
-4.841805100440979004e-01 5.151709914207458496e-01 -7.072255611419677734e-01 2.175510972738265991e-01
-3.450471162796020508e-01 6.303603053092956543e-01 6.954051852226257324e-01 -1.626572906970977783e-01
0.000000000000000000e+00 0.000000000000000000e+00 0.000000000000000000e+00 1.000000000000000000e+00
8.319417238235473633e-01 5.409998893737792969e-01 -1.232562512159347534e-01 5.261559970676898956e-03
-4.189588427543640137e-01 4.668331146240234375e-01 -7.788067460060119629e-01 2.363061606884002686e-01
-3.637944161891937256e-01 6.995614171028137207e-01 6.150348782539367676e-01 -1.396354883909225464e-01
0.000000000000000000e+00 0.000000000000000000e+00 0.000000000000000000e+00 1.000000000000000000e+00
8.614234924316406250e-01 5.006774067878723145e-01 -8.527565002441406250e-02 -7.588124368339776993e-03
-3.348349630832672119e-01 4.336013197898864746e-01 -8.365855216979980469e-01 2.501099705696105957e-01
-3.818838596343994141e-01 7.492077946662902832e-01 5.411586165428161621e-01 -1.197160184383392334e-01
0.000000000000000000e+00 0.000000000000000000e+00 0.000000000000000000e+00 1.000000000000000000e+00
8.811573386192321777e-01 4.693759977817535400e-01 -5.699322372674942017e-02 -1.574169658124446869e-02
-2.427164167165756226e-01 3.455859422683715820e-01 -9.064537882804870605e-01 2.639183700084686279e-01
-4.057715833187103271e-01 8.125616908073425293e-01 4.184410274028778076e-01 -8.640425652265548706e-02
0.000000000000000000e+00 0.000000000000000000e+00 0.000000000000000000e+00 1.000000000000000000e+00
8.534097671508789062e-01 5.207473635673522949e-01 -2.265826426446437836e-02 -2.898030169308185577e-02
-1.047882959246635437e-01 1.288220435380935669e-01 -9.861155152320861816e-01 2.826030552387237549e-01
-5.105985999107360840e-01 8.439352512359619141e-01 1.645061373710632324e-01 -1.432239450514316559e-02
0.000000000000000000e+00 0.000000000000000000e+00 0.000000000000000000e+00 1.000000000000000000e+00
8.650174736976623535e-01 5.004438757896423340e-01 -3.605543076992034912e-02 -2.415515482425689697e-02
-1.060341149568557739e-01 1.120958924293518066e-01 -9.880234599113464355e-01 2.830235362052917480e-01
-4.904089868068695068e-01 8.584813475608825684e-01 1.500290632247924805e-01 -1.738529838621616364e-02
0.000000000000000000e+00 0.000000000000000000e+00 0.000000000000000000e+00 1.000000000000000000e+00
8.160369992256164551e-01 5.777757167816162109e-01 -1.609715074300765991e-02 -2.485110238194465637e-02
-1.076379790902137756e-01 1.245450377464294434e-01 -9.863582849502563477e-01 2.826508879661560059e-01
-5.678888559341430664e-01 8.066370487213134766e-01 1.638239026069641113e-01 -1.889820396900177002e-02
0.000000000000000000e+00 0.000000000000000000e+00 0.000000000000000000e+00 1.000000000000000000e+00
7.985368371009826660e-01 5.999921560287475586e-01 -4.846768826246261597e-02 -1.552700251340866089e-02
-2.416206151247024536e-01 2.457440048456192017e-01 -9.387382864952087402e-01 2.748381197452545166e-01
-5.513244867324829102e-01 7.613278627395629883e-01 3.412059545516967773e-01 -5.953430384397506714e-02
0.000000000000000000e+00 0.000000000000000000e+00 0.000000000000000000e+00 1.000000000000000000e+00
8.137984871864318848e-01 5.760117173194885254e-01 -7.708854228258132935e-02 -7.863841019570827484e-03
-3.077854812145233154e-01 3.146753013134002686e-01 -8.979129791259765625e-01 2.660763561725616455e-01
-4.929502308368682861e-01 7.544468045234680176e-01 4.333701133728027344e-01 -8.633745461702346802e-02
0.000000000000000000e+00 0.000000000000000000e+00 0.000000000000000000e+00 1.000000000000000000e+00
8.034099936485290527e-01 5.883790254592895508e-01 -9.133855253458023071e-02 -4.409361630678176880e-03
-3.701207339763641357e-01 3.733308911323547363e-01 -8.506669402122497559e-01 2.560540735721588135e-01
-4.664150774478912354e-01 7.172409892082214355e-01 5.177092552185058594e-01 -1.106035336852073669e-01
0.000000000000000000e+00 0.000000000000000000e+00 0.000000000000000000e+00 1.000000000000000000e+00
8.252076506614685059e-01 5.612976551055908203e-01 -6.306607276201248169e-02 -1.804558187723159790e-02
-4.534518718719482422e-01 5.917716622352600098e-01 -6.664741039276123047e-01 2.165338099002838135e-01
-3.367697298526763916e-01 5.785769820213317871e-01 7.428558468818664551e-01 -1.801944226026535034e-01
0.000000000000000000e+00 0.000000000000000000e+00 0.000000000000000000e+00 1.000000000000000000e+00
8.249146342277526855e-01 5.639001727104187012e-01 -3.914434462785720825e-02 -2.556589618325233459e-02
-4.691956937313079834e-01 6.444628238677978516e-01 -6.037573814392089844e-01 1.986049711704254150e-01
-3.152319490909576416e-01 5.164145827293395996e-01 7.962061762809753418e-01 -1.965169459581375122e-01
0.000000000000000000e+00 0.000000000000000000e+00 0.000000000000000000e+00 1.000000000000000000e+00
8.537155389785766602e-01 5.189546346664428711e-01 -4.307057335972785950e-02 -2.541577629745006561e-02
-4.590733647346496582e-01 7.109981179237365723e-01 -5.326663255691528320e-01 1.767314374446868896e-01
-2.458068877458572388e-01 4.745181500911712646e-01 8.452287316322326660e-01 -2.131896167993545532e-01
0.000000000000000000e+00 0.000000000000000000e+00 0.000000000000000000e+00 1.000000000000000000e+00
8.681491017341613770e-01 4.962831437587738037e-01 -4.523390904068946838e-03 -3.533010929822921753e-02
-4.583364725112915039e-01 7.982060313224792480e-01 -3.908892273902893066e-01 1.358112394809722900e-01
-1.903813034296035767e-01 3.414233326911926270e-01 9.204266071319580078e-01 -2.361727207899093628e-01
0.000000000000000000e+00 0.000000000000000000e+00 0.000000000000000000e+00 1.000000000000000000e+00
8.778821825981140137e-01 4.788390398025512695e-01 -6.006164941936731339e-03 -3.349361568689346313e-02
-4.642293155193328857e-01 8.478850722312927246e-01 -2.560900449752807617e-01 9.799139201641082764e-02
-1.175334751605987549e-01 2.276052683591842651e-01 9.666342139244079590e-01 -2.522296607494354248e-01
0.000000000000000000e+00 0.000000000000000000e+00 0.000000000000000000e+00 1.000000000000000000e+00
8.780928850173950195e-01 4.784856736660003662e-01 -2.085242187604308128e-03 -3.039089776575565338e-02
-4.780356585979461670e-01 8.770598769187927246e-01 -4.740511626005172729e-02 3.956155106425285339e-02
-2.085380814969539642e-02 4.262290522456169128e-02 9.988732337951660156e-01 -2.654885649681091309e-01
0.000000000000000000e+00 0.000000000000000000e+00 0.000000000000000000e+00 1.000000000000000000e+00
8.868904113769531250e-01 4.619601070880889893e-01 -4.215986002236604691e-03 -2.833012491464614868e-02
-4.612580835819244385e-01 8.859787583351135254e-01 4.777458310127258301e-02 1.118491310626268387e-02
2.580522559583187103e-02 -4.042618721723556519e-02 9.988492727279663086e-01 -2.682869732379913330e-01
0.000000000000000000e+00 0.000000000000000000e+00 0.000000000000000000e+00 1.000000000000000000e+00
8.953635692596435547e-01 4.453340768814086914e-01 -1.184510416351258755e-03 -2.867315337061882019e-02
-4.400273263454437256e-01 8.850975036621093750e-01 1.515853703022003174e-01 -2.087016962468624115e-02
6.855461001396179199e-02 -1.352028101682662964e-01 9.884436726570129395e-01 -2.674279510974884033e-01
0.000000000000000000e+00 0.000000000000000000e+00 0.000000000000000000e+00 1.000000000000000000e+00
8.995202183723449707e-01 4.368666410446166992e-01 -3.405350726097822189e-03 -2.797181345522403717e-02
-4.214730262756347656e-01 8.698229193687438965e-01 2.564544081687927246e-01 -5.408813059329986572e-02
1.149983331561088562e-01 -2.292503565549850464e-01 9.665504097938537598e-01 -2.627159059047698975e-01
0.000000000000000000e+00 0.000000000000000000e+00 0.000000000000000000e+00 1.000000000000000000e+00
9.032672643661499023e-01 4.290248453617095947e-01 -6.805307231843471527e-03 -2.658005803823471069e-02
-3.963103294372558594e-01 8.402581214904785156e-01 3.700050413608551025e-01 -9.150661528110504150e-02
1.644596159458160400e-01 -3.315162658691406250e-01 9.290047883987426758e-01 -2.532259523868560791e-01
0.000000000000000000e+00 0.000000000000000000e+00 0.000000000000000000e+00 1.000000000000000000e+00
9.080561995506286621e-01 4.188446104526519775e-01 -1.516635064035654068e-03 -2.942449972033500671e-02
-3.721857070922851562e-01 8.085498809814453125e-01 4.557678699493408203e-01 -1.201844438910484314e-01
1.921224892139434814e-01 -4.132986664772033691e-01 8.900973200798034668e-01 -2.434329837560653687e-01
0.000000000000000000e+00 0.000000000000000000e+00 0.000000000000000000e+00 1.000000000000000000e+00
9.184093475341796875e-01 3.956308364868164062e-01 9.079974552150815725e-05 -3.260902687907218933e-02
-3.308559656143188477e-01 7.679162621498107910e-01 5.484874844551086426e-01 -1.507986336946487427e-01
2.169290781021118164e-01 -5.037661790847778320e-01 8.361586332321166992e-01 -2.303062081336975098e-01
0.000000000000000000e+00 0.000000000000000000e+00 0.000000000000000000e+00 1.000000000000000000e+00
9.142203927040100098e-01 4.044949114322662354e-01 2.417732402682304382e-02 -4.080386087298393250e-02
-3.287702798843383789e-01 7.055476307868957520e-01 6.277835369110107422e-01 -1.752205342054367065e-01
2.368772178888320923e-01 -5.818812251091003418e-01 7.780119776725769043e-01 -2.160008996725082397e-01
0.000000000000000000e+00 0.000000000000000000e+00 0.000000000000000000e+00 1.000000000000000000e+00
9.216208457946777344e-01 3.854628801345825195e-01 4.509467631578445435e-02 -4.888951405882835388e-02
-2.954241335391998291e-01 6.214541196823120117e-01 7.256166934967041016e-01 -2.058682292699813843e-01
2.516740560531616211e-01 -6.820655465126037598e-01 6.866201162338256836e-01 -1.906271725893020630e-01
0.000000000000000000e+00 0.000000000000000000e+00 0.000000000000000000e+00 1.000000000000000000e+00
9.315395951271057129e-01 3.580373227596282959e-01 6.357836723327636719e-02 -5.621719360351562500e-02
-2.657182812690734863e-01 5.508527159690856934e-01 7.911731600761413574e-01 -2.274738550186157227e-01
2.482472509145736694e-01 -7.539036273956298828e-01 6.082786321640014648e-01 -1.667108982801437378e-01
0.000000000000000000e+00 0.000000000000000000e+00 0.000000000000000000e+00 1.000000000000000000e+00
9.403466582298278809e-01 3.357230424880981445e-01 5.511898174881935120e-02 -5.595190450549125671e-02
-2.210373133420944214e-01 4.797063469886779785e-01 8.491313457489013672e-01 -2.477796673774719238e-01
2.586321532726287842e-01 -8.106612563133239746e-01 5.252975821495056152e-01 -1.430411934852600098e-01
0.000000000000000000e+00 0.000000000000000000e+00 0.000000000000000000e+00 1.000000000000000000e+00
9.522318243980407715e-01 3.001392781734466553e-01 5.631069466471672058e-02 -5.943217501044273376e-02
-1.826234310865402222e-01 4.119059443473815918e-01 8.927385210990905762e-01 -2.624209523200988770e-01
2.447511851787567139e-01 -8.603777289390563965e-01 4.470424652099609375e-01 -1.210721954703330994e-01
0.000000000000000000e+00 0.000000000000000000e+00 0.000000000000000000e+00 1.000000000000000000e+00
9.628805518150329590e-01 2.655491232872009277e-01 4.842131212353706360e-02 -5.966859683394432068e-02
-1.452851146459579468e-01 3.586657941341400146e-01 9.220905303955078125e-01 -2.734407186508178711e-01
2.274933159351348877e-01 -8.948979973793029785e-01 3.839326500892639160e-01 -1.017347723245620728e-01
0.000000000000000000e+00 0.000000000000000000e+00 0.000000000000000000e+00 1.000000000000000000e+00
9.690245985984802246e-01 2.387296706438064575e-01 6.324128061532974243e-02 -6.656445562839508057e-02
-1.306591629981994629e-01 2.782784402370452881e-01 9.515718817710876465e-01 -2.872419357299804688e-01
2.095697820186614990e-01 -9.303596615791320801e-01 3.008509278297424316e-01 -7.260822504758834839e-02
0.000000000000000000e+00 0.000000000000000000e+00 0.000000000000000000e+00 1.000000000000000000e+00
9.806672334671020508e-01 1.877544224262237549e-01 5.513627827167510986e-02 -6.700257211923599243e-02
-9.042046964168548584e-02 1.849049478769302368e-01 9.785877466201782227e-01 -2.993192076683044434e-01
1.735392510890960693e-01 -9.646543860435485840e-01 1.983070522546768188e-01 -3.577275946736335754e-02
0.000000000000000000e+00 0.000000000000000000e+00 0.000000000000000000e+00 1.000000000000000000e+00
9.952999949455261230e-01 9.652128815650939941e-02 7.843090221285820007e-03 -5.557516217231750488e-02
-2.119289152324199677e-02 1.380742341279983521e-01 9.901949763298034668e-01 -3.055790960788726807e-01
9.449198096990585327e-02 -9.857072830200195312e-01 1.394708901643753052e-01 -1.746224425733089447e-02
0.000000000000000000e+00 0.000000000000000000e+00 0.000000000000000000e+00 1.000000000000000000e+00
9.967178702354431152e-01 8.062291890382766724e-02 -7.302477490156888962e-03 -5.228983610868453979e-02
-1.255467906594276428e-02 2.430620193481445312e-01 9.699295163154602051e-01 -3.009578883647918701e-01
7.997349649667739868e-02 -9.666544198989868164e-01 2.432764619588851929e-01 -5.109117925167083740e-02
0.000000000000000000e+00 0.000000000000000000e+00 0.000000000000000000e+00 1.000000000000000000e+00
9.984310269355773926e-01 1.963509432971477509e-02 -5.243956670165061951e-02 -3.671662509441375732e-02
4.440182819962501526e-02 2.929658293724060059e-01 9.550913572311401367e-01 -3.074050247669219971e-01
3.411630913615226746e-02 -9.559212923049926758e-01 2.916343808174133301e-01 -6.439879536628723145e-02
0.000000000000000000e+00 0.000000000000000000e+00 0.000000000000000000e+00 1.000000000000000000e+00
9.890369176864624023e-01 -5.989906564354896545e-02 -1.349743157625198364e-01 -4.795411601662635803e-03
1.463202238082885742e-01 2.742915153503417969e-01 9.504495859146118164e-01 -3.179278969764709473e-01
-1.990875042974948883e-02 -9.597792029380798340e-01 2.800488173961639404e-01 -5.816561356186866760e-02
0.000000000000000000e+00 0.000000000000000000e+00 0.000000000000000000e+00 1.000000000000000000e+00
9.690032601356506348e-01 -8.099697530269622803e-02 -2.333923578262329102e-01 2.845611050724983215e-02
2.465201169252395630e-01 2.553171813488006592e-01 9.349015951156616211e-01 -3.227576613426208496e-01
-1.613511145114898682e-02 -9.634587764739990234e-01 2.673705518245697021e-01 -5.265558138489723206e-02
0.000000000000000000e+00 0.000000000000000000e+00 0.000000000000000000e+00 1.000000000000000000e+00
9.752385616302490234e-01 -1.435971702449023724e-03 -2.211508452892303467e-01 2.125623263418674469e-02
2.108732163906097412e-01 3.074038028717041016e-01 9.279198646545410156e-01 -3.195323348045349121e-01
6.665010005235671997e-02 -9.515780210494995117e-01 3.000948131084442139e-01 -6.909821927547454834e-02
0.000000000000000000e+00 0.000000000000000000e+00 0.000000000000000000e+00 1.000000000000000000e+00
9.877889156341552734e-01 1.084328144788742065e-01 -1.118719950318336487e-01 -2.009595744311809540e-02
6.394372135400772095e-02 3.726302385330200195e-01 9.257740974426269531e-01 -3.115578889846801758e-01
1.420711874961853027e-01 -9.216229319572448730e-01 3.611463904380798340e-01 -9.967430680990219116e-02
0.000000000000000000e+00 0.000000000000000000e+00 0.000000000000000000e+00 1.000000000000000000e+00
9.816887378692626953e-01 1.889213323593139648e-01 -2.441201545298099518e-02 -5.095511302351951599e-02
-3.636381402611732483e-02 3.116492629051208496e-01 9.495010972023010254e-01 -3.132798075675964355e-01
1.869890093803405762e-01 -9.312267303466796875e-01 3.128124773502349854e-01 -8.834830671548843384e-02
0.000000000000000000e+00 0.000000000000000000e+00 0.000000000000000000e+00 1.000000000000000000e+00
9.257241487503051758e-01 3.656561374664306641e-01 9.659025073051452637e-02 -8.890221267938613892e-02
-2.237137705087661743e-01 3.235066831111907959e-01 9.193995594978332520e-01 -2.932521998882293701e-01
3.049366176128387451e-01 -8.727191686630249023e-01 3.812802731990814209e-01 -1.207505241036415100e-01
0.000000000000000000e+00 0.000000000000000000e+00 0.000000000000000000e+00 1.000000000000000000e+00
8.774905800819396973e-01 4.706646800041198730e-01 9.211297333240509033e-02 -8.579447865486145020e-02
-2.786977291107177734e-01 3.441207110881805420e-01 8.966095447540283203e-01 -2.820388078689575195e-01
3.903045654296875000e-01 -8.124385476112365723e-01 4.331357479095458984e-01 -1.462943404912948608e-01
0.000000000000000000e+00 0.000000000000000000e+00 0.000000000000000000e+00 1.000000000000000000e+00
8.370499014854431152e-01 5.427979230880737305e-01 6.869617104530334473e-02 -7.608252763748168945e-02
-3.394324481487274170e-01 4.167135953903198242e-01 8.432888388633728027e-01 -2.613537311553955078e-01
4.291081130504608154e-01 -7.291917204856872559e-01 5.330529212951660156e-01 -1.831370741128921509e-01
0.000000000000000000e+00 0.000000000000000000e+00 0.000000000000000000e+00 1.000000000000000000e+00
8.065056204795837402e-01 5.891351103782653809e-01 4.967024549841880798e-02 -6.809218972921371460e-02
-4.222039580345153809e-01 5.150923728942871094e-01 7.459377050399780273e-01 -2.238862216472625732e-01
4.138738214969635010e-01 -6.225743293762207031e-01 6.641607284545898438e-01 -2.260173410177230835e-01
0.000000000000000000e+00 0.000000000000000000e+00 0.000000000000000000e+00 1.000000000000000000e+00
7.762224078178405762e-01 6.299505233764648438e-01 2.531829103827476501e-02 -5.853280797600746155e-02
-5.041725039482116699e-01 5.961259603500366211e-01 6.248549222946166992e-01 -1.780992448329925537e-01
3.785347938537597656e-01 -4.977910220623016357e-01 7.803296446800231934e-01 -2.619645297527313232e-01
0.000000000000000000e+00 0.000000000000000000e+00 0.000000000000000000e+00 1.000000000000000000e+00
7.551133632659912109e-01 6.551952362060546875e-01 2.286987006664276123e-02 -5.625830963253974915e-02
-5.657302141189575195e-01 6.335837841033935547e-01 5.277504920959472656e-01 -1.417742669582366943e-01
3.312895298004150391e-01 -4.114494323730468750e-01 8.490910530090332031e-01 -2.822147607803344727e-01
0.000000000000000000e+00 0.000000000000000000e+00 0.000000000000000000e+00 1.000000000000000000e+00
6.544669866561889648e-01 7.559513449668884277e-01 1.449613645672798157e-02 -4.710361361503601074e-02
-6.743330955505371094e-01 5.749195218086242676e-01 4.634037315845489502e-01 -1.125574186444282532e-01
3.419767320156097412e-01 -3.130574822425842285e-01 8.860289454460144043e-01 -2.966542243957519531e-01
0.000000000000000000e+00 0.000000000000000000e+00 0.000000000000000000e+00 1.000000000000000000e+00
5.880479216575622559e-01 8.086088895797729492e-01 -1.874263212084770203e-02 -3.099725581705570221e-02
-7.382041215896606445e-01 5.460285544395446777e-01 3.961150646209716797e-01 -8.545584231615066528e-02
3.305364251136779785e-01 -2.190988063812255859e-01 9.180099964141845703e-01 -3.079478144645690918e-01
0.000000000000000000e+00 0.000000000000000000e+00 0.000000000000000000e+00 1.000000000000000000e+00
5.430155396461486816e-01 8.380976319313049316e-01 -5.221558362245559692e-02 -1.590794138610363007e-02
-7.813929915428161621e-01 5.270894765853881836e-01 3.340684473514556885e-01 -6.073508039116859436e-02
3.075044453144073486e-01 -1.406035274267196655e-01 9.411017894744873047e-01 -3.145798444747924805e-01
0.000000000000000000e+00 0.000000000000000000e+00 0.000000000000000000e+00 1.000000000000000000e+00
5.078397989273071289e-01 8.541128635406494141e-01 -1.122036576271057129e-01 7.429106160998344421e-03
-8.172202110290527344e-01 5.188603997230529785e-01 2.508681714534759521e-01 -3.018110245466232300e-02
2.724879086017608643e-01 -3.570579364895820618e-02 9.614965319633483887e-01 -3.197608292102813721e-01
0.000000000000000000e+00 0.000000000000000000e+00 0.000000000000000000e+00 1.000000000000000000e+00
4.394510686397552490e-01 8.840507864952087402e-01 -1.591756641864776611e-01 2.900584973394870758e-02
-8.593490123748779297e-01 4.653528332710266113e-01 2.120523899793624878e-01 -1.381907705217599869e-02
2.615378797054290771e-01 4.360087588429450989e-02 9.642080068588256836e-01 -3.202398717403411865e-01
0.000000000000000000e+00 0.000000000000000000e+00 0.000000000000000000e+00 1.000000000000000000e+00
3.537694215774536133e-01 8.988133072853088379e-01 -2.588076591491699219e-01 6.917741894721984863e-02
-8.947635293006896973e-01 4.058198034763336182e-01 1.863015592098236084e-01 -2.440690062940120697e-03
2.724797427654266357e-01 1.656640619039535522e-01 9.477921724319458008e-01 -3.152147531509399414e-01
0.000000000000000000e+00 0.000000000000000000e+00 0.000000000000000000e+00 1.000000000000000000e+00
2.933364808559417725e-01 8.872700929641723633e-01 -3.559567332267761230e-01 1.059481278061866760e-01
-9.147117137908935547e-01 3.687379062175750732e-01 1.653342843055725098e-01 6.010848563164472580e-03
2.779508233070373535e-01 2.770990729331970215e-01 9.197604060173034668e-01 -3.065152168273925781e-01
0.000000000000000000e+00 0.000000000000000000e+00 0.000000000000000000e+00 1.000000000000000000e+00
2.732158303260803223e-01 8.566111326217651367e-01 -4.376873672008514404e-01 1.337983459234237671e-01
-9.327653646469116211e-01 3.471449315547943115e-01 9.715121984481811523e-02 3.029812127351760864e-02
2.351617366075515747e-01 3.817164301872253418e-01 8.938631415367126465e-01 -2.944954633712768555e-01
0.000000000000000000e+00 0.000000000000000000e+00 0.000000000000000000e+00 1.000000000000000000e+00
1.827203780412673950e-01 7.801436185836791992e-01 -5.983216166496276855e-01 1.927338093519210815e-01
-9.607295393943786621e-01 2.709464728832244873e-01 5.988801270723342896e-02 4.338793829083442688e-02
2.088345289230346680e-01 5.638825297355651855e-01 7.990149855613708496e-01 -2.613520026206970215e-01
0.000000000000000000e+00 0.000000000000000000e+00 0.000000000000000000e+00 1.000000000000000000e+00
1.373130381107330322e-01 6.813124418258666992e-01 -7.189982533454895020e-01 2.351236492395401001e-01
-9.736630916595458984e-01 2.262151390314102173e-01 2.840982377529144287e-02 5.434011295437812805e-02
1.820041686296463013e-01 6.961607933044433594e-01 6.944310665130615234e-01 -2.263122797012329102e-01
0.000000000000000000e+00 0.000000000000000000e+00 0.000000000000000000e+00 1.000000000000000000e+00
1.121097505092620850e-01 5.790616273880004883e-01 -8.075387477874755859e-01 2.650872468948364258e-01
-9.827257394790649414e-01 1.850324124097824097e-01 -3.749603871256113052e-03 6.511492282152175903e-02
1.472494900226593018e-01 7.940090894699096680e-01 5.898022055625915527e-01 -1.903383433818817139e-01
0.000000000000000000e+00 0.000000000000000000e+00 0.000000000000000000e+00 1.000000000000000000e+00
8.216842263936996460e-02 5.057231783866882324e-01 -8.587735891342163086e-01 2.837179601192474365e-01
-9.901205897331237793e-01 1.396624296903610229e-01 -1.248992141336202621e-02 6.869825720787048340e-02
1.136218681931495667e-01 8.513156175613403320e-01 5.122032761573791504e-01 -1.631432771682739258e-01
0.000000000000000000e+00 0.000000000000000000e+00 0.000000000000000000e+00 1.000000000000000000e+00
1.578242331743240356e-01 5.093109607696533203e-01 -8.459869623184204102e-01 2.730575203895568848e-01
-9.871065616607666016e-01 1.045295372605323792e-01 -1.212208122014999390e-01 1.038908064365386963e-01
2.669148333370685577e-02 8.542103767395019531e-01 5.192413330078125000e-01 -1.582303941249847412e-01
0.000000000000000000e+00 0.000000000000000000e+00 0.000000000000000000e+00 1.000000000000000000e+00
2.683761119842529297e-01 5.871334671974182129e-01 -7.637067437171936035e-01 2.387576699256896973e-01
-9.583801627159118652e-01 8.259896188974380493e-02 -2.732850909233093262e-01 1.510279029607772827e-01
-9.737347811460494995e-02 8.052653074264526367e-01 5.848649144172668457e-01 -1.691283583641052246e-01
0.000000000000000000e+00 0.000000000000000000e+00 0.000000000000000000e+00 1.000000000000000000e+00
3.204092681407928467e-01 6.234983205795288086e-01 -7.131534814834594727e-01 2.196496576070785522e-01
-9.282160997390747070e-01 5.637562647461891174e-02 -3.677457273006439209e-01 1.783380657434463501e-01
-1.890841275453567505e-01 7.797892093658447266e-01 5.968039631843566895e-01 -1.659765094518661499e-01
0.000000000000000000e+00 0.000000000000000000e+00 0.000000000000000000e+00 1.000000000000000000e+00
3.658657371997833252e-01 6.424958109855651855e-01 -6.733061671257019043e-01 2.036470025777816772e-01
-8.896291255950927734e-01 2.897561900317668915e-02 -4.557631015777587891e-01 2.025974541902542114e-01
-2.733165025711059570e-01 7.657411098480224609e-01 5.821843147277832031e-01 -1.548083275556564331e-01
0.000000000000000000e+00 0.000000000000000000e+00 0.000000000000000000e+00 1.000000000000000000e+00
4.218313097953796387e-01 6.470066308975219727e-01 -6.351696848869323730e-01 1.865458488464355469e-01
-8.370999097824096680e-01 8.794777095317840576e-03 -5.469796657562255859e-01 2.270084321498870850e-01
-3.483130931854248047e-01 7.624338269233703613e-01 5.453194379806518555e-01 -1.358628273010253906e-01
0.000000000000000000e+00 0.000000000000000000e+00 0.000000000000000000e+00 1.000000000000000000e+00
5.205185413360595703e-01 6.459077596664428711e-01 -5.584477782249450684e-01 1.562767028808593750e-01
-7.290974855422973633e-01 -4.166883416473865509e-03 -6.843971610069274902e-01 2.596129179000854492e-01
-4.443842470645904541e-01 7.634044289588928223e-01 4.687606096267700195e-01 -1.010991111397743225e-01
0.000000000000000000e+00 0.000000000000000000e+00 0.000000000000000000e+00 1.000000000000000000e+00
6.212182641029357910e-01 6.882922649383544922e-01 -3.746212422847747803e-01 9.122293442487716675e-02
-5.754566192626953125e-01 7.618755847215652466e-02 -8.142759203910827637e-01 2.912071943283081055e-01
-5.319182872772216797e-01 7.214215993881225586e-01 4.434114992618560791e-01 -8.589072525501251221e-02
0.000000000000000000e+00 0.000000000000000000e+00 0.000000000000000000e+00 1.000000000000000000e+00
6.354541182518005371e-01 7.250577211380004883e-01 -2.654992043972015381e-01 5.943747237324714661e-02
-4.918794929981231689e-01 1.150726974010467529e-01 -8.630256056785583496e-01 3.007408380508422852e-01
-5.951912999153137207e-01 6.790066361427307129e-01 4.297643303871154785e-01 -7.675388455390930176e-02
0.000000000000000000e+00 0.000000000000000000e+00 0.000000000000000000e+00 1.000000000000000000e+00
5.885600447654724121e-01 7.860233783721923828e-01 -1.891135871410369873e-01 4.219228029251098633e-02
-3.902048766613006592e-01 7.132099568843841553e-02 -9.179615974426269531e-01 3.112933039665222168e-01
-7.080516815185546875e-01 6.140686869621276855e-01 3.486869037151336670e-01 -4.923117160797119141e-02
0.000000000000000000e+00 0.000000000000000000e+00 0.000000000000000000e+00 1.000000000000000000e+00
4.270466268062591553e-01 9.024940133094787598e-01 -5.599064379930496216e-02 1.714659295976161957e-02
-2.241748720407485962e-01 4.568182677030563354e-02 -9.734776616096496582e-01 3.188073635101318359e-01
-8.760004043579101562e-01 4.282719790935516357e-01 2.218249291181564331e-01 -9.210126474499702454e-03
0.000000000000000000e+00 0.000000000000000000e+00 0.000000000000000000e+00 1.000000000000000000e+00
3.045989274978637695e-01 9.473372697830200195e-01 9.885434061288833618e-02 -2.697422355413436890e-02
-2.622287869453430176e-01 1.831820309162139893e-01 -9.474601745605468750e-01 3.200700879096984863e-01
-9.156724810600280762e-01 2.626726031303405762e-01 3.042160868644714355e-01 -4.087665677070617676e-02
0.000000000000000000e+00 0.000000000000000000e+00 0.000000000000000000e+00 1.000000000000000000e+00
3.022538125514984131e-01 9.528298377990722656e-01 -2.753807976841926575e-02 1.538524311035871506e-02
-3.734470903873443604e-01 9.178492426872253418e-02 -9.230994582176208496e-01 3.144216239452362061e-01
-8.770291805267333984e-01 2.892944812774658203e-01 3.835740685462951660e-01 -6.491057574748992920e-02
0.000000000000000000e+00 0.000000000000000000e+00 0.000000000000000000e+00 1.000000000000000000e+00
2.746282815933227539e-01 9.609982371330261230e-01 -3.259409964084625244e-02 2.267184481024742126e-02
-4.664276242256164551e-01 1.034974753856658936e-01 -8.784836530685424805e-01 3.038223385810852051e-01
-8.408476114273071289e-01 2.564591467380523682e-01 4.766592383384704590e-01 -9.800694137811660767e-02
0.000000000000000000e+00 0.000000000000000000e+00 0.000000000000000000e+00 1.000000000000000000e+00
1.721823960542678833e-01 9.840871691703796387e-01 -4.388255998492240906e-02 3.164145722985267639e-02
-4.794832766056060791e-01 4.481268301606178284e-02 -8.764060735702514648e-01 3.029766082763671875e-01
-8.604936003684997559e-01 1.719425767660140991e-01 4.795691072940826416e-01 -1.003173366189002991e-01
0.000000000000000000e+00 0.000000000000000000e+00 0.000000000000000000e+00 1.000000000000000000e+00
5.969638004899024963e-02 9.977889657020568848e-01 -2.920859493315219879e-02 3.165563941001892090e-02
-4.692756235599517822e-01 2.226384822279214859e-03 -8.830487728118896484e-01 3.056518435478210449e-01
-8.810314536094665527e-01 6.642169505357742310e-02 4.683710336685180664e-01 -9.971907734870910645e-02
0.000000000000000000e+00 0.000000000000000000e+00 0.000000000000000000e+00 1.000000000000000000e+00
-1.513006240129470825e-01 9.864907264709472656e-01 6.280441582202911377e-02 7.527453359216451645e-03
-3.886667490005493164e-01 -9.518116712570190430e-04 -9.213781356811523438e-01 3.193342089653015137e-01
-9.088708162307739258e-01 -1.638149917125701904e-01 3.835598826408386230e-01 -7.727019488811492920e-02
0.000000000000000000e+00 0.000000000000000000e+00 0.000000000000000000e+00 1.000000000000000000e+00
-1.954366266727447510e-01 9.701648354530334473e-01 1.434709727764129639e-01 -1.771490275859832764e-02
-5.206450819969177246e-01 2.133683860301971436e-02 -8.535058498382568359e-01 3.051859140396118164e-01
-8.311034440994262695e-01 -2.415039837360382080e-01 5.009419322013854980e-01 -1.220780685544013977e-01
0.000000000000000000e+00 0.000000000000000000e+00 0.000000000000000000e+00 1.000000000000000000e+00
-2.396073639392852783e-01 9.455004930496215820e-01 2.204928994178771973e-01 -4.180565103888511658e-02
-6.189974546432495117e-01 2.618810348212718964e-02 -7.849558591842651367e-01 2.884508967399597168e-01
-7.479503750801086426e-01 -3.245659470558166504e-01 5.789877772331237793e-01 -1.526529490947723389e-01
0.000000000000000000e+00 0.000000000000000000e+00 0.000000000000000000e+00 1.000000000000000000e+00
-2.403221726417541504e-01 9.193494915962219238e-01 3.115140497684478760e-01 -7.097166776657104492e-02
-7.161045670509338379e-01 4.873893409967422485e-02 -6.962893009185791016e-01 2.646301388740539551e-01
-6.553162932395935059e-01 -3.904104232788085938e-01 6.466374397277832031e-01 -1.827715188264846802e-01
0.000000000000000000e+00 0.000000000000000000e+00 0.000000000000000000e+00 1.000000000000000000e+00
-2.439308613538742065e-01 8.567411899566650391e-01 4.544140994548797607e-01 -1.190669536590576172e-01
-8.106813430786132812e-01 7.702574878931045532e-02 -5.803987383842468262e-01 2.305770814418792725e-01
-5.322532057762145996e-01 -5.099622011184692383e-01 6.757553219795227051e-01 -2.031189501285552979e-01
0.000000000000000000e+00 0.000000000000000000e+00 0.000000000000000000e+00 1.000000000000000000e+00
-2.121459990739822388e-01 8.117132186889648438e-01 5.441653728485107422e-01 -1.533241868019104004e-01
-8.648991584777832031e-01 1.032564416527748108e-01 -4.912101030349731445e-01 2.030475437641143799e-01
-4.549102187156677246e-01 -5.748564600944519043e-01 6.801444888114929199e-01 -2.100252062082290649e-01
0.000000000000000000e+00 0.000000000000000000e+00 0.000000000000000000e+00 1.000000000000000000e+00
-2.043652087450027466e-01 7.319104671478271484e-01 6.500328183174133301e-01 -1.951309591531753540e-01
-8.990033268928527832e-01 1.224231272935867310e-01 -4.204828441143035889e-01 1.796022355556488037e-01
-3.873347043991088867e-01 -6.703134775161743164e-01 6.329701542854309082e-01 -1.945819109678268433e-01
0.000000000000000000e+00 0.000000000000000000e+00 0.000000000000000000e+00 1.000000000000000000e+00
-1.745740920305252075e-01 7.117909193038940430e-01 6.803511381149291992e-01 -2.076846361160278320e-01
-9.325649142265319824e-01 1.022153273224830627e-01 -3.462293744087219238e-01 1.560872197151184082e-01
-3.159853518009185791e-01 -6.949143409729003906e-01 6.459469795227050781e-01 -1.993971168994903564e-01
0.000000000000000000e+00 0.000000000000000000e+00 0.000000000000000000e+00 1.000000000000000000e+00
-1.200950965285301208e-01 6.842656731605529785e-01 7.192758917808532715e-01 -2.231203913688659668e-01
-9.624423980712890625e-01 9.744300693273544312e-02 -2.533960640430450439e-01 1.243806779384613037e-01
-2.434784919023513794e-01 -7.226931452751159668e-01 6.468639373779296875e-01 -1.980774998664855957e-01
0.000000000000000000e+00 0.000000000000000000e+00 0.000000000000000000e+00 1.000000000000000000e+00
-1.547434777021408081e-01 5.921297073364257812e-01 7.908453345298767090e-01 -2.479653060436248779e-01
-9.651637673377990723e-01 8.034162968397140503e-02 -2.490063160657882690e-01 1.253881156444549561e-01
-2.109818160533905029e-01 -8.018274903297424316e-01 5.590698719024658203e-01 -1.638281792402267456e-01
0.000000000000000000e+00 0.000000000000000000e+00 0.000000000000000000e+00 1.000000000000000000e+00
-2.042827308177947998e-01 5.643687248229980469e-01 7.998477816581726074e-01 -2.504301965236663818e-01
-9.734771251678466797e-01 -3.114204853773117065e-02 -2.266543656587600708e-01 1.204198375344276428e-01
-1.030078306794166565e-01 -8.249350786209106445e-01 5.557621121406555176e-01 -1.611836552619934082e-01
0.000000000000000000e+00 0.000000000000000000e+00 0.000000000000000000e+00 1.000000000000000000e+00
-2.544028759002685547e-01 4.159028530120849609e-01 8.731003999710083008e-01 -2.661103606224060059e-01
-9.645242094993591309e-01 -4.328982904553413391e-02 -2.604207396507263184e-01 1.319753378629684448e-01
-7.051334530115127563e-02 -9.083778262138366699e-01 4.121614098548889160e-01 -1.115168407559394836e-01
0.000000000000000000e+00 0.000000000000000000e+00 0.000000000000000000e+00 1.000000000000000000e+00
-3.434771895408630371e-01 2.980368137359619141e-01 8.906161785125732422e-01 -2.607718408107757568e-01
-9.388582110404968262e-01 -1.330506652593612671e-01 -3.175580203533172607e-01 1.494756042957305908e-01
2.385313063859939575e-02 -9.452360868453979492e-01 3.255140781402587891e-01 -8.860718458890914917e-02
0.000000000000000000e+00 0.000000000000000000e+00 0.000000000000000000e+00 1.000000000000000000e+00
-3.635171353816986084e-01 3.281967341899871826e-01 8.718611001968383789e-01 -2.476318478584289551e-01
-9.264505505561828613e-01 -2.255040705204010010e-01 -3.013911247253417969e-01 1.419019997119903564e-01
9.769275784492492676e-02 -9.172974228858947754e-01 3.860328793525695801e-01 -1.153431162238121033e-01
0.000000000000000000e+00 0.000000000000000000e+00 0.000000000000000000e+00 1.000000000000000000e+00
-3.782731294631958008e-01 4.214826822280883789e-01 8.241732120513916016e-01 -2.272225618362426758e-01
-9.207486510276794434e-01 -2.632203698158264160e-01 -2.879875600337982178e-01 1.348237246274948120e-01
9.555761516094207764e-02 -8.677943944931030273e-01 4.876489341259002686e-01 -1.542243659496307373e-01
0.000000000000000000e+00 0.000000000000000000e+00 0.000000000000000000e+00 1.000000000000000000e+00
-3.810275495052337646e-01 9.855210036039352417e-02 9.192960858345031738e-01 -2.535876035690307617e-01
-9.156487584114074707e-01 -1.779655665159225464e-01 -3.604373633861541748e-01 1.555942744016647339e-01
1.280812472105026245e-01 -9.790889024734497070e-01 1.580491214990615845e-01 -5.540981888771057129e-02
0.000000000000000000e+00 0.000000000000000000e+00 0.000000000000000000e+00 1.000000000000000000e+00
-3.996196389198303223e-01 -5.616827681660652161e-02 9.149585962295532227e-01 -2.512952983379364014e-01
-9.125614762306213379e-01 -7.014462351799011230e-02 -4.028785526752471924e-01 1.678452193737030029e-01
8.680839836597442627e-02 -9.959546327590942383e-01 -2.322589419782161713e-02 2.517276210710406303e-03
0.000000000000000000e+00 0.000000000000000000e+00 0.000000000000000000e+00 1.000000000000000000e+00
-3.834942877292633057e-01 -1.373651474714279175e-01 9.132702350616455078e-01 -2.512904703617095947e-01
-9.211449623107910156e-01 -1.432552188634872437e-02 -3.889557421207427979e-01 1.646593064069747925e-01
6.651210039854049683e-02 -9.904170036315917969e-01 -1.210394501686096191e-01 3.239460289478302002e-02
0.000000000000000000e+00 0.000000000000000000e+00 0.000000000000000000e+00 1.000000000000000000e+00
-3.909306228160858154e-01 -2.835256457328796387e-01 8.756632208824157715e-01 -2.409002631902694702e-01
-9.174229502677917480e-01 4.331818968057632446e-02 -3.955482840538024902e-01 1.671874374151229858e-01
7.421608269214630127e-02 -9.579857587814331055e-01 -2.770471274852752686e-01 7.923325151205062866e-02
0.000000000000000000e+00 0.000000000000000000e+00 0.000000000000000000e+00 1.000000000000000000e+00
-4.185772538185119629e-01 -3.920269012451171875e-01 8.192114233970642090e-01 -2.240975052118301392e-01
-9.072281122207641602e-01 1.391906738281250000e-01 -3.969412446022033691e-01 1.684708297252655029e-01
4.158527031540870667e-02 -9.093626737594604492e-01 -4.139200150966644287e-01 1.195375323295593262e-01
0.000000000000000000e+00 0.000000000000000000e+00 0.000000000000000000e+00 1.000000000000000000e+00
-4.700752794742584229e-01 -4.713422656059265137e-01 7.462344765663146973e-01 -2.000854313373565674e-01
-8.824515342712402344e-01 2.341491580009460449e-01 -4.079872071743011475e-01 1.686474531888961792e-01
1.757133938372135162e-02 -8.503006100654602051e-01 -5.260044336318969727e-01 1.550684124231338501e-01
0.000000000000000000e+00 0.000000000000000000e+00 0.000000000000000000e+00 1.000000000000000000e+00
-4.915817379951477051e-01 -5.420304536819458008e-01 6.815790534019470215e-01 -1.818702220916748047e-01
-8.707675337791442871e-01 2.964885234832763672e-01 -3.922477066516876221e-01 1.636855751276016235e-01
1.052985712885856628e-02 -7.863191962242126465e-01 -6.177308559417724609e-01 1.855852305889129639e-01
0.000000000000000000e+00 0.000000000000000000e+00 0.000000000000000000e+00 1.000000000000000000e+00
-4.657035768032073975e-01 -6.036757826805114746e-01 6.470667123794555664e-01 -1.755705177783966064e-01
-8.836945295333862305e-01 3.560255467891693115e-01 -3.038573563098907471e-01 1.376684755086898804e-01
-4.694079980254173279e-02 -7.133172750473022461e-01 -6.992676854133605957e-01 2.152765542268753052e-01
0.000000000000000000e+00 0.000000000000000000e+00 0.000000000000000000e+00 1.000000000000000000e+00
-4.983157813549041748e-01 -6.527503132820129395e-01 5.706121325492858887e-01 -1.528095155954360962e-01
-8.668618798255920410e-01 3.866758644580841064e-01 -3.146938681602478027e-01 1.395541727542877197e-01
-1.522534061223268509e-02 -6.514589190483093262e-01 -7.585310339927673340e-01 2.327780574560165405e-01
0.000000000000000000e+00 0.000000000000000000e+00 0.000000000000000000e+00 1.000000000000000000e+00
-6.030014753341674805e-01 -6.748961806297302246e-01 4.253285527229309082e-01 -1.034547835588455200e-01
-7.955240011215209961e-01 4.690160453319549561e-01 -3.836213946342468262e-01 1.551614254713058472e-01
5.941867455840110779e-02 -5.696832537651062012e-01 -8.197134137153625488e-01 2.484374493360519409e-01
0.000000000000000000e+00 0.000000000000000000e+00 0.000000000000000000e+00 1.000000000000000000e+00
-6.750367283821105957e-01 -6.767937541007995605e-01 2.937275171279907227e-01 -5.841301754117012024e-02
-7.308419942855834961e-01 5.589187145233154297e-01 -3.917652666568756104e-01 1.565070897340774536e-01
1.009744778275489807e-01 -4.791241884231567383e-01 -8.719199299812316895e-01 2.649548351764678955e-01
0.000000000000000000e+00 0.000000000000000000e+00 0.000000000000000000e+00 1.000000000000000000e+00
-7.202053666114807129e-01 -6.557489037513732910e-01 2.264889180660247803e-01 -3.580657020211219788e-02
-6.875013709068298340e-01 6.308479905128479004e-01 -3.596839904785156250e-01 1.459927856922149658e-01
9.298232942819595337e-02 -4.147578477859497070e-01 -9.051684141159057617e-01 2.773101627826690674e-01
0.000000000000000000e+00 0.000000000000000000e+00 0.000000000000000000e+00 1.000000000000000000e+00
-7.655108571052551270e-01 -6.301687955856323242e-01 1.299245059490203857e-01 -2.262887079268693924e-03
-6.326997876167297363e-01 7.005351185798645020e-01 -3.300629556179046631e-01 1.353250890970230103e-01
1.169786527752876282e-01 -3.348698914051055908e-01 -9.349746704101562500e-01 2.869367301464080811e-01
0.000000000000000000e+00 0.000000000000000000e+00 0.000000000000000000e+00 1.000000000000000000e+00
-8.025091290473937988e-01 -5.947934985160827637e-01 4.690185561776161194e-02 2.568625099956989288e-02
-5.882810950279235840e-01 7.757048010826110840e-01 -2.284900397062301636e-01 1.017856225371360779e-01
9.952242672443389893e-02 -2.109567970037460327e-01 -9.724159240722656250e-01 2.999677956104278564e-01
0.000000000000000000e+00 0.000000000000000000e+00 0.000000000000000000e+00 1.000000000000000000e+00
-8.394485116004943848e-01 -5.434310436248779297e-01 -3.014138666912913322e-03 4.247561469674110413e-02
-5.348307490348815918e-01 8.271210789680480957e-01 -1.727052778005599976e-01 8.402676135301589966e-02
9.634645283222198486e-02 -1.433651000261306763e-01 -9.849691987037658691e-01 3.041495084762573242e-01
0.000000000000000000e+00 0.000000000000000000e+00 0.000000000000000000e+00 1.000000000000000000e+00
-8.782420754432678223e-01 -4.749097824096679688e-01 -5.613593384623527527e-02 5.978283658623695374e-02
-4.692972004413604736e-01 8.784695267677307129e-01 -8.973058313131332397e-02 5.840858072042465210e-02
9.192766249179840088e-02 -5.246075615286827087e-02 -9.943828582763671875e-01 3.073465526103973389e-01
0.000000000000000000e+00 0.000000000000000000e+00 0.000000000000000000e+00 1.000000000000000000e+00
-9.191521406173706055e-01 -3.892078399658203125e-01 -6.062940880656242371e-02 6.241409853100776672e-02
-3.853140175342559814e-01 9.203640222549438477e-01 -6.680785864591598511e-02 5.017204210162162781e-02
8.180326223373413086e-02 -3.804523870348930359e-02 -9.959219098091125488e-01 3.076781928539276123e-01
0.000000000000000000e+00 0.000000000000000000e+00 0.000000000000000000e+00 1.000000000000000000e+00
-9.565146565437316895e-01 -2.884951233863830566e-01 -4.301275312900543213e-02 5.858941748738288879e-02
-2.845664024353027344e-01 9.553499221801757812e-01 -7.955347746610641479e-02 5.266468226909637451e-02
6.404300779104232788e-02 -6.385406106710433960e-02 -9.959023594856262207e-01 3.074440658092498779e-01
0.000000000000000000e+00 0.000000000000000000e+00 0.000000000000000000e+00 1.000000000000000000e+00
-9.795498847961425781e-01 -1.993268579244613647e-01 -2.739518322050571442e-02 5.497794598340988159e-02
-1.960048526525497437e-01 9.761105775833129883e-01 -9.375693649053573608e-02 5.555012077093124390e-02
4.542899131774902344e-02 -8.647001534700393677e-02 -9.952178597450256348e-01 3.074087798595428467e-01
0.000000000000000000e+00 0.000000000000000000e+00 0.000000000000000000e+00 1.000000000000000000e+00
-9.939946532249450684e-01 -1.043941825628280640e-01 -3.280689567327499390e-02 5.924082919955253601e-02
-1.020949333906173706e-01 9.926282763481140137e-01 -6.531538814306259155e-02 4.076871275901794434e-02
3.938358649611473083e-02 -6.157372891902923584e-02 -9.973251819610595703e-01 3.090577721595764160e-01
0.000000000000000000e+00 0.000000000000000000e+00 0.000000000000000000e+00 1.000000000000000000e+00
-9.999642968177795410e-01 -6.551768630743026733e-03 -5.328972358256578445e-03 5.098521709442138672e-02
-6.391649600118398666e-03 9.995435476303100586e-01 -2.952835522592067719e-02 1.831267029047012329e-02
5.520001985132694244e-03 -2.949323691427707672e-02 -9.995496273040771484e-01 3.132883012294769287e-01
0.000000000000000000e+00 0.000000000000000000e+00 0.000000000000000000e+00 1.000000000000000000e+00
-8.987846374511718750e-01 -4.039381742477416992e-01 -1.703528463840484619e-01 9.853035956621170044e-02
-4.049849510192871094e-01 9.138263463973999023e-01 -3.014394640922546387e-02 3.451448306441307068e-02
1.678492128849029541e-01 4.189743101596832275e-02 -9.849219322204589844e-01 3.081285655498504639e-01
0.000000000000000000e+00 0.000000000000000000e+00 0.000000000000000000e+00 1.000000000000000000e+00
-8.673109412193298340e-01 -4.319945573806762695e-01 -2.472904473543167114e-01 1.230296790599822998e-01
-4.494892656803131104e-01 8.931379914283752441e-01 1.624066196382045746e-02 2.417103014886379242e-02
2.138486355543136597e-01 1.252401024103164673e-01 -9.688053727149963379e-01 3.021541535854339600e-01
0.000000000000000000e+00 0.000000000000000000e+00 0.000000000000000000e+00 1.000000000000000000e+00
-8.485015630722045898e-01 -3.387750983238220215e-01 -4.065419435501098633e-01 1.758688539266586304e-01
-3.953771293163299561e-01 9.164571166038513184e-01 6.150719150900840759e-02 7.050352171063423157e-03
3.517412245273590088e-01 2.129263728857040405e-01 -9.115594625473022461e-01 2.784220278263092041e-01
0.000000000000000000e+00 0.000000000000000000e+00 0.000000000000000000e+00 1.000000000000000000e+00
-7.771362662315368652e-01 -3.244903683662414551e-01 -5.392262935638427734e-01 2.179172486066818237e-01
-4.046002328395843506e-01 9.138920903205871582e-01 3.315925970673561096e-02 1.851559057831764221e-02
4.820348024368286133e-01 2.439403980970382690e-01 -8.415077328681945801e-01 2.505786716938018799e-01
0.000000000000000000e+00 0.000000000000000000e+00 0.000000000000000000e+00 1.000000000000000000e+00
-6.950219869613647461e-01 -3.159079849720001221e-01 -6.458686590194702148e-01 2.503978610038757324e-01
-4.584941565990447998e-01 8.866906166076660156e-01 5.968861654400825500e-02 1.163929142057895660e-02
5.538296103477478027e-01 3.376119434833526611e-01 -7.611115574836730957e-01 2.227447628974914551e-01
0.000000000000000000e+00 0.000000000000000000e+00 0.000000000000000000e+00 1.000000000000000000e+00
-6.294890642166137695e-01 -2.886433303356170654e-01 -7.214075326919555664e-01 2.729235887527465820e-01
-5.175769329071044922e-01 8.482433557510375977e-01 1.122378259897232056e-01 -4.815654363483190536e-03
5.795322060585021973e-01 4.440363645553588867e-01 -6.833548545837402344e-01 1.969734132289886475e-01
0.000000000000000000e+00 0.000000000000000000e+00 0.000000000000000000e+00 1.000000000000000000e+00
-6.293711066246032715e-01 -2.836468219757080078e-01 -7.234889268875122070e-01 2.762874066829681396e-01
-5.667652487754821777e-01 8.045035004615783691e-01 1.776264160871505737e-01 -2.592140808701515198e-02
5.316662788391113281e-01 5.218414068222045898e-01 -6.670924425125122070e-01 1.897581219673156738e-01
0.000000000000000000e+00 0.000000000000000000e+00 0.000000000000000000e+00 1.000000000000000000e+00
-6.784171462059020996e-01 -3.454638719558715820e-01 -6.483867764472961426e-01 2.554594278335571289e-01
-6.011362671852111816e-01 7.683887481689453125e-01 2.195765376091003418e-01 -3.695197403430938721e-02
4.223573803901672363e-01 5.387331247329711914e-01 -7.289589047431945801e-01 2.140039801597595215e-01
0.000000000000000000e+00 0.000000000000000000e+00 0.000000000000000000e+00 1.000000000000000000e+00
-7.233005762100219727e-01 -3.766831755638122559e-01 -5.787456035614013672e-01 2.333880066871643066e-01
-6.140276193618774414e-01 7.342838048934936523e-01 2.894778549671173096e-01 -6.055409833788871765e-02
3.159220516681671143e-01 5.647451281547546387e-01 -7.624017000198364258e-01 2.292309105396270752e-01
0.000000000000000000e+00 0.000000000000000000e+00 0.000000000000000000e+00 1.000000000000000000e+00
-7.494624257087707520e-01 -3.925237357616424561e-01 -5.331325531005859375e-01 2.188326120376586914e-01
-6.193848252296447754e-01 7.001157999038696289e-01 3.552469909191131592e-01 -8.314876258373260498e-02
2.338115572929382324e-01 5.964587330818176270e-01 -7.678335905075073242e-01 2.345762103796005249e-01
0.000000000000000000e+00 0.000000000000000000e+00 0.000000000000000000e+00 1.000000000000000000e+00
-7.798312902450561523e-01 -4.005842804908752441e-01 -4.810355603694915771e-01 2.020499408245086670e-01
-6.070587635040283203e-01 6.714905500411987305e-01 4.249474406242370605e-01 -1.079298183321952820e-01
1.527835875749588013e-01 6.234041452407836914e-01 -7.668273448944091797e-01 2.379723340272903442e-01
0.000000000000000000e+00 0.000000000000000000e+00 0.000000000000000000e+00 1.000000000000000000e+00
-8.445302844047546387e-01 -4.006151556968688965e-01 -3.553530871868133545e-01 1.595755368471145630e-01
-5.354939103126525879e-01 6.365166306495666504e-01 5.550611615180969238e-01 -1.570780277252197266e-01
3.822202095761895180e-03 6.590554714202880859e-01 -7.520847320556640625e-01 2.378381341695785522e-01
0.000000000000000000e+00 0.000000000000000000e+00 0.000000000000000000e+00 1.000000000000000000e+00
-8.757614493370056152e-01 -3.940757513046264648e-01 -2.788308262825012207e-01 1.348143368959426880e-01
-4.769081473350524902e-01 6.167174577713012695e-01 6.262733340263366699e-01 -1.832563132047653198e-01
-7.483923435211181641e-02 6.814425587654113770e-01 -7.280354499816894531e-01 2.329484820365905762e-01
0.000000000000000000e+00 0.000000000000000000e+00 0.000000000000000000e+00 1.000000000000000000e+00
-9.112274646759033203e-01 -3.662030994892120361e-01 -1.885743141174316406e-01 1.031056717038154602e-01
-3.885346949100494385e-01 6.121514439582824707e-01 6.887027025222778320e-01 -2.071939706802368164e-01
-1.367689818143844604e-01 7.008323073387145996e-01 -7.000917792320251465e-01 2.263866961002349854e-01
0.000000000000000000e+00 0.000000000000000000e+00 0.000000000000000000e+00 1.000000000000000000e+00
-9.541727900505065918e-01 -2.872240245342254639e-01 -8.400175720453262329e-02 6.894009560346603394e-02
-2.588184475898742676e-01 6.511511802673339844e-01 7.134529352188110352e-01 -2.185077369213104248e-01
-1.502230167388916016e-01 7.024987339973449707e-01 -6.956496238708496094e-01 2.299747765064239502e-01
0.000000000000000000e+00 0.000000000000000000e+00 0.000000000000000000e+00 1.000000000000000000e+00
-9.722794890403747559e-01 -2.331982553005218506e-01 -1.706079579889774323e-02 4.957324266433715820e-02
-1.602035760879516602e-01 6.112372875213623047e-01 7.750636935234069824e-01 -2.423847317695617676e-01
-1.703153252601623535e-01 7.563117742538452148e-01 -6.316526532173156738e-01 2.138793617486953735e-01
0.000000000000000000e+00 0.000000000000000000e+00 0.000000000000000000e+00 1.000000000000000000e+00
-9.774086475372314453e-01 -2.085435688495635986e-01 3.437875956296920776e-02 3.597841039299964905e-02
-8.381609618663787842e-02 5.317587256431579590e-01 8.427380919456481934e-01 -2.694975733757019043e-01
-1.940288096666336060e-01 8.208180069923400879e-01 -5.372248291969299316e-01 1.864429265260696411e-01
0.000000000000000000e+00 0.000000000000000000e+00 0.000000000000000000e+00 1.000000000000000000e+00
-9.828242063522338867e-01 -1.727137118577957153e-01 6.501230597496032715e-02 2.630502358078956604e-02
-9.777721948921680450e-03 4.005254507064819336e-01 9.162334799766540527e-01 -2.994613945484161377e-01
-1.842851638793945312e-01 8.998607397079467773e-01 -3.953348100185394287e-01 1.392257064580917358e-01
0.000000000000000000e+00 0.000000000000000000e+00 0.000000000000000000e+00 1.000000000000000000e+00
-9.724132418632507324e-01 -2.111818194389343262e-01 9.906471520662307739e-02 1.264539267867803574e-02
5.576982349157333374e-02 2.018924653530120850e-01 9.778184294700622559e-01 -3.232898712158203125e-01
-2.264979183673858643e-01 9.563689231872558594e-01 -1.845450699329376221e-01 6.735370308160781860e-02
0.000000000000000000e+00 0.000000000000000000e+00 0.000000000000000000e+00 1.000000000000000000e+00
-9.838897585868835449e-01 -1.524376273155212402e-01 9.339757263660430908e-02 1.125997863709926605e-02
6.321197748184204102e-02 1.920465230941772461e-01 9.793478250503540039e-01 -3.260892033576965332e-01
-1.672261357307434082e-01 9.694744348526000977e-01 -1.793164014816284180e-01 5.791501700878143311e-02
0.000000000000000000e+00 0.000000000000000000e+00 0.000000000000000000e+00 1.000000000000000000e+00
-9.750060439109802246e-01 -1.766895651817321777e-01 1.346997320652008057e-01 -5.538470577448606491e-04
1.082461625337600708e-01 1.516774147748947144e-01 9.824849367141723633e-01 -3.293766975402832031e-01
-1.940257549285888672e-01 9.725094437599182129e-01 -1.287603974342346191e-01 3.899786993861198425e-02
0.000000000000000000e+00 0.000000000000000000e+00 0.000000000000000000e+00 1.000000000000000000e+00
-9.785057306289672852e-01 -1.458782106637954712e-01 1.457599848508834839e-01 -7.527187932282686234e-03
1.377974897623062134e-01 6.332977861166000366e-02 9.884336590766906738e-01 -3.308031857013702393e-01
-1.534218639135360718e-01 9.872733950614929199e-01 -4.186695441603660583e-02 6.735722068697214127e-03
0.000000000000000000e+00 0.000000000000000000e+00 0.000000000000000000e+00 1.000000000000000000e+00
-9.114387035369873047e-01 -3.997369706630706787e-01 9.741608053445816040e-02 5.477584432810544968e-03
-5.977427586913108826e-03 2.496109753847122192e-01 9.683277010917663574e-01 -3.090049922466278076e-01
-4.113925099372863770e-01 8.819890618324279785e-01 -2.298944741487503052e-01 9.485225379467010498e-02
0.000000000000000000e+00 0.000000000000000000e+00 0.000000000000000000e+00 1.000000000000000000e+00
-8.950557112693786621e-01 -4.226621985435485840e-01 1.422365158796310425e-01 -7.919617928564548492e-03
-4.284571856260299683e-02 3.989764451980590820e-01 9.159595370292663574e-01 -2.889304161071777344e-01
-4.438905417919158936e-01 8.137409090995788574e-01 -3.752152323722839355e-01 1.420825570821762085e-01
0.000000000000000000e+00 0.000000000000000000e+00 0.000000000000000000e+00 1.000000000000000000e+00
