483 143 506 145
488 143 511 146
494 143 517 148
483 148 505 151
494 148 516 152
436 153 442 134
441 153 448 136
446 153 454 137
452 153 458 138
457 153 464 139
488 153 510 154
499 153 521 155
441 159 447 142
446 159 453 142
452 159 458 143
457 159 463 143
478 159 499 157
483 159 504 159
488 159 510 159
494 159 514 160
499 159 521 160
278 164 303 115
283 164 307 116
289 164 312 117
310 164 325 115
315 164 332 116
320 164 338 117
325 164 350 119
331 164 356 121
336 164 373 124
446 164 452 147
452 164 458 148
457 164 462 148
483 164 504 163
488 164 509 165
494 164 513 165
499 164 518 171
273 169 295 121
278 169 302 122
289 169 311 124
304 169 318 118
310 169 324 119
315 169 332 121
320 169 336 122
352 169 358 130
388 169 383 136
452 169 457 154
488 169 508 170
504 169 525 173
273 174 289 145
278 174 295 150
283 174 302 152
289 174 308 153
310 174 323 125
320 174 335 128
341 174 371 135
362 174 411 141
483 174 503 170
273 180 289 155
278 180 295 156
283 180 301 158
289 180 306 158
320 180 335 133
341 180 371 140
283 185 300 163
289 185 305 164
341 185 362 151
346 185 367 153
352 185 374 153
278 190 294 167
283 190 298 169
289 190 303 170
341 190 362 157
346 190 367 157
436 190 452 179
483 190 500 186
499 190 517 182
504 190 521 195
352 195 375 171
431 195 446 182
441 195 456 186
446 195 462 187
504 195 522 202
346 201 364 174
436 201 451 184
452 201 474 194
488 201 503 199
499 201 513 206
504 201 519 207
315 206 318 161
320 206 324 162
346 206 363 179
431 206 445 189
436 206 450 191
488 206 503 204
494 206 507 205
504 206 518 214
310 211 316 172
325 211 327 181
373 211 375 182
436 211 450 196
488 211 502 210
494 211 507 212
504 211 517 219
320 216 320 179
325 216 326 186
352 216 357 184
362 216 395 191
383 216 392 186
436 216 448 202
483 216 495 215
488 216 502 215
494 216 507 219
283 222 295 188
310 222 313 183
367 222 400 199
378 222 412 200
383 222 418 200
436 222 447 208
441 222 464 211
499 222 511 225
278 227 290 191
283 227 295 193
289 227 300 187
299 227 306 189
315 227 313 190
320 227 318 191
378 227 411 204
383 227 417 206
299 232 305 194
320 232 318 196
362 232 399 211
383 232 416 212
488 232 491 257
310 237 317 210
315 237 313 197
357 237 391 217
362 237 397 216
367 237 404 217
373 237 409 219
488 237 490 262
494 237 496 263
278 243 283 221
283 243 290 221
294 243 296 224
315 243 313 202
320 243 317 203
357 243 390 221
362 243 397 222
367 243 403 223
399 243 382 244
404 243 388 245
446 243 451 259
457 243 462 261
467 243 469 263
473 243 474 264
478 243 479 265
488 243 489 267
494 243 495 268
283 248 289 227
289 248 296 228
294 248 302 230
310 248 315 220
315 248 312 207
378 248 404 252
452 248 456 266
457 248 462 267
467 248 467 269
473 248 474 270
483 248 478 271
488 248 486 272
494 248 489 274
278 253 283 232
283 253 289 234
289 253 296 234
294 253 301 236
299 253 305 237
388 253 398 257
399 253 410 260
404 253 415 261
410 253 420 262
415 253 425 263
462 253 461 274
478 253 471 275
278 258 283 238
283 258 289 238
289 258 296 240
299 258 305 243
304 258 310 244
310 258 316 245
315 258 323 246
320 258 332 248
325 258 339 249
331 258 344 250
352 258 366 254
394 258 403 264
399 258 408 265
404 258 414 266
410 258 419 266
415 258 425 268
436 258 442 272
462 258 466 276
483 258 477 277
283 264 288 244
289 264 296 245
294 264 303 247
304 264 309 248
310 264 315 250
315 264 322 250
320 264 327 251
325 264 338 254
367 264 384 261
483 264 476 284
283 269 290 251
294 269 302 253
315 269 321 256
320 269 326 258
383 269 412 272
310 274 314 262
420 290 429 276
504 290 493 287
383 295 407 276
415 295 423 281
420 295 428 282
425 295 434 282
467 295 464 287
478 295 470 289
483 295 481 290
488 295 486 291
289 301 282 257
299 301 295 258
383 301 405 282
399 301 409 284
410 301 422 285
299 306 289 263
304 306 295 263
325 306 323 268
346 306 335 271
352 306 342 271
