325 129 309 278
331 129 311 273
325 132 313 281
337 141 325 274
331 145 329 285
337 148 334 280
423 154 387 184
432 157 393 174
331 160 374 315
423 160 392 188
423 163 397 190
432 163 401 177
435 163 401 174
419 166 398 197
334 169 357 299
343 169 361 292
347 169 363 288
328 172 357 311
331 172 359 306
334 172 361 302
328 175 360 314
334 175 366 305
347 175 368 291
343 178 369 298
347 178 372 295
350 178 375 290
353 178 379 286
347 184 379 298
350 184 382 293
337 187 372 327
340 187 374 323
337 190 376 331
343 190 378 319
347 190 388 305
337 193 381 334
343 193 382 322
356 193 403 294
337 199 386 337
416 199 427 225
325 211 383 331
331 211 387 326
331 214 391 329
328 217 393 335
331 217 396 332
435 221 456 205
438 221 460 199
322 224 394 344
356 224 429 313
435 224 461 209
444 224 464 194
325 227 398 340
356 227 434 317
322 233 405 351
340 236 421 336
328 239 414 351
