442 164 377 146
455 164 379 139
467 164 381 132
392 171 378 197
417 171 378 166
423 171 380 160
335 177 368 248
341 177 370 240
348 177 372 235
385 177 383 203
392 177 383 198
404 177 382 177
423 177 386 162
461 177 388 134
474 177 389 127
480 177 391 121
291 183 355 287
297 183 358 280
303 183 360 275
322 183 370 262
329 183 372 256
335 183 374 250
348 183 377 237
373 183 385 213
385 183 387 205
392 183 388 198
398 183 390 192
404 183 395 180
417 183 390 170
423 183 391 164
455 183 390 152
461 183 392 137
480 183 398 124
492 183 394 108
499 183 396 102
259 190 345 346
266 190 347 340
285 190 361 297
291 190 363 290
297 190 365 284
303 190 366 279
310 190 371 277
316 190 376 265
329 190 379 253
335 190 381 246
341 190 383 241
373 190 390 213
379 190 389 226
385 190 393 201
417 190 396 171
423 190 397 165
442 190 393 158
448 190 402 153
467 190 399 140
486 190 405 119
285 196 364 303
291 196 366 296
316 196 381 267
329 196 384 260
335 196 387 247
348 196 390 234
354 196 391 229
379 196 396 222
461 196 404 146
467 196 405 140
499 196 411 106
285 202 368 312
316 202 388 269
329 202 389 263
335 202 393 248
392 202 404 197
417 202 412 176
429 202 416 163
436 202 417 159
442 202 419 151
222 209 351 375
253 209 411 359
291 209 373 306
297 209 383 289
303 209 386 282
316 209 392 278
322 209 395 271
335 209 398 259
341 209 400 252
348 209 402 243
354 209 404 238
366 209 407 232
373 209 408 226
392 209 410 199
404 209 418 187
417 209 418 178
423 209 420 173
436 209 422 161
303 215 392 284
310 215 399 281
322 215 402 272
335 215 405 260
341 215 406 252
348 215 408 247
354 215 409 241
360 215 412 235
373 215 414 226
385 215 419 209
411 215 424 183
423 215 424 174
436 215 425 168
278 221 431 318
297 221 396 293
303 221 398 286
322 221 409 273
329 221 410 267
335 221 411 261
341 221 412 254
348 221 413 248
354 221 415 242
360 221 418 237
373 221 424 225
379 221 426 219
404 221 429 189
411 221 429 184
474 221 432 150
480 221 433 143
499 221 437 116
291 228 401 301
297 228 403 295
303 228 404 290
322 228 415 276
335 228 417 263
360 228 426 238
373 228 430 231
379 228 431 226
385 228 433 213
392 228 435 207
417 228 440 185
291 234 408 304
297 234 410 297
303 234 412 292
322 234 420 278
329 234 423 273
335 234 424 265
341 234 423 257
354 234 426 244
360 234 432 240
366 234 434 235
379 234 436 226
385 234 437 221
398 234 443 202
404 234 441 195
448 234 449 161
455 234 450 155
467 234 453 146
228 240 389 380
291 240 414 305
297 240 415 299
303 240 416 291
310 240 417 286
322 240 428 280
329 240 429 274
335 240 430 268
379 240 441 227
385 240 443 221
404 240 448 196
423 240 452 181
429 240 453 176
436 240 454 170
448 240 456 162
455 240 457 157
461 240 458 151
474 240 461 144
486 240 449 134
228 246 395 382
234 246 398 377
272 246 359 344
310 246 424 287
316 246 435 284
329 246 435 275
335 246 437 270
341 246 439 264
348 246 437 255
354 246 439 249
360 246 441 244
404 246 454 198
423 246 457 183
429 246 458 178
436 246 460 171
442 246 462 163
461 246 465 152
234 253 405 380
247 253 409 366
253 253 407 374
316 253 439 285
341 253 444 266
348 253 442 256
354 253 445 251
360 253 447 245
373 253 451 233
385 253 453 218
411 253 458 198
448 253 466 159
234 259 410 381
247 259 415 368
354 259 450 252
360 259 452 246
234 265 417 383
253 265 417 362
285 265 379 317
310 265 443 301
316 265 448 287
234 272 423 384
240 272 425 379
247 272 421 370
253 272 423 364
316 272 452 294
322 272 454 288
329 272 456 283
247 278 428 372
253 278 429 366
259 278 437 360
297 278 452 315
303 278 454 309
310 278 455 303
316 278 456 296
329 278 459 290
335 278 461 284
234 284 438 385
247 284 440 378
253 284 442 371
259 284 443 362
285 284 455 325
297 284 457 317
240 290 447 379
247 290 449 372
253 290 451 366
