423 169 423 138
427 169 428 139
401 173 404 140
405 173 408 140
409 173 412 140
405 178 408 143
409 178 413 144
427 178 431 145
401 182 404 148
409 182 410 149
405 191 408 154
488 191 491 162
496 191 497 163
501 191 501 163
505 191 506 163
401 195 403 159
405 195 407 159
470 195 473 165
492 195 497 167
505 195 507 167
509 195 511 167
514 195 515 167
401 199 403 162
405 199 406 162
409 199 412 162
414 199 416 162
501 199 505 171
509 199 511 171
514 199 515 172
401 204 403 166
405 204 406 167
409 204 412 167
466 204 472 173
514 204 516 176
405 208 407 170
409 208 412 171
414 208 416 173
418 208 422 173
436 208 449 198
444 208 459 196
453 208 460 174
466 208 473 178
475 208 478 174
492 212 491 179
509 212 511 182
514 212 515 183
405 217 408 178
449 217 454 178
479 217 487 190
505 217 507 186
509 217 510 186
514 217 515 187
518 217 519 187
409 221 412 183
414 221 417 182
423 221 425 182
462 221 473 188
505 221 506 190
509 221 511 191
514 221 515 191
409 225 411 190
470 225 486 194
501 225 501 199
509 225 511 195
514 225 515 195
518 225 520 195
444 230 434 200
505 230 506 200
509 230 511 199
514 230 515 199
518 230 520 200
453 234 448 202
470 234 482 200
488 234 486 213
501 234 500 208
509 234 511 204
514 234 515 204
518 234 520 204
436 238 430 210
440 238 433 210
496 238 485 227
509 238 511 208
514 238 515 208
518 238 520 208
362 243 359 230
401 243 391 231
414 243 414 224
427 243 426 220
462 243 461 211
470 243 471 221
475 243 475 221
479 243 480 221
514 243 515 213
414 247 413 229
423 247 422 228
466 247 467 226
470 247 471 225
475 247 475 226
505 247 507 218
509 247 511 218
357 251 355 236
362 251 359 237
409 251 405 234
414 251 413 234
423 251 421 233
436 251 437 237
453 251 457 230
470 251 472 231
475 251 476 231
479 251 479 231
496 251 484 240
379 256 372 240
409 256 408 238
414 256 413 238
418 256 418 238
423 256 422 237
431 256 431 239
453 256 456 234
462 256 461 240
466 256 464 240
475 256 476 235
357 260 355 246
396 260 395 245
414 260 413 242
431 260 431 243
444 260 442 248
449 260 447 248
457 260 456 247
462 260 461 245
466 260 465 245
357 264 355 251
366 264 363 250
370 264 367 250
405 264 405 247
418 264 417 243
423 264 422 243
427 264 426 243
431 264 431 248
444 264 442 253
449 264 446 252
453 264 452 252
462 264 461 250
466 264 465 249
357 269 354 255
362 269 359 255
388 269 384 250
392 269 389 251
396 269 395 251
405 269 405 251
414 269 413 248
418 269 417 248
423 269 422 248
436 269 437 253
444 269 442 257
449 269 446 257
453 269 451 256
462 269 461 254
466 269 465 254
357 273 353 259
383 273 382 249
392 273 389 256
396 273 395 255
401 273 400 255
405 273 405 255
414 273 413 253
418 273 417 253
423 273 421 253
427 273 426 252
431 273 431 252
436 273 437 257
457 273 456 259
479 273 473 258
483 273 478 258
366 278 362 259
370 278 369 255
383 278 382 254
388 278 385 254
409 278 408 257
414 278 413 257
457 278 456 262
366 282 363 264
370 282 369 260
375 282 374 260
388 282 386 259
392 282 390 260
396 282 394 260
401 282 399 261
405 282 403 261
409 282 408 261
414 282 413 262
418 282 417 261
423 282 422 261
427 282 426 261
440 282 447 263
479 282 473 268
366 286 365 268
383 286 380 264
392 286 389 264
405 286 403 265
409 286 408 266
414 286 413 266
418 286 417 266
423 286 422 266
427 286 426 266
431 286 431 267
436 286 437 266
479 286 473 273
366 291 364 273
370 291 371 268
375 291 374 270
392 291 389 269
396 291 394 269
401 291 398 269
405 291 403 270
414 291 413 271
418 291 417 271
423 291 422 270
427 291 426 271
431 291 431 271
436 291 435 271
453 291 451 272
457 291 455 273
462 291 461 273
466 291 466 274
470 291 469 273
362 295 361 278
366 295 365 277
375 295 376 274
388 295 383 273
392 295 389 273
396 295 394 273
405 295 402 275
409 295 407 276
414 295 412 276
418 295 417 276
423 295 421 275
427 295 426 275
431 295 430 276
436 295 441 277
449 295 446 277
453 295 451 277
457 295 456 278
462 295 461 278
466 295 466 278
470 295 469 278
375 299 375 279
379 299 380 278
418 299 416 280
423 299 421 280
427 299 425 280
453 299 450 282
457 299 455 283
462 299 459 285
466 299 463 285
470 299 467 285
357 304 350 296
362 304 356 296
366 304 360 295
409 304 396 297
414 304 400 297
418 304 416 285
423 304 421 285
431 304 436 291
440 304 440 286
457 304 459 290
349 308 346 295
357 308 351 301
362 308 355 301
366 308 360 301
370 308 365 300
375 308 369 301
409 308 396 302
414 308 401 302
436 308 440 294
453 308 428 318
457 308 458 295
357 312 351 306
362 312 356 305
366 312 360 305
370 312 365 305
375 312 370 306
379 312 378 307
414 312 401 307
418 312 405 308
436 312 415 317
444 312 448 299
344 317 341 313
353 317 346 311
362 317 355 310
366 317 363 309
379 317 377 311
388 317 382 310
409 317 397 311
414 317 401 311
357 321 351 316
362 321 356 316
366 321 363 316
370 321 368 316
375 321 373 316
379 321 378 316
388 321 383 315
392 321 387 315
401 321 393 317
418 321 405 332
423 321 411 316
436 321 414 330
383 325 382 321
392 325 387 321
409 330 411 330
