447 68 469 83
458 68 482 84
475 68 493 83
419 73 435 89
424 73 441 89
441 73 458 88
452 73 476 87
475 73 493 89
424 79 440 94
441 79 456 94
452 79 473 92
458 79 480 92
469 79 488 93
475 79 492 93
402 85 421 99
407 85 428 99
419 85 433 101
424 85 439 100
430 85 444 100
452 85 474 97
463 85 486 99
480 85 497 99
486 85 503 99
491 85 509 99
497 85 514 99
391 90 405 109
407 90 422 107
419 90 433 106
424 90 439 105
430 90 444 105
435 90 450 106
441 90 456 106
447 90 468 103
452 90 473 104
480 90 498 104
486 90 503 105
491 90 509 105
497 90 515 105
424 96 439 111
430 96 445 111
435 96 452 112
441 96 462 109
447 96 468 109
452 96 473 110
458 96 478 110
486 96 503 110
491 96 509 110
497 96 515 110
391 101 404 122
402 101 417 117
407 101 422 117
430 101 445 117
447 101 468 113
452 101 473 113
458 101 479 115
469 101 485 115
486 101 503 115
491 101 508 115
391 107 405 126
402 107 417 122
407 107 421 122
413 107 433 124
463 107 479 122
407 113 421 128
413 113 433 130
424 113 444 130
441 113 448 131
447 113 455 131
491 113 507 123
497 113 513 123
503 113 520 124
413 118 433 136
419 118 438 136
430 118 443 136
441 118 449 137
407 124 426 142
413 124 432 142
419 124 437 142
430 124 444 141
379 129 397 144
407 129 425 148
413 129 432 148
419 129 437 148
424 129 442 148
441 129 452 149
469 129 495 135
379 135 396 151
385 135 402 146
441 135 466 144
469 135 495 140
497 135 516 151
503 135 521 151
413 141 435 165
419 141 440 164
486 141 505 152
497 141 516 157
402 146 418 157
391 152 406 157
402 152 418 164
413 152 434 169
475 152 494 169
480 152 500 168
402 157 417 171
413 157 434 174
419 157 440 174
458 157 476 174
475 157 493 174
480 157 499 174
391 163 405 175
396 163 410 176
458 163 475 180
463 163 481 179
480 163 493 184
385 169 400 181
391 169 404 181
463 169 481 184
480 169 493 192
385 174 399 186
391 174 404 186
396 174 410 186
402 174 417 186
413 174 422 186
452 174 468 190
374 180 392 191
385 180 399 192
391 180 404 192
402 180 417 191
447 180 463 195
374 185 391 196
385 185 399 197
391 185 403 198
424 185 447 200
491 185 503 198
419 191 434 204
441 191 450 206
447 191 456 206
469 191 479 197
475 191 486 196
396 197 409 204
402 197 414 204
441 197 451 211
447 197 456 212
469 197 480 207
396 202 410 209
419 202 438 216
424 202 443 216
430 202 445 213
469 202 479 212
475 202 486 209
491 202 501 210
396 208 409 217
407 208 425 221
413 208 432 221
419 208 438 221
435 208 448 219
441 208 454 220
447 208 462 219
452 208 468 220
458 208 472 220
475 208 485 219
402 213 414 227
435 213 449 225
441 213 455 226
447 213 462 225
452 213 467 225
480 213 489 225
486 213 495 226
491 213 502 225
508 213 526 228
413 219 425 234
447 219 460 231
475 219 482 231
486 219 494 231
491 219 501 231
497 219 507 229
503 219 518 232
452 225 466 236
413 230 425 245
419 230 432 244
424 230 437 245
463 230 466 243
475 230 478 243
480 230 484 244
486 230 492 244
419 236 431 249
424 236 436 251
430 236 443 246
435 236 448 247
480 236 484 249
486 236 490 249
508 236 518 246
514 236 523 247
519 236 535 252
525 236 540 253
463 241 470 255
480 241 484 255
486 241 492 254
525 241 540 258
531 241 546 252
402 247 418 258
407 247 423 258
419 247 430 258
424 247 437 259
430 247 442 259
435 247 446 258
491 247 499 262
497 247 505 262
503 247 509 261
508 247 515 262
531 247 545 263
452 253 463 264
458 253 469 265
463 253 475 265
480 253 488 266
486 253 492 266
491 253 499 266
497 253 504 266
503 253 510 267
508 253 515 268
514 253 522 268
536 253 552 265
447 258 463 272
458 258 469 270
463 258 476 270
486 258 492 273
491 258 498 272
497 258 503 272
503 258 509 273
508 258 516 274
514 258 522 274
519 258 528 274
536 258 551 269
396 264 411 279
441 264 457 277
447 264 462 277
458 264 470 276
463 264 474 277
469 264 483 272
475 264 487 272
497 264 499 279
503 264 509 280
508 264 516 280
514 264 522 281
519 264 534 281
536 264 550 282
391 269 398 285
424 269 434 286
430 269 445 287
447 269 462 282
458 269 470 281
475 269 486 278
486 269 492 279
497 269 504 278
508 269 515 286
519 269 532 286
419 275 434 292
424 275 438 293
430 275 444 293
447 275 463 289
452 275 468 288
469 275 481 284
480 275 487 284
486 275 491 284
519 275 532 293
368 281 382 290
374 281 388 290
379 281 392 289
424 281 439 298
430 281 443 298
447 281 463 295
452 281 468 294
458 281 473 293
469 281 485 294
480 281 485 290
519 281 531 299
536 281 549 300
374 286 387 296
379 286 392 295
419 286 433 302
424 286 439 303
430 286 444 304
447 286 461 300
452 286 467 300
458 286 473 299
497 286 507 302
503 286 513 302
536 286 550 305
374 292 386 300
379 292 392 301
452 292 467 305
458 292 473 305
497 292 506 306
503 292 512 307
508 292 520 308
519 292 524 314
531 292 543 311
379 297 391 306
458 297 472 312
486 297 502 308
503 297 513 314
508 297 520 315
452 303 478 313
458 303 473 318
503 303 514 319
407 309 415 320
413 309 421 320
419 309 427 321
419 314 426 326
430 314 432 325
447 314 466 329
