409 44 513 131
426 44 515 138
420 50 509 134
426 50 510 138
450 50 516 172
444 56 504 169
450 56 507 175
438 62 496 171
438 68 492 174
444 68 493 178
456 68 497 183
480 79 489 206
509 79 507 199
515 85 497 229
515 91 492 231
533 97 492 264
403 109 446 157
533 121 472 266
533 127 465 268
409 144 438 173
409 156 426 177
414 156 429 183
409 162 419 179
379 174 406 157
385 174 408 162
349 180 374 123
349 192 349 126
338 216 335 124
338 221 331 126
326 227 321 117
373 233 333 171
320 239 310 113
326 239 313 119
320 251 300 116
326 251 298 130
409 257 325 205
355 263 299 150
397 263 315 196
409 263 319 209
414 263 321 215
349 269 290 147
420 269 317 221
349 275 285 148
426 275 314 225
361 281 284 161
391 281 301 195
450 287 312 245
456 287 309 250
426 292 299 227
444 292 304 241
450 292 307 247
444 298 298 243
450 298 301 249
414 310 274 222
420 310 276 228
426 310 278 235
438 310 281 242
444 310 283 248
450 310 288 252
