403 50 415 49
409 50 421 49
414 50 428 48
420 50 433 48
426 50 441 48
444 50 453 46
403 56 416 54
409 56 422 54
414 56 428 54
438 56 447 50
444 56 453 51
450 56 460 51
456 56 466 51
462 56 471 52
468 56 477 51
420 62 435 57
438 62 446 56
450 62 459 56
456 62 465 56
468 62 476 57
474 62 482 57
403 68 411 66
426 68 434 62
432 68 440 60
438 68 446 61
486 68 500 66
409 73 414 83
426 73 433 67
432 73 439 67
450 73 452 63
456 73 464 68
486 73 500 71
491 73 490 64
497 73 495 64
385 79 395 79
403 79 409 89
409 79 414 89
420 79 428 86
474 79 488 76
480 79 494 78
486 79 500 78
491 79 505 77
521 79 529 80
385 85 394 85
474 85 487 83
491 85 506 84
515 85 525 85
521 85 529 85
379 91 388 90
385 91 395 90
444 91 444 104
515 91 525 90
527 91 531 90
533 91 536 91
539 91 535 85
379 97 388 95
385 97 395 94
409 97 414 109
509 97 518 96
515 97 524 96
533 97 536 96
545 97 541 92
379 103 388 100
385 103 394 100
391 103 403 95
397 103 410 95
420 103 432 104
491 103 480 112
497 103 485 112
515 103 523 102
521 103 528 102
533 103 536 102
539 103 540 104
545 103 546 105
373 109 382 107
414 109 423 109
420 109 432 109
480 109 467 117
486 109 473 117
491 109 479 118
497 109 485 118
527 109 530 107
533 109 535 109
539 109 540 109
545 109 545 110
397 115 393 137
403 115 400 138
414 115 424 116
527 115 529 114
533 115 535 114
539 115 539 115
545 115 546 115
397 121 393 143
521 121 522 123
527 121 529 122
533 121 535 120
539 121 538 127
367 127 377 119
373 127 382 118
391 127 388 148
397 127 392 148
444 127 449 117
521 127 520 132
527 127 528 129
533 127 533 129
539 127 537 134
545 127 542 136
403 133 414 120
438 133 444 124
450 133 461 124
456 133 466 125
521 133 520 139
527 133 527 139
539 133 537 141
403 139 414 127
456 139 465 130
521 139 519 145
527 139 525 145
533 139 531 146
391 144 387 162
403 144 413 133
409 144 418 128
456 144 464 137
468 144 472 135
515 144 513 152
521 144 519 152
527 144 524 153
533 144 530 153
391 150 387 167
409 150 419 133
456 150 463 143
509 150 507 157
515 150 513 158
521 150 518 159
527 150 524 159
533 150 530 159
403 156 413 139
409 156 419 140
450 156 454 148
456 156 460 149
462 156 472 149
515 156 512 164
521 156 518 163
527 156 524 164
409 162 418 146
414 162 424 147
450 162 454 153
456 162 459 160
462 162 466 160
468 162 471 160
515 162 512 169
521 162 518 169
527 162 524 169
409 168 418 151
414 168 424 152
420 168 429 152
438 168 446 155
450 168 454 159
462 168 465 167
468 168 478 161
474 168 483 162
515 168 512 175
521 168 518 175
403 174 414 158
414 174 423 157
438 174 446 160
462 174 464 172
468 174 471 172
474 174 481 168
521 174 518 182
403 180 415 164
414 180 422 163
432 180 441 165
438 180 446 166
444 180 451 167
468 180 470 179
474 180 477 178
414 186 423 169
432 186 440 171
438 186 445 172
491 186 493 182
497 186 500 182
503 186 505 182
509 186 512 181
409 192 416 175
426 192 434 176
432 192 439 177
438 192 445 178
444 192 451 179
491 192 494 186
497 192 500 187
503 192 506 187
420 198 428 182
426 198 435 182
432 198 440 182
438 198 446 183
444 198 451 184
491 198 493 193
497 198 500 193
503 198 503 199
414 204 414 210
432 204 440 189
438 204 446 188
450 204 464 185
456 204 469 185
486 204 487 199
491 204 494 198
497 204 500 199
403 210 414 194
450 210 464 190
456 210 468 191
486 210 487 205
491 210 493 205
497 210 499 205
326 216 327 208
338 216 340 209
432 216 430 224
491 216 493 211
497 216 499 211
326 221 327 214
332 221 333 215
338 221 341 214
367 221 363 216
373 221 369 215
414 221 412 225
426 221 424 229
432 221 430 230
320 227 322 217
326 227 327 218
332 227 334 219
343 227 341 221
414 227 412 229
444 227 448 220
343 233 340 227
367 233 370 228
420 233 422 237
438 233 443 226
444 233 449 225
480 233 477 235
320 239 322 227
326 239 328 227
367 239 371 234
438 239 442 231
480 239 477 241
326 245 327 231
332 245 334 232
361 245 364 240
367 245 370 241
432 245 435 237
320 251 321 236
326 251 332 237
332 251 338 237
385 251 388 248
420 251 425 243
426 251 430 244
432 251 436 244
480 251 477 252
320 257 326 242
326 257 331 242
385 257 374 247
397 257 394 254
426 257 430 250
432 257 436 250
480 257 477 258
320 263 325 248
338 263 345 244
343 263 351 245
349 263 357 245
355 263 362 245
397 263 393 259
403 263 399 259
426 263 430 255
468 263 462 270
474 263 469 269
338 269 345 250
343 269 351 250
349 269 356 249
361 269 364 251
367 269 369 252
462 269 456 275
468 269 462 275
474 269 469 276
338 275 343 256
343 275 348 255
361 275 364 256
468 275 463 281
468 281 463 287
349 287 351 264
355 287 358 265
361 287 366 265
438 287 439 278
450 287 452 275
426 292 428 278
432 292 434 279
444 292 447 281
450 292 452 282
456 292 458 282
373 298 374 277
391 298 391 278
409 298 414 283
414 298 420 283
420 298 427 284
432 298 434 285
438 298 440 287
444 298 446 286
450 298 452 287
456 298 458 288
391 304 390 284
397 304 395 285
432 304 433 291
438 304 440 291
444 304 446 292
450 304 452 292
456 304 456 300
414 310 421 298
426 310 426 296
432 310 432 297
438 310 438 298
444 310 444 299
450 310 450 304
