444 176 456 103
477 176 458 90
494 176 473 84
444 181 460 111
449 181 466 111
505 181 518 109
433 187 430 142
444 187 462 119
449 187 467 117
510 193 509 111
416 198 410 173
494 198 495 114
416 204 413 179
421 204 358 292
433 204 433 172
444 204 441 170
421 209 421 183
421 215 442 155
427 215 458 135
488 215 495 131
549 215 530 126
383 220 394 192
399 220 409 188
405 220 415 185
416 220 447 147
433 220 459 140
438 220 465 138
399 226 411 194
416 226 450 151
433 226 464 146
438 226 468 144
444 226 475 142
549 226 534 141
433 232 465 154
438 232 471 150
444 232 477 148
371 237 386 209
377 237 392 206
383 237 397 205
388 237 404 203
433 237 467 162
438 237 472 159
449 237 479 155
360 243 375 221
366 243 381 218
371 243 388 215
377 243 393 214
383 243 400 212
388 243 407 210
394 243 415 207
433 243 470 168
438 243 475 166
477 243 504 133
510 243 509 156
360 248 376 226
366 248 382 224
371 248 391 220
383 248 424 189
421 248 466 175
383 254 426 196
410 254 388 290
394 259 440 193
405 259 384 300
416 259 391 295
505 259 512 185
366 265 396 243
371 270 420 221
377 270 426 218
388 270 433 217
394 270 439 214
399 270 445 210
388 276 435 222
360 282 362 276
399 282 447 220
421 282 477 196
444 282 476 218
466 282 491 212
383 287 431 233
388 287 436 230
394 287 442 228
438 287 473 226
444 287 477 225
455 287 486 222
310 293 335 309
388 293 435 245
399 293 441 243
405 293 448 242
421 293 461 237
433 293 469 234
438 293 475 232
449 293 482 230
455 293 487 228
360 298 410 261
366 298 416 258
377 298 424 258
394 298 437 253
399 298 443 250
433 298 471 241
310 304 339 321
316 304 346 319
360 304 411 268
371 304 418 266
377 304 425 265
394 304 439 260
399 304 445 259
421 304 420 324
427 304 465 253
438 304 478 241
444 304 483 238
310 309 342 328
355 309 402 285
366 309 415 276
377 309 421 273
388 309 435 269
394 309 441 268
427 309 467 258
438 309 475 256
355 315 405 291
366 315 415 283
399 315 444 273
421 315 449 294
305 320 345 340
355 320 406 298
394 320 441 288
366 326 415 303
371 326 423 300
383 326 429 299
332 332 390 319
349 332 398 318
355 332 404 315
360 332 411 312
383 332 431 307
321 337 378 347
327 337 384 345
366 337 418 310
371 337 424 308
321 348 364 358
327 348 371 356
349 348 389 357
355 348 395 356
