439 89 439 77
406 95 412 79
417 95 422 78
439 95 439 83
422 100 423 83
428 100 428 83
461 100 462 90
350 106 364 88
428 106 427 89
433 106 433 90
450 106 450 90
461 106 461 97
372 117 374 99
378 117 379 100
444 117 445 102
450 117 450 101
461 117 463 102
467 117 468 103
372 122 375 105
439 122 440 108
450 122 450 108
355 128 370 106
456 128 462 115
355 134 369 111
433 173 437 149
367 189 379 159
367 195 379 164
361 206 373 186
394 239 395 216
494 239 499 214
372 245 372 221
456 245 457 212
489 245 493 219
444 250 447 217
489 250 492 224
494 250 503 242
450 256 453 223
489 256 494 232
494 256 499 232
344 261 353 233
350 273 364 239
344 278 353 249
350 278 358 249
361 278 364 245
367 278 372 245
378 284 383 251
344 289 354 256
350 289 360 261
339 295 349 266
344 295 354 261
378 295 389 257
467 295 467 253
478 295 479 254
500 295 504 255
367 300 370 274
372 300 383 263
378 300 388 264
411 300 410 269
456 300 457 258
461 300 462 258
472 300 474 260
478 300 480 261
483 300 486 261
361 306 364 279
367 306 369 279
378 306 387 268
456 306 457 270
461 306 462 264
467 306 469 271
472 306 475 270
483 306 486 270
361 312 364 284
417 312 415 274
428 312 422 268
456 312 457 275
461 312 462 275
467 312 470 275
472 312 475 276
478 312 481 277
494 312 498 277
417 317 416 281
461 317 463 281
467 317 470 281
472 317 476 281
478 317 479 282
494 317 497 284
350 328 358 297
367 328 376 297
372 328 381 297
394 328 399 292
