405 169 435 192
379 173 411 148
387 186 357 205
396 186 430 161
379 191 340 207
383 191 346 210
374 195 333 205
387 195 352 219
366 199 320 207
370 203 330 211
357 212 261 241
366 212 268 243
370 212 275 246
418 212 377 279
422 212 384 279
452 216 428 192
349 221 254 246
374 221 310 301
418 221 374 287
422 221 382 289
461 229 376 257
392 238 467 210
469 242 390 284
379 251 360 288
413 251 293 288
396 255 291 311
400 255 282 294
400 260 281 299
457 268 299 270
457 273 328 316
465 273 335 317
323 277 251 277
357 277 287 334
439 277 300 314
448 277 308 316
452 277 312 318
323 281 249 281
439 281 298 319
336 286 267 296
457 286 471 218
370 290 269 311
379 307 364 252
405 316 284 338
409 333 295 327
413 333 302 330
413 337 300 335
422 342 308 339
