446 121 455 155
416 126 423 156
441 131 446 163
446 131 451 162
446 137 451 167
502 152 485 169
375 157 374 175
477 157 452 204
502 157 486 174
507 157 490 174
512 157 494 173
517 157 498 171
396 162 386 180
456 162 407 192
467 162 405 227
487 162 462 202
507 162 491 178
512 162 495 178
436 167 413 208
487 167 443 189
502 167 487 183
507 167 492 183
523 167 513 190
528 167 522 205
421 172 402 218
426 172 406 217
431 172 410 214
446 172 447 172
497 172 466 224
502 172 487 187
533 172 527 213
401 177 380 228
426 177 406 221
467 177 402 227
482 177 485 254
533 177 527 218
401 182 380 232
451 182 451 181
456 182 445 244
462 182 450 243
467 182 454 242
517 182 513 221
390 187 366 250
396 187 372 251
401 187 380 236
502 187 471 201
507 187 474 201
512 187 510 248
396 192 376 240
426 192 412 183
482 192 489 258
492 192 466 232
502 192 470 236
507 192 474 205
512 192 511 252
517 192 513 231
523 192 499 187
492 198 466 236
497 198 466 242
502 198 470 241
517 198 510 236
523 198 518 235
528 198 522 235
365 203 354 258
375 203 359 260
406 203 386 270
421 203 397 270
426 203 441 247
441 203 444 230
451 203 417 208
497 203 467 246
502 203 489 235
507 203 492 235
512 203 497 196
523 203 519 239
375 208 359 263
390 208 372 266
406 208 387 275
421 208 398 275
441 208 445 234
446 208 449 233
467 208 388 222
507 208 492 239
523 208 515 244
528 208 519 243
456 213 456 198
467 213 489 241
523 213 515 248
533 213 524 244
538 213 527 244
396 218 368 258
523 218 519 249
446 223 408 279
528 223 524 253
390 228 363 266
431 228 398 284
436 228 403 283
507 228 504 267
512 228 506 266
528 228 517 260
533 228 521 261
431 233 400 288
436 233 404 287
441 233 408 287
502 233 477 288
512 233 507 271
528 233 517 265
390 238 363 272
396 238 367 272
441 238 407 291
467 238 425 287
472 238 430 286
477 238 436 285
507 238 482 294
517 238 508 273
523 238 513 271
528 238 517 270
533 238 520 269
497 243 474 298
507 243 504 280
523 243 512 275
528 243 516 274
482 248 460 303
487 248 465 303
517 248 507 283
523 248 511 280
441 253 426 309
472 253 422 304
517 253 507 288
497 258 473 302
492 269 466 311
507 269 504 295
365 279 391 304
319 289 350 290
324 299 356 299
335 309 366 307
416 325 426 326
