-0.4766846895217896 0.2327206581830978 -0.8477102518081665 0.3158840537071228 
0.4091310203075409 0.9122481346130371 0.02037542872130871 -0.004105045460164547 
0.7780638933181763 -0.3371119201183319 -0.5300679802894592 0.2178470343351364 
0 0 0 1 

-0.5907217860221863 0.08480019122362137 -0.8024066686630249 0.2899149954319 
0.3111544549465179 0.9414852857589722 -0.1295697242021561 0.04547914117574692 
0.7444665431976318 -0.326212078332901 -0.5825417637825012 0.233609676361084 
0 0 0 1 

-0.6853765845298767 -0.006550399120897055 -0.7281589508056641 0.262527734041214 
0.2040447592735291 0.9581726789474487 -0.200675904750824 0.06962502747774124 
0.6990165114402771 -0.2861156761646271 -0.6553725004196167 0.2586066424846649 
0 0 0 1 

-0.7334027886390686 -0.07708048075437546 -0.6754101514816284 0.2430431097745895 
0.1079199984669685 0.9677489399909973 -0.2276296615600586 0.07915076613426208 
0.6711732745170593 -0.2398345023393631 -0.7014312148094177 0.2732522785663605 
0 0 0 1 

-0.7248573303222656 -0.1721625626087189 -0.6670395731925964 0.2351389974355698 
-0.01894648373126984 0.9728849530220032 -0.2305123507976532 0.08127661794424057 
0.6886383295059204 -0.1544505208730698 -0.7084646821022034 0.2727797031402588 
0 0 0 1 

-0.7654511332511902 -0.1972480714321136 -0.6125171184539795 0.2194561958312988 
-0.07298902422189713 0.9723324775695801 -0.2219058275222778 0.07728040963411331 
0.6393407583236694 -0.1251510977745056 -0.7586698532104492 0.2908464968204498 
0 0 0 1 

-0.7602584958076477 -0.2152069658041 -0.6129379272460938 0.2175707966089249 
-0.145845353603363 0.9759902954101562 -0.1617777645587921 0.05138977989554405 
0.6330372095108032 -0.03359878063201904 -0.7733919620513916 0.2927317023277283 
0 0 0 1 

-0.7649468183517456 -0.179096519947052 -0.6186923384666443 0.2194523513317108 
-0.1722156405448914 0.9824628829956055 -0.07147304713726044 0.01333727594465017 
0.6206428408622742 0.05187540501356125 -0.7823750972747803 0.2918879985809326 
0 0 0 1 

-0.7606825828552246 -0.091553695499897 -0.6426346898078918 0.2202261835336685 
-0.1328833252191544 0.991000771522522 0.01610912382602692 -0.02349433861672878 
0.6353765726089478 0.09764938056468964 -0.7660029530525208 0.2834237515926361 
0 0 0 1 

-0.7529710531234741 -0.1002608835697174 -0.6503705978393555 0.2217391580343246 
-0.1358372569084167 0.9907207489013672 0.004537421744316816 -0.01815669238567352 
0.6438807249069214 0.09176111966371536 -0.7596032619476318 0.2813121378421783 
0 0 0 1 

