398 175 365 196
403 175 371 197
380 180 343 206
394 180 363 201
403 180 371 203
408 180 381 200
384 184 348 213
394 184 357 206
398 184 363 208
403 184 371 208
408 184 376 208
426 184 407 195
403 189 367 214
408 189 374 214
417 189 387 210
449 189 439 193
403 194 366 221
408 194 373 221
412 194 379 221
421 194 392 212
431 194 406 213
412 203 372 234
417 203 377 235
421 203 383 235
426 203 392 229
449 203 430 217
459 203 437 217
417 208 377 240
421 208 381 241
426 208 389 236
431 208 389 243
445 208 400 243
412 212 371 241
431 212 389 248
356 217 322 235
361 217 327 235
366 217 333 235
412 217 369 246
421 217 378 248
426 217 382 248
440 217 393 249
445 217 400 251
449 217 407 252
356 222 321 239
361 222 326 239
366 222 332 240
412 222 368 252
421 222 376 253
440 222 394 254
445 222 399 255
449 222 405 256
449 226 404 261
333 231 267 276
338 231 271 278
459 231 412 265
463 231 418 266
468 231 424 266
375 236 338 255
459 236 411 271
463 236 417 271
468 236 422 271
324 240 260 283
333 240 266 290
459 240 410 276
463 240 417 276
468 240 422 277
468 245 422 282
459 250 409 283
463 250 416 283
417 254 378 273
310 259 253 289
310 263 253 294
431 268 387 293
421 273 375 302
342 277 287 317
366 291 292 329
454 291 377 341
366 296 292 336
370 296 298 333
408 296 311 327
328 301 274 328
375 301 302 337
440 315 356 363
375 319 313 358
384 319 319 352
435 319 351 367
403 324 332 358
408 324 337 358
394 329 326 365
398 329 330 365
394 333 318 363
412 333 336 367
412 338 335 371
394 343 319 371
403 343 324 371
408 343 329 372
408 347 330 378
412 347 334 379
