364 73 386 72
364 79 386 78
370 79 393 79
376 79 399 78
364 86 386 83
370 86 392 86
376 86 399 85
441 86 455 83
447 86 461 83
453 86 477 82
357 92 379 92
364 92 386 91
370 92 392 91
376 92 399 90
415 92 437 89
421 92 441 90
434 92 447 91
441 92 455 91
447 92 461 91
453 92 476 90
357 99 379 97
364 99 386 98
370 99 392 96
376 99 399 96
402 99 424 96
408 99 432 96
415 99 437 97
421 99 449 97
434 99 455 97
441 99 461 96
460 99 485 98
357 105 379 105
364 105 386 103
370 105 392 103
376 105 399 102
383 105 406 103
396 105 417 102
402 105 424 103
408 105 432 102
415 105 438 103
428 105 449 104
434 105 457 103
441 105 463 101
447 105 473 101
453 105 480 102
357 111 378 112
364 111 386 110
370 111 392 109
376 111 399 110
383 111 406 110
389 111 411 110
396 111 417 110
402 111 425 110
408 111 435 109
415 111 442 109
428 111 450 111
434 111 458 108
441 111 464 109
447 111 474 108
453 111 480 108
357 118 379 119
364 118 385 117
370 118 392 116
376 118 399 116
383 118 407 117
389 118 413 117
396 118 416 118
402 118 424 117
408 118 431 116
415 118 438 117
421 118 444 115
428 118 452 114
434 118 459 113
441 118 467 114
447 118 474 114
453 118 480 114
357 124 378 126
364 124 385 125
370 124 393 124
376 124 400 123
383 124 407 124
389 124 413 124
396 124 418 124
402 124 426 122
408 124 432 123
415 124 437 123
421 124 443 122
428 124 452 121
441 124 468 121
447 124 474 121
453 124 480 121
460 124 486 120
357 131 379 132
364 131 385 129
370 131 392 129
376 131 400 130
383 131 407 130
389 131 413 130
396 131 418 130
402 131 426 128
408 131 432 127
415 131 438 130
421 131 443 129
428 131 454 129
434 131 462 128
453 131 480 128
460 131 486 127
357 137 379 136
364 137 386 135
370 137 393 135
376 137 400 136
383 137 407 136
389 137 413 136
396 137 419 136
415 137 439 134
421 137 449 135
434 137 458 135
441 137 465 135
447 137 474 134
453 137 480 135
460 137 486 135
357 143 380 141
364 143 387 141
370 143 392 141
376 143 399 141
383 143 406 141
389 143 412 141
396 143 419 141
402 143 425 141
408 143 432 141
415 143 439 140
421 143 445 141
428 143 452 141
434 143 458 141
441 143 465 141
453 143 480 140
460 143 486 141
357 150 379 148
364 150 386 148
370 150 393 147
376 150 399 147
383 150 407 147
389 150 412 147
396 150 418 146
402 150 424 146
408 150 431 146
434 150 458 145
447 150 474 145
351 156 373 156
357 156 379 155
364 156 386 157
370 156 394 156
376 156 399 154
383 156 407 154
396 156 418 154
402 156 424 154
408 156 431 153
415 156 438 154
428 156 450 153
434 156 459 153
441 156 465 152
453 156 481 150
460 156 486 152
351 163 373 168
357 163 379 163
364 163 386 163
370 163 393 168
376 163 399 162
396 163 418 161
408 163 431 162
415 163 437 160
434 163 458 160
441 163 466 159
447 163 474 156
460 163 487 159
351 169 373 174
357 169 379 170
364 169 386 174
370 169 394 175
376 169 399 169
383 169 406 168
408 169 430 168
434 169 458 166
441 169 465 166
447 169 477 161
453 169 484 160
357 176 378 174
370 176 393 182
376 176 400 175
383 176 407 173
421 176 446 168
434 176 458 173
441 176 465 172
370 182 393 196
376 182 400 188
415 182 437 176
370 188 392 201
376 188 399 200
466 188 494 184
473 188 500 184
370 195 392 209
376 195 399 206
383 195 406 201
396 195 418 193
441 195 470 186
370 201 392 214
383 201 407 207
402 201 426 200
351 208 373 213
357 208 386 211
408 208 392 219
434 208 463 194
383 214 406 213
383 221 406 220
389 221 412 219
396 221 419 219
402 221 426 219
408 221 432 219
415 221 438 218
421 221 445 213
428 221 453 212
389 227 412 226
396 227 419 225
402 227 426 224
408 227 432 224
415 227 439 225
421 227 446 224
351 233 375 234
383 233 406 232
389 233 412 232
396 233 419 232
402 233 426 231
344 240 367 241
351 240 375 240
357 240 380 241
364 240 386 239
370 240 393 238
376 240 400 238
383 240 408 238
389 240 414 237
396 240 420 238
408 240 438 238
453 240 471 237
344 246 368 246
351 246 375 246
357 246 380 245
364 246 387 245
370 246 395 245
376 246 400 245
383 246 407 244
389 246 413 245
396 246 420 244
415 246 446 245
441 246 458 243
447 246 465 243
453 246 479 246
344 253 368 253
351 253 375 252
357 253 380 251
364 253 387 252
370 253 395 251
376 253 401 251
383 253 407 251
389 253 413 251
396 253 420 250
447 253 465 249
453 253 479 251
344 259 368 265
351 259 375 259
357 259 381 258
383 259 406 258
389 259 414 258
396 259 420 258
421 259 451 257
447 259 470 256
460 259 490 258
344 265 368 272
351 265 375 265
364 265 389 265
370 265 395 265
376 265 400 265
383 265 407 265
389 265 414 265
396 265 421 266
402 265 428 264
415 265 440 264
421 265 447 264
434 265 463 263
441 265 469 263
447 265 475 262
344 272 368 277
351 272 374 272
357 272 382 271
364 272 388 271
370 272 394 271
376 272 401 271
383 272 407 271
389 272 414 271
396 272 421 273
402 272 428 271
408 272 434 270
415 272 441 271
421 272 447 271
428 272 452 271
441 272 469 270
447 272 476 270
351 278 375 280
357 278 382 277
364 278 387 278
370 278 395 277
389 278 414 278
396 278 421 279
402 278 427 278
408 278 434 278
415 278 441 278
421 278 447 277
428 278 451 277
434 278 464 277
441 278 470 277
447 278 475 278
344 285 369 286
351 285 376 285
357 285 382 285
364 285 388 285
370 285 398 284
376 285 405 283
389 285 414 286
396 285 421 285
408 285 434 285
415 285 442 284
428 285 452 284
434 285 464 283
441 285 469 283
447 285 476 285
344 291 369 291
351 291 376 292
357 291 382 292
383 291 408 292
389 291 415 292
396 291 422 291
402 291 428 291
408 291 434 292
415 291 442 290
428 291 454 290
434 291 463 290
441 291 469 291
447 291 476 290
338 298 362 297
351 298 376 298
357 298 382 298
383 298 408 299
389 298 415 299
396 298 422 299
402 298 427 299
408 298 433 299
415 298 444 297
428 298 454 297
434 298 463 297
441 298 469 297
447 298 476 296
338 304 362 303
344 304 369 304
351 304 376 305
357 304 383 305
364 304 394 304
402 304 426 309
408 304 432 308
415 304 440 308
434 304 463 304
441 304 469 304
447 304 476 304
338 310 362 310
344 310 369 311
351 310 376 312
357 310 383 312
364 310 392 313
370 310 398 312
402 310 427 315
408 310 432 315
447 310 476 310
344 317 369 317
351 317 376 318
357 317 384 319
389 317 418 315
415 317 440 318
338 323 362 323
344 323 369 323
351 323 377 324
357 323 383 325
364 323 392 324
376 323 402 325
383 323 407 324
389 323 418 323
421 323 447 325
441 323 470 321
447 323 477 316
338 330 362 333
344 330 369 330
351 330 376 329
357 330 382 329
364 330 390 331
370 330 397 331
389 330 416 331
402 330 428 330
408 330 435 330
415 330 442 330
441 330 470 329
447 330 478 327
338 336 363 339
344 336 370 337
351 336 376 337
357 336 383 338
364 336 390 338
370 336 396 337
376 336 400 337
383 336 409 336
389 336 416 337
396 336 423 337
402 336 429 337
408 336 435 337
421 336 452 342
428 336 457 341
441 336 470 336
447 336 478 333
338 342 364 344
344 342 370 345
351 342 377 344
357 342 383 344
364 342 390 344
370 342 395 344
376 342 402 344
383 342 410 344
389 342 416 344
396 342 423 344
441 342 471 343
447 342 478 340
338 349 363 350
344 349 370 351
351 349 376 351
357 349 383 351
364 349 389 351
370 349 395 351
376 349 402 351
383 349 410 351
389 349 417 351
396 349 423 351
402 349 429 350
415 349 442 350
421 349 449 350
428 349 458 351
434 349 464 350
441 349 472 350
447 349 478 346
344 355 370 358
351 355 375 358
357 355 383 358
364 355 391 358
370 355 396 358
376 355 401 358
383 355 409 357
389 355 416 357
396 355 422 357
402 355 429 357
408 355 434 357
415 355 441 357
421 355 448 357
428 355 457 357
434 355 464 357
441 355 472 356
447 355 478 353
389 362 413 363
396 362 422 363
421 362 447 364
428 362 454 364
434 362 461 364
441 362 471 364
