501 127 501 129
465 132 465 134
486 132 486 133
496 132 496 133
501 132 501 133
506 132 506 133
450 138 451 139
480 138 480 137
486 138 485 137
491 138 490 137
496 138 495 138
501 138 500 138
506 138 507 138
475 143 475 143
480 143 479 142
486 143 485 143
491 143 489 143
496 143 495 143
501 143 500 143
506 143 507 144
455 148 455 147
460 148 460 147
475 148 474 148
486 148 485 148
491 148 490 148
496 148 494 148
501 148 499 148
506 148 506 149
455 153 448 154
465 153 465 152
470 153 463 155
475 153 475 153
480 153 479 153
486 153 484 153
491 153 490 153
496 153 495 153
501 153 500 154
506 153 506 154
511 153 511 155
388 158 387 158
470 158 464 159
475 158 468 160
480 158 479 159
486 158 485 158
491 158 490 158
496 158 496 159
501 158 501 160
506 158 506 159
511 158 511 159
378 163 373 165
470 163 465 165
475 163 470 164
480 163 479 164
486 163 484 164
491 163 490 164
501 163 501 164
506 163 505 164
414 168 414 166
470 168 465 170
480 168 479 169
506 168 505 168
511 168 510 167
378 174 377 172
393 174 393 171
414 174 413 171
429 174 429 171
434 174 434 171
450 174 439 175
475 174 474 174
496 174 495 171
501 174 499 172
511 174 510 174
516 174 516 175
378 179 378 176
383 179 383 176
393 179 392 176
398 179 393 179
414 179 413 177
429 179 429 177
465 179 464 180
475 179 475 179
480 179 481 180
501 179 500 179
506 179 505 177
516 179 516 180
414 184 418 181
419 184 423 181
424 184 430 180
455 184 449 185
460 184 458 185
465 184 464 184
470 184 469 181
480 184 481 184
501 184 500 184
511 184 510 181
516 184 516 186
367 189 367 189
398 189 398 187
419 189 424 186
424 189 429 185
450 189 444 190
455 189 450 190
465 189 465 190
470 189 469 186
475 189 475 186
506 189 507 195
511 189 512 195
522 189 521 191
403 194 404 192
409 194 409 191
414 194 419 192
419 194 424 191
424 194 429 190
434 194 434 191
450 194 443 196
455 194 449 195
460 194 454 192
465 194 464 196
470 194 469 195
475 194 475 195
491 194 489 197
373 199 372 200
378 199 377 201
383 199 382 201
388 199 387 196
409 199 409 196
414 199 419 196
419 199 424 196
434 199 434 196
450 199 444 201
460 199 459 200
465 199 464 201
470 199 469 201
475 199 475 200
480 199 480 205
506 199 507 207
373 204 372 206
378 204 378 207
383 204 383 207
388 204 387 201
393 204 393 200
398 204 398 200
414 204 419 201
450 204 443 206
455 204 453 205
460 204 459 206
465 204 464 206
378 210 377 211
383 210 382 212
388 210 387 212
393 210 392 206
409 210 414 206
450 210 443 211
455 210 448 211
465 210 464 210
378 215 377 215
383 215 382 216
393 215 392 211
403 215 410 211
409 215 414 211
378 220 377 221
388 220 387 217
393 220 391 216
398 220 399 216
403 220 410 216
414 220 402 209
424 220 430 221
439 220 439 217
445 220 443 217
480 220 475 221
383 225 381 222
388 225 387 223
393 225 392 222
398 225 397 222
434 225 434 223
439 225 439 223
445 225 444 222
470 225 471 221
383 230 382 231
388 230 386 228
393 230 392 228
398 230 397 231
403 230 402 232
429 230 428 228
434 230 433 228
439 230 439 228
445 230 444 228
450 230 450 228
475 230 475 231
480 230 480 231
383 235 382 236
388 235 387 237
393 235 392 236
398 235 397 236
403 235 402 237
419 235 419 231
424 235 424 232
439 235 439 233
445 235 445 233
455 235 448 234
491 235 490 236
496 235 495 237
511 235 505 220
383 240 382 242
388 240 387 241
393 240 393 242
398 240 398 242
403 240 402 241
419 240 419 237
434 240 434 242
445 240 444 241
455 240 448 238
460 240 460 238
465 240 465 237
470 240 470 238
388 246 387 247
393 246 392 247
398 246 399 247
403 246 403 246
424 246 424 247
429 246 428 247
434 246 434 248
439 246 440 246
445 246 445 246
455 246 448 243
460 246 459 243
465 246 464 243
470 246 470 242
388 251 387 252
398 251 398 251
429 251 429 252
434 251 435 253
439 251 440 252
445 251 445 252
455 251 450 248
460 251 455 248
465 251 465 248
470 251 470 247
475 251 475 247
532 251 531 251
537 251 536 252
393 256 392 257
403 256 402 253
409 256 409 253
445 256 444 256
460 256 459 253
465 256 465 253
470 256 470 253
475 256 475 253
486 256 481 256
491 256 485 257
496 256 490 256
527 256 525 258
532 256 530 257
537 256 535 257
393 261 392 262
398 261 393 252
429 261 434 261
439 261 440 262
445 261 444 261
450 261 449 259
460 261 460 261
465 261 465 262
470 261 471 261
491 261 486 261
496 261 490 261
501 261 495 261
527 261 525 262
532 261 530 263
537 261 535 263
393 266 392 267
398 266 397 267
409 266 405 261
414 266 408 262
450 266 450 264
455 266 453 263
470 266 470 267
527 266 521 251
532 266 530 268
537 266 535 268
409 271 403 266
445 271 444 269
480 271 474 268
491 271 491 268
527 271 525 272
532 271 530 272
537 271 536 273
542 271 541 274
424 276 419 266
470 276 470 277
480 276 476 273
491 276 490 274
501 276 499 274
506 276 504 274
527 276 525 278
537 276 536 278
542 276 542 279
424 281 419 273
486 281 485 283
491 281 490 282
496 281 495 282
516 281 516 283
522 281 520 282
527 281 525 283
532 281 530 283
537 281 536 283
542 281 541 283
419 287 414 278
424 287 419 279
429 287 428 294
486 287 485 288
496 287 494 287
501 287 499 287
522 287 521 289
527 287 525 289
532 287 530 289
537 287 536 289
542 287 541 288
547 287 546 288
429 292 429 298
434 292 435 299
439 292 439 298
475 292 479 294
486 292 485 294
496 292 494 294
532 292 530 293
537 292 535 293
429 297 429 303
434 297 434 303
465 297 465 298
486 297 485 299
491 297 491 299
496 297 494 300
501 297 501 299
527 297 526 300
537 297 535 297
547 297 546 298
414 302 412 300
419 302 417 303
424 302 423 303
439 302 439 303
445 302 444 304
450 302 449 304
455 302 453 304
465 302 465 304
470 302 470 304
475 302 475 304
480 302 481 304
486 302 485 304
491 302 491 304
496 302 495 304
506 302 501 303
532 302 532 307
537 302 535 303
419 307 418 308
424 307 423 308
450 307 449 309
455 307 453 309
465 307 460 309
470 307 469 309
475 307 474 309
480 307 480 309
486 307 485 309
491 307 491 309
496 307 496 309
501 307 500 309
537 307 535 309
542 307 542 310
414 312 413 314
419 312 419 314
424 312 424 313
429 312 429 313
445 312 439 315
450 312 449 314
455 312 453 315
460 312 458 314
465 312 464 314
470 312 468 314
475 312 473 314
480 312 479 314
486 312 484 314
491 312 490 314
496 312 495 314
501 312 499 313
511 312 507 313
516 312 512 313
522 312 517 313
532 312 531 314
537 312 535 314
542 312 542 315
547 312 545 314
552 312 551 313
414 317 412 320
419 317 419 319
424 317 424 318
429 317 428 318
450 317 448 320
455 317 454 320
460 317 459 319
465 317 463 319
470 317 468 320
475 317 473 319
480 317 479 319
486 317 484 319
511 317 507 318
516 317 512 319
522 317 517 319
527 317 526 317
532 317 531 319
537 317 535 319
542 317 540 319
547 317 546 319
552 317 551 317
419 323 417 323
424 323 423 324
429 323 429 323
445 323 445 323
450 323 449 324
455 323 454 325
460 323 459 324
465 323 463 324
470 323 468 325
475 323 473 324
480 323 478 324
491 323 491 323
496 323 496 324
506 323 504 324
516 323 512 324
522 323 517 324
527 323 525 323
532 323 530 324
537 323 535 324
542 323 540 324
547 323 546 324
424 328 422 328
429 328 429 328
434 328 434 328
439 328 440 328
445 328 444 328
450 328 448 329
455 328 455 330
460 328 459 330
465 328 463 330
470 328 468 330
486 328 484 329
496 328 496 330
501 328 502 330
506 328 506 329
511 328 510 329
516 328 515 329
522 328 521 329
527 328 526 328
532 328 530 329
537 328 536 328
542 328 541 328
547 328 546 329
414 333 411 333
429 333 428 333
434 333 432 333
450 333 448 334
455 333 455 334
460 333 459 335
465 333 464 335
470 333 468 335
475 333 473 334
480 333 478 335
486 333 484 335
491 333 491 334
496 333 497 334
501 333 502 334
506 333 506 333
516 333 512 335
522 333 521 333
527 333 526 334
532 333 531 334
537 333 535 334
542 333 540 335
547 333 546 334
424 338 422 339
429 338 427 339
434 338 433 339
445 338 450 339
455 338 455 340
460 338 459 340
465 338 464 339
470 338 468 340
475 338 473 339
480 338 479 339
486 338 485 339
491 338 491 338
496 338 496 338
501 338 501 339
506 338 506 339
516 338 512 340
522 338 519 340
527 338 526 339
532 338 530 340
537 338 536 340
542 338 541 339
424 343 422 344
429 343 427 344
434 343 433 345
450 343 450 344
455 343 456 344
460 343 458 344
465 343 463 344
470 343 468 343
475 343 473 344
480 343 479 344
486 343 484 344
491 343 489 344
496 343 495 343
501 343 501 343
506 343 505 344
511 343 510 344
516 343 515 344
522 343 521 344
527 343 527 344
532 343 532 344
424 348 422 349
429 348 428 350
434 348 434 349
439 348 440 350
450 348 450 349
455 348 455 349
460 348 458 349
465 348 463 348
470 348 468 349
475 348 473 349
480 348 479 349
486 348 484 349
491 348 489 350
496 348 495 348
506 348 505 349
511 348 510 349
516 348 515 349
522 348 521 349
527 348 527 349
429 353 429 355
434 353 434 355
445 353 438 354
450 353 445 354
455 353 455 354
460 353 459 354
465 353 463 354
470 353 468 354
475 353 473 353
480 353 478 354
486 353 484 354
491 353 489 355
496 353 494 354
506 353 506 354
511 353 511 354
516 353 517 354
434 359 434 360
439 359 439 360
445 359 445 359
455 359 454 360
460 359 460 360
465 359 464 359
470 359 468 359
475 359 473 359
480 359 478 359
486 359 485 359
491 359 490 360
501 359 501 359
