438 88 459 49
438 92 459 55
442 92 466 55
438 97 458 61
470 102 477 79
447 106 454 72
368 111 354 115
475 111 517 178
349 120 342 119
354 120 348 119
452 120 472 85
373 125 395 168
377 125 400 168
438 125 430 90
470 125 471 174
498 125 483 78
373 130 395 173
377 130 400 173
438 130 430 95
452 130 458 90
498 130 484 84
401 134 442 166
438 134 401 125
503 139 506 126
475 144 465 114
489 144 535 209
354 148 360 120
382 148 441 218
433 148 477 214
373 153 466 162
484 153 471 125
373 158 465 167
377 162 465 171
461 162 482 213
419 167 390 90
424 172 395 90
452 176 466 196
447 181 460 195
452 186 466 201
475 186 477 219
456 190 471 253
461 190 423 185
452 204 501 236
475 204 526 249
484 204 542 260
489 204 547 260
475 209 526 255
340 213 417 267
405 213 494 179
456 213 507 254
475 213 526 261
345 218 377 203
415 218 518 238
456 218 508 260
461 218 513 260
466 218 518 261
415 223 518 243
410 227 512 255
415 227 519 250
470 227 513 272
368 237 418 242
438 237 524 266
410 246 497 272
