438 83 411 53
442 83 415 53
373 92 366 63
410 92 366 79
419 92 397 63
428 92 388 67
438 92 409 59
442 92 414 59
456 92 435 60
373 97 366 68
377 97 371 68
382 97 376 68
410 97 370 85
424 97 383 73
428 97 388 73
447 97 419 59
461 97 440 65
466 97 441 61
368 102 361 73
373 102 367 74
377 102 371 74
405 102 365 91
410 102 370 90
470 102 446 66
475 102 461 71
363 106 354 78
368 106 359 79
401 106 382 79
428 106 404 59
433 106 405 70
438 106 409 79
456 106 424 76
475 106 460 76
368 111 338 99
428 111 404 64
368 116 338 105
419 116 416 150
345 120 333 93
349 120 328 105
354 120 334 104
363 120 348 105
377 120 411 140
494 120 472 87
466 125 424 91
494 125 471 92
498 125 472 83
340 130 315 124
335 134 321 109
456 134 418 129
331 139 315 114
405 139 375 99
410 139 380 101
433 139 408 91
438 139 412 91
466 139 427 134
489 139 451 92
494 139 455 92
368 144 411 155
419 144 392 105
428 144 402 100
433 144 407 97
410 148 376 111
424 148 397 106
326 153 310 129
335 153 326 109
424 153 390 122
428 153 396 119
433 153 401 118
438 153 406 118
442 153 418 103
331 158 315 130
410 158 386 110
428 158 395 126
433 158 401 122
503 158 466 108
508 158 470 109
326 162 310 134
405 162 379 117
410 162 385 116
508 162 470 115
331 167 322 120
405 167 380 122
410 167 384 120
503 167 465 121
508 167 471 120
359 172 372 164
503 172 465 126
508 172 470 126
387 176 352 132
405 176 379 127
415 176 385 127
419 176 390 127
484 176 449 102
410 181 383 133
428 186 406 143
503 186 460 152
331 195 314 152
410 195 384 145
461 199 437 135
489 199 459 130
494 199 464 130
391 204 352 153
461 204 437 140
489 204 460 134
494 204 459 147
498 204 472 131
331 209 313 167
415 209 385 159
433 209 361 157
484 209 455 139
494 209 466 136
345 213 324 167
456 213 427 144
470 213 444 152
475 213 449 151
484 213 454 144
345 218 325 172
349 218 330 173
456 218 427 149
484 218 454 149
456 223 427 156
456 227 427 161
461 227 433 162
480 227 448 162
368 237 346 180
359 241 335 189
368 241 347 185
373 241 340 179
387 241 340 170
438 241 394 176
442 241 399 176
447 241 403 176
415 246 389 181
419 246 388 186
438 246 393 181
442 246 399 181
447 255 409 193
452 255 414 193
391 260 349 200
438 260 398 198
447 260 409 197
452 260 425 193
