397 147 369 193
376 156 354 221
379 156 357 218
382 156 361 214
394 156 373 204
397 156 377 202
352 159 339 242
358 159 343 238
367 159 346 235
370 159 349 232
373 159 353 228
376 159 357 224
379 159 361 221
382 159 364 218
388 159 369 214
349 162 339 249
355 162 343 246
361 162 346 242
367 162 349 238
370 162 352 235
373 162 356 232
376 162 360 228
379 162 364 225
349 165 341 252
355 165 346 249
361 165 348 245
364 165 351 242
349 168 344 256
361 168 351 248
349 171 347 259
397 180 399 229
388 183 391 247
391 183 395 244
394 183 398 235
397 183 402 232
397 186 404 235
412 192 446 251
391 195 404 249
397 195 409 246
400 195 412 243
421 195 426 229
397 198 412 249
400 198 414 246
379 201 394 266
382 201 397 261
367 204 383 275
376 204 394 272
379 204 397 268
382 204 401 264
394 204 411 256
397 204 416 253
382 207 404 267
391 207 408 260
394 207 415 259
397 207 419 256
370 210 394 280
379 210 401 273
388 210 406 266
391 210 410 263
394 210 418 263
364 213 382 281
379 213 405 276
382 213 408 273
391 213 414 266
379 216 406 279
388 216 411 271
388 219 414 273
391 219 416 270
394 219 420 267
403 219 448 283
391 222 420 273
394 225 425 272
409 225 436 262
385 228 416 284
388 228 420 281
382 231 416 290
397 231 431 277
370 234 411 301
376 234 416 297
385 234 421 288
403 234 437 279
385 237 424 292
391 237 427 287
394 237 430 285
382 240 424 298
385 240 427 296
391 240 430 290
394 240 432 288
415 240 456 270
421 240 460 266
430 240 471 256
376 243 423 306
385 243 430 298
394 243 435 292
412 243 456 274
415 243 459 272
424 243 465 266
430 243 473 259
364 246 412 315
367 246 416 313
412 246 459 278
415 246 462 275
424 246 466 272
364 249 415 319
367 249 418 316
370 249 421 313
430 249 478 271
433 249 481 268
364 252 417 323
409 252 447 290
427 252 477 276
430 252 481 274
433 252 484 272
367 255 423 319
376 255 428 312
388 255 437 305
391 255 440 302
409 255 450 292
418 255 460 286
427 255 480 280
430 255 484 277
370 258 426 323
388 261 441 310
391 261 444 307
394 261 447 303
367 264 429 333
370 264 431 330
382 264 439 317
391 264 446 310
415 264 461 305
382 267 443 320
388 267 446 316
391 267 449 313
382 270 443 327
391 270 453 317
