217 33 271 87
221 33 275 87
200 38 258 91
204 38 262 91
208 38 266 91
217 38 271 91
241 38 296 90
270 38 355 87
200 42 260 96
204 42 263 95
212 42 268 95
217 42 272 94
229 42 301 91
241 42 295 94
266 42 352 91
200 46 260 100
233 46 306 95
250 46 310 98
246 50 307 102
250 50 310 102
274 50 331 96
324 50 380 88
328 50 384 87
332 50 389 87
246 54 320 106
266 54 352 101
324 54 381 93
328 54 385 91
332 54 389 91
337 54 393 90
250 58 324 109
328 58 386 96
332 58 389 95
233 62 339 115
237 62 346 114
241 62 350 113
262 62 362 115
233 67 339 118
237 67 343 117
258 67 359 117
200 71 263 105
258 71 360 121
221 75 322 126
229 75 334 125
233 75 339 125
237 75 344 124
241 75 348 124
246 75 351 123
258 75 361 124
262 75 364 124
274 75 342 115
332 75 388 112
225 79 326 129
229 79 335 129
233 79 340 129
237 79 345 128
241 79 349 128
246 79 352 127
258 79 361 127
332 79 386 134
225 83 332 137
229 83 335 132
233 83 340 132
237 83 344 132
241 83 349 132
246 83 353 131
254 83 357 131
204 87 302 137
225 87 333 141
229 87 336 136
233 87 341 136
237 87 345 135
241 87 349 135
246 87 353 135
254 87 358 134
258 87 362 134
332 87 390 129
233 91 341 140
250 91 354 139
254 91 358 139
258 91 362 138
266 91 366 138
270 91 370 137
274 91 374 137
328 91 385 154
212 96 317 147
246 96 351 143
250 96 355 143
254 96 358 143
258 96 361 143
266 96 367 142
270 96 370 142
274 96 374 141
279 96 379 139
328 96 386 159
212 100 317 151
241 100 346 147
246 100 352 147
250 100 355 147
254 100 358 147
262 100 365 146
266 100 368 146
270 100 371 145
283 100 380 143
241 104 348 152
246 104 352 151
250 104 356 151
254 104 359 151
262 104 365 150
266 104 369 149
270 104 371 149
279 104 377 148
283 104 380 147
204 108 296 147
250 108 357 155
254 108 359 155
262 108 366 154
266 108 370 153
270 108 372 153
279 108 377 151
204 112 296 150
217 112 283 173
237 112 351 178
241 112 354 177
250 112 357 159
254 112 360 159
262 112 366 158
266 112 370 157
270 112 373 157
279 112 376 156
287 112 381 155
200 116 294 164
217 116 283 177
221 116 333 176
225 116 291 177
237 116 351 181
241 116 355 181
254 116 361 163
262 116 366 161
270 116 369 162
274 116 373 161
283 116 378 159
287 116 381 160
208 120 270 179
221 120 334 179
258 120 361 166
262 120 365 166
270 120 369 165
274 120 373 165
283 120 379 163
287 120 382 164
221 125 339 182
241 125 306 186
258 125 361 169
270 125 371 169
274 125 376 169
279 125 378 168
287 125 382 167
246 129 310 187
270 129 372 173
274 129 376 172
279 129 379 171
287 129 384 171
270 133 372 176
274 133 376 176
212 137 322 185
225 137 293 193
233 137 293 198
237 137 298 197
266 137 369 179
212 141 323 189
258 141 364 183
266 141 369 183
270 141 372 183
279 141 377 182
283 141 380 181
212 145 323 193
258 145 365 188
266 145 369 188
270 145 374 187
274 145 377 187
200 149 262 197
212 149 323 198
225 149 289 197
229 149 289 211
250 149 320 197
258 149 365 192
266 149 370 192
270 149 375 192
274 149 378 190
208 153 320 203
212 153 323 202
225 153 290 202
258 153 366 196
270 153 375 195
200 158 262 203
204 158 266 202
212 158 329 204
258 158 370 200
266 158 374 200
208 162 324 211
212 162 329 208
217 162 334 207
258 162 368 204
266 162 374 204
270 162 378 203
274 162 382 203
208 166 325 215
212 166 330 214
217 166 335 211
258 166 369 208
262 166 372 208
266 166 375 207
270 166 380 207
274 166 383 206
192 170 306 221
196 170 311 220
200 170 315 220
204 170 322 220
208 170 326 219
212 170 330 217
217 170 335 216
262 170 372 212
266 170 376 211
270 170 381 211
274 170 383 209
283 170 389 209
291 170 359 209
192 174 306 224
196 174 310 224
200 174 314 223
204 174 322 224
208 174 326 223
212 174 331 222
217 174 335 221
221 174 340 220
225 174 288 216
262 174 373 216
270 174 381 214
291 174 359 212
196 178 311 229
200 178 316 228
204 178 323 228
208 178 327 227
212 178 331 226
217 178 336 225
221 178 340 224
266 178 377 219
295 178 361 217
299 178 365 216
204 182 323 232
208 182 328 231
212 182 332 230
217 182 337 230
221 182 341 229
295 182 361 222
299 182 369 217
204 187 322 236
208 187 329 235
212 187 333 234
217 187 336 233
225 187 286 228
229 187 290 228
295 187 362 226
204 191 321 240
208 191 325 239
212 191 334 238
217 191 337 237
283 191 370 229
308 191 379 223
312 191 382 223
212 195 334 242
217 195 338 242
295 195 362 234
303 195 375 227
308 195 379 227
312 195 383 226
312 199 370 232
225 203 284 245
291 203 359 238
295 203 362 238
308 203 368 238
254 207 326 247
279 207 304 242
287 207 356 243
291 207 360 242
295 207 363 241
303 207 368 241
308 207 372 241
246 211 316 253
270 211 348 249
274 211 301 247
312 211 376 240
274 216 296 251
303 216 360 250
