567 114 543 110
579 114 577 107
590 114 587 107
596 114 593 106
539 120 527 117
584 120 583 112
590 120 588 112
596 120 594 112
601 120 599 112
612 120 610 112
432 125 436 126
539 125 526 122
584 125 584 118
590 125 590 117
596 125 594 117
601 125 599 118
607 125 605 118
579 131 584 123
590 131 588 123
596 131 594 123
601 131 599 123
607 131 605 123
612 131 611 123
370 136 367 141
376 136 380 140
392 136 379 144
471 136 470 138
596 136 594 128
601 136 599 128
607 136 605 128
612 136 611 128
370 142 367 150
381 142 390 146
387 142 396 145
398 142 415 144
404 142 420 145
415 142 432 145
505 142 498 139
522 142 497 143
601 142 599 134
607 142 600 139
612 142 607 134
381 148 389 152
387 148 396 151
443 148 442 150
449 148 447 150
483 148 487 149
539 148 537 145
545 148 549 143
612 148 611 140
364 153 361 162
370 153 368 157
376 153 374 156
409 153 419 157
415 153 424 157
505 153 503 156
511 153 508 149
545 153 548 148
364 159 361 167
381 159 378 163
387 159 385 162
449 159 448 157
488 159 488 162
494 159 494 161
539 159 526 151
618 159 616 162
364 165 361 173
370 165 368 168
376 165 374 168
381 165 378 169
409 165 420 168
415 165 412 167
421 165 430 167
426 165 447 166
466 165 459 161
539 165 525 157
550 165 554 161
579 165 595 151
370 170 368 175
381 170 379 174
387 170 391 172
409 170 420 173
415 170 412 173
421 170 430 173
426 170 448 172
550 170 553 168
618 170 617 167
364 176 362 180
370 176 368 180
387 176 391 178
421 176 430 180
550 176 551 173
590 176 589 174
596 176 594 173
618 176 618 179
364 182 362 185
370 182 369 186
387 182 390 185
477 182 477 179
483 182 482 179
488 182 487 179
494 182 493 179
612 182 612 188
618 182 618 189
364 187 362 191
370 187 368 191
483 187 482 185
488 187 487 185
494 187 491 185
528 187 539 172
370 193 367 195
488 193 487 190
573 193 567 179
387 199 385 208
392 199 389 207
404 199 402 196
409 199 403 202
415 199 408 201
471 199 466 201
477 199 474 201
409 204 402 208
415 204 408 208
567 204 561 201
381 210 380 218
409 210 402 213
415 210 407 212
466 210 459 208
567 210 560 206
584 215 583 217
590 215 588 218
596 215 593 217
596 221 593 223
601 221 600 224
607 221 606 223
387 227 385 229
392 227 384 224
404 227 401 225
415 227 407 247
471 227 476 235
488 227 488 231
533 227 538 222
590 227 589 229
381 232 379 234
409 232 408 230
449 232 454 241
455 232 459 240
567 232 583 224
607 232 611 242
381 238 378 240
387 238 384 240
438 238 442 246
562 238 577 236
567 238 583 230
584 238 573 231
618 238 617 247
381 244 379 246
387 244 384 247
517 244 514 247
562 244 577 240
584 244 572 236
590 244 582 247
596 244 590 240
392 249 390 252
392 255 390 258
415 255 424 257
528 255 555 251
533 255 561 247
539 255 566 246
404 261 409 264
409 261 414 263
415 261 424 262
443 261 452 258
449 261 458 258
505 261 510 258
528 261 555 257
533 261 560 257
539 261 566 252
545 261 571 252
607 261 612 247
415 266 423 268
426 266 429 269
460 266 468 264
466 266 476 264
500 266 504 264
505 266 509 263
511 266 520 263
528 266 555 262
533 266 561 263
596 266 605 252
500 272 503 270
505 272 509 269
511 272 517 268
517 272 521 269
522 272 526 269
528 272 555 269
533 272 560 268
511 277 509 275
