472 179 489 182
476 179 493 182
479 179 496 182
483 179 500 183
487 179 505 183
490 179 512 184
407 183 421 182
418 183 429 182
454 183 476 184
458 183 465 186
465 183 484 185
479 183 496 188
483 183 501 186
487 183 507 187
490 183 512 188
494 183 515 187
388 186 406 183
392 186 411 184
396 186 414 184
403 186 429 185
410 186 422 185
414 186 426 185
425 186 441 186
454 186 476 188
461 186 481 189
465 186 484 190
468 186 488 190
490 186 511 192
385 190 402 188
388 190 406 188
392 190 410 188
396 190 414 188
407 190 418 188
410 190 422 188
414 190 425 189
425 190 441 190
428 190 445 190
454 190 476 192
461 190 481 193
465 190 484 194
468 190 489 194
490 190 512 195
494 190 515 195
385 193 401 191
388 193 407 192
392 193 410 192
396 193 413 192
399 193 417 192
421 193 437 194
425 193 441 194
428 193 445 194
432 193 452 195
436 193 456 195
439 193 460 195
454 193 475 196
461 193 481 197
465 193 485 197
494 193 515 199
385 197 401 195
454 197 475 200
487 197 507 203
490 197 511 203
494 197 515 203
399 201 418 199
403 201 422 199
407 201 429 199
410 201 432 200
450 201 471 204
454 201 475 204
461 201 482 204
483 201 503 206
487 201 507 206
494 201 514 207
407 204 425 202
450 204 471 208
476 204 495 209
479 204 498 210
483 204 503 209
487 204 507 210
494 204 513 210
498 204 517 213
396 208 413 204
399 208 417 204
403 208 421 204
407 208 424 205
432 208 455 209
472 208 490 213
476 208 495 213
479 208 498 213
483 208 503 213
490 208 507 214
498 208 517 217
432 212 455 214
454 212 475 215
465 212 483 216
476 212 495 216
479 212 499 216
487 212 506 217
490 212 510 217
501 212 518 221
385 215 400 215
388 215 403 215
392 215 407 215
403 215 420 215
421 215 433 217
425 215 436 216
428 215 439 217
436 215 459 219
476 215 495 221
479 215 499 220
483 215 503 220
487 215 507 221
490 215 509 221
494 215 513 221
385 219 400 219
396 219 412 219
418 219 428 220
421 219 432 220
425 219 436 219
428 219 439 220
432 219 443 221
487 219 506 225
490 219 509 226
494 219 513 226
498 219 516 226
388 223 403 223
392 223 407 223
396 223 411 223
414 223 423 224
425 223 436 223
428 223 439 224
432 223 442 228
465 223 474 223
476 223 491 228
479 223 497 225
487 223 506 229
490 223 509 230
494 223 513 230
498 223 516 230
392 226 407 227
414 226 423 227
421 226 432 228
425 226 436 228
428 226 439 230
432 226 442 232
436 226 446 233
476 226 490 231
479 226 494 232
483 226 497 232
490 226 510 233
494 226 512 234
396 230 410 231
410 230 420 231
414 230 424 232
418 230 427 231
425 230 435 232
428 230 439 233
436 230 446 236
458 230 467 234
461 230 470 235
472 230 485 235
479 230 493 236
483 230 497 237
490 230 509 237
494 230 512 237
396 234 410 235
410 234 420 236
414 234 423 236
418 234 427 235
421 234 432 233
425 234 435 237
436 234 446 241
458 234 466 238
461 234 470 238
465 234 475 239
468 234 478 238
472 234 485 238
479 234 493 240
483 234 496 240
487 234 501 240
392 237 408 236
396 237 410 239
421 237 432 236
458 237 465 246
465 237 474 243
468 237 478 242
472 237 481 243
505 237 508 256
410 241 419 240
414 241 422 239
418 241 427 239
421 241 431 240
425 241 435 241
428 241 438 241
432 241 443 241
465 241 473 245
468 241 478 246
472 241 481 247
476 241 485 247
388 244 403 246
392 244 407 247
410 244 419 244
414 244 422 243
418 244 426 244
421 244 430 244
425 244 434 244
436 244 445 245
439 244 449 245
443 244 454 245
447 244 458 245
472 244 480 250
476 244 484 250
479 244 488 250
396 248 410 250
410 248 419 247
414 248 422 247
421 248 430 248
425 248 434 248
428 248 438 248
432 248 441 249
436 248 445 248
443 248 450 248
454 248 461 249
458 248 464 249
465 248 472 250
468 248 476 251
385 252 399 249
410 252 420 250
414 252 422 251
418 252 425 251
421 252 430 252
425 252 434 252
428 252 438 252
432 252 441 252
436 252 445 252
439 252 448 252
447 252 454 252
450 252 457 253
454 252 461 253
458 252 465 253
461 252 468 253
465 252 472 254
468 252 476 254
472 252 480 255
403 255 410 253
410 255 419 254
414 255 422 254
418 255 425 255
421 255 429 256
425 255 434 256
428 255 437 256
432 255 441 256
436 255 444 256
443 255 450 256
447 255 454 256
450 255 457 257
468 255 476 258
407 259 414 258
410 259 418 258
414 259 422 258
418 259 425 259
421 259 429 259
425 259 433 260
428 259 437 260
432 259 441 260
450 259 457 261
454 259 461 262
458 259 464 262
461 259 468 262
465 259 473 263
381 263 391 257
399 263 406 262
410 263 417 262
414 263 421 262
418 263 425 262
421 263 428 263
425 263 433 263
447 263 453 262
461 263 468 265
468 263 477 262
399 266 406 266
414 266 421 266
418 266 425 266
421 266 428 267
425 266 432 266
428 266 437 266
432 266 440 265
443 266 449 265
447 266 452 265
450 266 457 266
454 266 461 265
458 266 464 265
461 266 467 269
465 266 472 269
414 270 421 270
418 270 424 270
421 270 428 271
425 270 432 271
428 270 436 271
432 270 440 269
436 270 443 269
443 270 449 268
447 270 451 269
450 270 456 269
454 270 460 269
458 270 464 270
465 270 472 272
388 274 398 269
392 274 401 269
421 274 428 274
425 274 432 275
428 274 436 274
432 274 440 275
436 274 443 273
447 274 451 273
454 274 456 274
388 277 398 273
392 277 401 274
421 277 427 278
425 277 431 278
428 277 436 279
432 277 439 279
436 277 443 279
443 277 448 276
458 277 459 280
461 277 464 281
476 277 483 282
479 277 486 281
483 277 490 282
385 281 393 277
388 281 397 277
421 281 427 282
425 281 431 282
428 281 436 283
432 281 439 283
436 281 442 283
450 281 448 283
454 281 455 284
458 281 459 285
461 281 463 285
465 281 470 285
468 281 475 285
472 281 479 286
476 281 482 285
479 281 486 286
483 281 490 286
370 284 373 280
425 284 431 286
428 284 436 286
432 284 440 287
436 284 443 287
450 284 447 287
454 284 455 288
458 284 459 288
465 284 471 288
468 284 474 289
472 284 478 289
476 284 481 289
479 284 485 289
370 288 373 284
377 288 383 285
385 288 390 286
388 288 394 286
396 288 403 286
414 288 420 288
418 288 424 288
421 288 428 288
428 288 436 290
432 288 440 291
436 288 443 291
439 288 446 291
458 288 463 292
461 288 467 292
465 288 471 292
468 288 474 292
472 288 478 292
476 288 482 293
381 292 386 289
385 292 390 289
388 292 393 289
392 292 397 290
396 292 401 290
418 292 424 292
421 292 429 291
428 292 436 294
432 292 431 294
439 292 444 295
447 292 451 295
461 292 467 297
465 292 471 296
479 292 482 296
377 295 381 293
381 295 385 293
385 295 389 293
388 295 393 293
392 295 397 293
396 295 401 293
399 295 404 294
414 295 415 294
443 295 442 299
447 295 447 300
461 295 462 297
468 295 474 298
472 295 478 298
377 299 381 296
381 299 385 297
385 299 389 297
388 299 393 296
392 299 396 296
396 299 400 297
399 299 403 297
410 299 411 298
414 299 416 297
418 299 419 298
421 299 423 298
425 299 427 298
428 299 431 299
432 299 435 299
436 299 438 298
458 299 457 300
461 299 462 301
465 299 471 300
468 299 474 301
377 303 381 299
381 303 385 300
385 303 388 300
388 303 391 299
396 303 399 300
399 303 403 300
403 303 407 301
410 303 411 300
414 303 415 300
418 303 419 301
421 303 423 301
425 303 427 301
428 303 431 302
432 303 435 302
436 303 439 302
461 303 462 305
374 306 375 303
377 306 379 303
381 306 383 303
410 306 411 304
414 306 415 305
418 306 419 305
421 306 423 304
432 306 434 306
436 306 438 306
447 306 447 307
450 306 450 307
458 306 457 308
385 310 387 303
388 310 390 303
392 310 394 304
396 310 398 305
399 310 402 305
403 310 406 306
425 310 426 308
428 310 430 307
439 310 438 311
443 310 442 310
447 310 445 311
450 310 450 311
454 310 454 311
458 310 458 311
461 310 461 311
388 314 388 308
396 314 396 308
425 314 426 311
428 314 430 311
432 314 434 311
439 314 437 314
443 314 441 314
450 314 449 315
392 317 391 312
396 317 396 312
399 317 399 312
403 317 403 312
407 317 407 313
428 317 430 315
447 317 445 315
454 317 453 316
458 317 456 316
461 317 465 311
374 321 372 314
381 321 379 315
385 321 383 314
388 321 387 315
392 321 390 316
396 321 394 315
399 321 398 315
425 321 426 318
432 321 431 319
436 321 433 318
450 321 446 319
385 325 382 319
443 325 438 321
385 328 386 320
388 328 390 321
392 328 395 321
399 328 398 321
