1 0 0 -0.01792658120393753 
0 1 0 0.02243540808558464 
0 0 1 -0.3816788792610168 
0 0 0 1 

0.9974602460861206 0.05154627189040184 -0.04915203899145126 0.003111113794147968 
-0.0525725819170475 0.9984203577041626 -0.0198200810700655 0.02664053998887539 
0.04805272817611694 0.02235383354127407 0.9985945820808411 -0.3785631358623505 
0 0 0 1 

0.9733851552009583 0.06473179161548615 -0.2198432981967926 0.07238828390836716 
-0.07093961536884308 0.9972708821296692 -0.02045293152332306 0.02760565467178822 
0.2179193645715714 0.03550418093800545 0.9753207564353943 -0.369332492351532 
0 0 0 1 

0.9408936500549316 0.05909926444292068 -0.3335061967372894 0.1191180497407913 
-0.05849899351596832 0.9982171058654785 0.01185155380517244 0.01579184085130692 
0.3336120247840881 0.00835872720927 0.94267338514328 -0.3567146360874176 
0 0 0 1 

0.9238039255142212 0.07152020186185837 -0.3761263191699982 0.1376099139451981 
-0.06048577278852463 0.9973233342170715 0.04108130931854248 0.008048522286117077 
0.3780576884746552 -0.01520074997097254 0.9256571531295776 -0.3481518030166626 
0 0 0 1 

0.6303116083145142 0.7724552154541016 -0.07758856564760208 0.02574843168258667 
-0.7462294101715088 0.6303945779800415 0.2138788998126984 -0.02439282275736332 
0.214123323559761 -0.07691144943237305 0.9737740159034729 -0.228327676653862 
0 0 0 1 

0.6116401553153992 0.7868402600288391 -0.08233089745044708 0.02572384104132652 
-0.7740897536277771 0.6166983842849731 0.1430655419826508 -0.005009645130485296 
0.1633431017398834 -0.02377305552363396 0.9862828254699707 -0.2291476130485535 
0 0 0 1 

0.5703964233398438 0.8174590468406677 -0.08005296438932419 0.0225556418299675 
-0.8196662068367004 0.5727770328521729 0.008583307266235352 0.030192531645298 
0.05286899954080582 0.06072083115577698 0.9967536330223083 -0.2288498431444168 
0 0 0 1 

0.5369168519973755 0.8407964706420898 -0.06914754956960678 0.01734133251011372 
-0.8406686782836914 0.5263614654541016 -0.1273555904626846 0.06574549525976181 
-0.0706835612654686 0.1265095323324203 0.989443838596344 -0.2239913046360016 
0 0 0 1 

0.5143532156944275 0.8539950847625732 -0.07831247895956039 0.0176374539732933 
-0.8391966819763184 0.4824199080467224 -0.2510367631912231 0.09640017151832581 
-0.1766046583652496 0.1948411911725998 0.9648041725158691 -0.2134478241205215 
0 0 0 1 

