472 152 463 144
478 152 469 143
491 152 488 142
497 152 493 140
428 159 431 151
466 159 456 151
472 159 463 150
478 159 469 150
491 159 484 149
385 165 391 161
391 165 399 160
397 165 407 159
403 165 413 158
410 165 418 158
416 165 424 158
428 165 439 155
435 165 445 154
466 165 458 156
478 165 476 156
485 165 483 154
354 171 336 176
360 171 342 175
378 171 385 169
385 171 392 168
397 171 407 166
403 171 413 165
410 171 418 165
416 171 426 165
466 171 465 162
472 171 469 162
478 171 476 162
485 171 484 161
310 177 323 179
378 177 386 176
385 177 392 175
391 177 398 174
397 177 405 173
403 177 412 172
410 177 418 172
416 177 427 172
466 177 465 168
472 177 470 169
478 177 477 169
272 184 253 197
279 184 290 188
285 184 295 187
291 184 303 186
304 184 317 186
310 184 323 185
316 184 328 184
322 184 347 182
341 184 270 200
378 184 381 182
385 184 387 182
397 184 402 180
403 184 409 179
428 184 440 171
435 184 446 171
441 184 453 170
285 190 297 193
291 190 303 192
297 190 310 192
304 190 317 191
310 190 323 191
316 190 330 190
335 190 349 189
385 190 389 188
397 190 402 187
416 190 425 179
428 190 441 178
435 190 447 178
441 190 453 178
460 190 461 181
229 196 236 206
235 196 241 207
285 196 298 198
304 196 318 197
310 196 325 197
316 196 331 197
322 196 337 196
335 196 357 194
341 196 364 193
347 196 370 192
366 196 376 193
403 196 409 188
410 196 415 187
416 196 427 187
428 196 441 185
460 196 462 187
466 196 467 183
229 202 236 212
235 202 242 213
241 202 248 212
247 202 259 210
304 202 320 203
310 202 325 203
316 202 331 203
322 202 337 202
329 202 350 201
335 202 357 200
347 202 364 200
360 202 369 200
372 202 383 199
385 202 390 198
403 202 411 196
410 202 421 195
416 202 427 194
428 202 441 193
222 209 230 219
229 209 236 218
235 209 241 218
241 209 248 218
285 209 305 206
304 209 321 208
310 209 326 209
316 209 332 209
322 209 337 209
329 209 343 209
341 209 357 208
347 209 364 206
366 209 372 207
372 209 383 206
378 209 390 204
385 209 397 203
391 209 405 203
397 209 410 203
403 209 415 202
410 209 421 201
416 209 428 201
422 209 434 201
428 209 441 200
435 209 446 199
466 209 468 197
229 215 237 225
235 215 242 224
241 215 248 224
285 215 305 213
304 215 322 214
310 215 327 215
316 215 331 216
322 215 338 215
329 215 344 215
341 215 359 213
347 215 365 212
372 215 384 212
378 215 392 211
385 215 398 210
391 215 405 209
397 215 412 208
403 215 416 208
410 215 422 207
416 215 428 207
422 215 435 206
428 215 441 206
435 215 447 205
229 221 237 230
235 221 243 230
241 221 249 231
291 221 307 219
297 221 314 219
304 221 322 221
310 221 327 221
316 221 332 222
322 221 338 222
329 221 344 221
341 221 360 219
347 221 364 219
372 221 384 218
378 221 393 217
385 221 400 216
391 221 406 215
397 221 413 214
403 221 417 214
410 221 423 214
416 221 429 213
422 221 436 213
428 221 444 212
435 221 449 211
229 227 239 238
235 227 244 237
241 227 250 238
285 227 302 226
304 227 320 229
310 227 326 228
316 227 333 228
322 227 339 228
329 227 345 227
335 227 353 226
341 227 359 225
347 227 365 224
378 227 392 223
385 227 400 222
391 227 406 222
397 227 413 221
403 227 418 220
410 227 424 220
416 227 430 220
422 227 437 220
428 227 444 218
229 234 240 246
235 234 246 244
241 234 251 243
297 234 309 237
304 234 320 235
310 234 327 234
316 234 334 234
322 234 339 234
329 234 347 233
335 234 354 232
341 234 360 231
378 234 392 230
385 234 398 229
391 234 407 228
397 234 413 227
403 234 419 226
410 234 424 226
416 234 431 226
422 234 438 225
428 234 444 224
435 234 450 223
460 234 470 220
478 234 484 220
491 234 489 220
497 234 496 219
503 234 504 218
229 240 240 251
235 240 246 250
304 240 316 241
310 240 329 240
316 240 335 240
322 240 341 240
329 240 349 240
335 240 355 240
341 240 360 239
378 240 392 236
385 240 399 236
391 240 406 235
397 240 412 234
403 240 419 233
410 240 426 231
416 240 431 231
422 240 438 231
428 240 444 230
435 240 451 229
441 240 458 228
478 240 484 225
491 240 491 226
503 240 504 224
229 246 240 255
235 246 247 256
241 246 251 257
310 246 331 248
316 246 336 248
322 246 344 248
329 246 349 247
335 246 354 246
347 246 362 244
372 246 387 243
397 246 407 241
410 246 419 239
416 246 431 237
422 246 438 236
428 246 444 235
435 246 452 235
441 246 459 233
447 246 465 233
460 246 470 233
472 246 479 232
478 246 486 232
485 246 491 232
491 246 497 231
235 252 247 262
241 252 253 262
310 252 332 254
316 252 337 254
322 252 344 254
329 252 349 253
335 252 354 252
347 252 365 251
360 252 370 251
366 252 382 249
372 252 388 248
378 252 394 247
391 252 401 247
410 252 427 244
416 252 433 243
422 252 439 243
428 252 445 242
435 252 452 241
441 252 460 239
460 252 471 239
478 252 485 238
485 252 494 237
229 259 240 266
291 259 266 273
310 259 332 260
316 259 339 260
322 259 344 260
329 259 349 259
335 259 355 259
341 259 361 258
354 259 370 258
366 259 377 256
372 259 390 254
378 259 398 253
410 259 428 249
416 259 434 250
422 259 440 249
428 259 445 248
435 259 453 247
447 259 460 246
235 265 248 272
310 265 333 266
316 265 337 266
322 265 345 266
335 265 356 264
341 265 362 264
354 265 371 263
372 265 389 261
378 265 396 261
385 265 402 260
391 265 408 254
416 265 423 257
235 271 249 280
241 271 255 280
285 271 290 231
304 271 326 273
310 271 333 272
316 271 337 271
322 271 344 271
335 271 352 272
354 271 364 271
360 271 370 270
366 271 378 269
372 271 384 269
378 271 389 268
385 271 403 265
235 277 250 288
241 277 257 286
304 277 322 280
310 277 332 279
316 277 338 278
329 277 346 277
235 284 251 294
241 284 257 294
285 284 295 290
291 284 301 290
297 284 308 289
241 290 261 299
