385 76 361 99
391 76 367 99
368 82 345 105
374 82 350 106
380 82 357 106
385 82 362 106
391 82 368 105
447 82 427 99
368 87 346 112
374 87 352 111
380 87 357 112
385 87 363 112
391 87 369 111
396 87 374 111
452 87 417 104
458 87 450 106
464 87 457 106
363 93 341 117
368 93 347 117
374 93 352 118
380 93 357 117
385 93 363 117
391 93 369 117
458 93 450 113
464 93 457 113
475 93 469 112
363 99 341 124
368 99 346 124
374 99 352 123
380 99 358 123
385 99 364 123
402 99 381 121
469 99 463 118
480 99 469 116
368 104 347 130
374 104 353 129
380 104 358 129
385 104 364 128
441 104 423 122
447 104 428 122
363 110 341 136
368 110 347 135
374 110 354 136
380 110 358 135
447 110 429 126
469 110 453 124
497 110 481 121
363 115 342 141
368 115 349 142
374 115 355 142
408 115 394 130
497 115 480 126
357 121 337 148
363 121 343 148
368 121 349 148
391 121 373 134
396 121 377 133
419 121 418 134
452 121 413 135
492 121 471 130
497 121 482 133
368 127 350 153
380 127 361 140
385 127 367 140
391 127 372 139
396 127 377 139
408 127 394 138
492 127 471 135
497 127 478 135
380 132 361 145
391 132 373 144
396 132 383 143
458 132 444 143
464 132 449 143
469 132 453 142
486 132 465 141
492 132 472 140
497 132 481 139
352 138 335 172
357 138 341 171
441 138 402 147
480 138 460 148
497 138 480 146
352 143 336 177
357 143 341 177
374 143 362 157
424 143 408 152
436 143 396 154
475 143 454 155
480 143 460 154
492 143 477 152
385 149 368 158
424 149 410 159
430 149 416 158
436 149 421 162
441 149 427 162
475 149 463 158
492 149 478 157
380 155 363 168
385 155 368 163
430 155 416 170
436 155 422 169
441 155 427 168
458 155 439 168
464 155 444 167
469 155 463 164
486 155 474 165
492 155 478 164
374 160 357 182
430 160 417 176
436 160 422 176
447 160 428 180
452 160 435 179
458 160 440 180
464 160 446 180
469 160 450 172
492 160 479 169
374 166 357 187
391 166 372 186
396 166 378 186
452 166 435 186
458 166 441 186
464 166 446 185
475 166 458 188
363 171 352 182
374 171 357 193
380 171 364 193
391 171 373 192
396 171 378 191
452 171 435 193
458 171 442 192
469 171 454 195
475 171 460 194
480 171 466 194
486 171 472 193
374 177 356 212
419 177 402 196
424 177 407 194
430 177 413 193
436 177 418 192
452 177 435 201
458 177 442 201
464 177 450 200
469 177 454 200
475 177 462 200
346 183 336 195
352 183 342 196
402 183 384 203
408 183 391 202
413 183 398 201
419 183 403 201
424 183 408 200
430 183 413 199
436 183 419 199
441 183 424 198
464 183 450 208
340 188 331 208
352 188 343 202
368 188 354 205
402 188 385 209
408 188 391 208
413 188 398 207
419 188 403 206
424 188 408 205
430 188 413 205
436 188 419 205
441 188 424 204
335 194 326 214
357 194 348 206
402 194 386 215
408 194 391 214
413 194 397 214
419 194 403 212
424 194 409 211
430 194 414 211
436 194 419 210
441 194 425 210
452 194 439 215
469 194 455 212
357 199 349 212
368 199 355 215
374 199 362 214
396 199 385 221
402 199 390 219
413 199 397 219
419 199 404 218
424 199 410 217
430 199 415 217
436 199 421 216
441 199 427 216
452 199 439 220
458 199 445 220
486 199 478 204
335 205 326 227
340 205 332 226
357 205 349 217
363 205 351 229
368 205 357 228
374 205 363 220
391 205 379 227
396 205 385 226
402 205 390 225
408 205 396 224
413 205 403 224
419 205 408 223
424 205 413 222
436 205 421 223
447 205 434 222
486 205 479 211
335 211 327 233
340 211 335 231
363 211 351 235
374 211 363 226
380 211 369 227
391 211 380 232
396 211 386 231
402 211 391 229
408 211 396 229
413 211 403 228
424 211 410 229
430 211 416 229
436 211 421 229
441 211 432 228
458 211 444 226
464 211 457 224
486 211 479 216
340 216 335 236
368 216 357 240
391 216 382 238
396 216 387 237
408 216 397 235
413 216 403 235
419 216 410 234
430 216 416 233
441 216 432 233
458 216 445 232
464 216 452 231
318 222 312 250
340 222 336 242
380 222 363 240
385 222 376 244
391 222 383 243
396 222 388 242
408 222 398 241
413 222 404 240
424 222 411 240
430 222 416 239
318 227 315 233
335 227 330 255
368 227 358 245
385 227 376 249
408 227 399 247
441 227 429 263
452 227 438 260
458 227 442 260
324 233 322 237
346 233 341 252
380 233 373 255
385 233 378 255
391 233 384 255
396 233 388 249
402 233 393 249
408 233 400 252
413 233 406 247
436 233 430 244
441 233 430 268
452 233 437 267
458 233 454 242
464 233 459 243
469 233 465 240
357 239 348 263
368 239 359 257
380 239 372 261
385 239 379 261
391 239 384 260
419 239 411 254
441 239 435 250
475 239 470 252
380 244 374 267
424 244 419 252
430 244 425 251
447 244 442 251
469 244 466 253
475 244 468 277
312 250 309 278
357 250 349 277
380 250 374 272
385 250 381 272
424 250 419 257
430 250 425 256
436 250 431 256
475 250 468 282
312 255 310 286
329 255 327 285
335 255 332 286
340 255 338 284
357 255 351 287
363 255 357 286
380 255 374 278
385 255 381 278
396 255 391 271
430 255 425 262
312 261 310 292
329 261 327 291
335 261 333 291
357 261 352 292
363 261 358 292
368 261 362 291
385 261 381 285
312 267 312 297
324 267 323 302
329 267 328 298
340 267 339 296
352 267 347 299
357 267 353 299
363 267 359 298
368 267 363 297
374 267 374 291
391 267 387 295
408 267 408 283
430 267 421 286
436 267 428 286
441 267 433 286
312 272 311 303
318 272 318 309
324 272 322 308
329 272 328 306
335 272 334 303
340 272 340 304
352 272 347 304
357 272 353 304
363 272 359 303
368 272 364 304
374 272 370 303
380 272 377 302
385 272 381 301
430 272 423 293
436 272 429 292
441 272 435 292
447 272 445 289
318 278 318 314
324 278 324 313
329 278 329 312
335 278 334 311
340 278 340 310
346 278 347 310
352 278 352 310
357 278 358 309
368 278 365 308
374 278 371 308
380 278 377 307
385 278 382 307
391 278 388 306
396 278 394 307
430 278 422 298
436 278 430 297
441 278 435 297
458 278 457 302
324 283 325 318
329 283 330 318
335 283 335 317
340 283 341 317
346 283 346 316
352 283 359 316
368 283 371 314
380 283 377 312
385 283 383 312
391 283 388 312
396 283 395 312
402 283 401 311
419 283 416 306
436 283 430 303
441 283 436 302
452 283 451 301
458 283 458 306
312 289 313 321
329 289 331 324
335 289 337 323
340 289 342 322
346 289 347 322
352 289 354 322
357 289 366 322
363 289 371 322
374 289 379 320
391 289 388 317
396 289 396 317
402 289 402 317
408 289 405 315
413 289 408 313
419 289 414 313
424 289 420 314
436 289 431 314
441 289 437 314
452 289 451 307
335 295 337 329
340 295 343 328
352 295 357 327
357 295 366 328
368 295 375 326
374 295 380 326
380 295 385 325
385 295 389 324
391 295 394 324
408 295 408 321
413 295 413 321
447 295 447 314
452 295 453 313
368 300 374 331
374 300 381 331
385 300 390 330
391 300 396 329
402 300 402 328
419 300 419 324
436 300 437 321
441 300 442 320
447 300 449 319
452 300 454 319
458 300 459 319
385 306 385 336
396 306 397 334
402 306 404 333
408 306 409 333
419 306 420 329
424 306 425 329
430 306 431 329
436 306 438 328
452 306 455 324
458 306 460 323
413 311 415 336
419 311 420 335
424 311 426 335
430 311 433 333
436 311 439 333
441 311 443 332
447 311 449 330
452 311 454 329
458 311 460 328
402 317 402 343
413 317 415 342
419 317 421 341
424 317 427 340
430 317 433 339
436 317 439 339
441 317 444 337
447 317 449 335
452 317 454 335
458 317 460 334
419 323 422 346
424 323 428 345
430 323 434 344
436 323 438 344
441 323 445 343
447 323 449 342
452 323 455 341
458 323 461 340
413 328 417 346
447 328 446 348
452 328 456 347
