397 99 374 105
403 106 380 112
422 106 411 105
390 118 370 128
472 124 457 110
384 143 370 165
390 143 381 154
384 150 372 171
428 150 415 152
441 150 428 149
466 150 454 144
472 150 461 144
378 156 368 177
416 156 403 162
435 156 423 157
441 156 430 155
466 156 456 150
397 162 386 175
403 162 393 174
441 162 432 161
447 162 437 156
466 162 458 158
378 168 369 190
384 168 379 182
403 168 395 185
422 168 414 175
428 168 421 173
466 168 459 164
378 175 372 197
409 175 402 183
416 175 409 182
422 175 415 181
428 175 422 180
460 175 453 171
472 175 466 168
384 181 379 203
390 181 384 200
397 181 391 194
409 181 403 190
416 181 411 188
422 181 417 188
428 181 423 186
372 187 371 205
378 187 377 196
384 187 380 209
390 187 386 209
397 187 392 207
403 187 399 204
409 187 405 198
416 187 412 196
422 187 418 194
435 187 425 191
441 187 432 189
372 194 373 218
384 194 381 216
390 194 388 215
397 194 394 212
409 194 406 205
416 194 413 203
422 194 419 201
441 194 432 196
447 194 446 193
378 200 376 222
384 200 383 222
390 200 389 221
403 200 403 215
409 200 408 211
416 200 415 209
422 200 420 207
428 200 425 206
435 200 432 204
447 200 451 192
365 206 365 232
372 206 373 231
378 206 379 229
384 206 384 226
390 206 390 226
397 206 397 225
409 206 409 217
416 206 416 215
422 206 422 213
428 206 427 212
435 206 435 211
441 206 440 209
365 213 366 238
378 213 379 234
384 213 385 233
390 213 391 232
403 213 404 225
409 213 411 224
416 213 417 222
422 213 423 220
428 213 429 219
435 213 435 217
454 213 456 212
460 213 462 211
365 219 367 244
372 219 374 243
384 219 386 240
390 219 393 238
397 219 399 234
403 219 406 232
409 219 412 230
416 219 418 228
422 219 424 226
428 219 430 227
435 219 437 224
447 219 450 220
454 219 456 219
378 225 382 243
397 225 401 239
403 225 407 238
409 225 414 236
416 225 420 235
422 225 425 233
428 225 432 232
454 225 458 225
460 225 464 223
378 232 384 249
384 232 389 248
390 232 395 247
397 232 402 246
403 232 408 244
409 232 415 242
416 232 421 241
422 232 427 240
428 232 434 237
365 238 371 259
372 238 378 257
378 238 385 256
384 238 391 254
390 238 398 252
397 238 404 252
403 238 410 250
409 238 416 249
416 238 422 248
422 238 428 247
435 238 440 242
441 238 448 241
447 238 454 240
372 244 380 264
378 244 386 261
384 244 393 261
390 244 399 260
397 244 405 258
403 244 411 257
409 244 418 255
416 244 424 254
422 244 429 253
428 244 436 252
441 244 449 248
447 244 454 247
353 250 362 275
359 250 369 274
365 250 375 273
372 250 381 271
378 250 387 269
384 250 393 268
390 250 400 266
403 250 412 263
409 250 417 263
416 250 424 261
422 250 430 260
353 257 364 282
359 257 370 280
365 257 377 279
372 257 382 278
378 257 388 276
384 257 395 274
390 257 401 273
397 257 407 272
403 257 413 271
409 257 419 269
416 257 424 267
422 257 432 265
428 257 440 270
441 257 451 260
353 263 365 288
390 263 403 280
397 263 408 278
403 263 414 277
409 263 421 276
422 263 433 273
346 269 358 296
353 269 365 293
384 269 397 286
390 269 403 285
397 269 410 284
403 269 416 283
416 269 424 281
422 269 434 278
428 269 441 277
441 269 454 275
346 276 360 302
390 276 405 292
397 276 411 290
403 276 417 288
416 276 429 285
435 276 449 282
441 276 455 281
346 282 362 308
390 282 406 300
435 282 451 287
441 282 457 286
390 288 408 306
403 288 421 296
353 294 375 314
359 294 381 312
441 294 459 296
334 301 352 333
435 301 454 303
346 307 372 328
328 313 350 343
321 326 346 360
328 326 356 351
340 326 368 348
321 332 350 359
334 332 364 355
321 339 352 364
328 339 358 362
334 339 366 363
340 339 371 361
384 339 412 352
390 339 419 349
315 345 347 372
321 345 354 371
340 345 366 368
378 345 408 361
384 345 414 358
321 351 355 376
353 351 388 372
359 351 395 370
378 351 410 366
384 351 415 364
390 351 422 363
353 358 389 377
359 358 395 376
372 358 405 373
378 358 411 372
384 358 416 370
390 358 421 369
403 364 437 372
409 364 444 372
378 370 412 381
403 370 439 378
409 370 444 377
416 370 452 371
