403 115 490 39
343 128 432 25
535 168 583 157
541 181 564 220
548 181 577 218
310 187 372 51
409 187 445 87
422 187 455 104
290 194 368 39
310 194 368 58
389 194 423 105
416 194 447 102
429 194 475 108
455 194 489 117
290 201 347 56
403 201 432 123
416 201 444 109
548 201 560 242
561 207 571 244
568 207 577 250
574 207 587 255
290 214 344 64
568 214 573 255
409 220 430 143
416 220 437 149
343 227 375 97
409 227 426 151
284 234 331 78
403 234 400 156
403 240 406 162
389 260 389 160
396 260 395 164
422 260 424 167
383 273 376 164
389 273 384 168
436 273 408 194
383 280 370 170
389 280 378 174
442 280 413 206
449 286 417 213
376 293 352 180
383 293 366 176
442 293 407 215
449 293 413 219
455 293 421 224
436 300 398 212
449 300 410 226
455 300 417 230
436 306 394 217
442 306 400 224
436 313 389 224
442 313 397 228
449 313 405 235
455 313 411 242
370 319 344 193
403 319 359 218
429 319 383 229
442 319 393 235
330 326 316 187
416 333 371 237
436 333 385 246
370 346 336 221
