560 180 457 147
570 180 491 151
491 185 406 116
535 185 431 147
560 185 481 156
565 185 486 157
486 190 384 122
555 190 476 161
560 190 482 161
565 190 487 162
555 195 477 168
560 195 482 167
481 200 386 131
471 204 345 142
560 204 468 151
565 204 486 177
594 209 523 197
476 214 351 167
594 219 518 191
599 219 517 211
604 219 524 211
476 224 351 172
476 229 351 178
491 234 386 223
496 234 400 172
604 234 528 222
471 239 351 182
515 239 417 203
604 239 529 227
599 244 524 232
456 264 366 238
456 269 366 243
461 269 371 243
555 274 468 253
441 279 335 230
466 279 371 253
520 279 447 258
525 279 451 259
550 279 467 273
555 279 468 259
461 283 362 252
500 283 413 259
510 283 437 269
515 283 441 269
565 283 499 259
520 288 452 274
525 288 456 273
550 288 463 284
555 288 467 277
520 293 453 279
525 293 457 278
550 293 463 289
555 293 468 288
520 298 446 288
530 298 457 289
550 298 462 293
525 308 448 298
