461 86 427 76
461 91 426 80
466 91 432 80
476 91 445 80
421 96 350 111
456 96 421 85
461 96 426 85
417 101 345 117
461 101 427 90
451 106 446 100
456 106 451 100
510 116 483 100
441 120 355 138
510 120 483 105
441 125 355 143
471 140 411 137
407 155 320 157
412 155 324 157
565 155 467 89
402 160 315 161
520 160 395 107
525 160 401 106
407 165 320 162
505 165 380 110
510 165 384 110
402 170 314 172
580 170 486 111
402 180 335 148
535 180 404 133
560 180 457 147
570 180 491 151
431 185 508 140
436 185 514 139
491 185 406 116
535 185 431 147
560 185 481 156
565 185 486 157
392 190 309 189
486 190 384 122
505 190 462 187
535 190 431 152
555 190 476 161
560 190 482 161
565 190 487 162
505 195 462 193
535 195 432 157
555 195 477 168
560 195 482 167
481 200 386 131
535 200 420 191
540 200 427 192
599 200 518 185
436 204 400 183
441 204 406 183
471 204 345 142
540 204 431 192
560 204 468 151
565 204 486 177
505 209 468 181
594 209 523 197
476 214 351 167
505 214 467 186
584 214 493 213
550 219 471 217
594 219 518 191
599 219 517 211
604 219 524 211
476 224 351 172
496 224 452 254
584 224 492 233
604 224 524 216
471 229 390 239
476 229 351 178
584 229 491 237
486 234 380 223
491 234 386 223
496 234 400 172
584 234 492 242
589 234 497 242
604 234 528 222
471 239 351 182
515 239 417 203
555 239 466 148
589 239 498 246
604 239 529 227
560 244 472 152
599 244 524 232
451 254 328 187
456 254 334 187
466 254 442 228
456 259 334 193
584 259 497 252
436 264 320 203
456 264 366 238
515 264 477 238
520 264 481 238
456 269 366 243
461 269 371 243
486 269 462 229
515 269 477 243
456 274 366 249
486 274 462 234
555 274 468 253
441 279 335 230
466 279 371 253
520 279 447 258
525 279 451 259
550 279 467 273
555 279 468 259
461 283 362 252
471 283 417 268
500 283 413 259
510 283 437 269
515 283 441 269
565 283 499 259
471 288 417 274
476 288 422 273
496 288 448 268
520 288 452 274
525 288 456 273
550 288 463 284
555 288 467 277
471 293 418 280
520 293 453 279
525 293 457 278
550 293 463 289
555 293 468 288
486 298 432 279
520 298 446 288
530 298 457 289
550 298 462 293
555 298 467 293
481 303 421 285
486 303 433 284
491 303 438 284
525 308 448 298
