121 12 197 27
143 12 227 25
151 16 282 36
155 16 286 36
172 16 291 36
177 16 295 36
181 16 299 36
147 20 252 35
151 20 282 40
155 20 287 40
172 20 291 40
185 20 307 42
117 25 205 38
138 25 240 35
147 25 278 45
151 25 283 45
155 25 287 46
160 25 295 45
126 29 228 38
130 29 234 39
113 33 196 45
117 33 201 45
121 33 206 46
126 33 227 44
241 33 324 46
143 37 293 62
147 37 298 63
138 42 289 66
143 42 293 66
147 42 298 67
143 46 294 71
143 50 294 75
164 50 311 85
121 54 231 64
219 54 195 93
177 59 319 90
219 59 194 97
138 63 296 89
143 63 301 88
147 63 305 90
172 63 314 89
138 71 296 97
143 71 300 97
164 71 314 102
134 76 292 100
160 76 305 106
164 76 309 106
168 76 314 106
121 80 280 104
126 80 285 104
134 80 293 105
160 80 304 111
164 80 309 110
168 80 313 110
194 80 242 91
121 84 280 109
126 84 285 109
164 84 309 115
117 88 271 113
126 93 280 114
130 93 284 114
134 93 289 115
143 93 296 118
117 97 270 121
121 97 275 122
126 97 279 118
130 97 287 119
134 97 291 119
147 97 300 120
134 101 289 123
143 101 297 124
147 101 299 126
126 106 283 127
130 106 287 128
143 106 296 128
155 106 304 128
168 106 180 156
121 110 273 131
126 110 283 131
130 110 287 132
134 110 290 132
143 110 296 133
168 110 179 160
134 114 288 136
147 114 202 106
121 118 278 139
228 123 308 148
126 127 287 148
224 127 304 149
228 127 308 153
130 131 193 127
109 140 209 158
147 144 302 167
109 148 209 167
113 148 213 167
126 148 265 165
138 148 299 169
130 152 272 169
138 152 281 169
151 152 294 166
134 157 276 174
143 157 285 174
151 157 295 170
109 161 207 179
121 186 186 190
160 186 262 199
164 186 267 199
160 191 262 202
219 191 289 204
