363 112 374 114
375 112 380 114
380 112 385 114
358 118 365 119
363 118 370 119
369 118 375 119
375 118 382 118
380 118 387 119
386 118 391 119
358 123 363 125
363 123 369 126
369 123 379 125
380 123 387 123
386 123 392 124
358 129 364 129
363 129 368 129
369 129 375 129
375 129 381 129
380 129 387 130
386 129 392 130
352 134 358 134
358 134 364 134
363 134 369 134
375 134 381 134
380 134 386 134
386 134 392 134
352 140 358 139
358 140 362 146
369 140 375 147
375 140 381 146
358 145 363 151
369 145 374 152
380 145 386 142
386 145 392 142
358 151 363 155
380 151 386 147
352 157 359 156
369 157 374 157
380 157 386 153
347 162 352 157
369 162 374 160
380 162 386 157
347 168 353 166
352 168 359 163
363 168 369 163
375 168 380 164
380 168 385 164
352 173 358 168
358 173 364 167
363 173 369 167
375 173 380 168
319 179 323 173
325 179 329 173
330 179 335 173
336 179 346 173
341 179 351 172
352 179 364 173
358 179 369 173
363 179 372 173
375 179 380 174
302 184 308 178
308 184 313 179
319 184 330 177
325 184 335 177
330 184 341 178
336 184 346 178
341 184 351 178
347 184 356 178
352 184 362 179
358 184 368 179
363 184 373 178
369 184 378 179
375 184 383 179
313 190 323 183
319 190 329 183
325 190 335 184
330 190 340 183
341 190 345 184
347 190 351 185
358 190 368 184
363 190 374 185
369 190 379 185
375 190 384 185
313 196 319 188
319 196 329 189
352 196 357 195
358 196 367 196
391 196 406 195
274 201 276 198
280 201 281 198
286 201 286 199
297 201 307 192
386 201 400 200
391 201 406 200
397 201 411 201
352 207 362 211
358 207 373 211
386 207 400 206
358 212 372 216
397 212 406 207
402 212 411 207
258 218 269 204
297 218 318 217
319 218 329 233
325 218 334 232
258 223 269 209
269 223 269 225
308 223 318 237
313 223 324 239
319 223 329 239
325 223 339 243
330 223 345 244
336 223 349 244
341 223 354 245
347 223 360 244
358 223 371 244
269 229 271 230
280 229 291 237
308 229 318 244
313 229 324 244
325 229 339 248
330 229 345 249
336 229 349 250
341 229 354 250
347 229 360 250
352 229 365 250
358 229 371 250
247 234 253 226
252 234 259 225
280 234 290 242
302 234 312 249
308 234 318 253
313 234 324 254
319 234 328 254
325 234 340 254
330 234 345 254
336 234 350 254
341 234 355 255
347 234 360 255
352 234 366 255
247 240 253 231
252 240 259 230
286 240 294 249
291 240 300 249
297 240 307 249
302 240 312 258
308 240 318 259
313 240 323 260
330 240 344 259
336 240 350 259
341 240 356 259
247 246 252 236
252 246 259 236
258 246 263 242
269 246 279 235
291 246 301 254
297 246 308 259
325 246 338 265
330 246 345 264
375 246 373 238
380 246 378 238
247 251 251 243
258 251 263 247
263 251 268 248
280 251 290 258
286 251 295 258
291 251 300 259
330 251 345 270
241 257 246 248
247 257 251 247
252 257 258 247
258 257 263 253
263 257 269 254
291 257 300 264
241 262 246 253
247 262 252 252
252 262 258 252
286 262 294 270
291 262 300 270
241 268 245 258
247 268 251 258
252 268 257 258
286 268 295 276
241 273 245 263
247 273 251 264
252 273 256 265
286 273 295 281
291 273 301 280
425 273 431 266
430 273 437 266
241 279 245 269
258 279 262 274
274 279 283 281
425 279 430 272
247 284 250 276
252 284 256 279
247 290 251 285
291 290 300 302
297 290 306 303
425 290 431 277
430 290 436 277
252 296 256 286
258 296 263 287
297 296 305 307
302 296 310 309
425 296 431 284
247 301 250 296
252 301 256 293
258 301 262 292
291 301 299 309
247 307 250 301
258 307 262 301
280 307 290 308
286 307 294 308
291 307 299 314
297 307 305 314
308 307 304 297
369 307 380 324
252 312 255 306
258 312 262 306
252 318 256 312
258 318 261 312
269 318 279 314
280 318 289 314
341 318 353 336
258 323 261 319
263 323 268 319
269 323 278 319
274 323 284 319
263 329 267 324
302 329 296 315
269 335 272 329
302 335 295 319
308 335 299 320
269 340 272 334
274 340 278 335
280 340 283 334
313 340 301 324
280 346 283 340
313 346 300 330
286 351 288 345
386 351 387 347
391 351 392 349
308 357 316 352
380 357 380 355
302 362 305 356
308 362 315 358
313 362 321 358
336 362 338 357
347 362 349 357
358 362 364 357
363 362 370 357
369 362 376 357
