407 148 374 180
325 178 310 266
330 178 315 265
321 187 308 278
321 191 310 282
342 191 331 276
360 191 373 280
351 196 365 293
347 200 360 295
355 200 370 292
360 200 376 290
368 200 381 288
360 204 372 296
360 208 374 301
364 208 378 296
368 208 383 293
377 208 385 281
338 217 349 314
364 217 377 306
377 217 407 301
355 221 372 314
364 221 379 311
377 221 410 306
351 226 332 293
355 226 374 319
385 226 406 296
360 230 381 324
372 230 393 319
377 230 398 318
381 230 401 316
351 234 373 332
355 234 377 330
360 234 382 328
381 234 403 321
403 234 423 309
355 238 379 335
385 238 417 327
368 243 389 331
381 243 413 334
368 247 398 340
372 247 403 338
394 247 424 330
390 251 421 337
