401 85 414 75
408 85 421 76
414 85 427 76
401 92 413 82
408 92 420 83
492 92 504 90
395 98 406 87
401 98 414 90
408 98 420 90
414 98 427 90
460 98 470 92
466 98 478 94
473 98 485 95
479 98 490 95
486 98 497 96
492 98 503 97
395 104 406 95
401 104 413 96
408 104 420 96
414 104 427 97
421 104 433 97
427 104 440 97
434 104 446 97
440 104 453 98
460 104 470 99
466 104 477 100
473 104 484 101
479 104 490 101
486 104 496 103
492 104 502 104
395 111 406 102
401 111 412 103
408 111 418 103
414 111 425 103
421 111 433 104
427 111 439 104
453 111 463 106
466 111 475 107
473 111 482 107
479 111 490 108
486 111 496 109
492 111 502 111
395 118 405 109
401 118 411 110
408 118 418 110
414 118 424 110
421 118 433 112
427 118 440 113
447 118 456 112
453 118 462 113
460 118 469 114
466 118 476 114
473 118 482 115
479 118 489 115
486 118 496 116
492 118 502 116
395 124 404 115
401 124 411 117
408 124 417 118
414 124 423 118
421 124 431 119
427 124 439 120
447 124 455 119
453 124 462 119
460 124 469 121
466 124 475 121
473 124 481 122
479 124 488 122
486 124 494 123
492 124 501 124
388 130 397 122
401 130 410 123
408 130 416 124
414 130 422 125
421 130 429 126
434 130 442 126
440 130 448 126
447 130 455 126
453 130 461 127
460 130 468 127
466 130 475 127
473 130 482 128
479 130 488 129
486 130 494 130
492 130 501 130
388 137 396 128
395 137 403 129
401 137 409 129
408 137 418 130
421 137 430 131
434 137 441 132
440 137 448 133
447 137 455 133
453 137 461 134
466 137 474 134
473 137 481 134
479 137 487 135
486 137 493 136
492 137 501 136
382 144 389 134
388 144 396 134
395 144 403 135
401 144 409 136
408 144 417 137
414 144 423 137
421 144 429 138
434 144 440 138
440 144 447 139
447 144 453 140
453 144 460 140
460 144 467 141
466 144 473 141
473 144 480 141
479 144 487 142
486 144 493 144
492 144 500 144
382 150 389 141
388 150 396 141
395 150 401 149
401 150 408 143
421 150 424 149
427 150 432 150
434 150 440 146
440 150 446 145
447 150 452 146
453 150 458 146
460 150 466 147
466 150 473 148
473 150 480 149
479 150 486 149
486 150 492 150
492 150 499 152
382 156 388 148
395 156 401 155
401 156 408 150
434 156 439 153
440 156 446 153
447 156 451 153
453 156 458 153
460 156 465 154
466 156 473 155
473 156 479 155
479 156 486 155
486 156 492 156
492 156 497 157
382 163 389 155
388 163 395 157
401 163 407 158
414 163 417 158
421 163 425 158
427 163 432 159
434 163 438 159
440 163 445 160
447 163 451 160
453 163 458 160
460 163 466 161
466 163 472 161
473 163 478 162
479 163 485 162
486 163 492 162
492 163 495 162
375 170 380 161
382 170 388 162
388 170 395 164
395 170 400 164
401 170 406 164
414 170 416 164
421 170 425 164
427 170 432 165
434 170 438 166
440 170 445 166
447 170 450 166
453 170 457 168
460 170 465 168
466 170 471 168
473 170 478 168
479 170 484 169
486 170 491 169
375 176 380 167
382 176 387 167
388 176 393 169
395 176 399 169
401 176 406 170
414 176 415 172
421 176 426 170
434 176 438 171
440 176 445 172
447 176 449 172
453 176 457 175
460 176 464 175
466 176 470 174
473 176 476 174
479 176 483 175
486 176 490 176
375 182 379 174
382 182 387 174
388 182 392 175
395 182 399 175
401 182 405 177
414 182 416 179
427 182 431 179
434 182 438 178
440 182 444 179
447 182 450 180
453 182 457 181
460 182 463 181
466 182 468 181
473 182 474 182
479 182 482 182
486 182 490 182
492 182 496 180
401 189 405 183
414 189 416 185
421 189 423 185
427 189 430 185
434 189 436 186
440 189 443 188
447 189 450 189
453 189 457 187
460 189 462 187
369 195 371 188
401 195 405 189
408 195 411 190
414 195 418 192
427 195 429 191
434 195 436 192
440 195 442 194
447 195 449 195
453 195 456 194
369 202 370 196
401 202 404 196
408 202 410 197
434 202 435 198
447 202 448 201
453 202 455 201
369 208 369 204
382 208 383 204
388 208 390 204
421 208 421 203
440 208 441 203
453 208 454 208
460 208 460 208
479 208 480 212
369 215 369 210
375 215 376 211
382 215 382 211
388 215 389 210
395 215 398 203
401 215 404 205
440 215 441 208
447 215 448 209
473 215 473 215
479 215 479 217
369 221 370 215
375 221 376 215
382 221 382 215
388 221 389 216
395 221 397 212
408 221 407 214
414 221 412 214
421 221 419 215
427 221 426 214
434 221 433 215
440 221 440 215
447 221 447 215
453 221 454 216
466 221 468 210
375 228 375 221
382 228 382 221
388 228 390 222
401 228 403 224
414 228 413 221
421 228 419 221
427 228 425 222
434 228 432 222
453 228 453 223
460 228 459 223
466 228 464 230
473 228 472 225
479 228 479 225
388 234 389 228
395 234 396 229
401 234 403 230
421 234 419 228
427 234 425 229
434 234 432 229
440 234 436 229
453 234 452 231
460 234 459 230
466 234 464 236
473 234 472 232
479 234 480 232
369 241 368 231
375 241 375 232
401 241 403 236
414 241 411 235
421 241 418 236
427 241 425 236
434 241 432 237
453 241 452 237
460 241 458 238
466 241 464 241
473 241 471 242
362 247 360 236
375 247 374 238
382 247 382 238
388 247 388 238
395 247 395 239
414 247 411 241
421 247 418 242
427 247 424 243
434 247 431 244
447 247 444 245
453 247 451 245
460 247 457 245
369 254 367 244
375 254 374 245
382 254 380 245
388 254 387 245
395 254 393 246
401 254 400 246
408 254 406 246
421 254 418 248
460 254 457 252
466 254 463 253
473 254 470 253
479 254 476 253
362 260 360 250
369 260 366 250
375 260 374 251
382 260 380 251
388 260 387 252
395 260 393 253
408 260 406 253
427 260 427 256
440 260 437 257
447 260 443 257
453 260 450 257
460 260 456 258
466 260 462 259
473 260 469 259
479 260 475 259
362 267 360 254
369 267 366 255
382 267 381 257
388 267 387 258
395 267 393 258
408 267 406 259
421 267 419 261
434 267 431 263
440 267 436 263
447 267 443 263
453 267 449 264
466 267 461 265
479 267 474 265
375 274 380 264
395 274 394 264
401 274 399 265
408 274 406 265
421 274 419 267
434 274 430 269
440 274 436 269
447 274 443 269
453 274 449 270
460 274 455 270
473 274 468 270
479 274 474 270
356 280 353 263
362 280 360 263
434 280 428 273
447 280 443 275
453 280 448 275
466 280 463 269
473 280 467 278
356 286 353 269
362 286 360 269
408 286 404 274
460 286 456 276
466 286 463 275
349 293 347 275
356 293 352 276
408 293 404 279
414 293 410 282
434 293 433 283
440 293 440 283
453 293 449 282
460 293 455 283
466 293 462 283
356 300 352 282
408 300 403 287
414 300 410 287
460 300 454 290
466 300 462 290
356 306 351 295
362 306 356 297
382 306 430 309
388 306 385 300
460 306 454 297
466 306 459 304
343 312 337 300
349 312 343 301
356 312 351 302
362 312 356 303
375 312 363 305
388 312 385 306
401 312 395 302
447 312 438 316
453 312 444 317
349 319 343 307
356 319 350 309
362 319 355 310
382 319 377 312
401 319 394 308
447 319 437 323
343 325 336 314
349 325 342 315
356 325 349 316
362 325 356 316
382 325 377 319
388 325 383 319
395 325 388 318
460 325 452 318
343 332 336 320
349 332 342 321
356 332 349 321
362 332 356 323
369 332 364 324
375 332 370 325
382 332 377 325
388 332 382 325
395 332 387 325
408 332 402 320
453 332 444 330
460 332 451 324
343 338 335 327
349 338 342 327
356 338 350 328
362 338 357 328
375 338 369 330
382 338 376 330
388 338 381 331
395 338 386 331
440 338 430 338
447 338 436 337
453 338 443 336
460 338 450 331
349 345 342 334
356 345 349 335
362 345 356 335
395 345 386 338
401 345 394 336
440 345 430 342
447 345 436 342
453 345 442 342
460 345 448 346
369 351 361 341
375 351 367 341
382 351 373 342
388 351 379 342
401 351 393 343
421 351 409 343
427 351 416 344
434 351 423 345
382 358 372 347
388 358 378 348
414 358 401 349
421 358 408 350
427 358 415 351
434 358 421 351
440 358 429 352
447 358 436 353
453 358 441 353
401 364 393 356
421 364 408 356
440 364 429 358
447 364 435 359
