448 132 419 182
454 132 426 180
454 138 428 187
448 144 416 198
529 151 498 133
541 151 532 168
448 157 414 223
491 163 465 177
504 163 484 166
504 169 486 176
510 169 491 197
516 169 499 194
522 169 505 193
529 169 513 190
430 175 392 260
467 175 434 241
479 175 448 237
491 175 470 195
498 175 476 191
510 175 492 204
516 175 500 200
522 175 506 199
529 175 515 198
442 182 402 263
473 182 444 245
479 182 450 243
485 182 461 233
504 182 490 191
516 182 501 208
522 182 507 206
559 182 558 187
442 188 404 270
461 188 433 258
467 188 438 255
498 188 484 199
516 188 503 215
522 188 510 212
535 188 524 208
448 194 412 270
454 194 425 267
461 194 434 264
467 194 441 260
473 194 447 253
479 194 453 251
436 200 402 286
448 200 413 278
454 200 420 276
461 200 434 271
473 200 448 259
479 200 455 257
498 200 479 237
504 200 487 235
522 200 512 223
529 200 521 220
541 200 532 177
448 206 414 284
454 206 421 282
461 206 436 278
473 206 450 266
498 206 481 246
516 206 502 237
522 206 514 229
535 206 529 226
442 212 408 292
448 212 416 290
522 212 517 234
529 212 524 234
535 212 530 232
380 219 352 305
386 219 360 304
442 219 410 300
454 219 424 290
479 219 459 271
485 219 465 271
504 219 497 246
522 219 517 245
529 219 525 242
535 219 531 239
417 225 391 312
424 225 398 310
442 225 412 305
448 225 419 299
454 225 426 296
467 225 441 292
473 225 453 281
479 225 461 277
485 225 467 277
504 225 499 253
510 225 506 254
516 225 512 253
529 225 522 249
535 225 533 246
436 231 406 314
454 231 433 300
467 231 448 291
479 231 462 284
504 231 500 261
510 231 507 260
448 237 422 312
461 237 442 298
467 237 449 296
516 237 514 259
522 237 521 258
529 237 528 255
535 237 535 254
436 243 408 322
442 243 415 319
448 243 423 317
479 243 469 290
498 243 494 272
516 243 517 264
522 243 522 262
529 243 530 261
535 243 538 260
442 250 418 325
454 250 436 315
461 250 444 312
498 250 494 278
504 250 509 268
380 256 367 333
442 256 424 326
454 256 437 321
479 256 471 299
491 256 491 286
504 256 511 273
461 262 447 321
454 268 443 329
473 268 468 306
