454 114 441 111
479 114 429 127
380 120 421 158
485 120 437 127
436 126 398 181
442 126 405 178
485 126 437 135
510 126 473 117
430 132 386 199
448 132 419 182
454 132 426 180
498 132 460 129
504 132 467 127
510 132 475 125
516 132 481 123
436 138 392 198
454 138 428 187
498 138 461 140
504 138 468 134
510 138 475 132
541 138 510 115
325 144 307 211
411 144 372 226
436 144 398 211
442 144 403 209
448 144 416 198
529 144 496 128
535 144 503 124
442 151 407 217
504 151 474 154
510 151 481 152
522 151 490 135
529 151 498 133
541 151 532 168
448 157 414 223
461 157 427 211
491 157 464 166
504 157 480 158
491 163 465 177
498 163 475 169
504 163 484 166
529 163 500 138
535 163 506 137
541 163 513 131
504 169 486 176
510 169 491 197
516 169 499 194
522 169 505 193
529 169 513 190
430 175 392 260
467 175 434 241
479 175 448 237
491 175 470 195
498 175 476 191
510 175 492 204
516 175 500 200
522 175 506 199
529 175 515 198
541 175 519 144
547 175 526 142
288 182 302 250
442 182 402 263
473 182 444 245
479 182 450 243
485 182 461 233
504 182 490 191
516 182 501 208
522 182 507 206
559 182 558 187
430 188 390 274
442 188 404 270
448 188 410 262
461 188 433 258
467 188 438 255
498 188 484 199
516 188 503 215
522 188 510 212
535 188 524 208
288 194 302 257
448 194 412 270
454 194 425 267
461 194 434 264
467 194 441 260
473 194 447 253
479 194 453 251
436 200 402 286
448 200 413 278
454 200 420 276
461 200 434 271
473 200 448 259
479 200 455 257
498 200 479 237
504 200 487 235
522 200 512 223
529 200 521 220
541 200 532 177
448 206 414 284
454 206 421 282
461 206 436 278
473 206 450 266
498 206 481 246
516 206 502 237
522 206 514 229
535 206 529 226
430 212 397 295
442 212 408 292
448 212 416 290
522 212 517 234
529 212 524 234
535 212 530 232
380 219 352 305
386 219 360 304
430 219 399 301
436 219 404 301
442 219 410 300
454 219 424 290
479 219 459 271
485 219 465 271
504 219 497 246
522 219 517 245
529 219 525 242
535 219 531 239
380 225 354 312
417 225 391 312
424 225 398 310
436 225 405 308
442 225 412 305
448 225 419 299
454 225 426 296
467 225 441 292
473 225 453 281
479 225 461 277
485 225 467 277
504 225 499 253
510 225 506 254
516 225 512 253
529 225 522 249
535 225 533 246
436 231 406 314
454 231 433 300
467 231 448 291
479 231 462 284
504 231 500 261
510 231 507 260
535 231 549 211
448 237 422 312
461 237 442 298
467 237 449 296
516 237 514 259
522 237 521 258
529 237 528 255
535 237 535 254
436 243 408 322
442 243 415 319
448 243 423 317
479 243 469 290
498 243 494 272
516 243 517 264
522 243 522 262
529 243 530 261
535 243 538 260
442 250 418 325
454 250 436 315
461 250 444 312
498 250 494 278
504 250 509 268
380 256 367 333
442 256 424 326
454 256 437 321
479 256 471 299
491 256 491 286
504 256 511 273
522 256 526 270
386 262 372 287
393 262 380 286
461 262 447 321
454 268 443 329
473 268 468 306
498 268 505 284
504 268 544 250
510 268 550 248
510 280 552 256
386 287 382 305
498 287 547 267
343 324 380 360
349 324 387 358
399 330 424 358
