0.979248046875 0.06838620454072952 -0.1907786130905151 0.06077252700924873 
-0.07374746352434158 0.9970529079437256 -0.02113647945225239 0.02818328328430653 
0.1887709200382233 0.03476732596755028 0.9814054369926453 -0.3706666529178619 
0 0 0 1 

0.9523940682411194 0.05899001285433769 -0.2991078197956085 0.1048836559057236 
-0.05728864297270775 0.9982529282569885 0.01446161139756441 0.01494708005338907 
0.2994383275508881 0.00336237670853734 0.9541096091270447 -0.3602781295776367 
0 0 0 1 

0.9468846917152405 0.06794288754463196 -0.314313530921936 0.1121280044317245 
-0.05838178098201752 0.9975028038024902 0.03974500671029091 0.008779525756835938 
0.3162290453910828 -0.01928373426198959 0.9484868049621582 -0.3552232980728149 
0 0 0 1 

0.5346531867980957 0.8371819853782654 -0.1152041107416153 0.02935323491692543 
-0.8437610268592834 0.5212516784667969 -0.1279210299253464 0.06613942235708237 
-0.04704289510846138 0.165598139166832 0.9850706458091736 -0.2237151712179184 
0 0 0 1 

0.525849461555481 0.8421952128410339 -0.1191190034151077 0.02772889472544193 
-0.8366549611091614 0.486909955739975 -0.2508525848388672 0.09738258272409439 
-0.1532666832208633 0.2315721809864044 0.9606683254241943 -0.2130056172609329 
0 0 0 1 

0.4715631604194641 0.8694140315055847 -0.1474695950746536 0.03468487039208412 
-0.8382086157798767 0.3899762034416199 -0.3812147080898285 0.1307504177093506 
-0.2739238440990448 0.3033771216869354 0.9126489162445068 -0.1947233080863953 
0 0 0 1 

0.4339658617973328 0.8856257796287537 -0.1653490215539932 0.04019465297460556 
-0.8204947113990784 0.3127056062221527 -0.4785428643226624 0.1556796878576279 
-0.3721044361591339 0.3433392643928528 0.86235511302948 -0.177736297249794 
0 0 0 1 

0.3988447785377502 0.8984747529029846 -0.1834827363491058 0.0490281917154789 
-0.8016842007637024 0.2444861978292465 -0.5454620718955994 0.1724480837583542 
-0.4452249109745026 0.3646499216556549 0.8178051114082336 -0.1632778346538544 
0 0 0 1 

0.3760762810707092 0.899502158164978 -0.2224016487598419 0.06456917524337769 
-0.7836188077926636 0.1806628704071045 -0.5943924188613892 0.1830494850873947 
-0.4944775998592377 0.3978150188922882 0.7728098630905151 -0.1471401154994965 
0 0 0 1 

0.3683335185050964 0.8895106315612793 -0.2703720033168793 0.07971455901861191 
-0.7895147800445557 0.1457134485244751 -0.5961825847625732 0.1814803928136826 
-0.4909140765666962 0.4330567121505737 0.7559531331062317 -0.140514999628067 
0 0 0 1 

