292 163 283 230
337 163 322 222
357 163 330 220
363 163 340 207
370 163 349 203
376 163 359 207
395 163 377 192
434 163 415 160
440 163 421 157
460 163 432 151
466 163 439 148
363 170 341 226
370 170 347 222
376 170 354 219
395 170 375 209
421 170 397 198
434 170 410 194
447 170 424 188
453 170 432 185
466 170 443 174
473 170 450 170
498 170 483 150
505 170 488 147
511 170 495 144
550 170 525 113
299 176 295 252
363 176 343 234
370 176 348 232
376 176 355 228
382 176 362 225
415 176 392 212
421 176 399 208
428 176 405 206
434 176 412 202
447 176 421 199
453 176 428 196
460 176 433 193
466 176 442 188
473 176 449 187
492 176 474 168
292 183 287 262
299 183 295 260
318 183 305 257
331 183 317 250
350 183 333 245
357 183 339 243
363 183 345 240
370 183 351 238
382 183 365 231
447 183 424 206
453 183 429 203
460 183 436 201
466 183 444 198
473 183 450 196
479 183 464 189
492 183 471 185
498 183 478 183
511 183 501 174
524 183 514 168
531 183 522 164
556 183 537 158
563 183 544 155
299 189 293 269
305 189 299 267
312 189 305 265
325 189 314 259
331 189 320 257
337 189 327 253
344 189 334 250
357 189 343 248
363 189 349 245
370 189 355 242
376 189 362 239
421 189 411 218
447 189 427 212
453 189 432 210
460 189 439 206
466 189 447 202
479 189 461 197
486 189 467 194
492 189 473 191
569 189 551 155
576 189 563 150
305 196 300 274
312 196 308 271
318 196 315 268
325 196 323 263
331 196 330 260
337 196 336 257
357 196 345 254
363 196 351 252
370 196 357 248
389 196 380 239
453 196 435 215
460 196 443 212
511 196 505 185
556 196 540 170
569 196 553 163
576 196 567 157
325 202 325 270
331 202 333 266
344 202 339 263
370 202 366 248
376 202 373 245
428 202 466 211
460 202 445 219
569 202 556 170
576 202 569 164
331 208 335 273
363 208 361 258
370 208 369 254
376 208 375 252
498 208 488 205
505 208 495 202
576 208 572 169
337 215 344 273
376 215 372 260
382 215 379 257
389 215 386 255
395 215 393 253
434 215 436 234
576 221 576 178
357 228 358 273
389 228 392 266
466 228 534 194
563 228 564 190
569 228 571 187
576 228 579 184
556 234 560 199
563 234 568 198
408 241 402 290
447 241 443 255
524 241 500 232
408 247 405 297
511 247 481 250
460 253 458 251
511 253 488 262
518 253 496 257
479 260 463 264
511 260 495 264
