513 140 501 158
526 140 510 159
461 146 467 157
564 146 570 165
545 153 536 171
564 153 564 172
571 153 571 173
410 159 426 159
416 159 433 160
435 159 444 162
442 159 453 163
461 159 474 164
468 159 481 165
481 159 495 165
500 159 515 167
506 159 523 167
513 159 528 169
532 159 548 169
545 159 536 177
551 159 541 178
558 159 548 178
571 159 569 179
410 165 424 165
416 165 431 165
481 165 502 168
487 165 508 168
545 165 534 183
551 165 541 184
564 165 553 184
423 172 439 169
429 172 447 169
435 172 453 170
442 172 460 170
448 172 466 171
461 172 475 171
468 172 481 171
474 172 494 173
481 172 502 173
487 172 508 173
500 172 515 176
506 172 520 177
545 172 533 189
551 172 538 190
564 172 546 191
571 172 567 188
384 178 405 170
403 178 418 172
410 178 433 172
416 178 438 174
423 178 444 174
429 178 451 175
493 178 507 180
500 178 513 182
558 178 541 197
365 185 376 176
371 185 382 176
377 185 390 176
384 185 397 177
397 185 410 177
429 185 450 180
506 185 520 190
558 185 539 205
352 191 361 180
358 191 369 182
365 191 376 182
377 191 391 181
403 191 425 182
410 191 432 182
416 191 439 183
423 191 446 184
429 191 459 183
435 191 465 184
442 191 472 186
448 191 478 185
493 191 506 195
500 191 513 195
506 191 520 195
538 191 479 233
551 191 532 211
558 191 539 212
345 198 354 185
384 198 408 185
390 198 415 186
397 198 423 186
403 198 430 187
410 198 437 187
416 198 446 187
423 198 453 188
429 198 458 189
435 198 466 190
442 198 472 190
448 198 479 191
493 198 505 201
506 198 513 202
551 198 530 218
365 204 389 191
371 204 395 190
377 204 401 190
384 204 409 190
390 204 416 191
397 204 425 192
403 204 431 192
410 204 437 193
416 204 444 194
423 204 451 194
429 204 458 196
435 204 465 197
442 204 484 192
461 204 471 205
468 204 477 205
320 210 328 192
326 210 334 193
332 210 346 193
339 210 353 194
352 210 374 197
358 210 381 196
365 210 389 196
371 210 396 195
403 210 430 200
410 210 435 201
416 210 442 201
423 210 451 202
429 210 458 202
435 210 464 203
455 210 463 210
461 210 470 211
474 210 481 214
545 210 545 221
300 217 305 197
313 217 324 197
326 217 333 198
332 217 347 198
339 217 359 201
345 217 366 202
352 217 373 203
377 217 409 200
384 217 417 202
416 217 440 208
423 217 448 208
429 217 456 209
468 217 476 214
474 217 481 219
493 217 496 222
500 217 501 223
287 223 285 200
294 223 298 202
300 223 306 202
307 223 318 203
313 223 325 202
320 223 333 203
365 223 399 206
377 223 410 207
384 223 420 208
442 223 461 216
474 223 477 228
493 223 496 229
500 223 500 230
506 223 508 230
513 223 508 234
519 223 513 235
281 230 269 206
294 230 298 208
300 230 305 208
307 230 316 210
313 230 325 209
332 230 366 208
339 230 373 209
345 230 379 210
352 230 387 210
358 230 393 212
365 230 399 212
371 230 406 213
423 230 440 222
429 230 447 222
481 230 489 234
493 230 496 235
500 230 500 237
287 236 295 216
300 236 309 217
307 236 325 218
326 236 358 214
332 236 364 216
339 236 372 216
345 236 380 216
352 236 386 217
358 236 393 218
423 236 440 228
429 236 447 229
435 236 453 230
442 236 458 232
493 236 495 243
287 243 303 223
294 243 311 224
300 243 318 224
320 243 351 222
326 243 359 222
332 243 366 223
339 243 372 223
352 243 381 224
429 243 446 236
474 243 482 241
287 249 308 230
307 249 338 231
313 249 321 232
320 249 351 229
326 249 358 229
332 249 363 229
339 249 370 230
345 249 375 231
352 249 383 231
371 249 434 222
435 249 450 244
287 256 309 237
313 256 345 234
320 256 351 235
326 256 357 236
332 256 363 236
339 256 369 237
345 256 375 237
358 256 426 227
442 256 458 252
294 262 314 244
307 262 336 244
326 262 364 240
365 262 418 233
384 262 439 235
390 262 467 231
397 262 474 232
313 268 340 252
345 268 369 256
365 268 418 241
461 268 452 249
300 275 321 258
358 275 411 246
365 275 418 246
300 281 321 265
307 281 326 267
326 281 333 267
332 281 340 268
339 281 348 269
326 288 338 274
307 294 318 280
313 294 325 280
307 301 316 285
358 314 314 264
390 314 338 288
358 320 312 272
365 320 319 272
