371 56 360 56
377 56 367 56
391 63 381 63
404 63 394 63
418 63 406 62
411 70 401 69
424 70 412 67
418 76 406 74
424 76 412 74
344 83 332 84
351 83 339 84
377 83 371 83
337 90 327 91
344 90 332 92
351 90 338 91
371 90 364 90
431 90 421 90
364 96 352 98
371 96 359 98
391 96 378 97
438 96 428 96
290 103 282 103
357 103 345 105
364 103 352 105
398 103 385 103
411 103 400 104
424 103 413 105
431 103 421 105
445 103 434 101
283 110 276 110
290 110 282 110
303 110 296 111
344 110 333 112
351 110 338 112
357 110 344 111
364 110 352 111
391 110 380 110
398 110 387 109
411 110 401 110
418 110 406 111
424 110 413 112
431 110 420 111
438 110 427 111
445 110 434 111
351 117 339 119
357 117 345 118
371 117 360 119
377 117 366 120
384 117 373 121
391 117 381 117
398 117 387 116
411 117 401 117
418 117 407 117
424 117 413 117
431 117 419 118
438 117 427 118
445 117 434 117
451 117 440 116
270 123 262 124
277 123 269 124
344 123 332 127
351 123 338 125
398 123 387 123
411 123 400 123
418 123 407 124
424 123 413 125
431 123 419 124
438 123 426 123
445 123 434 123
471 123 461 121
270 130 262 131
277 130 269 132
283 130 276 129
357 130 345 132
377 130 365 134
398 130 386 129
411 130 401 129
418 130 407 131
424 130 413 131
431 130 418 131
438 130 425 130
445 130 433 129
451 130 440 130
465 130 454 128
485 130 480 128
498 130 492 127
263 137 256 136
270 137 262 139
398 137 387 135
404 137 394 136
411 137 400 136
424 137 413 138
431 137 418 138
438 137 426 138
445 137 434 137
451 137 441 137
485 137 478 134
492 137 485 135
263 144 256 145
337 144 326 146
351 144 338 145
364 144 351 145
391 144 381 143
404 144 394 142
431 144 420 145
438 144 427 145
445 144 434 145
451 144 441 144
458 144 447 143
465 144 454 143
471 144 461 143
478 144 468 142
485 144 478 143
492 144 485 142
498 144 491 142
505 144 499 141
519 144 512 142
525 144 520 141
532 144 527 141
337 150 326 152
344 150 332 152
351 150 339 152
357 150 345 151
384 150 374 150
391 150 380 149
404 150 394 149
431 150 420 152
445 150 434 151
451 150 441 151
458 150 448 150
465 150 454 149
471 150 460 150
478 150 468 149
485 150 473 148
492 150 485 148
498 150 491 147
505 150 500 148
512 150 507 149
519 150 513 149
525 150 520 149
532 150 528 147
344 157 332 159
351 157 339 158
411 157 399 157
431 157 420 158
438 157 427 158
445 157 434 158
451 157 440 158
458 157 448 158
465 157 454 156
471 157 461 157
478 157 468 156
485 157 474 156
492 157 480 155
498 157 492 154
505 157 500 154
512 157 507 154
519 157 513 155
525 157 519 156
539 157 534 154
552 157 547 154
256 164 250 164
377 164 367 162
391 164 380 163
398 164 386 164
404 164 394 164
411 164 399 165
418 164 406 165
424 164 413 165
431 164 420 166
451 164 440 165
458 164 447 164
465 164 454 163
471 164 461 163
478 164 468 163
485 164 475 163
492 164 480 163
498 164 492 161
505 164 500 162
512 164 507 161
519 164 513 161
525 164 520 162
532 164 527 163
539 164 534 161
545 164 542 161
552 164 548 161
559 164 555 162
256 170 250 171
357 170 350 170
377 170 371 169
398 170 386 171
418 170 407 172
424 170 413 172
431 170 419 173
438 170 428 172
445 170 435 172
451 170 440 171
458 170 447 171
465 170 455 172
471 170 462 171
478 170 467 170
485 170 475 170
492 170 481 169
498 170 487 169
505 170 498 171
512 170 505 170
519 170 512 170
525 170 520 169
532 170 526 170
539 170 534 168
545 170 542 168
552 170 549 169
559 170 555 169
344 177 332 179
357 177 351 176
391 177 380 177
398 177 387 177
418 177 406 179
424 177 413 181
431 177 420 181
438 177 428 181
445 177 435 178
451 177 441 177
458 177 448 178
465 177 455 178
471 177 461 178
478 177 468 177
485 177 475 177
492 177 484 177
498 177 491 177
505 177 498 177
512 177 505 177
519 177 512 177
525 177 518 178
532 177 525 177
539 177 533 176
545 177 542 175
552 177 548 176
559 177 555 176
351 184 338 185
357 184 351 182
364 184 359 181
404 184 393 185
418 184 406 188
424 184 414 188
431 184 421 188
438 184 428 188
445 184 435 185
451 184 441 184
458 184 448 184
465 184 455 185
471 184 462 185
478 184 469 185
485 184 475 184
492 184 481 183
498 184 488 183
505 184 499 183
512 184 505 183
519 184 512 184
525 184 518 184
532 184 525 183
539 184 533 183
545 184 541 183
552 184 548 183
559 184 555 183
324 191 311 194
337 191 326 191
377 191 370 190
391 191 381 191
404 191 392 192
411 191 399 192
424 191 415 196
445 191 435 192
451 191 441 191
458 191 448 191
465 191 455 191
471 191 462 191
478 191 468 191
485 191 474 191
492 191 480 191
498 191 488 190
505 191 493 190
512 191 505 189
519 191 512 190
525 191 519 190
532 191 526 190
539 191 534 190
545 191 541 190
552 191 548 190
317 197 305 200
330 197 318 200
337 197 326 198
344 197 333 197
371 197 364 202
377 197 370 198
404 197 393 199
411 197 399 199
418 197 406 199
431 197 420 199
445 197 434 197
451 197 441 198
458 197 448 198
465 197 455 198
471 197 462 198
478 197 469 198
485 197 474 198
492 197 480 198
498 197 487 197
505 197 492 196
512 197 506 197
519 197 512 197
525 197 518 197
532 197 526 197
539 197 534 197
545 197 540 196
552 197 546 196
559 197 553 196
317 204 304 208
324 204 312 206
330 204 319 206
344 204 333 205
391 204 381 204
398 204 387 204
404 204 393 205
411 204 399 206
418 204 407 205
431 204 420 204
445 204 435 205
451 204 441 204
458 204 448 204
465 204 455 205
471 204 462 205
478 204 468 205
485 204 475 205
492 204 482 205
498 204 489 205
505 204 494 204
512 204 505 204
519 204 511 204
525 204 518 203
532 204 525 203
539 204 533 202
545 204 539 203
552 204 545 204
559 204 553 204
303 211 291 215
317 211 304 215
324 211 311 215
330 211 319 212
337 211 326 212
344 211 332 216
384 211 374 210
391 211 380 210
398 211 387 211
404 211 393 212
411 211 400 212
418 211 408 211
424 211 417 211
431 211 424 211
438 211 430 211
451 211 441 211
458 211 448 211
465 211 455 211
471 211 463 211
478 211 470 212
485 211 477 212
492 211 484 211
498 211 491 212
505 211 498 212
512 211 504 212
519 211 512 211
525 211 518 210
532 211 525 210
539 211 532 209
545 211 538 211
552 211 545 212
559 211 552 212
303 217 298 216
330 217 318 218
337 217 325 218
351 217 345 218
377 217 368 217
384 217 373 216
391 217 381 216
398 217 386 218
404 217 391 219
411 217 399 219
418 217 407 218
424 217 414 219
431 217 421 219
438 217 428 219
445 217 435 219
451 217 441 219
458 217 448 218
465 217 455 218
471 217 463 218
478 217 470 218
485 217 477 218
492 217 484 218
498 217 491 218
505 217 498 218
512 217 504 218
519 217 512 218
525 217 519 217
532 217 526 217
539 217 533 216
545 217 539 217
552 217 546 219
559 217 554 217
303 224 297 224
310 224 304 223
324 224 312 224
330 224 319 224
344 224 332 224
377 224 367 225
384 224 373 222
391 224 380 224
398 224 386 225
404 224 392 226
411 224 400 225
418 224 407 226
424 224 414 226
431 224 421 226
438 224 428 226
445 224 434 226
451 224 441 225
458 224 448 225
465 224 456 225
471 224 464 225
478 224 470 225
485 224 477 224
492 224 484 224
498 224 491 224
505 224 499 224
512 224 505 224
519 224 511 225
525 224 518 224
532 224 527 223
539 224 533 222
545 224 541 224
552 224 546 225
559 224 554 224
303 231 299 230
317 231 304 230
324 231 311 231
330 231 318 231
337 231 324 230
344 231 330 229
351 231 339 229
377 231 365 233
384 231 372 233
391 231 378 233
398 231 387 232
404 231 393 232
411 231 400 232
418 231 408 233
424 231 414 233
431 231 421 233
438 231 428 233
445 231 435 233
451 231 441 232
458 231 448 232
465 231 457 232
471 231 464 231
478 231 470 231
485 231 477 231
492 231 484 231
498 231 491 231
505 231 498 231
512 231 504 231
519 231 511 231
525 231 520 230
539 231 532 230
545 231 540 230
552 231 546 231
559 231 553 231
283 238 277 239
290 238 284 239
297 238 289 238
303 238 297 237
310 238 305 238
324 238 310 236
351 238 346 237
371 238 359 238
377 238 366 240
384 238 373 242
391 238 379 240
398 238 386 239
404 238 394 239
411 238 401 239
418 238 407 240
424 238 414 240
431 238 421 239
438 238 428 239
445 238 434 239
451 238 441 239
458 238 449 238
465 238 457 238
471 238 464 238
478 238 471 238
485 238 477 238
492 238 484 238
498 238 491 238
505 238 498 237
512 238 504 237
519 238 511 238
525 238 520 238
532 238 526 237
539 238 533 238
545 238 540 239
552 238 546 237
283 244 277 246
297 244 289 245
310 244 305 244
364 244 350 249
371 244 358 248
391 244 380 246
398 244 387 246
404 244 394 246
411 244 400 246
418 244 407 246
424 244 414 246
431 244 421 246
438 244 428 246
445 244 435 245
451 244 442 245
458 244 449 245
465 244 455 245
471 244 464 245
478 244 471 245
485 244 477 245
492 244 484 245
498 244 491 244
505 244 498 244
512 244 505 244
519 244 512 245
525 244 519 245
532 244 525 245
539 244 531 245
545 244 540 244
552 244 547 244
310 251 298 252
324 251 318 252
377 251 366 254
384 251 372 253
391 251 379 253
398 251 386 253
404 251 393 253
411 251 401 252
418 251 407 253
424 251 414 252
431 251 421 252
438 251 428 252
445 251 435 252
451 251 442 252
458 251 448 252
465 251 455 252
471 251 463 252
478 251 471 251
485 251 477 251
492 251 484 251
498 251 491 251
505 251 498 251
512 251 505 251
519 251 512 251
525 251 519 252
532 251 525 252
539 251 532 251
545 251 540 250
559 251 554 250
303 258 292 259
310 258 299 259
317 258 306 260
337 258 325 259
357 258 345 260
364 258 352 260
371 258 359 260
377 258 365 260
384 258 372 260
398 258 385 261
404 258 392 260
411 258 399 258
418 258 408 259
424 258 417 258
438 258 428 259
445 258 435 259
451 258 441 259
458 258 448 258
465 258 457 258
471 258 464 258
478 258 471 258
485 258 478 258
492 258 484 258
498 258 491 258
505 258 498 258
512 258 505 257
519 258 512 257
525 258 518 258
532 258 527 257
539 258 533 257
545 258 539 257
317 264 306 266
330 264 319 266
337 264 325 266
344 264 333 266
351 264 340 266
357 264 346 266
364 264 352 267
371 264 359 266
377 264 366 267
384 264 373 267
391 264 379 267
404 264 398 263
411 264 405 264
418 264 411 265
424 264 417 266
431 264 424 266
438 264 431 266
451 264 441 266
458 264 450 265
465 264 458 265
471 264 464 265
478 264 471 265
485 264 478 265
492 264 484 265
498 264 491 265
505 264 498 265
512 264 504 264
519 264 512 264
525 264 519 265
539 264 534 265
545 264 540 265
552 264 546 264
310 271 299 273
330 271 319 272
337 271 325 272
344 271 333 273
351 271 340 272
357 271 347 272
364 271 353 273
371 271 360 273
391 271 384 272
398 271 391 271
411 271 407 270
418 271 413 272
424 271 418 272
431 271 424 272
438 271 431 272
451 271 441 272
458 271 448 272
465 271 457 272
471 271 465 272
478 271 471 272
485 271 478 271
492 271 485 271
498 271 492 271
505 271 498 271
512 271 506 270
519 271 513 271
539 271 534 272
545 271 539 272
317 278 304 278
330 278 319 278
337 278 326 279
344 278 333 279
351 278 340 279
357 278 346 279
364 278 353 279
404 278 399 277
411 278 406 278
418 278 414 278
424 278 419 279
431 278 424 279
438 278 431 279
451 278 441 278
458 278 449 278
465 278 457 278
471 278 464 278
478 278 470 278
485 278 478 278
492 278 485 278
498 278 492 278
505 278 499 278
512 278 507 278
519 278 514 277
545 278 540 277
317 285 306 285
337 285 326 286
344 285 332 286
351 285 339 285
357 285 345 286
404 285 397 285
411 285 404 285
418 285 412 285
424 285 419 285
431 285 425 285
438 285 431 285
445 285 437 286
458 285 448 286
465 285 458 285
471 285 464 285
478 285 470 285
485 285 477 285
492 285 485 284
498 285 492 285
505 285 500 285
512 285 507 285
519 285 515 284
525 285 521 284
532 285 526 284
539 285 534 285
391 291 385 292
398 291 391 292
411 291 404 291
418 291 412 291
431 291 425 292
438 291 431 292
445 291 437 292
451 291 444 292
458 291 451 292
465 291 458 293
471 291 464 292
478 291 471 291
485 291 478 291
492 291 487 291
498 291 493 291
505 291 499 291
512 291 508 291
519 291 514 291
525 291 521 291
532 291 527 292
438 298 432 297
445 298 438 298
451 298 444 298
458 298 451 298
465 298 457 299
471 298 464 299
478 298 471 298
485 298 478 299
492 298 486 298
498 298 492 298
505 298 500 298
431 305 426 304
438 305 433 303
445 305 439 303
451 305 445 304
