386 122 386 123
389 122 389 123
357 125 357 130
360 125 360 130
370 125 368 130
373 125 371 129
376 125 374 129
379 125 377 128
382 125 380 128
386 125 383 127
389 125 389 126
395 125 394 126
344 128 342 135
351 128 351 133
354 128 355 133
357 128 357 133
363 128 361 132
366 128 365 133
370 128 367 133
373 128 370 133
376 128 373 133
379 128 377 132
382 128 380 132
392 128 390 130
395 128 394 130
331 131 329 139
335 131 332 139
347 131 347 137
351 131 351 136
354 131 355 136
363 131 361 135
366 131 365 136
370 131 368 136
373 131 371 136
376 131 374 137
379 131 376 136
382 131 380 135
386 131 383 135
392 131 390 134
395 131 393 133
344 134 343 140
351 134 350 140
354 134 354 139
357 134 357 139
363 134 363 140
366 134 366 142
373 134 371 140
376 134 374 139
379 134 376 139
382 134 379 138
319 137 318 144
322 137 321 144
325 137 324 144
328 137 327 144
331 137 330 144
335 137 333 144
338 137 337 143
341 137 340 143
344 137 343 143
347 137 347 142
351 137 350 142
354 137 353 142
357 137 356 142
366 137 366 146
376 137 374 142
395 137 393 140
408 137 406 139
411 137 410 138
414 137 412 138
417 137 415 138
319 141 317 147
322 141 321 148
325 141 324 148
328 141 327 146
331 141 331 146
335 141 334 146
338 141 337 146
347 141 347 145
357 141 356 145
360 141 360 149
366 141 367 149
370 141 370 152
382 141 379 143
386 141 383 143
389 141 386 143
392 141 389 143
395 141 393 142
408 141 406 142
411 141 410 142
414 141 413 142
417 141 416 142
316 144 315 148
319 144 318 152
322 144 321 153
325 144 325 152
328 144 328 153
331 144 330 152
335 144 334 149
347 144 347 149
360 144 360 151
370 144 370 156
373 144 373 156
386 144 383 146
389 144 386 146
408 144 406 145
411 144 410 145
414 144 413 145
417 144 416 145
424 144 422 143
427 144 426 143
322 147 322 156
325 147 325 156
331 147 331 155
335 147 333 155
344 147 344 156
351 147 354 152
370 147 371 159
373 147 374 159
382 147 380 149
386 147 383 149
389 147 386 149
408 147 406 148
414 147 413 148
417 147 416 148
420 147 419 146
424 147 422 147
436 147 436 146
440 147 439 146
316 150 315 152
322 150 322 159
325 150 325 159
328 150 328 158
331 150 331 159
360 150 360 158
363 150 364 162
370 150 370 162
382 150 381 152
392 150 390 152
395 150 396 152
420 150 419 150
424 150 422 150
427 150 426 150
430 150 429 149
433 150 429 146
436 150 435 149
440 150 438 149
316 153 315 155
319 153 317 155
335 153 334 161
382 153 381 155
386 153 383 155
389 153 387 155
392 153 390 154
395 153 396 154
414 153 413 153
417 153 416 152
420 153 419 153
424 153 422 153
427 153 426 153
430 153 429 153
433 153 432 152
436 153 435 151
440 153 438 152
331 157 331 164
351 157 354 162
357 157 360 165
386 157 386 158
405 157 404 156
420 157 420 156
424 157 423 156
427 157 426 156
430 157 429 156
433 157 432 155
436 157 435 155
440 157 438 155
325 160 325 166
328 160 328 168
354 160 361 168
373 160 373 165
389 160 389 162
392 160 393 162
401 160 400 159
411 160 409 158
424 160 423 159
427 160 425 159
430 160 429 159
433 160 432 158
436 160 435 157
440 160 438 158
443 160 442 159
335 163 335 169
373 163 373 169
386 163 386 166
398 163 396 165
401 163 400 165
408 163 407 162
420 163 419 161
424 163 422 161
427 163 426 162
430 163 429 162
433 163 432 161
436 163 435 161
440 163 438 161
443 163 442 162
319 166 319 174
322 166 322 174
357 166 364 172
373 166 373 172
376 166 376 169
379 166 379 171
382 166 383 172
389 166 390 170
392 166 393 169
398 166 396 169
401 166 400 168
405 166 403 169
408 166 406 165
411 166 409 164
417 166 416 163
424 166 423 165
427 166 426 165
430 166 429 165
440 166 439 165
322 169 322 177
357 169 363 176
373 169 374 176
376 169 377 175
379 169 380 175
395 169 393 172
401 169 400 172
408 169 406 169
411 169 409 167
414 169 413 166
417 169 416 167
420 169 419 168
424 169 423 168
427 169 426 169
430 169 429 168
443 169 442 165
319 172 319 179
325 172 325 179
331 172 332 178
335 172 335 175
338 172 339 177
363 172 364 178
366 172 367 178
370 172 370 178
373 172 374 178
376 172 377 178
379 172 380 178
392 172 390 176
395 172 394 176
401 172 400 175
405 172 405 175
414 172 413 170
417 172 416 170
420 172 420 171
430 172 429 171
440 172 439 168
443 172 442 168
322 176 322 182
325 176 326 182
328 176 329 182
335 176 335 181
341 176 341 178
370 176 370 182
373 176 374 181
376 176 377 182
379 176 380 181
382 176 383 180
386 176 385 180
398 176 397 178
405 176 405 178
408 176 408 178
411 176 411 178
424 176 423 176
427 176 429 178
430 176 429 175
433 176 432 172
443 176 442 171
322 179 322 185
325 179 325 185
341 179 343 182
366 179 367 185
370 179 371 185
373 179 374 185
376 179 377 185
379 179 380 184
382 179 383 184
386 179 386 184
389 179 389 182
392 179 392 182
395 179 395 182
401 179 402 181
408 179 409 181
411 179 412 181
414 179 415 181
417 179 417 180
420 179 420 179
424 179 424 179
433 179 432 174
436 179 435 175
322 182 321 188
325 182 326 190
328 182 328 190
338 182 338 184
357 182 357 186
360 182 361 185
363 182 364 184
370 182 371 188
373 182 374 188
376 182 378 188
379 182 381 187
389 182 390 186
392 182 392 185
395 182 395 185
398 182 398 185
408 182 409 184
411 182 412 184
414 182 415 184
417 182 418 184
420 182 421 184
424 182 424 184
436 182 435 179
440 182 438 174
443 182 442 175
446 182 445 175
322 185 322 191
325 185 325 194
328 185 328 194
335 185 335 188
338 185 340 191
341 185 344 191
347 185 349 191
351 185 353 192
354 185 356 192
360 185 363 192
379 185 381 191
382 185 383 189
386 185 387 189
389 185 390 189
392 185 392 189
395 185 395 189
398 185 398 188
401 185 402 188
408 185 409 188
411 185 412 187
414 185 415 187
430 185 431 185
436 185 436 183
440 185 440 182
443 185 443 182
446 185 446 181
338 188 340 198
347 188 348 194
351 188 353 195
360 188 364 195
363 188 367 194
370 188 371 195
373 188 374 191
386 188 387 191
389 188 390 191
392 188 393 191
395 188 396 191
401 188 402 191
408 188 409 190
411 188 412 190
417 188 418 189
420 188 421 189
424 188 425 189
433 188 434 187
443 188 443 186
446 188 446 184
331 192 335 202
335 192 337 201
347 192 348 198
351 192 351 198
354 192 354 198
357 192 360 200
370 192 372 199
373 192 376 199
376 192 380 198
379 192 380 194
382 192 384 195
386 192 387 195
389 192 390 194
392 192 396 194
414 192 415 192
417 192 418 192
420 192 421 192
424 192 425 192
430 192 432 191
433 192 434 191
443 192 443 189
322 195 323 199
347 195 348 201
351 195 351 204
357 195 360 203
360 195 364 202
363 195 367 202
373 195 376 202
376 195 380 202
382 195 384 198
386 195 387 197
401 195 403 195
417 195 418 195
420 195 422 194
424 195 425 194
430 195 432 194
433 195 435 195
436 195 438 194
440 195 441 194
325 198 326 202
338 198 339 205
354 198 354 205
363 198 364 205
376 198 379 205
382 198 384 201
386 198 387 200
414 198 415 195
424 198 425 197
430 198 431 197
433 198 435 198
443 198 443 197
341 201 344 211
363 201 363 208
366 201 367 208
370 201 370 207
373 201 376 207
382 201 384 204
411 201 412 198
414 201 415 198
417 201 418 199
420 201 422 199
427 201 428 200
440 201 440 200
341 204 345 217
357 204 357 215
360 204 360 214
370 204 370 210
382 204 384 207
386 204 387 207
411 204 411 201
417 204 418 202
424 204 425 202
446 204 448 203
335 207 335 214
357 207 358 218
360 207 361 218
370 207 367 217
376 207 378 214
382 207 384 211
389 207 390 207
392 207 392 207
395 207 395 208
398 207 399 208
417 207 418 205
420 207 422 205
424 207 425 205
427 207 428 205
436 207 438 204
440 207 442 207
443 207 446 207
446 207 449 207
449 207 451 207
328 211 330 217
335 211 335 217
341 211 345 224
344 211 349 223
376 211 377 217
389 211 389 209
392 211 392 210
401 211 406 214
420 211 422 210
424 211 426 210
427 211 429 211
430 211 432 211
436 211 439 208
325 214 328 221
328 214 330 221
331 214 334 221
335 214 337 221
341 214 345 227
351 214 354 224
360 214 367 220
373 214 373 221
382 214 385 220
392 214 393 213
401 214 406 217
424 214 425 214
427 214 429 215
430 214 432 214
433 214 436 214
436 214 439 214
331 217 334 223
335 217 337 224
338 217 341 224
360 217 366 224
370 217 370 225
373 217 373 224
395 217 400 220
398 217 403 220
401 217 406 220
424 217 426 217
427 217 429 218
430 217 432 218
433 217 435 217
440 217 441 217
443 217 445 217
446 217 447 214
357 220 363 227
360 220 366 227
376 220 379 227
386 220 389 227
392 220 396 224
395 220 400 223
398 220 403 223
424 220 426 221
427 220 429 221
430 220 432 221
433 220 435 221
440 220 442 221
446 220 447 217
449 220 452 218
325 223 328 231
328 223 333 233
331 223 335 231
335 223 338 231
341 223 344 230
344 223 348 230
373 223 376 230
376 223 379 231
389 223 392 227
395 223 400 226
401 223 406 225
405 223 409 225
440 223 441 223
443 223 444 221
446 223 447 221
449 223 452 223
328 226 333 236
331 226 337 237
357 226 361 234
366 226 374 234
376 226 380 234
379 226 383 233
382 226 386 231
386 226 389 231
417 226 420 227
420 226 423 227
424 226 427 227
427 226 429 227
430 226 432 227
433 226 435 227
443 226 444 226
452 226 455 225
325 230 327 233
331 230 337 240
341 230 344 237
344 230 347 236
360 230 366 233
363 230 370 234
370 230 377 237
376 230 380 238
386 230 389 235
389 230 392 234
392 230 395 234
395 230 398 233
398 230 402 233
417 230 420 231
420 230 423 231
424 230 427 230
430 230 432 230
433 230 435 230
436 230 439 230
325 233 328 237
338 233 342 241
341 233 344 240
344 233 347 240
379 233 383 238
395 233 398 236
398 233 401 236
401 233 405 236
417 233 420 235
420 233 423 234
424 233 427 234
430 233 433 233
433 233 436 233
325 236 329 243
328 236 331 244
331 236 335 244
335 236 338 244
338 236 342 244
341 236 344 243
344 236 347 243
347 236 350 242
357 236 363 243
363 236 370 243
379 236 383 241
382 236 386 241
386 236 389 241
389 236 392 241
395 236 399 239
398 236 402 240
417 236 420 237
420 236 424 237
424 236 427 237
427 236 430 236
430 236 433 236
328 239 331 247
331 239 335 247
338 239 342 247
341 239 344 246
344 239 348 246
347 239 351 246
376 239 380 244
379 239 384 244
382 239 386 244
386 239 390 244
389 239 392 243
417 239 421 239
331 242 335 250
338 242 341 250
341 242 347 250
351 242 354 249
357 242 358 248
370 242 377 247
376 242 379 248
379 242 382 248
392 242 396 244
395 242 399 243
398 242 402 243
335 246 338 253
338 246 341 253
341 246 347 253
347 246 351 251
357 246 358 251
363 246 367 250
366 246 370 250
347 249 351 255
