476 102 475 190
481 102 478 193
408 107 434 159
481 112 455 241
528 118 495 256
434 123 433 203
397 128 416 167
403 128 416 175
502 133 458 253
528 133 492 273
387 139 391 165
523 139 484 271
528 139 488 276
534 139 492 280
413 144 325 222
450 144 439 211
523 144 481 274
528 144 485 280
366 149 321 152
444 149 377 208
450 149 380 212
460 149 456 191
528 149 480 284
486 154 447 220
429 160 323 183
481 160 439 220
486 160 443 225
413 170 509 157
523 170 457 296
418 175 505 163
424 175 512 165
429 175 517 170
507 175 444 274
418 181 499 167
424 181 503 171
434 181 517 177
502 186 410 273
444 191 511 199
497 191 436 272
355 196 328 170
444 196 506 203
497 196 432 275
497 212 375 278
465 217 292 243
476 217 311 259
476 228 302 263
329 254 286 216
334 259 287 224
366 270 331 201
350 280 283 258
424 291 292 270
439 296 307 287
429 306 290 287
439 306 295 291
