462 83 438 123
432 88 410 128
462 88 438 127
467 88 443 127
432 93 411 132
472 93 447 130
482 93 454 130
487 93 459 130
492 93 465 130
432 98 417 134
437 98 420 135
442 98 426 135
452 98 437 135
462 98 442 136
482 98 453 133
432 103 416 139
437 103 421 139
442 103 426 139
452 103 438 138
467 103 448 140
477 103 454 139
482 103 459 139
492 103 468 139
497 103 474 140
502 103 479 141
402 108 394 138
407 108 398 139
417 108 406 141
437 108 421 143
442 108 430 145
447 108 436 144
462 108 443 145
492 108 468 145
497 108 475 145
407 113 398 143
417 113 405 146
442 118 427 150
437 123 432 150
422 128 420 155
432 128 427 155
437 128 433 156
402 153 398 188
412 153 409 193
392 158 387 192
397 158 393 193
422 158 426 171
502 158 507 168
508 158 512 168
392 163 387 197
402 163 398 198
538 163 555 169
548 163 566 171
502 168 506 179
508 168 511 178
528 168 538 174
543 168 560 176
548 168 567 176
553 168 572 177
497 173 501 184
543 173 561 185
548 173 566 182
553 173 571 181
558 173 576 181
563 173 579 186
523 178 537 186
528 178 543 186
533 178 550 187
548 178 566 187
588 178 592 181
518 183 531 192
523 183 537 192
528 183 543 192
533 183 550 193
543 183 561 192
548 183 565 192
553 183 570 192
558 183 580 199
477 188 510 184
513 188 526 196
523 188 539 201
528 188 544 201
548 188 565 196
553 188 570 197
462 193 490 191
467 193 496 191
588 193 596 198
462 198 490 195
467 198 496 196
472 198 504 191
477 198 511 191
518 198 537 207
528 198 545 207
533 198 550 207
578 198 584 220
598 198 602 203
472 204 504 201
477 204 510 195
482 204 517 195
487 204 523 195
518 204 537 212
523 204 541 211
578 204 585 224
457 209 485 205
462 209 494 206
467 209 500 208
482 209 517 200
487 209 522 200
538 209 555 216
447 214 472 216
462 214 482 233
467 214 500 213
518 214 537 218
523 214 541 217
538 214 554 222
603 214 608 230
442 219 466 222
447 219 471 221
467 219 500 217
518 219 537 223
523 219 541 223
603 219 607 236
447 224 467 236
492 224 498 247
497 224 504 248
518 224 537 228
523 224 541 228
603 224 607 240
492 229 499 253
497 229 504 254
603 229 606 245
497 234 510 255
447 239 467 248
528 239 545 248
548 239 559 246
553 239 564 246
427 244 449 258
502 244 520 251
508 244 525 250
513 244 530 250
518 244 534 251
523 244 539 251
548 244 559 252
553 244 563 251
558 244 568 255
432 249 455 257
437 249 461 258
502 249 521 256
508 249 526 256
513 249 530 255
518 249 534 256
523 249 539 256
502 254 520 261
513 254 530 260
558 254 574 262
583 254 574 284
513 259 525 266
548 259 563 267
553 259 568 268
558 259 574 268
452 264 476 282
497 264 530 275
513 264 525 272
548 264 563 273
553 264 568 273
558 264 573 273
432 269 456 286
437 269 460 286
452 269 475 286
457 269 480 286
558 269 568 278
563 269 558 271
452 274 475 291
543 274 551 289
558 274 567 282
573 274 573 293
543 279 551 293
553 279 567 293
573 279 573 298
447 284 476 308
477 284 480 291
528 284 534 299
533 284 541 298
548 284 562 298
553 284 566 298
447 289 477 312
487 289 503 308
528 289 535 304
548 289 561 303
563 289 561 309
528 294 539 309
533 294 544 308
482 299 486 309
497 299 519 309
528 299 539 313
538 299 550 310
543 299 556 310
457 304 470 314
477 304 481 312
482 304 486 314
487 304 491 314
492 304 508 319
508 304 523 317
518 304 528 319
523 304 534 318
482 309 486 319
487 309 502 323
508 309 523 323
528 309 540 323
