477 181 512 142
462 206 493 140
466 206 500 141
473 206 505 147
484 206 515 158
487 206 519 166
462 210 489 147
469 210 502 152
477 210 506 162
480 210 512 163
455 213 481 150
462 217 490 163
466 217 497 167
387 220 441 132
426 220 424 139
455 220 471 169
462 220 484 174
473 220 501 174
462 224 482 182
473 224 499 181
462 228 479 188
430 231 424 155
459 231 469 192
462 231 476 195
462 235 473 200
480 235 500 197
459 238 463 204
462 238 469 207
466 238 476 209
480 238 496 205
462 242 467 214
441 246 386 310
459 246 456 223
466 246 472 217
390 249 408 172
419 249 424 204
419 253 421 211
415 256 415 213
441 264 415 281
444 264 437 278
387 267 378 258
441 267 416 291
444 267 425 293
441 271 413 298
444 271 421 300
430 278 373 219
441 282 425 234
419 285 412 235
433 285 426 241
444 285 438 248
433 289 426 249
441 289 416 245
433 292 424 257
437 292 405 248
462 292 448 273
437 296 403 254
462 296 445 280
441 307 406 302
401 310 374 266
415 310 320 286
394 314 340 273
426 314 348 346
455 314 381 353
459 314 388 355
455 318 378 360
423 321 333 339
455 321 376 365
