462 93 490 88
445 98 469 90
429 104 450 88
445 109 467 97
501 126 511 113
501 137 509 120
346 154 365 91
523 170 530 137
490 181 495 130
495 181 501 131
351 187 362 110
357 187 370 112
512 187 519 143
357 192 367 118
440 198 435 124
445 198 440 126
445 203 439 132
451 203 445 133
495 203 505 147
501 203 518 148
490 209 497 151
495 209 504 152
401 214 406 132
490 214 496 158
495 214 504 157
429 220 444 140
445 220 476 149
479 220 481 162
484 220 488 164
495 220 501 167
484 226 487 170
445 231 468 165
407 253 392 261
384 259 366 261
395 259 378 264
401 259 385 265
407 259 391 267
418 259 398 268
423 259 404 270
429 259 411 270
351 264 333 253
362 264 346 255
368 264 352 257
390 264 370 269
395 264 377 270
401 264 383 272
407 264 389 273
423 264 404 276
384 270 365 269
407 270 388 277
412 270 394 279
423 270 402 282
368 275 350 264
390 275 370 276
395 275 377 278
401 275 382 279
362 281 342 270
368 281 349 271
373 281 355 272
384 281 363 274
395 281 376 282
401 281 381 284
407 281 386 286
412 281 392 287
346 287 321 278
351 287 327 278
362 287 342 277
368 287 348 279
373 287 354 280
384 287 362 280
390 287 368 282
407 287 386 290
357 292 334 283
362 292 339 283
368 292 347 285
373 292 353 286
384 292 361 287
390 292 367 287
395 292 373 289
401 292 379 291
412 292 393 293
357 298 332 287
362 298 338 289
368 298 344 291
373 298 351 292
384 298 359 293
390 298 364 294
395 298 372 295
401 298 378 296
362 303 337 294
368 303 343 297
434 309 424 306
368 314 342 303
373 314 348 304
407 314 385 305
407 320 380 312
412 320 387 313
434 320 422 318
440 320 428 320
407 325 380 318
412 325 385 319
434 325 419 326
451 325 427 327
456 325 433 328
401 331 373 323
407 331 378 324
412 331 385 325
451 331 426 333
456 331 437 338
407 336 379 330
412 336 384 331
