375 127 393 130
395 127 400 129
399 127 405 129
317 131 320 132
321 131 325 132
324 131 329 132
328 131 333 132
352 131 352 133
391 131 396 133
395 131 401 133
399 131 405 133
403 131 409 133
407 131 413 133
411 131 416 133
415 131 420 132
313 135 312 136
317 135 321 136
321 135 325 136
324 135 329 136
328 135 332 136
332 135 336 136
336 135 341 136
340 135 344 136
360 135 368 138
364 135 372 138
368 135 376 138
372 135 380 138
375 135 388 137
395 135 401 138
399 135 405 138
403 135 409 138
407 135 412 137
411 135 416 137
415 135 418 137
422 135 424 136
434 135 432 136
313 139 312 140
317 139 317 144
321 139 325 139
324 139 329 139
328 139 334 139
332 139 336 143
356 139 364 140
360 139 368 142
364 139 372 142
372 139 380 141
375 139 383 141
391 139 399 142
395 139 403 142
399 139 407 142
407 139 412 141
411 139 415 141
415 139 419 141
434 139 432 141
313 142 312 144
317 142 317 148
321 142 321 149
324 142 330 144
336 142 344 144
340 142 349 144
352 142 352 143
356 142 364 146
368 142 376 145
372 142 380 145
375 142 383 145
383 142 391 145
395 142 404 146
399 142 409 146
407 142 412 144
411 142 415 145
415 142 419 145
430 142 428 145
434 142 432 146
313 146 312 147
321 146 326 148
324 146 330 148
348 146 349 150
352 146 352 147
356 146 364 149
368 146 376 149
375 146 384 149
379 146 388 149
387 146 395 149
403 146 409 148
407 146 412 148
411 146 416 149
419 146 424 149
430 146 428 150
434 146 432 150
297 150 296 151
317 150 320 151
321 150 325 151
324 150 329 152
340 150 341 155
344 150 344 155
356 150 365 153
372 150 381 153
375 150 384 153
379 150 388 152
383 150 391 152
422 150 420 153
430 150 428 154
434 150 432 154
321 154 325 155
324 154 329 155
344 154 344 159
348 154 347 159
368 154 376 155
379 154 388 156
383 154 391 156
387 154 395 156
407 154 413 157
415 154 416 156
426 154 424 158
430 154 428 157
434 154 432 157
321 158 325 159
352 158 353 160
368 158 373 159
372 158 380 161
383 158 392 160
395 158 401 158
403 158 409 161
407 158 412 161
415 158 417 161
422 158 421 161
426 158 424 161
430 158 428 161
324 162 330 164
332 162 340 164
340 162 345 164
368 162 373 163
375 162 384 165
379 162 389 165
383 162 392 165
395 162 401 162
399 162 405 164
403 162 409 164
407 162 412 164
422 162 421 166
266 166 263 169
328 166 335 167
332 166 340 168
340 166 345 170
344 166 349 167
348 166 352 168
356 166 365 168
368 166 373 167
372 166 380 169
375 166 384 169
383 166 392 168
387 166 395 168
399 166 406 168
403 166 409 168
407 166 412 168
411 166 416 168
266 170 263 173
328 170 335 171
332 170 340 171
344 170 350 172
348 170 352 171
352 170 361 171
356 170 365 171
368 170 374 171
372 170 378 170
379 170 388 171
395 170 402 170
399 170 406 172
403 170 409 172
407 170 412 172
426 170 425 173
430 170 429 169
266 174 263 177
328 174 335 175
332 174 340 175
336 174 344 175
340 174 348 176
344 174 352 176
348 174 357 175
352 174 361 175
356 174 364 176
360 174 368 175
368 174 374 175
372 174 378 174
375 174 384 175
379 174 388 174
383 174 392 175
391 174 398 175
399 174 406 176
403 174 409 176
407 174 413 176
426 174 425 176
430 174 429 173
313 178 313 180
324 178 331 179
328 178 336 179
332 178 340 179
336 178 344 179
340 178 349 180
344 178 353 179
348 178 357 179
352 178 361 179
356 178 365 179
360 178 368 179
364 178 372 179
372 178 378 179
375 178 383 179
379 178 388 179
383 178 392 179
391 178 399 179
395 178 402 179
419 178 420 177
430 178 429 176
262 182 260 181
324 182 330 183
328 182 336 183
332 182 340 183
336 182 345 183
340 182 349 183
344 182 353 183
348 182 358 183
352 182 361 183
356 182 365 183
360 182 369 183
375 182 383 182
379 182 388 183
383 182 392 183
391 182 398 183
395 182 402 184
399 182 406 185
403 182 410 185
407 182 413 185
426 182 425 181
430 182 429 180
266 186 263 186
321 186 325 187
324 186 330 187
332 186 338 187
336 186 345 187
340 186 349 187
344 186 353 187
348 186 357 187
352 186 361 187
356 186 365 187
399 186 406 188
426 186 425 185
430 186 429 184
262 189 260 190
321 189 325 191
324 189 329 191
328 189 334 192
332 189 339 191
336 189 345 190
340 189 348 191
344 189 353 191
348 189 356 191
352 189 360 191
379 189 387 190
383 189 391 191
387 189 396 192
270 193 267 194
321 193 325 195
324 193 330 196
328 193 335 195
332 193 339 194
336 193 345 195
340 193 348 194
344 193 352 195
348 193 357 195
352 193 360 194
360 193 365 194
368 193 368 193
383 193 390 194
395 193 402 194
399 193 406 195
403 193 409 195
321 197 326 199
324 197 330 199
328 197 335 199
332 197 338 198
336 197 346 198
340 197 349 198
344 197 352 199
348 197 356 198
360 197 375 202
364 197 378 202
368 197 382 202
395 197 402 199
399 197 405 199
403 197 409 199
407 197 412 199
321 201 327 203
324 201 331 202
328 201 335 203
332 201 338 202
340 201 349 203
348 201 355 202
356 201 362 202
364 201 377 206
395 201 402 203
399 201 405 203
403 201 408 203
407 201 412 202
415 201 413 188
419 201 417 188
426 201 426 201
321 205 327 206
324 205 331 207
328 205 335 207
332 205 338 206
352 205 358 205
368 205 369 206
391 205 399 207
395 205 402 206
399 205 405 206
403 205 408 206
407 205 412 206
415 205 414 192
419 205 417 192
321 209 327 210
324 209 331 211
328 209 335 211
332 209 338 210
340 209 350 206
344 209 351 210
348 209 354 207
395 209 402 210
399 209 406 209
403 209 409 210
407 209 412 210
415 209 419 209
419 209 417 196
317 213 321 216
321 213 327 215
324 213 331 215
328 213 335 215
332 213 338 214
336 213 346 209
340 213 342 214
348 213 354 210
387 213 394 214
391 213 399 214
395 213 402 214
399 213 405 214
403 213 409 213
407 213 412 214
415 213 418 214
317 217 321 219
321 217 327 220
324 217 332 219
328 217 335 219
332 217 338 219
340 217 342 218
344 217 345 218
348 217 349 217
364 217 365 215
395 217 402 218
399 217 406 218
415 217 419 218
419 217 421 213
317 221 321 223
321 221 327 223
324 221 332 223
328 221 335 223
332 221 338 223
340 221 341 222
344 221 345 222
348 221 348 222
352 221 352 222
387 221 394 222
391 221 398 222
395 221 401 222
403 221 409 222
411 221 415 222
415 221 418 222
419 221 421 221
422 221 424 221
317 225 322 226
321 225 327 226
324 225 332 227
328 225 335 226
332 225 339 226
344 225 345 226
356 225 357 226
368 225 378 225
395 225 402 225
399 225 406 225
403 225 409 226
411 225 414 226
415 225 418 225
419 225 421 225
426 225 426 224
430 225 429 223
285 229 283 229
289 229 287 228
328 229 336 230
332 229 339 230
360 229 362 229
391 229 399 229
395 229 402 229
399 229 405 229
403 229 410 230
411 229 414 230
415 229 417 229
419 229 422 229
426 229 427 229
285 233 282 232
289 233 289 235
321 233 327 234
324 233 333 234
328 233 337 233
336 233 346 233
340 233 351 234
368 233 378 233
383 233 390 233
391 233 399 233
395 233 402 233
399 233 406 233
403 233 410 233
407 233 414 233
419 233 423 232
422 233 425 233
281 237 279 236
285 237 286 239
293 237 294 236
297 237 298 236
305 237 308 236
321 237 327 238
324 237 333 238
328 237 337 238
336 237 342 238
340 237 346 238
344 237 354 237
348 237 358 237
364 237 375 237
368 237 379 238
391 237 399 237
395 237 403 237
399 237 407 237
403 237 410 237
407 237 414 237
411 237 417 236
419 237 423 236
422 237 426 236
430 237 430 236
281 240 279 240
289 240 290 241
293 240 294 242
301 240 303 243
305 240 308 243
324 240 334 242
332 240 339 242
336 240 342 243
340 240 346 243
344 240 354 241
348 240 358 241
360 240 366 241
364 240 375 241
368 240 378 241
372 240 382 241
379 240 387 242
387 240 395 241
391 240 399 241
395 240 403 241
399 240 407 241
403 240 410 241
407 240 414 240
411 240 417 240
415 240 421 240
422 240 426 240
430 240 430 240
289 244 288 245
293 244 294 246
313 244 319 246
324 244 334 246
332 244 339 246
336 244 342 246
340 244 347 246
344 244 354 245
352 244 363 246
360 244 366 246
368 244 378 245
372 244 381 245
375 244 386 245
391 244 399 245
395 244 403 245
399 244 407 245
403 244 410 245
407 244 413 245
411 244 417 245
415 244 422 245
430 244 431 244
293 248 294 250
297 248 299 250
301 248 304 250
309 248 315 250
313 248 319 250
317 248 324 249
321 248 328 250
324 248 332 250
328 248 335 250
332 248 338 250
336 248 346 250
340 248 350 250
348 248 355 251
360 248 366 251
368 248 378 249
372 248 382 249
375 248 386 249
383 248 392 249
391 248 398 248
399 248 407 249
403 248 411 249
407 248 414 248
411 248 417 248
422 248 427 249
426 248 430 249
297 252 299 255
309 252 315 254
313 252 319 254
317 252 324 254
321 252 328 253
324 252 332 254
328 252 340 255
332 252 344 255
336 252 347 254
340 252 351 254
344 252 354 254
348 252 359 254
356 252 363 255
360 252 366 255
364 252 375 253
368 252 378 253
372 252 382 252
375 252 386 253
383 252 392 253
387 252 395 252
391 252 400 252
395 252 403 253
399 252 407 253
403 252 411 252
407 252 414 252
411 252 418 252
415 252 421 252
426 252 430 252
313 256 319 258
317 256 323 258
321 256 328 258
332 256 344 258
336 256 347 258
340 256 351 258
344 256 355 258
348 256 359 257
356 256 367 257
360 256 371 257
364 256 375 257
368 256 379 257
379 256 390 256
387 256 396 256
391 256 400 256
395 256 403 257
399 256 407 257
403 256 411 256
407 256 414 256
411 256 418 256
415 256 422 256
422 256 427 257
332 260 344 262
336 260 347 261
340 260 351 261
344 260 355 262
348 260 359 261
352 260 362 261
356 260 367 261
360 260 371 261
364 260 374 261
368 260 378 261
372 260 382 260
375 260 386 260
379 260 390 261
387 260 396 260
391 260 399 260
395 260 403 260
399 260 407 260
403 260 411 260
407 260 414 260
411 260 418 260
419 260 422 262
422 260 426 261
324 264 332 266
332 264 343 266
336 264 347 265
344 264 355 265
348 264 358 265
352 264 362 265
356 264 366 265
360 264 370 265
364 264 374 265
368 264 378 265
372 264 382 264
375 264 385 264
379 264 389 264
387 264 396 264
391 264 399 264
395 264 403 264
403 264 411 264
407 264 415 263
415 264 419 264
419 264 422 264
317 268 320 270
324 268 332 270
328 268 336 270
332 268 343 270
336 268 347 269
360 268 370 269
364 268 374 269
368 268 378 269
372 268 382 268
375 268 385 268
383 268 392 268
387 268 396 268
391 268 399 268
324 272 332 275
328 272 335 274
332 272 339 274
352 272 363 271
356 272 367 273
360 272 370 273
364 272 374 273
379 272 389 272
387 272 396 272
407 272 414 269
415 272 419 269
419 272 422 268
356 276 367 277
368 276 376 276
391 276 400 274
395 276 403 273
411 276 415 273
336 280 331 278
340 280 341 280
356 280 367 280
364 280 372 280
368 280 376 280
372 280 380 280
391 280 399 278
395 280 403 277
399 280 407 277
375 284 384 283
379 284 387 282
383 284 390 283
391 284 400 282
