-0.1641885340213776 0.8517979383468628 -0.4974759817123413 0.1850379556417465 
-0.9777524471282959 -0.07378989458084106 0.1963545829057693 -0.02387005090713501 
0.1305457055568695 0.5186475515365601 0.844963014125824 -0.2572238445281982 
0 0 0 1 

-0.06077881529927254 0.5326469540596008 -0.8441523909568787 0.2745566070079803 
-0.9853833317756653 0.102817989885807 0.1358239054679871 -0.0005970128113403916 
0.1591402739286423 0.8400688767433167 0.518612265586853 -0.1582101285457611 
0 0 0 1 

-0.122482992708683 0.3927784562110901 -0.9114400148391724 0.2939973175525665 
-0.9851472973823547 0.06324063986539841 0.1596411764621735 -0.01195111032575369 
0.1203436926007271 0.9174560308456421 0.3791987895965576 -0.1096732914447784 
0 0 0 1 

-0.1956038177013397 0.2945068180561066 -0.9354168176651001 0.3031252920627594 
-0.9741823673248291 0.05129110813140869 0.2198585867881775 -0.03152591362595558 
0.1127283200621605 0.9542718529701233 0.2768707275390625 -0.07723508030176163 
0 0 0 1 

-0.2740244269371033 0.1743904799222946 -0.9457793831825256 0.3096397221088409 
-0.9595015645027161 0.01722445152699947 0.2811762392520905 -0.05172695219516754 
0.06532499939203262 0.9845259189605713 0.1626080423593521 -0.03862810134887695 
0 0 0 1 

0.6824254393577576 0.4155220985412598 -0.601362407207489 0.1559291630983353 
-0.2928838133811951 0.9092175364494324 0.2958757877349854 -0.05176732316613197 
0.6697121858596802 -0.02578377909958363 0.7421729564666748 -0.2533199191093445 
0 0 0 1 

0.6717467308044434 0.4504301249980927 -0.5881061553955078 0.151738777756691 
-0.2366972416639328 0.8827936053276062 0.4057705998420715 -0.08962856233119965 
0.7019476890563965 -0.1333719491958618 0.6996293663978577 -0.2415670156478882 
0 0 0 1 

0.6655340790748596 0.482779324054718 -0.569199800491333 0.1458495408296585 
-0.156551718711853 0.8359586000442505 0.5259892344474792 -0.1336652636528015 
0.7297642230987549 -0.2609544992446899 0.6319388747215271 -0.2223031371831894 
0 0 0 1 

0.6492224335670471 0.518176794052124 -0.5567790865898132 0.1428900957107544 
-0.09880351275205612 0.783280611038208 0.6137664318084717 -0.1666453331708908 
0.754153847694397 -0.3434591293334961 0.559721052646637 -0.2010464817285538 
0 0 0 1 

0.6436221599578857 0.5405184030532837 -0.5418396592140198 0.1378320753574371 
-0.04400245100259781 0.7329323887825012 0.6788768768310547 -0.1930488049983978 
0.7640773057937622 -0.4130978882312775 0.4955157041549683 -0.1836702525615692 
0 0 0 1 

