485 94 506 225
492 94 510 231
479 100 498 224
485 100 500 227
492 100 504 234
479 107 492 228
472 113 478 227
479 113 481 234
402 120 446 163
479 120 474 237
383 126 419 154
402 126 441 171
447 126 452 223
479 126 469 240
396 132 430 163
434 132 442 197
472 132 459 235
453 139 448 216
472 139 451 240
389 145 414 162
415 145 422 189
428 145 426 195
434 145 429 203
389 152 408 165
396 152 411 173
402 152 414 179
428 152 413 202
434 152 420 206
440 152 423 211
396 158 400 178
402 158 403 183
434 158 414 209
447 158 421 221
460 158 424 227
408 164 403 189
428 164 405 207
453 164 414 223
396 171 392 181
408 171 397 193
421 171 395 203
428 171 399 209
434 171 404 215
447 171 408 225
396 177 386 184
402 177 388 190
408 177 392 197
428 177 394 212
440 177 399 223
428 184 387 214
434 184 394 217
447 184 396 234
402 190 376 195
434 190 387 221
447 190 389 237
396 196 365 192
402 196 370 197
415 196 374 205
402 203 364 200
415 203 367 208
421 203 371 214
428 203 373 220
415 209 362 211
421 209 364 216
428 209 368 222
434 209 370 228
434 216 364 231
370 228 330 180
383 228 334 190
428 228 353 228
434 228 355 235
370 235 324 183
383 235 329 194
396 235 331 203
402 235 335 208
415 235 342 219
421 235 345 226
428 235 346 232
434 235 349 238
440 235 352 246
370 241 319 184
376 241 322 190
396 241 326 205
402 241 330 211
408 241 336 223
421 241 338 229
428 241 340 235
434 241 343 241
466 241 352 255
428 248 334 238
440 248 339 247
415 254 323 227
428 254 328 240
440 254 333 250
447 254 336 255
370 260 304 191
383 260 315 209
370 267 300 195
357 280 280 189
434 280 319 254
383 286 292 212
389 286 295 219
428 286 311 251
434 286 313 256
453 286 319 271
383 292 285 216
389 292 289 222
440 292 309 261
447 292 311 268
472 292 319 286
357 299 262 197
376 299 283 210
383 299 280 219
428 299 297 256
428 305 291 259
357 312 250 203
428 312 285 263
440 312 292 268
447 312 294 274
440 318 286 271
357 324 252 206
415 324 271 253
428 324 275 261
434 324 278 268
440 324 280 274
415 331 265 256
428 331 270 264
434 331 272 271
440 331 274 275
447 331 276 281
357 337 237 213
364 337 241 220
370 337 245 228
428 337 264 267
434 337 267 272
447 337 270 284
364 344 234 223
402 344 247 248
421 344 256 269
428 350 253 276
440 350 257 284
