428 70 438 76
435 70 444 75
447 70 451 73
410 76 415 93
416 76 421 89
441 76 453 78
453 76 458 75
459 76 464 74
380 82 406 103
410 82 418 98
416 82 423 95
447 82 460 81
453 82 466 80
465 82 474 76
392 88 413 105
428 88 431 94
435 88 437 91
459 88 474 84
483 88 486 74
368 94 407 109
416 94 426 102
435 94 450 92
398 100 422 108
410 100 429 107
447 100 460 96
404 107 434 105
416 107 441 104
447 107 479 116
453 107 468 99
459 107 464 96
477 107 501 101
404 113 436 110
447 119 483 124
477 119 486 100
483 119 511 111
416 125 450 128
441 125 478 130
447 125 485 128
459 125 485 121
471 125 500 116
453 131 497 125
459 131 490 126
465 131 500 122
368 137 435 147
447 137 486 136
453 137 491 134
338 143 393 217
374 143 443 150
338 149 395 221
441 155 362 228
380 161 469 183
386 161 474 181
428 167 365 255
404 204 362 172
483 204 522 164
301 216 317 202
325 216 330 196
410 216 372 180
441 222 365 178
313 246 408 265
350 246 375 229
471 246 444 204
477 246 460 218
483 246 466 217
307 252 401 282
416 252 473 174
471 252 446 211
483 252 459 213
338 258 367 224
459 258 439 220
471 258 448 216
477 258 453 214
332 264 426 258
459 264 442 225
471 264 449 223
301 270 346 266
313 276 385 272
301 282 348 273
380 282 389 250
325 288 378 290
332 288 355 270
344 288 389 286
380 288 392 257
307 294 385 299
332 294 385 294
313 300 371 292
477 300 466 271
441 319 456 260
428 331 452 286
435 331 457 283
441 331 461 280
428 337 454 292
435 337 458 288
