416 70 437 91
428 70 444 89
441 70 450 87
447 70 456 86
410 76 420 103
422 76 438 95
428 76 444 93
435 76 450 92
453 76 462 88
410 82 423 107
471 82 476 87
368 88 335 177
392 88 414 116
398 88 418 112
453 88 459 96
459 88 465 94
465 88 470 93
477 88 483 89
368 94 407 120
410 94 427 115
441 94 448 106
447 94 454 103
459 94 478 101
477 94 499 103
483 94 505 102
435 100 445 113
471 100 496 110
477 100 501 108
483 100 507 108
416 107 451 126
422 107 455 124
428 107 461 122
471 107 498 116
477 107 502 115
483 107 507 112
495 107 512 105
416 113 452 132
422 113 458 130
477 113 504 120
392 119 440 136
416 119 452 140
459 131 489 126
465 131 505 141
368 137 435 143
459 137 489 132
453 143 487 140
453 149 488 145
368 155 435 162
404 155 401 284
483 155 513 170
398 161 398 292
404 161 405 290
483 161 510 176
441 167 368 237
495 173 524 180
416 197 382 161
483 204 521 173
301 228 320 206
307 228 326 205
307 234 328 210
313 234 334 207
441 234 367 179
313 240 402 238
483 240 471 215
307 246 402 244
319 246 410 242
471 246 450 208
483 246 472 221
356 252 439 240
465 252 445 216
471 252 452 215
477 252 457 212
313 258 411 249
465 258 449 222
471 258 453 221
477 258 459 220
483 258 467 229
307 264 333 252
459 264 445 231
465 264 451 228
471 264 456 228
289 270 325 263
332 270 436 251
295 276 333 266
295 282 334 273
332 282 344 244
338 282 350 242
386 282 391 248
422 282 415 240
325 288 340 251
332 288 346 249
374 288 387 257
307 294 387 301
368 294 383 264
374 294 389 262
410 294 413 254
416 294 419 252
313 300 367 295
416 300 422 257
313 307 377 305
356 313 407 295
428 313 432 273
471 313 465 277
428 319 434 279
