295 148 350 376
369 153 436 220
364 168 454 223
398 168 368 171
403 168 369 164
408 168 370 157
428 168 371 145
433 168 371 140
443 168 374 132
398 172 366 281
433 172 377 145
438 172 378 140
448 172 380 132
467 172 382 101
462 177 386 106
428 182 383 242
428 192 395 244
433 192 397 238
393 197 384 282
334 202 380 347
339 202 381 342
398 202 397 277
339 207 385 342
374 217 411 292
309 227 413 258
378 227 423 287
344 232 411 342
349 232 413 335
369 232 423 297
378 232 429 286
334 237 417 350
339 237 418 343
354 237 376 315
378 237 435 286
304 242 429 376
359 242 428 311
304 247 435 377
349 247 387 321
359 247 442 306
364 247 443 301
374 247 456 288
413 247 452 192
304 252 442 378
299 256 448 383
304 256 449 378
354 256 461 296
