420 140 370 197
420 150 382 194
282 156 294 331
303 156 315 305
441 156 400 167
415 161 395 180
420 161 398 174
282 166 301 334
287 166 303 326
293 166 307 318
457 172 411 140
372 177 357 230
378 177 361 224
383 177 363 219
335 182 382 315
383 182 367 227
388 182 369 222
367 188 362 241
372 188 366 236
399 188 426 128
356 193 361 249
330 198 348 320
351 198 351 271
362 204 378 265
378 209 394 245
383 209 395 240
446 209 474 188
272 214 353 369
298 214 348 336
383 214 410 245
277 219 362 365
298 219 355 340
314 219 369 327
319 219 371 321
356 219 400 272
362 219 405 266
272 225 365 373
277 225 367 367
335 225 343 267
351 225 402 282
356 225 406 275
362 225 411 268
367 225 414 261
452 225 480 263
272 230 372 376
277 230 375 371
362 230 415 270
367 230 419 263
272 241 381 380
277 241 384 374
367 241 439 272
346 246 437 297
362 246 445 282
367 246 446 274
272 251 394 389
277 251 389 377
287 251 395 368
293 251 398 363
346 251 444 299
356 251 448 293
367 251 455 278
282 256 399 378
293 256 404 366
282 262 412 380
319 262 429 344
324 262 432 337
335 262 444 326
