413 146 451 110
403 161 397 173
408 161 402 173
413 161 408 174
408 166 409 167
413 166 414 168
418 166 416 174
428 166 426 174
403 171 394 184
408 171 401 185
423 171 421 180
363 176 336 208
413 176 407 190
363 181 337 215
373 181 343 216
378 181 348 216
383 181 355 215
418 181 401 202
423 181 407 202
433 181 419 198
438 181 424 198
358 187 329 219
363 187 335 220
373 187 343 221
378 187 347 221
383 187 354 221
398 187 365 224
418 187 400 209
423 187 405 208
428 187 412 205
433 187 417 204
438 187 423 204
443 187 428 204
378 192 346 227
383 192 352 228
398 192 372 224
408 192 379 224
413 192 387 220
418 192 392 221
423 192 403 214
428 192 411 210
433 192 414 211
438 192 420 211
443 192 427 210
448 192 434 207
453 192 439 202
459 192 445 202
403 197 372 231
408 197 376 231
413 197 386 226
418 197 391 226
423 197 396 226
428 197 403 221
433 197 408 221
448 197 434 212
453 197 440 208
459 197 445 209
464 197 451 209
474 197 498 165
383 202 347 233
403 202 370 237
408 202 375 236
413 202 383 232
418 202 389 231
433 202 407 228
438 202 414 228
459 202 444 216
469 202 452 215
474 202 497 170
484 202 504 177
398 207 359 240
413 207 384 237
418 207 389 237
428 207 396 234
433 207 404 234
448 207 435 220
453 207 439 221
459 207 446 219
479 207 458 221
343 212 324 232
348 212 328 233
433 212 402 240
438 212 408 239
443 212 419 235
333 217 315 236
343 217 323 237
353 217 336 232
403 217 364 249
408 217 368 249
418 217 380 251
423 217 388 249
433 217 401 245
438 217 414 241
443 217 419 242
333 222 315 241
353 222 334 236
378 222 319 268
403 222 365 253
408 222 369 254
418 222 376 256
428 222 393 256
433 222 399 256
469 222 451 227
327 227 310 247
333 227 315 247
393 227 358 254
408 227 368 258
418 227 375 261
423 227 381 262
469 227 450 231
322 232 356 211
408 232 367 266
413 232 374 267
418 232 379 268
333 237 293 277
413 237 374 272
418 237 380 273
433 242 385 274
438 242 391 276
443 247 391 279
448 247 397 281
453 247 403 282
403 262 360 283
363 267 302 301
368 267 307 304
373 267 316 305
368 272 309 309
373 272 315 309
398 272 358 295
373 277 316 316
378 277 321 316
383 277 327 317
408 277 364 295
378 282 321 321
383 282 326 322
403 287 357 307
428 297 415 271
363 307 449 141
408 307 471 205
368 313 454 143
368 318 453 149
363 323 452 153
398 338 353 337
353 348 307 332
358 348 311 333
363 353 317 340
368 353 329 347
363 358 316 345
