402 157 402 158
407 157 406 157
407 162 406 165
412 162 412 165
407 167 403 173
412 167 409 172
417 167 416 172
421 167 425 170
407 172 403 178
426 172 430 176
407 176 403 184
421 176 422 181
426 176 429 181
397 181 366 215
392 186 359 222
392 191 352 228
392 196 351 233
412 196 370 236
417 196 378 230
446 196 426 217
417 201 377 236
407 205 362 242
417 205 374 244
441 205 414 229
431 210 387 251
431 215 385 258
426 220 374 256
431 220 379 257
470 225 431 253
334 230 269 283
412 230 365 259
373 351 310 340
