449 55 484 132
455 55 490 137
461 55 494 141
436 61 474 136
449 61 483 146
480 61 502 151
405 67 467 121
412 67 462 130
418 67 466 136
449 67 479 152
405 73 455 132
486 73 511 202
467 79 482 161
412 104 461 157
523 110 514 234
529 117 515 242
517 123 493 252
529 123 512 247
356 129 433 154
523 129 506 245
523 135 499 254
399 141 448 180
523 141 494 260
443 148 469 222
523 148 491 266
331 154 424 157
337 154 405 163
455 160 471 228
449 166 460 208
461 166 473 237
387 172 407 222
393 172 413 225
424 172 450 227
455 172 467 235
461 172 475 249
269 179 292 152
281 179 297 161
387 179 405 228
269 185 289 157
275 185 293 166
300 185 312 209
269 191 287 164
288 191 295 176
300 191 308 213
306 191 313 218
405 191 409 206
294 197 305 220
288 203 296 221
300 203 303 224
306 203 310 223
288 210 293 228
294 210 298 230
418 210 417 258
281 216 284 229
288 216 289 232
294 216 295 235
312 216 309 237
288 222 285 238
294 222 291 241
300 222 296 243
312 222 304 249
306 228 295 250
387 228 400 246
325 234 306 257
387 234 398 251
393 234 409 261
368 241 339 239
356 259 313 268
387 259 333 287
350 265 306 266
362 265 316 277
350 272 305 270
368 272 318 286
362 284 312 291
