372 100 353 115
383 100 378 113
389 116 354 120
394 116 389 125
410 122 413 119
389 127 363 133
416 127 429 123
421 127 434 121
394 143 359 137
400 143 381 147
394 160 341 157
372 165 427 176
383 181 344 162
323 187 516 207
476 198 471 166
378 203 429 210
405 203 446 232
416 203 379 168
476 203 473 172
497 203 492 160
340 209 342 216
405 209 447 238
443 209 434 174
470 209 468 179
313 214 311 225
340 214 345 223
345 214 350 222
313 219 313 230
421 225 385 194
449 225 449 179
525 225 552 159
400 230 398 216
334 236 342 236
394 236 374 203
421 236 470 233
508 236 494 200
334 241 343 243
340 241 349 241
345 241 355 241
334 247 345 250
340 247 350 248
345 247 355 247
514 247 487 229
519 247 495 227
340 252 352 255
492 252 473 253
519 252 488 257
514 258 483 265
421 268 389 239
497 268 505 278
503 268 512 277
421 274 390 244
421 279 391 251
410 290 459 283
449 290 442 265
476 290 533 217
481 290 539 217
476 296 535 225
438 301 437 275
470 317 506 305
