439 127 433 94
466 127 460 96
387 131 403 89
448 131 439 96
461 131 453 98
466 131 459 99
470 131 465 101
382 135 409 89
413 135 415 101
426 135 422 102
452 135 422 155
474 135 470 107
483 135 478 109
487 135 484 110
387 140 414 95
409 140 404 108
470 140 463 107
487 140 482 115
382 144 408 95
387 144 413 100
417 144 416 107
448 144 418 162
470 144 458 111
487 144 495 134
387 148 411 106
448 148 417 166
378 153 393 107
382 153 392 114
360 157 391 96
378 157 387 118
430 162 417 123
461 166 454 120
514 166 503 141
430 170 416 129
514 170 503 147
518 170 508 147
360 175 371 119
365 175 375 120
430 175 415 134
466 179 444 172
470 179 449 173
474 179 454 173
356 188 361 133
369 188 352 185
378 188 362 187
382 188 366 187
400 188 413 117
457 188 462 159
466 188 453 185
374 192 350 168
378 192 354 168
382 192 365 193
395 192 408 120
400 192 412 121
457 192 461 164
479 192 477 195
395 197 406 124
400 197 411 126
470 197 471 171
400 201 410 130
422 201 417 145
505 201 489 164
518 201 505 168
522 201 509 169
365 205 387 133
417 205 410 154
509 205 493 171
514 205 499 171
522 205 508 174
527 205 513 174
435 210 424 168
527 210 512 180
417 214 408 171
435 214 423 173
439 214 428 179
452 214 445 187
514 214 498 197
522 214 503 200
527 214 512 184
417 218 407 176
430 218 417 182
435 218 422 182
439 218 426 183
518 218 495 183
409 223 391 171
417 223 406 181
435 223 421 187
439 223 425 188
461 223 458 206
518 223 496 209
522 223 500 211
400 227 382 185
404 227 434 217
409 227 390 174
413 227 444 220
417 227 405 189
422 227 409 187
435 227 420 192
439 227 425 193
518 227 495 214
422 232 408 191
435 232 419 197
439 232 423 198
422 236 407 195
426 236 412 197
487 236 423 220
409 240 378 135
426 240 411 202
522 240 498 226
369 245 413 213
409 245 376 141
514 245 492 224
518 245 492 230
522 245 497 230
369 249 413 217
374 249 418 219
400 254 444 225
501 254 463 230
387 258 432 227
448 258 420 209
501 258 462 235
492 262 440 245
496 262 444 246
395 267 369 151
496 267 467 246
374 271 366 235
496 271 465 251
505 271 476 253
409 275 367 214
487 275 467 241
492 275 472 243
457 280 419 236
479 280 449 247
492 280 470 247
409 284 369 225
413 284 375 226
466 284 439 250
479 284 449 251
439 289 433 245
452 289 411 250
466 289 437 256
470 289 442 256
435 293 381 243
452 293 409 254
466 293 436 260
470 293 441 260
435 297 380 248
452 297 409 259
422 306 382 261
