370 28 275 143
377 28 282 139
351 34 307 131
383 34 289 139
370 41 280 146
377 41 284 143
390 41 301 142
429 60 352 116
422 73 351 124
448 80 372 117
377 99 329 136
468 99 378 117
364 112 327 148
364 119 348 153
351 125 326 158
403 125 352 132
351 132 329 161
357 132 332 159
370 132 342 196
403 132 355 134
338 138 328 168
351 138 331 165
357 138 335 162
331 145 327 176
344 145 331 172
351 145 335 169
377 145 358 157
383 145 361 155
448 145 398 127
318 151 319 188
331 151 330 179
338 151 334 177
344 151 339 173
351 151 342 171
364 151 353 167
370 151 357 164
390 151 357 147
403 151 364 141
455 151 403 123
312 158 317 195
325 158 329 186
331 158 332 184
344 158 341 176
351 158 346 174
357 158 349 171
409 158 371 141
455 158 385 125
292 164 308 202
299 164 311 205
318 164 327 193
325 164 331 190
344 164 343 180
396 164 365 151
455 164 406 128
279 171 305 223
286 171 310 220
305 171 323 203
312 171 327 200
318 171 331 197
325 171 334 195
364 171 354 172
370 171 359 168
390 171 375 164
409 171 375 147
422 171 380 143
429 171 383 141
305 177 326 207
312 177 330 204
396 177 369 156
403 177 374 153
409 177 378 150
422 177 383 146
429 177 385 144
286 184 316 220
292 184 320 217
299 184 322 212
364 184 358 177
370 184 363 173
390 184 370 166
403 184 376 156
409 184 380 153
429 184 387 147
279 190 316 227
331 190 345 199
357 190 358 183
364 190 362 180
370 190 366 176
377 190 369 173
383 190 374 171
403 190 379 160
409 190 382 157
286 197 322 229
364 197 365 182
370 197 368 180
396 197 378 167
416 197 388 156
429 197 392 152
435 197 396 149
442 197 399 146
468 197 407 139
266 203 313 242
377 203 373 179
383 203 378 175
390 203 380 172
403 203 384 165
409 203 387 162
416 203 390 159
429 203 395 155
435 203 398 152
442 203 402 149
461 203 407 147
468 203 410 143
357 210 368 189
364 210 374 196
370 210 372 185
377 210 376 182
383 210 380 179
390 210 383 176
403 210 386 169
409 210 390 165
416 210 392 163
429 210 397 158
461 210 409 149
260 216 312 250
286 216 337 232
318 216 349 222
351 216 368 196
377 216 379 185
383 216 382 182
403 216 389 173
409 216 393 169
416 216 395 166
429 216 400 163
468 216 414 149
474 216 418 146
533 216 433 140
286 223 339 234
292 223 343 232
318 223 351 225
344 223 366 202
351 223 370 199
364 223 381 204
370 223 385 201
390 223 387 182
403 223 392 177
409 223 395 173
429 223 403 166
435 223 407 164
448 223 410 158
461 223 414 154
468 223 417 151
474 223 420 149
266 229 316 253
279 229 339 242
292 229 346 236
318 229 354 229
344 229 370 207
351 229 373 203
357 229 377 200
370 229 386 204
377 229 390 201
383 229 387 187
390 229 390 185
403 229 394 180
409 229 397 177
416 229 400 173
448 229 412 162
455 229 414 159
468 229 420 155
474 229 423 153
260 236 305 255
383 236 389 192
390 236 392 188
416 236 403 177
429 236 408 172
442 236 411 169
448 236 414 166
461 236 419 162
468 236 422 160
273 242 323 255
286 242 326 250
299 242 355 237
377 242 390 197
383 242 392 195
390 242 399 204
409 242 403 182
416 242 406 180
429 242 410 175
442 242 414 172
448 242 417 170
461 242 422 166
474 242 426 162
487 242 430 160
266 249 317 265
273 249 326 258
344 249 383 215
357 249 385 211
409 249 405 186
416 249 408 184
429 249 412 179
448 249 421 175
474 249 428 167
351 255 389 216
364 255 392 210
370 255 395 207
409 255 408 191
279 262 335 263
338 262 384 226
344 262 386 221
364 262 394 214
377 262 398 210
383 262 401 207
455 262 427 182
286 268 343 265
344 268 389 225
351 268 393 221
364 268 397 217
403 268 413 205
286 275 345 269
305 275 375 247
312 275 377 244
325 275 383 240
344 275 391 229
351 275 395 225
409 275 417 203
299 281 372 254
305 281 377 250
318 281 381 246
325 281 385 243
338 281 391 236
364 281 402 224
396 281 415 215
403 281 417 210
409 281 420 207
299 288 376 259
305 288 380 254
331 288 391 242
338 288 394 239
344 288 398 236
351 288 401 233
364 288 405 228
305 294 382 258
318 294 384 252
331 294 393 246
338 294 397 241
344 294 400 239
351 294 403 237
370 294 409 227
383 294 414 223
396 294 419 221
409 294 423 218
331 301 396 249
338 301 400 245
344 301 403 243
364 301 410 234
370 301 413 232
396 301 422 224
409 301 426 221
318 307 393 265
331 307 399 253
338 307 403 249
364 307 413 239
370 307 416 236
390 307 425 247
396 307 424 228
331 314 402 258
338 314 405 254
364 314 415 242
370 314 419 239
409 314 431 230
351 320 412 255
396 320 430 236
