408 143 392 140
413 143 399 139
417 143 404 138
422 143 409 138
408 148 394 143
413 148 399 143
417 148 405 142
422 148 409 141
427 148 413 141
432 148 418 141
437 148 423 141
465 148 451 136
504 148 477 135
509 148 489 133
513 148 493 132
403 153 389 149
432 153 419 144
437 153 425 145
461 153 446 142
465 153 451 141
470 153 456 141
513 153 494 137
533 153 506 136
566 153 548 132
451 158 437 148
456 158 442 147
465 158 451 147
513 158 495 143
523 158 499 142
566 158 548 136
571 158 552 135
422 163 409 154
461 163 447 150
528 163 505 146
571 163 553 140
576 163 558 140
432 167 421 158
437 167 426 157
441 167 431 156
446 167 436 154
456 167 443 155
461 167 447 156
441 172 432 161
446 172 437 160
456 172 444 161
461 172 448 159
571 172 566 155
576 172 570 155
441 177 433 165
446 177 437 165
456 177 444 166
461 177 448 165
557 177 533 144
581 177 560 151
441 182 434 171
456 182 445 170
461 182 450 170
537 187 521 178
585 187 568 160
590 187 577 159
595 187 582 159
451 191 444 177
595 191 583 164
605 191 595 168
590 196 578 170
595 196 584 169
605 196 596 174
595 201 584 174
393 206 382 204
403 206 390 204
595 206 585 180
523 211 507 195
528 211 512 195
595 211 586 185
513 215 497 202
518 215 503 201
523 215 507 200
566 220 561 200
446 235 444 207
552 235 528 203
446 239 445 211
456 254 451 223
576 254 573 219
581 254 579 218
461 259 456 228
465 259 463 228
480 259 479 226
485 259 483 226
585 259 589 218
461 263 456 233
465 263 462 233
470 263 468 233
475 263 473 232
480 263 478 231
576 263 570 230
581 263 585 223
451 268 454 248
456 268 459 245
461 268 463 243
465 268 469 243
470 268 474 242
542 268 548 232
547 268 554 231
552 268 558 231
561 268 565 230
451 273 456 253
456 273 460 251
461 273 464 249
465 273 470 249
470 273 475 248
480 273 491 246
509 273 517 238
561 273 565 235
441 278 445 262
446 278 451 260
456 278 461 258
461 278 464 255
465 278 470 254
475 278 486 252
499 278 508 248
504 278 513 247
509 278 518 243
513 278 524 242
518 278 529 241
542 278 545 244
547 278 551 243
552 278 556 242
557 278 561 242
427 283 429 271
432 283 435 271
441 283 446 268
446 283 451 266
451 283 457 264
456 283 462 263
475 283 481 258
480 283 487 257
485 283 493 257
489 283 499 256
494 283 504 255
499 283 508 254
504 283 513 253
509 283 518 252
513 283 524 253
542 283 546 248
547 283 552 248
552 283 556 248
557 283 562 247
417 287 418 280
427 287 431 278
432 287 436 276
437 287 442 274
441 287 447 272
446 287 451 271
451 287 457 270
456 287 462 269
465 287 471 265
470 287 476 264
475 287 481 264
480 287 487 262
485 287 493 262
489 287 499 261
494 287 504 260
499 287 509 260
504 287 513 259
509 287 519 259
513 287 524 258
542 287 546 254
547 287 552 254
552 287 557 255
557 287 561 254
417 292 419 286
432 292 437 281
437 292 443 280
441 292 448 278
446 292 452 277
451 292 457 276
456 292 463 275
461 292 469 274
465 292 471 270
470 292 476 269
475 292 483 269
480 292 488 268
485 292 494 267
494 292 500 266
499 292 505 265
504 292 511 264
509 292 518 263
513 292 523 262
518 292 530 262
542 292 547 261
547 292 552 260
552 292 556 261
557 292 562 259
432 297 436 286
437 297 442 285
441 297 448 283
446 297 453 282
451 297 458 281
456 297 463 280
461 297 469 280
465 297 472 276
470 297 477 275
475 297 483 274
480 297 489 273
485 297 495 273
494 297 500 271
499 297 506 271
504 297 512 270
509 297 517 270
513 297 522 269
518 297 527 268
523 297 532 267
528 297 536 267
537 297 543 265
542 297 548 266
547 297 553 265
557 297 559 265
437 302 441 289
441 302 447 288
446 302 453 286
451 302 458 286
456 302 463 285
461 302 469 285
470 302 480 280
475 302 484 280
480 302 488 279
485 302 494 278
494 302 502 277
499 302 507 276
509 302 516 275
513 302 522 274
518 302 527 273
523 302 532 272
528 302 537 271
537 302 544 271
542 302 549 271
547 302 553 271
432 307 436 295
437 307 441 293
441 307 447 292
446 307 452 292
451 307 458 291
456 307 464 290
461 307 469 290
470 307 480 286
475 307 485 285
480 307 488 284
485 307 494 283
494 307 503 282
499 307 508 281
504 307 513 281
509 307 516 280
513 307 522 280
518 307 527 279
523 307 532 278
542 307 549 277
432 311 437 301
437 311 442 300
441 311 449 299
446 311 453 297
451 311 458 296
456 311 464 295
461 311 470 295
465 311 474 294
475 311 486 290
480 311 489 289
489 311 498 287
494 311 503 287
499 311 508 287
504 311 514 286
509 311 518 286
513 311 523 285
518 311 527 285
523 311 533 283
537 311 544 283
427 316 430 308
432 316 438 306
437 316 443 305
441 316 448 304
446 316 454 303
451 316 459 302
456 316 464 301
461 316 470 300
465 316 475 300
480 316 488 294
485 316 493 293
489 316 499 294
494 316 503 292
499 316 509 292
504 316 514 291
509 316 519 291
513 316 524 292
518 316 527 289
533 316 539 288
537 316 544 288
441 321 449 309
446 321 454 308
451 321 460 307
456 321 465 306
470 321 480 305
485 321 493 299
489 321 499 299
494 321 503 298
499 321 508 298
504 321 513 297
509 321 519 297
513 321 523 295
518 321 528 295
528 321 535 293
533 321 539 293
537 321 545 292
446 326 452 314
451 326 458 314
456 326 466 312
480 326 489 306
485 326 494 305
489 326 499 304
494 326 504 304
499 326 509 303
504 326 512 302
509 326 518 301
513 326 523 300
523 326 531 300
528 326 536 299
533 326 541 299
537 326 545 299
446 331 451 319
451 331 458 318
475 331 485 313
480 331 489 311
485 331 495 311
489 331 499 310
494 331 505 309
499 331 510 308
504 331 513 307
513 331 520 306
518 331 525 305
523 331 530 304
528 331 537 305
533 331 541 305
537 331 545 304
446 335 452 325
456 335 462 323
461 335 468 322
470 335 480 319
475 335 485 318
480 335 489 317
485 335 495 317
489 335 499 316
494 335 504 315
499 335 510 313
509 335 517 313
513 335 521 312
518 335 527 311
523 335 532 311
528 335 536 311
533 335 541 311
537 335 546 310
542 335 551 307
456 340 464 328
461 340 469 327
465 340 475 326
470 340 480 324
475 340 485 323
480 340 490 323
485 340 495 322
489 340 500 321
494 340 504 320
499 340 510 320
509 340 517 319
513 340 523 318
518 340 527 317
523 340 532 316
528 340 537 316
533 340 542 315
537 340 546 314
461 345 469 333
475 345 485 329
480 345 491 328
485 345 496 327
489 345 501 326
494 345 505 326
499 345 511 325
504 345 516 324
513 345 523 324
518 345 528 323
523 345 533 321
528 345 538 321
533 345 542 321
470 350 480 337
494 350 506 331
499 350 512 330
504 350 517 329
513 350 524 330
518 350 528 329
523 350 534 328
499 355 513 336
