339 106 341 112
368 106 365 111
373 106 370 111
322 112 320 119
327 112 330 118
333 112 336 119
339 112 341 118
350 112 353 118
362 112 359 116
368 112 365 118
373 112 370 119
379 112 377 117
339 118 347 124
356 118 353 123
362 118 359 122
368 118 365 122
373 118 370 122
390 118 393 119
396 118 399 119
350 123 359 130
413 123 415 123
436 123 435 123
316 129 319 137
327 129 337 136
356 129 365 136
362 129 369 136
402 129 399 129
305 135 305 137
333 135 347 146
402 135 400 136
408 135 405 135
413 135 411 135
419 135 417 135
425 135 421 133
436 135 474 141
459 135 451 130
305 140 303 146
327 140 342 153
339 140 355 151
345 140 360 151
413 140 411 140
419 140 416 140
453 140 444 135
459 140 450 135
465 140 455 135
305 146 303 152
310 146 309 153
373 146 376 147
413 146 439 153
305 152 305 158
310 152 311 158
339 152 359 159
419 152 428 154
528 152 519 141
333 158 337 164
419 158 429 159
516 158 508 146
522 158 513 146
528 158 519 146
533 158 525 147
539 158 536 147
545 158 543 147
413 163 399 160
511 163 503 152
516 163 508 151
522 163 513 151
528 163 519 152
533 163 525 153
539 163 535 152
545 163 542 152
322 169 329 175
408 169 405 170
516 169 508 157
522 169 513 158
528 169 519 159
533 169 525 160
539 169 536 158
293 175 295 182
385 175 364 210
442 175 474 182
453 175 487 182
522 175 513 165
528 175 519 166
533 175 526 165
539 175 531 165
436 181 422 176
459 181 457 174
470 181 467 176
522 181 513 171
528 181 520 171
533 181 525 171
539 181 531 171
545 181 537 175
299 186 302 200
362 186 359 182
396 186 421 189
436 186 422 181
511 186 503 177
528 186 519 177
333 192 341 186
379 192 335 182
396 192 421 194
522 192 508 188
528 192 514 189
293 198 296 204
379 198 336 187
436 198 462 204
448 198 428 188
453 198 433 187
425 203 427 204
430 203 434 205
453 203 445 198
482 203 473 198
511 203 502 193
522 203 513 192
533 203 531 180
373 209 363 215
408 209 358 199
436 209 438 209
453 209 381 191
459 209 387 192
493 209 484 198
499 209 489 199
505 209 495 200
511 209 502 199
516 209 508 198
528 209 521 197
322 215 324 216
327 215 331 215
373 215 364 221
442 215 446 211
470 215 405 193
476 215 410 193
482 215 474 204
516 215 508 203
310 221 313 227
322 221 324 222
327 221 330 222
390 221 376 228
408 221 387 215
442 221 446 216
482 221 474 210
316 226 318 232
322 226 324 229
327 226 330 228
350 226 330 209
356 226 335 212
379 226 369 228
470 226 462 227
482 226 473 228
511 226 492 251
516 226 498 251
356 232 335 216
362 232 341 217
379 232 370 233
448 232 445 233
453 232 451 232
516 232 497 256
522 232 503 256
333 238 369 256
356 238 354 239
379 238 376 238
448 238 444 238
453 238 450 238
516 238 498 262
345 243 348 245
396 243 377 210
345 249 347 251
350 249 352 250
356 249 357 250
362 249 364 250
402 249 399 245
408 249 403 246
419 249 417 246
356 255 358 256
362 255 364 255
396 255 427 262
419 255 417 252
425 255 422 251
362 261 365 262
396 261 427 268
413 261 410 258
419 261 417 257
425 261 422 256
459 261 428 245
385 266 383 267
390 266 394 267
402 266 434 274
419 266 417 262
459 266 427 238
402 272 434 284
419 272 417 268
425 272 422 267
465 272 464 257
493 272 491 245
402 278 405 278
413 278 412 274
442 283 445 281
448 283 450 279
470 283 468 279
476 283 474 279
436 289 440 287
442 289 444 287
448 289 449 286
453 289 455 285
470 289 468 285
476 289 474 285
482 289 480 285
459 295 459 289
470 295 469 290
476 295 474 291
482 295 496 296
459 301 457 296
465 301 463 296
470 301 474 297
482 301 496 302
488 301 503 303
476 306 491 307
482 306 497 307
