0.4057935774326324 0.91182941198349 -0.06243827939033508 0.01601799577474594 
-0.9138283133506775 0.4059652090072632 -0.01048504095524549 0.0463155061006546 
0.01578719355165958 0.06131263449788094 0.9979937672615051 -0.31467005610466 
0 0 0 1 

0.2914578318595886 0.9540212750434875 -0.06996943801641464 0.02353818714618683 
-0.9554498791694641 0.2938928008079529 0.0272494088858366 0.03285738453269005 
0.04656003043055534 0.05891023948788643 0.9971768856048584 -0.3170409500598907 
0 0 0 1 

0.1776206642389297 0.9808034896850586 -0.08046956360340118 0.03208155184984207 
-0.9817379713058472 0.1822618991136551 0.05450690165162086 0.02298439480364323 
0.0681270956993103 0.06931848078966141 0.9952656030654907 -0.3177576959133148 
0 0 0 1 

0.1013098061084747 0.9911363124847412 -0.08593474328517914 0.03681939840316772 
-0.9904822111129761 0.1085773110389709 0.08459102362394333 0.01175988744944334 
0.09317179769277573 0.07654695957899094 0.9927031397819519 -0.317258208990097 
0 0 0 1 

0.01745682023465633 0.995613157749176 -0.09192288666963577 0.04371031001210213 
-0.997285783290863 0.0239156149327755 0.06963662803173065 0.01869556680321693 
0.07152952998876572 0.0904577374458313 0.9933282136917114 -0.3112943470478058 
0 0 0 1 

-0.09288469702005386 0.8804805874824524 -0.4648937880992889 0.1720279604196548 
-0.9902599453926086 -0.03305395320057869 0.1352494806051254 -0.002468635328114033 
0.1037179082632065 0.4729283452033997 0.8749750852584839 -0.2664815485477448 
0 0 0 1 

-0.1649359166622162 0.8564965724945068 -0.4890908300876617 0.1815688759088516 
-0.9773713350296021 -0.07534264773130417 0.197658360004425 -0.0244387574493885 
0.1324443072080612 0.5106242895126343 0.8495418429374695 -0.259384959936142 
0 0 0 1 

-0.1325697749853134 0.7986485362052917 -0.5870141386985779 0.2062135338783264 
-0.9911176562309265 -0.1131075993180275 0.0699455663561821 0.01662304438650608 
-0.01053380221128464 0.5910727977752686 0.8065494298934937 -0.2388718128204346 
0 0 0 1 

-0.0855870246887207 0.7300755381584167 -0.677985668182373 0.2250451892614365 
-0.9945265650749207 -0.02166848815977573 0.1022129505872726 0.009437205269932747 
0.05993229895830154 0.6830228567123413 0.7279340028762817 -0.224142998456955 
0 0 0 1 

-0.07384847849607468 0.7297809720039368 -0.6796807646751404 0.2276801466941833 
-0.9917454719543457 0.01789302006363869 0.1269668340682983 0.001934041734784842 
0.1048194766044617 0.6834465265274048 0.7224356532096863 -0.2238636761903763 
0 0 0 1 

