451 11 356 38
444 18 362 50
438 31 364 56
451 31 372 64
484 38 393 64
405 44 312 102
464 44 365 113
471 44 371 113
405 51 312 109
411 51 316 109
471 51 372 118
359 57 275 103
438 57 364 78
477 57 380 134
438 64 365 86
458 64 359 128
339 71 270 101
345 71 268 115
431 71 337 79
484 71 379 141
491 71 387 140
326 77 261 105
332 77 256 125
345 77 270 122
425 84 330 115
319 90 257 117
411 90 311 158
411 97 311 165
425 97 321 167
510 97 408 166
306 104 247 124
319 104 248 156
411 104 310 172
425 104 321 174
504 104 395 175
471 110 352 157
477 110 360 156
504 110 395 182
444 117 352 112
537 117 449 159
306 123 248 136
398 123 298 191
530 123 442 166
537 123 449 166
398 130 298 197
524 130 430 174
537 130 449 173
557 130 511 137
319 137 251 180
398 137 298 203
438 137 362 150
444 137 368 153
451 137 373 154
464 137 375 160
570 137 520 150
312 143 243 179
319 143 250 185
398 143 298 210
418 143 332 155
431 143 346 157
438 143 361 160
444 143 367 161
464 143 374 167
497 143 397 208
510 143 417 202
517 143 430 194
524 143 437 193
530 143 446 193
537 143 452 193
550 143 491 163
557 143 498 163
570 143 520 157
326 150 254 187
392 150 293 214
418 150 332 161
425 150 337 161
471 150 381 174
497 150 398 214
504 150 408 209
510 150 416 209
517 150 424 209
524 150 437 199
530 150 445 200
537 150 452 200
563 150 499 184
570 150 506 183
319 156 249 194
425 156 338 167
491 156 391 222
504 156 409 216
510 156 416 215
517 156 424 214
524 156 437 207
530 156 445 206
537 156 452 206
543 156 465 199
550 156 472 199
570 156 506 190
576 156 513 190
392 163 327 183
444 163 359 187
471 163 362 230
477 163 371 230
497 163 397 225
504 163 410 222
510 163 417 221
524 163 437 214
530 163 445 213
543 163 465 207
550 163 473 206
557 163 485 205
576 163 512 198
590 163 532 170
596 163 539 170
444 170 359 195
451 170 367 194
458 170 376 197
464 170 382 198
471 170 363 237
477 170 371 237
491 170 391 232
497 170 397 231
504 170 410 227
510 170 418 227
517 170 430 221
524 170 438 220
530 170 445 219
537 170 456 215
543 170 464 214
550 170 472 214
563 170 493 207
570 170 500 207
583 170 526 178
590 170 531 177
596 170 540 176
352 176 278 222
359 176 278 227
444 176 361 202
458 176 376 203
464 176 382 204
491 176 391 238
497 176 403 232
517 176 431 227
524 176 438 227
530 176 450 222
537 176 457 221
543 176 464 220
550 176 471 220
557 176 484 214
563 176 492 214
570 176 499 214
576 176 508 212
590 176 533 183
596 176 540 182
359 183 286 228
392 183 327 210
398 183 334 211
451 183 369 211
458 183 376 211
464 183 383 211
484 183 385 244
491 183 392 244
497 183 404 238
504 183 410 239
510 183 419 238
517 183 430 233
524 183 438 233
530 183 450 228
537 183 458 227
543 183 465 226
550 183 472 226
557 183 484 220
563 183 491 220
570 183 498 220
576 183 507 218
583 183 515 218
596 183 540 189
365 189 292 233
392 189 326 218
444 189 363 218
451 189 369 218
458 189 375 218
464 189 383 217
497 189 405 243
504 189 416 243
510 189 423 240
530 189 450 235
537 189 458 233
557 189 485 226
563 189 491 226
570 189 499 226
576 189 506 227
583 189 515 227
590 189 533 192
372 196 313 233
438 196 356 226
444 196 361 226
451 196 369 224
458 196 376 222
464 196 383 222
517 196 430 245
524 196 438 245
530 196 446 243
543 196 466 237
550 196 473 236
557 196 482 235
563 196 491 233
570 196 499 233
576 196 509 231
411 203 335 238
418 203 341 238
425 203 347 238
431 203 354 239
464 203 384 230
504 203 418 250
517 203 430 251
524 203 438 250
530 203 452 241
537 203 460 241
543 203 468 242
550 203 474 242
557 203 482 241
563 203 489 240
570 203 499 238
576 203 510 238
378 209 321 245
411 209 335 246
418 209 342 248
425 209 348 247
431 209 355 247
438 209 362 246
444 209 369 245
497 209 412 256
504 209 418 256
510 209 423 256
530 209 453 247
537 209 460 248
543 209 468 247
550 209 475 247
557 209 481 247
563 209 489 246
365 216 306 246
411 216 335 253
418 216 342 254
425 216 348 254
431 216 355 252
438 216 363 251
444 216 369 252
464 216 382 251
504 216 418 261
524 216 445 256
530 216 452 255
537 216 461 254
543 216 468 252
550 216 474 253
557 216 481 253
563 216 489 253
570 216 496 252
576 216 508 253
365 222 308 254
411 222 335 259
418 222 341 259
425 222 349 258
431 222 355 258
438 222 363 258
444 222 369 258
510 222 433 263
517 222 439 262
524 222 446 261
530 222 453 261
563 222 488 260
570 222 494 260
576 222 502 261
590 222 522 261
385 229 321 265
398 229 330 266
405 229 336 266
418 229 344 265
425 229 350 264
431 229 356 265
438 229 363 265
444 229 370 265
471 229 399 265
537 229 462 264
543 229 469 264
550 229 476 264
557 229 482 263
563 229 486 266
570 229 495 267
583 229 535 220
378 236 309 272
392 236 323 272
398 236 329 272
405 236 336 272
411 236 343 272
418 236 350 273
425 236 356 272
438 236 364 272
444 236 370 272
524 236 446 271
530 236 453 271
537 236 459 270
543 236 468 270
550 236 475 269
557 236 481 270
590 236 530 260
385 242 315 279
392 242 322 279
398 242 328 278
411 242 337 279
418 242 350 281
425 242 356 280
524 242 447 275
530 242 453 275
537 242 459 275
543 242 466 275
550 242 474 275
557 242 482 275
372 249 308 282
570 249 515 267
524 255 448 284
543 255 468 282
550 255 475 282
504 262 434 283
570 262 518 276
530 269 460 291
