444 11 355 45
451 11 364 44
444 31 376 64
392 38 313 91
471 38 390 78
477 38 396 74
352 44 277 95
359 44 284 96
352 51 278 102
359 51 284 102
365 51 290 103
378 51 300 103
385 51 306 103
411 51 332 129
352 57 279 111
359 57 285 113
332 64 264 117
352 64 279 121
411 64 332 168
491 64 410 145
326 71 260 126
332 71 266 126
345 71 274 126
418 71 338 153
438 71 373 93
332 77 268 132
339 77 273 132
458 77 385 99
497 77 419 160
431 84 348 173
438 84 365 104
444 84 371 103
458 84 387 107
504 84 426 167
425 90 342 178
431 90 348 179
451 90 381 114
458 90 389 114
497 90 413 176
504 90 421 174
510 90 433 173
365 97 300 152
372 97 306 155
418 97 335 183
431 97 349 185
451 97 382 121
471 97 397 121
504 97 421 181
510 97 429 180
359 104 293 158
365 104 300 158
372 104 306 162
418 104 336 190
425 104 343 190
458 104 389 127
471 104 397 127
306 110 256 142
345 110 285 160
359 110 295 166
365 110 301 167
418 110 336 195
425 110 343 195
451 110 384 130
306 117 255 148
312 117 262 147
319 117 270 146
326 117 277 146
345 117 285 166
359 117 295 172
451 117 386 135
537 117 445 90
543 117 452 90
550 117 460 89
306 123 256 155
312 123 263 154
319 123 269 155
352 123 290 174
359 123 296 178
411 123 339 130
431 123 367 123
530 123 447 165
537 123 462 164
543 123 453 96
550 123 461 94
319 130 269 161
352 130 290 183
359 130 290 196
365 130 297 196
431 130 368 130
438 130 378 139
464 130 375 166
537 130 464 175
557 130 493 166
299 137 250 167
306 137 255 166
332 137 274 182
345 137 283 188
352 137 291 189
438 137 379 146
458 137 368 175
471 137 384 173
504 137 422 191
510 137 432 203
524 137 450 186
550 137 512 147
563 137 525 138
299 143 251 172
306 143 257 171
332 143 274 188
411 143 351 148
438 143 379 154
464 143 377 181
543 143 467 189
550 143 513 154
570 143 525 144
326 150 270 197
332 150 275 196
345 150 287 202
352 150 293 203
458 150 387 189
510 150 434 211
537 150 462 198
543 150 470 197
563 150 507 177
326 156 271 205
332 156 276 203
345 156 287 210
510 156 432 217
517 156 440 217
530 156 459 206
557 156 498 185
563 156 505 184
570 156 511 183
576 156 521 181
326 163 272 212
332 163 279 211
345 163 288 220
477 163 408 199
497 163 420 226
504 163 427 224
510 163 434 223
537 163 468 205
543 163 477 203
550 163 485 202
557 163 497 192
563 163 504 191
570 163 511 192
576 163 521 189
596 163 542 154
339 170 281 226
444 170 383 211
451 170 389 208
458 170 396 207
464 170 401 207
477 170 409 206
524 170 451 218
530 170 461 214
537 170 469 211
543 170 477 211
557 170 496 200
563 170 502 199
570 170 510 199
339 176 281 232
345 176 297 233
352 176 303 232
385 176 347 216
405 176 358 199
438 176 376 219
444 176 384 218
451 176 390 215
458 176 397 213
464 176 403 213
491 176 414 235
510 176 435 233
530 176 462 221
537 176 469 217
550 176 484 211
557 176 493 208
563 176 502 206
596 176 544 165
339 183 291 239
352 183 306 238
359 183 312 238
365 183 319 235
392 183 354 222
438 183 377 225
444 183 384 224
451 183 391 223
458 183 397 221
464 183 404 220
497 183 421 241
517 183 445 231
524 183 453 231
530 183 460 229
543 183 477 220
550 183 483 220
557 183 494 213
576 183 521 204
583 183 527 202
345 189 301 245
352 189 306 244
438 189 378 232
444 189 384 230
451 189 391 229
510 189 438 238
517 189 445 236
524 189 453 236
537 189 471 227
543 189 478 225
550 189 484 223
563 189 501 218
576 189 520 212
583 189 527 210
590 189 538 178
365 196 313 250
458 196 398 231
464 196 406 230
557 196 493 225
563 196 501 224
570 196 509 222
576 196 517 221
385 203 357 229
444 203 387 246
471 203 409 236
517 203 446 247
530 203 465 234
537 203 472 234
543 203 480 233
550 203 485 233
557 203 493 231
563 203 501 230
570 203 509 227
576 203 517 227
378 209 350 236
385 209 357 236
530 209 465 241
537 209 472 240
543 209 479 238
550 209 486 237
557 209 493 237
563 209 502 235
570 209 510 233
576 209 517 233
583 209 524 231
590 209 547 193
378 216 352 242
385 216 357 242
451 216 395 258
530 216 494 178
576 216 517 239
359 222 338 254
365 222 344 253
537 222 474 249
543 222 480 248
550 222 487 247
557 222 496 246
563 222 504 245
570 222 511 243
583 222 524 242
590 222 542 218
596 222 550 216
359 229 338 262
372 229 346 259
425 229 403 252
537 229 475 254
543 229 482 252
550 229 488 252
557 229 495 252
563 229 504 251
570 229 512 248
583 229 541 207
590 229 550 208
392 236 368 258
398 236 374 259
405 236 381 257
411 236 387 257
425 236 404 259
471 236 434 269
530 236 470 257
392 242 368 270
405 242 382 264
411 242 389 263
425 242 405 266
530 242 470 263
576 242 535 217
398 249 376 272
405 249 383 271
537 249 478 261
576 249 539 230
405 255 384 277
411 255 391 275
557 269 527 248
497 282 464 270
