476 175 450 173
520 175 486 167
526 175 490 166
532 175 497 165
539 175 503 164
545 175 510 163
302 182 290 200
309 182 296 199
315 182 302 198
321 182 308 198
333 182 316 195
340 182 321 195
470 182 444 180
520 182 486 173
526 182 491 172
532 182 497 172
539 182 504 171
284 188 273 206
296 188 285 207
309 188 297 206
315 188 303 205
321 188 310 205
483 188 456 184
495 188 464 182
532 188 498 178
340 194 323 209
514 194 487 185
327 200 298 219
346 200 324 217
327 219 309 242
333 219 313 241
333 225 315 247
476 225 462 227
483 225 467 227
327 231 309 250
476 231 463 231
290 244 286 264
346 244 342 258
377 244 372 260
532 244 488 229
346 250 342 263
352 250 347 263
464 250 445 240
464 256 444 246
302 275 295 289
309 275 301 288
290 281 282 295
309 281 302 293
315 281 315 291
464 281 443 265
302 287 297 298
