398 132 427 84
451 136 475 98
460 136 485 104
476 140 513 124
480 140 518 128
447 145 467 99
451 145 471 102
480 145 512 141
407 149 476 120
411 149 422 104
419 149 495 131
435 149 459 94
386 153 435 96
382 157 400 101
451 157 504 128
455 157 443 110
460 157 448 112
374 161 394 98
492 165 502 143
411 169 469 148
411 173 466 152
460 177 399 146
464 177 404 149
435 189 445 120
455 194 390 159
472 202 458 165
492 206 473 142
513 206 509 157
517 206 514 160
362 210 400 115
370 210 406 122
513 210 506 161
517 210 512 165
370 214 403 125
374 214 412 154
378 214 416 157
427 214 453 148
439 214 437 145
517 214 510 171
370 222 398 133
349 226 361 142
451 226 441 125
521 226 516 176
366 230 381 137
513 230 505 177
500 238 504 169
415 242 475 177
468 247 413 178
492 247 481 180
407 255 397 137
358 259 352 143
362 263 350 153
500 263 472 196
488 267 429 328
492 267 438 328
504 267 450 334
407 283 367 162
415 283 384 170
423 283 390 174
476 283 451 194
407 287 365 167
411 287 369 169
451 287 405 190
468 287 426 195
411 291 366 175
476 291 430 336
480 291 450 207
419 296 372 180
423 296 377 182
427 296 383 185
460 296 409 200
439 300 409 334
402 304 347 307
407 304 354 312
