403 186 408 201
407 186 412 202
411 186 417 203
426 186 421 203
396 190 401 203
400 190 406 204
415 190 421 207
419 190 425 208
468 190 439 209
483 190 485 215
487 190 488 215
490 190 492 215
509 190 506 217
513 190 515 219
396 194 401 208
403 194 409 210
411 194 417 211
415 194 421 211
483 194 460 216
487 194 488 220
490 194 492 220
494 194 497 220
498 194 502 221
509 194 510 222
513 194 514 223
403 198 408 214
411 198 416 215
415 198 420 215
437 198 442 219
479 198 455 220
483 198 460 221
490 198 492 225
494 198 497 225
498 198 501 226
502 198 505 226
509 198 510 226
513 198 515 227
517 198 518 228
403 201 406 218
407 201 411 218
411 201 415 218
483 201 465 225
490 201 492 229
494 201 496 229
509 201 509 231
513 201 514 232
403 205 405 223
479 205 461 229
483 205 465 228
509 205 509 236
513 205 513 236
468 209 427 228
475 209 455 232
483 209 468 234
487 209 473 234
506 209 504 239
509 209 509 240
513 209 513 240
517 209 517 241
400 213 403 227
483 213 468 238
487 213 472 239
498 213 485 240
509 213 509 243
513 213 513 244
517 213 517 245
400 217 402 231
403 217 408 232
407 217 413 232
411 217 417 233
460 217 458 240
464 217 462 240
479 217 462 242
483 217 467 244
487 217 472 243
517 217 516 249
396 220 397 236
400 220 402 235
403 220 407 236
411 220 417 238
460 220 457 244
468 220 429 240
483 220 467 248
506 220 504 248
509 220 508 249
513 220 512 249
415 224 420 242
441 224 439 244
445 224 444 246
460 224 457 248
506 224 503 252
513 224 512 252
517 224 516 254
411 228 411 243
415 228 420 247
498 228 493 257
509 228 507 257
513 228 511 258
517 228 515 258
521 228 518 259
396 232 396 245
422 232 418 252
430 232 425 248
490 232 488 257
502 232 497 261
506 232 502 261
509 232 506 262
513 232 510 262
517 232 514 262
521 232 518 263
396 235 396 249
400 235 400 250
411 235 410 252
434 235 428 253
441 235 442 255
490 235 488 261
494 235 492 261
498 235 492 265
502 235 496 266
506 235 501 266
509 235 505 266
513 235 509 267
396 239 396 254
400 239 399 255
411 239 410 256
434 239 428 257
437 239 432 257
441 239 442 260
517 239 514 269
521 239 518 268
396 243 395 259
400 243 399 259
430 243 423 261
434 243 428 261
468 243 459 265
475 243 479 260
490 243 487 269
509 243 506 271
513 243 509 273
517 243 514 273
403 247 401 263
407 247 405 264
411 247 409 264
422 247 417 261
437 247 431 264
445 247 445 268
460 247 450 268
464 247 454 269
475 247 478 263
479 247 482 264
509 247 505 276
513 247 510 277
517 247 514 277
396 251 394 267
407 251 404 268
426 251 418 266
430 251 423 267
434 251 427 268
437 251 431 268
441 251 435 269
445 251 445 273
468 251 459 272
472 251 463 272
479 251 471 273
483 251 476 273
513 251 508 281
403 254 400 272
411 254 408 269
419 254 411 269
426 254 418 270
430 254 422 271
434 254 426 272
437 254 430 272
460 254 450 274
464 254 454 274
468 254 458 275
472 254 462 276
475 254 467 276
479 254 471 277
483 254 475 278
487 254 480 278
422 258 413 273
426 258 417 274
430 258 422 275
434 258 426 276
437 258 430 277
460 258 449 278
464 258 453 278
468 258 458 278
472 258 461 279
475 258 465 280
479 258 470 282
422 262 413 278
426 262 417 278
430 262 420 280
434 262 425 281
437 262 429 281
468 262 457 283
472 262 461 283
479 262 471 286
422 266 413 282
426 266 417 283
430 266 420 285
434 266 425 285
400 270 392 286
426 270 416 288
437 270 427 285
445 270 434 285
400 273 392 289
422 273 412 288
430 273 419 289
434 273 423 290
422 277 410 291
426 277 415 293
430 277 419 294
434 277 422 295
437 277 427 295
445 277 433 295
453 277 437 295
422 281 409 296
426 281 414 297
430 281 418 298
434 281 422 299
437 281 426 300
441 281 430 299
453 281 437 300
422 285 409 301
426 285 414 302
430 285 418 303
434 285 422 303
437 285 426 304
445 285 432 304
453 285 437 305
456 285 441 304
460 285 444 304
385 288 372 301
388 288 377 301
392 288 380 302
396 288 385 302
434 288 422 308
437 288 425 308
445 288 432 308
449 288 435 308
358 292 332 288
396 292 384 306
400 292 390 307
419 292 409 307
426 292 414 307
430 292 417 307
434 292 421 312
437 292 425 313
464 292 449 312
472 292 458 313
479 292 465 313
483 292 469 314
362 296 349 298
385 296 372 307
388 296 375 307
392 296 380 308
415 296 404 311
426 296 413 310
430 296 417 311
445 296 431 314
449 296 434 315
472 296 452 317
479 296 464 316
483 296 468 317
373 300 357 310
381 300 367 310
415 300 398 314
419 300 403 314
422 300 408 314
426 300 412 314
460 300 440 319
464 300 444 320
468 300 448 320
464 304 444 323
396 307 382 315
411 307 393 319
415 307 397 320
419 307 402 320
422 307 405 320
426 307 409 320
434 307 417 321
437 307 420 322
468 307 447 325
403 311 388 320
411 311 393 322
415 311 397 323
419 311 401 323
422 311 404 323
426 311 409 323
434 311 415 325
441 311 420 326
445 311 425 326
449 311 428 327
385 315 370 320
388 315 375 320
392 315 379 321
396 315 383 322
415 315 397 326
445 315 425 329
449 315 428 331
453 315 432 331
377 319 359 324
381 319 364 324
