522 142 481 145
528 142 487 147
498 148 466 140
516 177 479 191
522 177 486 193
528 177 491 195
551 177 502 192
450 183 416 155
516 183 477 197
528 183 491 203
504 189 483 184
563 189 508 201
480 195 459 184
563 195 506 207
569 201 512 213
510 219 469 202
462 225 413 185
498 225 451 205
421 231 374 187
480 231 430 206
504 231 455 212
355 237 307 182
397 237 342 191
480 237 429 212
486 237 434 213
355 243 305 186
343 249 291 190
367 249 313 192
373 249 320 193
379 249 326 195
391 249 334 197
397 249 340 199
474 249 417 224
492 249 438 230
498 249 445 231
504 249 450 233
379 255 324 200
498 255 442 239
504 255 448 242
498 260 437 247
486 266 433 245
308 272 233 210
314 272 239 211
385 278 323 230
302 284 225 217
314 284 237 219
397 284 331 235
332 314 248 260
338 314 253 263
343 314 258 265
355 314 267 268
361 314 273 270
338 320 251 268
349 320 263 273
355 320 271 274
367 320 278 276
343 326 255 277
349 332 261 287
349 338 257 294
