522 142 484 159
504 154 470 161
450 183 422 165
474 183 442 172
480 183 447 176
486 183 454 178
474 189 440 180
480 189 446 182
456 195 424 174
474 195 437 188
480 195 443 190
563 201 496 226
474 207 434 193
557 207 485 229
563 207 493 231
569 207 500 232
462 213 421 188
474 213 432 198
486 213 442 203
462 219 416 195
474 219 430 204
480 219 435 207
456 225 409 198
462 225 416 202
468 225 423 204
391 231 354 183
397 231 360 186
438 231 393 198
456 231 408 205
480 231 431 215
379 237 339 184
385 237 345 187
403 237 368 189
409 237 375 191
415 237 381 193
438 237 391 204
444 237 398 207
456 237 410 213
474 237 424 219
480 237 430 221
361 243 316 185
391 243 351 191
397 243 358 193
403 243 365 195
438 243 389 211
444 243 396 213
450 243 402 216
456 243 409 219
474 243 423 224
480 243 428 227
504 243 447 235
373 249 323 193
379 249 330 195
391 249 348 198
444 249 395 220
450 249 401 223
456 249 407 225
355 255 287 201
379 255 327 202
391 255 348 205
444 255 391 226
450 255 397 229
504 255 444 249
498 260 433 253
409 266 357 222
415 266 362 224
397 272 341 224
403 272 347 226
302 278 234 204
302 284 229 209
308 284 235 211
391 284 328 239
314 290 238 219
397 290 332 249
308 296 230 224
314 302 233 226
326 308 248 247
320 314 239 251
326 314 247 253
338 314 252 257
338 320 251 262
349 332 259 282
355 332 265 284
349 338 256 287
361 338 272 284
