522 131 483 146
528 131 489 149
522 137 480 152
528 137 486 154
504 143 469 150
516 143 474 156
522 143 479 159
528 143 485 161
504 149 385 177
522 149 476 166
528 149 483 168
474 155 437 152
468 161 429 155
474 161 445 154
480 161 451 156
456 167 423 155
474 167 443 161
480 167 449 163
456 173 422 159
462 173 427 161
468 173 434 164
474 173 440 167
480 179 447 171
486 179 454 174
431 185 367 170
462 185 424 169
468 185 431 171
474 185 438 173
480 185 444 175
486 185 451 178
456 191 418 173
462 191 424 176
468 191 429 178
474 191 437 179
480 191 443 182
486 191 449 183
492 191 456 187
564 191 504 216
419 197 358 177
450 197 408 177
456 197 415 179
462 197 422 182
468 197 427 183
474 197 433 185
480 197 440 188
486 197 446 191
413 203 350 181
419 203 354 181
468 203 427 190
474 203 431 192
492 203 445 199
540 203 483 219
546 203 487 220
558 203 495 224
564 203 503 225
570 203 510 226
438 209 398 183
444 209 405 185
450 209 411 187
462 209 417 188
480 209 434 199
492 209 451 200
498 209 456 203
546 209 485 226
570 209 507 231
438 215 395 189
444 215 403 191
450 215 409 193
462 215 415 195
468 215 422 198
474 215 428 202
486 215 440 206
492 215 450 207
498 215 457 210
540 215 480 224
552 215 493 229
558 215 498 231
419 221 376 188
431 221 388 193
450 221 408 199
468 221 421 205
474 221 426 207
480 221 431 210
492 221 440 212
534 221 470 230
540 221 477 231
546 221 483 233
552 221 489 235
558 221 495 237
377 227 333 182
389 227 345 186
407 227 359 191
431 227 386 199
450 227 405 205
474 227 425 213
480 227 430 215
528 227 463 234
534 227 468 236
540 227 474 238
546 227 482 239
365 233 317 185
371 233 323 186
383 233 332 190
389 233 343 192
407 233 356 197
438 233 391 204
474 233 423 220
486 233 433 224
528 233 462 240
534 233 467 242
347 239 277 193
365 239 317 190
371 239 321 192
377 239 328 194
389 239 335 197
395 239 343 199
444 239 394 212
450 239 402 214
486 239 432 230
492 239 438 233
504 239 448 234
341 245 270 197
347 245 275 199
371 245 319 199
377 245 325 201
395 245 340 205
438 245 388 217
444 245 393 219
450 245 400 221
456 245 408 224
462 245 414 226
498 245 440 239
504 245 447 241
341 251 267 203
347 251 274 205
353 251 280 207
365 251 287 209
377 251 323 208
444 251 393 225
450 251 400 228
498 251 437 245
504 251 444 248
365 257 293 212
377 257 322 215
383 257 328 217
425 257 376 226
431 257 382 228
438 257 388 231
498 257 434 253
305 264 239 202
335 264 270 257
383 264 326 224
431 264 380 236
438 264 387 238
450 264 365 258
305 270 238 207
383 270 323 230
389 270 330 232
401 270 342 242
407 270 350 240
431 270 380 242
438 270 386 243
444 270 357 261
299 276 229 210
305 276 235 213
383 276 321 235
389 276 328 238
431 276 378 248
371 282 301 237
377 282 306 239
383 282 312 241
395 282 333 248
413 282 347 253
456 282 380 212
371 288 300 243
377 288 305 244
311 294 234 234
317 294 241 237
323 294 246 240
329 294 252 242
365 294 290 248
317 300 240 244
323 300 245 245
329 300 252 248
371 300 297 251
377 300 302 251
383 300 308 254
317 306 238 250
323 306 243 252
329 306 250 254
335 306 242 211
341 306 249 214
347 306 257 215
353 306 264 215
377 306 300 258
323 312 242 259
335 312 241 218
341 312 247 219
347 312 255 221
353 312 262 222
329 318 245 263
335 318 239 223
341 318 244 225
347 318 252 227
329 324 244 276
335 324 249 272
341 324 242 231
347 324 248 233
353 324 270 279
335 330 247 278
353 330 268 284
371 330 285 283
341 336 252 288
359 336 275 286
353 342 265 298
