309 65 283 106
321 65 296 105
321 71 295 110
333 78 306 110
389 102 285 126
290 114 194 134
309 114 245 130
321 114 264 134
327 114 270 136
327 121 270 142
333 121 275 142
278 127 180 143
284 127 187 144
321 127 263 140
278 133 180 149
309 133 249 143
315 133 255 145
321 133 267 147
315 139 255 150
321 139 266 153
315 145 254 157
376 145 248 175
450 145 312 150
254 157 156 163
364 157 244 180
456 164 319 175
272 170 174 169
456 170 317 182
241 176 132 184
278 182 179 175
241 188 132 192
241 194 132 198
432 268 302 225
413 274 267 243
376 280 229 247
413 280 247 258
425 292 330 312
340 299 204 280
419 299 324 316
425 299 330 319
278 305 196 318
425 305 321 331
278 311 196 324
401 311 245 321
284 317 199 330
401 317 247 328
290 323 204 336
340 323 198 312
401 323 250 340
407 323 256 341
346 329 201 319
364 335 302 288
370 342 307 293
