487 125 487 141
455 131 463 144
462 131 470 144
468 131 475 145
481 131 481 146
487 131 488 147
443 137 438 152
449 137 444 152
468 137 470 151
474 137 477 151
481 137 482 152
487 137 487 153
436 144 431 158
443 144 437 159
449 144 443 159
474 144 475 158
481 144 482 159
487 144 487 160
398 150 390 161
404 150 397 161
411 150 409 163
417 150 414 163
430 150 428 164
443 150 436 166
449 150 441 166
455 150 453 162
462 150 459 163
468 150 468 164
379 157 370 166
392 157 385 167
398 157 394 168
404 157 401 169
411 157 407 169
417 157 414 168
430 157 427 171
443 157 434 171
449 157 447 168
455 157 453 168
392 163 383 174
398 163 391 175
411 163 402 176
417 163 414 175
424 163 420 176
430 163 426 177
443 163 440 174
449 163 446 174
398 169 389 181
404 169 395 182
411 169 400 183
417 169 408 183
424 169 419 182
436 169 434 180
443 169 440 181
449 169 446 181
328 176 324 180
341 176 336 177
347 176 342 178
354 176 349 179
373 176 367 184
379 176 375 184
392 176 381 187
398 176 388 188
404 176 400 186
417 176 409 188
424 176 416 188
430 176 424 188
436 176 431 189
443 176 439 188
449 176 445 188
328 182 323 185
334 182 329 186
341 182 336 185
347 182 342 185
366 182 361 189
379 182 367 192
385 182 375 192
392 182 381 193
398 182 388 192
404 182 393 193
411 182 400 194
417 182 408 194
424 182 414 195
430 182 424 195
443 182 437 194
455 182 450 195
462 182 456 195
290 188 296 186
309 188 304 190
328 188 322 193
334 188 329 193
341 188 336 194
347 188 341 194
360 188 355 195
366 188 361 196
379 188 367 198
385 188 374 198
392 188 381 198
398 188 386 199
404 188 393 199
411 188 400 199
417 188 406 201
424 188 417 201
430 188 423 201
436 188 429 202
443 188 436 201
449 188 442 202
455 188 450 201
462 188 457 201
474 188 466 201
284 195 283 193
290 195 289 193
296 195 297 193
328 195 323 200
334 195 329 200
341 195 336 200
347 195 343 200
360 195 353 202
366 195 361 202
379 195 366 204
385 195 373 204
411 195 400 206
417 195 407 207
424 195 414 208
430 195 420 209
436 195 429 209
449 195 442 208
455 195 451 207
462 195 458 207
252 201 257 195
258 201 264 195
271 201 277 196
277 201 283 196
290 201 289 198
296 201 295 197
303 201 301 198
334 201 329 206
341 201 335 206
347 201 340 207
354 201 346 208
360 201 353 208
366 201 358 209
398 201 379 206
417 201 406 213
430 201 424 212
449 201 441 214
455 201 450 212
462 201 458 213
493 201 476 220
239 207 242 200
245 207 251 200
252 207 256 201
258 207 263 201
265 207 269 201
271 207 275 202
284 207 283 204
290 207 288 204
328 207 321 209
334 207 328 212
341 207 335 213
347 207 340 214
354 207 346 214
360 207 353 214
366 207 357 215
398 207 379 212
404 207 383 213
430 207 424 219
436 207 429 218
449 207 441 219
455 207 448 219
462 207 457 219
468 207 462 219
474 207 469 219
506 207 499 223
519 207 509 226
233 214 231 207
239 214 238 207
245 214 245 207
252 214 255 206
258 214 263 207
271 214 268 210
277 214 275 210
284 214 282 210
290 214 290 255
296 214 295 255
322 214 316 215
328 214 321 215
334 214 327 219
341 214 333 220
347 214 340 220
360 214 353 220
366 214 359 221
398 214 378 218
430 214 424 225
436 214 429 225
449 214 437 225
455 214 448 226
462 214 454 226
468 214 460 226
474 214 469 226
500 214 489 230
506 214 498 231
519 214 507 232
233 220 231 213
239 220 237 213
245 220 243 213
252 220 249 214
258 220 262 213
271 220 276 261
277 220 281 261
290 220 290 262
296 220 296 262
322 220 315 221
328 220 321 222
334 220 326 224
341 220 331 226
347 220 337 226
366 220 358 228
411 220 402 229
430 220 423 231
436 220 427 232
449 220 437 232
455 220 443 232
462 220 449 232
468 220 456 233
487 220 472 238
493 220 480 237
500 220 487 237
506 220 494 237
233 226 229 219
239 226 235 219
245 226 241 219
252 226 248 220
258 226 255 220
265 226 270 267
277 226 282 267
284 226 287 267
296 226 296 268
315 226 306 224
322 226 314 226
328 226 320 229
341 226 331 232
347 226 337 232
354 226 343 234
360 226 348 234
436 226 427 236
449 226 436 239
455 226 442 239
462 226 449 240
468 226 455 241
474 226 461 241
481 226 466 241
239 233 235 226
245 233 240 226
252 233 247 226
258 233 254 226
265 233 268 274
271 233 275 273
277 233 282 273
296 233 296 274
309 233 307 231
315 233 313 232
328 233 319 235
334 233 325 235
347 233 336 239
360 233 348 241
443 233 429 245
449 233 436 245
455 233 442 246
462 233 448 247
468 233 455 247
239 239 234 232
245 239 240 232
252 239 247 233
265 239 260 233
271 239 266 233
277 239 271 236
309 239 299 239
315 239 310 238
328 239 318 240
334 239 325 241
341 239 330 241
360 239 349 248
366 239 356 248
424 239 415 249
436 239 421 251
449 239 434 252
455 239 441 252
245 246 240 240
252 246 245 241
265 246 259 241
271 246 266 241
277 246 273 241
309 246 298 245
315 246 304 245
328 246 316 250
341 246 330 248
347 246 336 249
424 246 413 256
436 246 424 256
245 252 240 246
252 252 245 246
258 252 249 247
265 252 257 248
271 252 264 248
341 252 330 255
347 252 335 255
354 252 343 255
379 252 402 246
245 258 240 251
252 258 245 252
258 258 250 253
265 258 257 253
334 258 323 261
341 258 329 261
347 258 334 261
354 258 341 261
360 258 348 260
392 258 400 260
245 265 239 257
252 265 245 257
258 265 250 259
334 265 322 267
347 265 334 267
354 265 339 267
360 265 347 268
366 265 352 269
252 271 244 263
258 271 249 264
334 271 314 276
341 271 327 273
347 271 333 273
354 271 339 275
360 271 345 275
366 271 351 275
373 271 358 276
252 277 243 269
258 277 249 270
303 277 289 276
341 277 327 279
347 277 333 280
354 277 340 280
252 284 243 277
258 284 248 276
265 284 254 277
296 284 281 281
322 284 308 283
328 284 314 284
334 284 320 285
252 290 244 283
258 290 247 283
265 290 253 284
271 290 260 286
322 290 307 290
258 296 248 289
265 296 253 291
271 296 259 290
284 296 267 292
290 296 273 293
296 296 278 294
265 303 253 296
271 303 260 296
284 303 267 298
