421 163 436 82
449 163 454 87
455 163 460 87
416 168 431 88
460 168 470 97
416 174 432 93
416 179 432 98
449 179 460 99
355 185 374 103
360 185 379 103
421 190 435 114
427 190 443 121
449 196 466 114
338 218 352 148
427 224 443 132
449 235 472 138
338 246 369 193
333 251 363 199
338 251 368 198
444 251 465 171
338 257 368 204
355 257 393 183
333 262 364 210
449 262 466 160
338 268 368 216
383 273 420 171
455 273 481 195
388 279 425 177
455 279 481 201
388 290 426 183
355 301 397 233
388 301 431 193
460 307 488 201
344 318 385 252
466 345 494 240
471 345 500 240
477 351 506 251
477 362 505 256
477 368 506 262
432 379 481 263
471 379 504 267
405 384 447 273
471 384 504 273
394 395 441 279
427 395 477 279
394 401 441 285
399 401 447 285
