251 109 223 120
217 115 188 147
342 115 325 143
370 115 353 132
217 121 188 153
359 121 330 150
330 126 301 155
200 132 200 158
325 132 296 160
364 132 348 149
370 132 353 149
189 138 183 164
195 138 189 164
285 138 252 159
342 138 324 153
364 138 348 155
291 143 263 165
296 143 268 165
364 143 348 160
370 143 353 158
189 149 165 170
268 149 242 171
285 149 273 183
291 149 263 170
296 149 269 170
342 149 301 176
370 149 353 165
183 155 160 175
263 155 234 182
274 155 246 176
330 155 319 154
336 155 296 181
370 155 353 172
217 160 183 181
229 160 194 186
263 160 233 187
274 160 245 181
319 160 302 181
325 160 313 160
330 160 319 160
353 160 319 186
359 160 336 176
364 160 341 177
212 166 179 186
217 166 182 187
229 166 194 192
296 166 234 193
308 166 267 193
313 166 273 192
330 166 319 166
336 166 296 191
342 166 308 194
353 166 330 181
364 166 342 182
189 172 162 192
195 172 167 191
217 172 218 204
308 172 267 197
313 172 273 198
319 172 278 198
330 172 290 198
336 172 302 199
342 172 307 199
353 172 312 198
364 172 342 187
370 172 354 181
195 177 168 197
200 177 172 198
217 177 218 210
308 177 266 203
313 177 273 204
319 177 279 204
330 177 292 202
336 177 297 202
342 177 301 202
353 177 312 204
195 183 168 204
200 183 172 204
206 183 177 208
217 183 184 208
223 183 188 208
263 183 223 208
268 183 228 209
302 183 262 209
308 183 266 208
313 183 273 210
319 183 280 210
325 183 285 209
330 183 292 208
336 183 296 208
342 183 302 208
364 183 342 199
195 189 168 210
206 189 177 214
217 189 185 213
223 189 189 213
257 189 234 216
263 189 222 214
268 189 228 214
291 189 251 215
296 189 255 215
302 189 262 215
308 189 267 214
325 189 285 214
336 189 296 213
364 189 348 194
195 194 168 215
246 194 205 216
257 194 218 221
263 194 224 219
268 194 229 220
291 194 250 221
296 194 255 221
302 194 262 220
308 194 267 220
325 194 285 220
336 194 296 220
342 194 308 217
347 194 314 216
212 200 178 224
257 200 221 225
263 200 227 225
274 200 236 226
285 200 245 226
291 200 250 226
313 200 272 226
319 200 278 226
325 200 286 226
336 200 296 225
342 200 308 222
347 200 315 221
257 206 221 230
263 206 227 230
274 206 235 231
285 206 245 231
296 206 256 232
302 206 261 232
308 206 266 232
313 206 272 232
319 206 279 232
342 206 308 229
347 206 315 228
353 206 320 227
178 211 167 255
212 211 177 232
217 211 183 232
274 211 236 237
291 211 251 236
296 211 256 237
302 211 260 238
308 211 266 237
330 211 295 234
336 211 302 234
342 211 307 234
347 211 315 233
353 211 320 232
212 217 179 238
217 217 184 238
234 217 201 238
246 217 206 238
257 217 221 239
268 217 229 238
285 217 245 243
296 217 257 242
302 217 262 243
325 217 289 239
330 217 294 239
336 217 302 239
342 217 307 239
347 217 317 238
353 217 324 238
229 223 196 244
234 223 201 244
240 223 204 244
263 223 224 244
268 223 229 244
274 223 234 244
280 223 240 244
302 223 268 244
313 223 275 244
319 223 280 245
336 223 301 245
342 223 308 244
347 223 317 244
353 223 322 243
229 228 196 250
234 228 201 250
240 228 207 249
246 228 211 250
251 228 217 250
257 228 222 250
268 228 228 251
274 228 234 250
280 228 240 249
285 228 246 249
291 228 252 249
296 228 260 248
302 228 266 249
308 228 272 250
319 228 280 251
325 228 290 251
330 228 295 251
336 228 301 250
342 228 308 250
347 228 316 248
353 228 323 249
364 228 342 244
217 234 190 254
229 234 196 255
234 234 200 255
240 234 205 255
246 234 212 255
251 234 218 256
257 234 222 255
268 234 227 256
274 234 234 256
280 234 240 255
285 234 250 254
291 234 257 253
302 234 267 254
308 234 272 255
319 234 280 256
325 234 289 257
330 234 296 256
336 234 302 256
342 234 307 256
347 234 317 255
353 234 324 255
359 234 331 255
217 240 189 260
229 240 195 260
234 240 199 260
246 240 210 261
251 240 217 261
257 240 223 261
268 240 234 260
280 240 241 261
291 240 257 259
313 240 277 260
319 240 284 262
325 240 289 262
330 240 296 262
336 240 302 262
342 240 308 261
347 240 317 261
353 240 323 261
217 245 188 264
229 245 195 266
234 245 200 266
240 245 205 266
246 245 211 266
251 245 216 265
257 245 222 266
268 245 233 265
274 245 238 266
280 245 243 266
291 245 257 264
296 245 263 265
313 245 278 266
319 245 284 267
325 245 289 268
342 245 307 267
347 245 313 266
353 245 322 267
359 245 330 267
212 251 183 270
217 251 189 270
223 251 194 272
234 251 201 272
240 251 206 270
246 251 211 271
251 251 216 270
257 251 222 270
268 251 234 271
274 251 239 272
280 251 244 272
291 251 251 271
296 251 257 271
308 251 269 271
313 251 278 271
319 251 284 272
325 251 290 272
330 251 295 272
336 251 301 272
342 251 307 272
347 251 313 272
206 256 178 276
212 256 183 276
217 256 188 276
223 256 193 276
234 256 200 276
240 256 206 276
246 256 212 276
251 256 216 276
263 256 224 275
268 256 229 276
274 256 238 278
285 256 246 277
291 256 250 277
296 256 255 276
302 256 262 277
308 256 268 277
313 256 278 277
319 256 284 277
325 256 289 277
330 256 295 277
336 256 302 277
342 256 308 277
353 256 320 273
206 262 178 282
212 262 183 283
217 262 188 283
234 262 200 281
240 262 205 281
246 262 211 282
251 262 217 282
257 262 221 281
268 262 233 282
274 262 238 282
285 262 245 284
291 262 249 283
296 262 263 283
302 262 269 282
308 262 274 281
313 262 278 282
319 262 284 283
325 262 290 283
330 262 296 283
336 262 302 282
342 262 308 282
347 262 315 279
353 262 322 278
212 268 183 287
217 268 187 286
229 268 196 287
234 268 201 287
240 268 205 287
246 268 211 287
257 268 221 287
263 268 227 287
268 268 233 288
280 268 240 289
285 268 244 289
291 268 249 289
296 268 262 288
308 268 274 287
313 268 279 287
319 268 284 288
325 268 289 288
330 268 295 287
336 268 303 287
342 268 308 287
347 268 317 287
353 268 322 287
206 273 179 290
229 273 195 293
234 273 201 292
257 273 222 292
268 273 232 292
280 273 241 294
285 273 246 293
291 273 251 293
296 273 255 294
302 273 268 293
308 273 274 293
313 273 280 293
319 273 284 293
330 273 295 293
336 273 302 293
342 273 309 293
347 273 317 293
353 273 323 293
200 279 172 295
206 279 178 294
212 279 184 294
217 279 187 295
229 279 196 297
234 279 200 298
240 279 205 298
263 279 227 298
280 279 241 298
285 279 246 297
291 279 252 298
296 279 258 298
302 279 268 299
325 279 285 300
330 279 296 299
336 279 302 299
342 279 308 299
347 279 317 299
353 279 323 299
195 285 168 299
200 285 173 299
206 285 178 299
212 285 183 299
217 285 187 300
229 285 195 303
234 285 200 303
240 285 205 303
257 285 222 301
263 285 227 303
268 285 232 303
274 285 239 304
285 285 245 304
291 285 252 303
296 285 257 303
319 285 284 305
325 285 289 306
330 285 295 305
336 285 301 305
342 285 307 305
347 285 318 305
353 285 323 304
200 290 173 305
206 290 178 305
212 290 182 305
217 290 187 305
234 290 200 309
240 290 206 308
246 290 211 309
251 290 215 310
257 290 221 310
263 290 226 309
268 290 232 310
280 290 241 309
285 290 246 309
291 290 252 308
296 290 256 309
313 290 272 305
325 290 289 311
330 290 296 310
336 290 300 311
342 290 308 311
347 290 317 310
353 290 322 310
359 290 328 311
183 296 162 308
195 296 168 309
200 296 173 310
206 296 178 310
212 296 183 310
217 296 187 310
223 296 192 310
234 296 200 314
240 296 207 315
246 296 211 315
251 296 215 316
257 296 221 316
263 296 226 316
274 296 235 316
285 296 246 315
291 296 252 314
302 296 263 312
308 296 266 311
313 296 273 311
319 296 279 312
330 296 295 316
336 296 300 317
342 296 307 317
347 296 313 316
353 296 319 316
359 296 328 315
183 302 162 314
189 302 166 314
200 302 174 315
206 302 178 315
212 302 182 315
217 302 186 316
240 302 206 321
246 302 211 322
251 302 216 321
257 302 221 321
263 302 227 321
268 302 232 321
296 302 257 318
302 302 263 318
319 302 279 321
325 302 285 321
330 302 294 321
336 302 301 322
342 302 307 322
347 302 313 322
353 302 319 322
359 302 327 321
183 307 162 320
195 307 168 320
200 307 172 320
206 307 177 321
212 307 182 321
217 307 186 321
229 307 199 322
246 307 212 328
257 307 222 326
263 307 227 326
268 307 232 326
280 307 239 326
285 307 245 323
291 307 250 323
296 307 257 323
302 307 263 323
313 307 274 326
319 307 280 326
342 307 306 326
347 307 312 326
353 307 319 327
359 307 327 327
183 313 162 326
200 313 172 326
206 313 177 326
212 313 182 326
217 313 187 327
251 313 218 327
263 313 226 332
268 313 232 332
280 313 240 333
285 313 244 332
291 313 250 332
296 313 257 332
302 313 261 329
308 313 268 330
313 313 274 333
319 313 283 329
325 313 289 330
330 313 295 329
336 313 300 332
342 313 307 332
347 313 312 332
353 313 319 332
359 313 328 332
200 319 173 331
206 319 176 332
212 319 182 332
223 319 190 332
229 319 196 332
234 319 200 333
240 319 206 332
246 319 212 332
257 319 222 334
274 319 237 337
285 319 245 337
291 319 250 338
296 319 256 338
302 319 261 338
308 319 267 339
319 319 283 335
325 319 289 335
336 319 299 338
342 319 306 337
347 319 313 338
353 319 320 338
359 319 328 338
183 324 162 333
189 324 166 334
200 324 173 336
206 324 176 337
212 324 181 337
223 324 189 337
229 324 194 337
234 324 200 337
240 324 205 338
246 324 212 337
251 324 217 338
257 324 222 338
274 324 235 343
280 324 240 343
291 324 250 343
296 324 255 344
308 324 272 340
319 324 283 340
325 324 286 344
336 324 299 344
342 324 306 344
347 324 313 344
353 324 320 344
189 330 166 339
212 330 181 342
223 330 189 343
229 330 193 342
240 330 206 344
246 330 211 344
251 330 217 344
257 330 223 343
263 330 228 343
285 330 245 346
296 330 262 345
302 330 268 345
308 330 273 344
313 330 278 345
325 330 285 350
330 330 292 351
336 330 299 350
347 330 313 349
353 330 323 346
189 336 166 344
200 336 173 345
206 336 178 345
240 336 206 350
246 336 211 350
251 336 217 350
257 336 223 350
263 336 227 349
268 336 233 349
280 336 240 351
285 336 244 352
296 336 262 350
302 336 267 350
308 336 273 351
319 336 280 355
325 336 285 356
330 336 291 356
342 336 306 356
347 336 313 355
353 336 322 355
183 341 160 338
206 341 178 349
212 341 183 350
240 341 206 355
246 341 212 355
251 341 217 356
257 341 223 355
263 341 227 356
274 341 234 357
280 341 240 357
285 341 244 357
291 341 250 356
296 341 262 356
302 341 267 357
251 347 217 360
257 347 222 360
263 347 227 361
274 347 234 361
206 353 178 355
212 353 182 355
330 353 317 361
325 358 311 367
229 364 217 373
291 364 278 373
296 364 288 373
302 364 294 373
