309 131 294 149
314 131 299 149
319 131 304 148
324 131 309 148
330 131 315 147
466 131 444 135
471 131 461 133
482 131 465 134
487 131 471 133
492 131 476 132
508 131 488 128
309 136 294 155
314 136 300 155
319 136 305 154
324 136 310 154
330 136 314 153
335 136 320 153
366 136 341 151
377 136 358 150
382 136 365 149
387 136 369 148
393 136 374 148
450 136 429 141
466 136 444 140
476 136 463 139
482 136 467 139
487 136 471 139
492 136 476 138
497 136 481 137
508 136 489 133
513 136 494 132
288 141 276 158
293 141 281 159
309 141 295 160
314 141 300 160
319 141 305 159
324 141 310 159
382 141 365 154
466 141 444 145
492 141 476 144
513 141 494 137
288 146 276 163
293 146 282 163
309 146 295 166
330 146 316 159
335 146 321 158
340 146 326 158
377 146 353 156
398 146 375 153
403 146 381 153
408 146 392 152
419 146 402 150
424 146 407 149
450 146 430 148
476 146 462 144
492 146 477 148
503 146 486 148
508 146 489 144
513 146 495 143
518 146 501 146
288 152 276 168
324 152 311 164
330 152 316 163
335 152 322 163
387 152 365 160
393 152 371 158
398 152 376 158
403 152 382 157
408 152 386 157
413 152 398 156
419 152 402 154
424 152 407 154
429 152 413 154
440 152 419 154
466 152 452 151
471 152 457 149
476 152 463 149
513 152 496 151
288 157 278 180
298 157 288 173
377 157 351 173
382 157 354 171
387 157 361 170
398 157 376 163
403 157 382 162
419 157 402 160
476 157 464 154
497 157 482 158
503 157 486 158
508 157 492 158
518 157 502 157
330 162 316 171
335 162 322 171
372 162 344 178
377 162 350 178
382 162 356 177
408 162 392 164
413 162 397 163
434 162 415 161
461 162 452 156
466 162 457 156
513 162 497 157
288 167 278 186
314 167 304 176
324 167 312 176
330 167 317 175
335 167 322 175
372 167 345 183
382 167 356 183
408 167 392 168
419 167 403 168
455 167 446 163
461 167 451 162
466 167 457 161
508 167 492 163
518 167 502 162
293 173 282 195
303 173 293 194
330 173 317 180
335 173 322 180
340 173 328 180
403 173 377 174
408 173 394 174
413 173 399 173
434 173 416 171
445 173 437 169
461 173 450 184
466 173 455 184
503 173 486 164
293 178 282 201
298 178 288 200
303 178 294 200
314 178 305 189
324 178 313 187
330 178 319 187
387 178 363 197
398 178 375 196
408 178 395 180
445 178 434 190
450 178 439 189
455 178 448 173
461 178 453 173
466 178 456 188
471 178 460 189
497 178 483 181
293 183 283 207
303 183 295 205
314 183 306 194
324 183 314 192
461 183 452 193
466 183 457 193
471 183 460 194
513 183 500 183
518 183 505 183
303 188 295 211
372 188 353 206
403 188 389 191
445 188 434 198
450 188 440 198
455 188 446 197
471 188 461 199
518 188 505 188
288 194 282 220
303 194 295 217
361 194 342 205
366 194 347 205
471 194 463 206
503 194 490 202
508 194 496 200
288 199 283 224
293 199 289 224
303 199 296 223
413 199 396 201
461 199 446 212
471 199 464 211
518 199 506 202
288 204 283 229
309 204 302 226
314 204 307 225
319 204 314 221
413 204 396 206
461 204 446 218
471 204 464 215
282 209 277 235
298 209 292 234
303 209 297 233
319 209 315 226
434 209 421 225
471 209 464 220
503 209 490 214
508 209 496 214
513 209 501 213
282 215 277 240
288 215 283 240
298 215 291 239
303 215 297 238
503 215 490 218
508 215 496 218
513 215 501 218
282 220 278 246
293 220 287 245
298 220 292 244
303 220 298 244
314 220 309 237
424 220 409 226
434 220 427 225
440 220 433 225
497 220 487 224
503 220 491 223
508 220 496 224
513 220 502 224
298 225 292 249
319 225 313 241
330 225 324 236
419 225 404 232
434 225 428 231
440 225 433 230
445 225 436 230
450 225 442 230
503 225 492 227
508 225 496 229
513 225 502 229
330 230 325 243
335 230 333 241
340 230 340 239
398 230 378 241
408 230 395 240
424 230 415 237
434 230 429 236
440 230 432 236
450 230 442 235
461 230 449 234
497 230 488 230
508 230 497 234
314 236 311 249
324 236 321 248
330 236 328 248
393 236 373 247
398 236 378 246
403 236 385 246
408 236 395 244
424 236 413 243
440 236 433 242
497 236 488 234
503 236 492 233
293 241 291 260
314 241 312 253
335 241 331 252
340 241 342 251
351 241 346 250
361 241 352 254
393 241 373 252
398 241 379 252
408 241 396 249
429 241 422 248
440 241 434 246
445 241 438 246
450 241 444 245
497 241 489 239
503 241 494 238
518 241 509 239
303 246 299 260
335 246 330 260
340 246 336 260
351 246 345 257
361 246 386 256
398 246 379 257
424 246 414 253
434 246 429 253
503 246 494 244
508 246 500 244
518 246 510 244
298 251 295 270
303 251 300 266
319 251 316 264
324 251 322 267
330 251 325 263
335 251 331 266
345 251 341 264
351 251 347 262
366 251 358 264
372 251 364 263
377 251 370 261
429 251 419 257
461 251 452 251
471 251 468 253
492 251 486 250
497 251 489 248
503 251 495 250
508 251 500 250
513 251 505 239
335 256 331 272
356 256 349 266
377 256 370 267
434 256 425 264
461 256 452 257
492 256 486 256
497 256 490 255
503 256 494 255
508 256 501 255
513 256 505 255
303 262 301 277
361 262 355 272
366 262 359 272
372 262 364 272
387 262 377 273
403 262 396 262
408 262 403 262
450 262 440 266
455 262 446 263
471 262 457 261
492 262 486 261
497 262 490 261
513 262 506 261
288 267 288 283
298 267 296 282
303 267 302 282
309 267 307 282
351 267 344 279
356 267 350 278
361 267 356 278
366 267 362 277
377 267 371 277
408 267 404 273
424 267 420 273
450 267 441 271
461 267 452 268
471 267 458 268
492 267 486 266
497 267 490 266
503 267 496 263
508 267 502 263
288 272 289 288
293 272 294 287
298 272 299 287
309 272 308 288
314 272 317 287
319 272 323 287
324 272 329 286
356 272 351 284
361 272 356 284
403 272 398 279
413 272 416 278
471 272 458 273
492 272 486 271
503 272 496 269
293 277 295 292
298 277 300 292
303 277 305 292
309 277 311 291
314 277 318 291
319 277 324 290
324 277 329 290
330 277 335 290
403 277 404 283
476 277 464 277
497 277 491 274
503 277 498 274
