451 82 502 141
457 82 520 135
463 82 520 140
451 88 512 139
457 88 509 145
463 88 516 148
470 88 527 145
476 88 535 141
457 95 505 152
482 95 544 160
470 101 525 159
451 107 504 158
457 107 512 160
463 107 518 163
470 107 524 166
476 107 529 170
482 107 535 173
432 113 477 156
438 113 477 162
444 113 483 164
451 113 491 167
457 113 507 166
463 113 517 172
476 113 526 177
426 120 462 162
432 120 469 164
438 120 474 167
444 120 481 171
451 120 495 171
457 120 502 173
463 120 510 176
476 120 524 183
426 126 459 168
432 126 465 171
438 126 471 174
444 126 478 177
451 126 491 177
457 126 500 179
463 126 507 183
470 126 514 186
482 126 528 188
532 126 571 206
538 126 575 210
426 132 455 173
451 132 488 184
457 132 497 186
463 132 503 189
520 132 562 206
526 132 558 210
532 132 564 212
538 132 573 216
413 138 448 172
432 138 460 181
438 138 466 183
444 138 472 185
451 138 479 188
457 138 486 190
463 138 492 193
526 138 553 215
532 138 559 220
419 145 451 180
432 145 458 185
438 145 463 188
444 145 469 191
451 145 475 193
463 145 486 197
470 145 493 199
476 145 499 199
482 145 505 202
488 145 511 205
495 145 519 209
501 145 531 212
526 145 550 222
432 151 455 191
438 151 461 195
444 151 466 198
451 151 472 199
463 151 483 203
470 151 489 206
476 151 495 206
482 151 502 209
488 151 508 212
495 151 516 216
501 151 527 220
520 151 538 224
419 157 445 189
432 157 452 198
438 157 458 201
444 157 463 204
451 157 470 206
457 157 476 209
482 157 498 215
488 157 510 222
495 157 517 222
501 157 527 226
520 157 534 231
401 163 421 190
407 163 428 194
413 163 437 192
419 163 443 195
432 163 449 204
438 163 453 206
444 163 460 210
451 163 468 215
457 163 474 217
476 163 488 219
482 163 495 222
488 163 502 229
513 163 524 235
419 170 440 199
426 170 437 207
432 170 445 210
470 170 479 221
476 170 486 224
482 170 492 229
495 170 506 236
438 176 450 216
463 176 469 224
470 176 476 226
476 176 482 229
482 176 490 233
432 182 439 218
438 182 446 220
451 182 455 224
457 182 461 226
463 182 466 229
470 182 472 230
495 182 495 239
419 188 425 218
432 188 437 224
438 188 443 226
451 188 453 230
476 188 479 237
482 188 486 239
495 188 493 244
394 195 401 214
457 195 457 236
463 195 463 237
470 195 469 240
476 195 478 242
482 195 485 245
363 201 370 208
438 201 438 235
451 201 449 240
457 201 455 242
463 201 460 243
470 201 468 244
476 201 475 248
482 201 481 251
488 201 489 252
369 207 377 212
376 207 383 214
394 207 399 224
419 207 417 232
426 207 424 234
438 207 440 239
451 207 444 244
457 207 451 248
463 207 457 249
470 207 463 252
476 207 472 255
488 207 486 256
363 214 368 215
369 214 374 218
376 214 381 220
388 214 389 227
394 214 395 229
407 214 403 233
413 214 408 234
419 214 415 238
426 214 420 240
432 214 427 243
451 214 441 249
457 214 448 253
463 214 452 255
470 214 460 259
369 220 372 224
376 220 379 227
388 220 385 232
394 220 392 234
413 220 407 241
419 220 412 243
426 220 419 247
432 220 425 249
438 220 435 248
451 220 438 255
457 220 443 258
463 220 450 261
470 220 457 264
351 226 356 219
376 226 375 234
382 226 380 236
394 226 389 239
401 226 394 243
413 226 403 246
438 226 430 255
451 226 436 262
344 232 347 223
351 232 354 226
419 232 406 252
426 232 412 255
432 232 419 259
438 232 428 261
457 232 441 268
344 239 345 229
394 239 383 248
401 239 389 251
413 239 399 256
419 239 403 258
426 239 409 261
432 239 416 264
438 239 425 267
451 239 431 269
457 239 438 272
338 245 336 231
344 245 343 234
376 245 368 248
394 245 381 254
407 245 390 258
413 245 396 260
419 245 401 265
426 245 406 267
432 245 414 270
438 245 422 273
451 245 428 274
351 251 351 238
419 251 398 270
426 251 404 272
326 257 323 234
332 257 331 237
344 257 340 241
401 257 385 263
444 257 418 280
326 264 322 240
332 264 328 243
401 264 383 269
432 264 402 281
444 264 415 287
407 270 389 275
419 270 393 283
438 270 405 290
444 270 412 293
313 276 318 238
326 276 320 250
382 276 355 275
388 276 362 278
426 276 399 287
307 282 307 241
326 282 317 255
382 282 354 280
388 282 360 282
394 282 366 285
432 282 396 293
301 289 298 246
307 289 303 248
313 289 308 252
432 289 398 301
438 289 408 301
301 295 295 253
307 295 300 256
313 295 305 259
319 295 313 262
301 301 293 258
307 301 296 260
313 301 303 264
344 307 322 274
388 307 358 301
319 314 298 272
326 314 306 275
344 314 318 280
419 314 378 316
394 320 353 314
382 326 338 314
388 326 344 317
351 339 318 303
382 345 333 320
369 351 328 316
