1 0 0 -0.04542167112231255 
0 1 0 0.0009935460984706879 
0 0 1 -0.2875000238418579 
0 0 0 1 

0.9966452717781067 0.08072154968976974 0.01349730230867863 -0.04810841381549835 
-0.08045328408479691 0.996570348739624 -0.01936066523194313 0.01035546604543924 
-0.01501383446156979 0.01820981502532959 0.9997214674949646 -0.2933964431285858 
0 0 0 1 

0.9860290288925171 0.162977933883667 0.03441968187689781 -0.05266305059194565 
-0.1611427366733551 0.9856289625167847 -0.05067884922027588 0.02505620755255222 
-0.04218462109565735 0.04442429542541504 0.9981216788291931 -0.292447030544281 
0 0 0 1 

0.9660896062850952 0.256020724773407 0.03352711349725723 -0.04998922348022461 
-0.2529786825180054 0.9645124673843384 -0.07561296224594116 0.03795058652758598 
-0.05169584602117538 0.06456722319126129 0.9965734481811523 -0.2922040224075317 
0 0 0 1 

0.9378652572631836 0.3439525961875916 0.04588266089558601 -0.05083973705768585 
-0.3365009427070618 0.9337835907936096 -0.1217178404331207 0.05646035820245743 
-0.08470968902111053 0.09871535003185272 0.9915036559104919 -0.2895452976226807 
0 0 0 1 

0.8918951153755188 0.4513895511627197 0.027756592258811 -0.04227342456579208 
-0.4438536763191223 0.8854678273200989 -0.137624204158783 0.06565677374601364 
-0.08669973909854889 0.1104264631867409 0.9900954961776733 -0.2901028990745544 
0 0 0 1 

0.8442854285240173 0.5357400178909302 0.01282923948019743 -0.03470809385180473 
-0.5268113613128662 0.8341276049613953 -0.1634034514427185 0.07767688482999802 
-0.09824304282665253 0.1312005519866943 0.9864758849143982 -0.2890691459178925 
0 0 0 1 

0.7949538826942444 0.6066241264343262 -0.007445412687957287 -0.0255288016051054 
-0.5989705324172974 0.7828569412231445 -0.1684316545724869 0.08254494518041611 
-0.09634603559970856 0.1383549720048904 0.9856852293014526 -0.2898443341255188 
0 0 0 1 

0.5498988628387451 0.8341193795204163 -0.04307946935296059 0.001850869273766875 
-0.8333995938301086 0.5445489287376404 -0.09439952671527863 0.06674184650182724 
-0.0552816204726696 0.08781260251998901 0.994601845741272 -0.2984229624271393 
0 0 0 1 

0.8828492164611816 0.4683538675308228 -0.03495467826724052 -0.0259734746068716 
-0.4615035653114319 0.8513102531433105 -0.2495700269937515 0.09517934918403625 
-0.0871298685669899 0.2364643961191177 0.9677256345748901 -0.2537051141262054 
0 0 0 1 

