411 149 375 135
408 161 370 156
357 164 337 167
366 164 346 164
408 164 371 159
411 164 375 158
357 170 340 175
363 170 344 178
375 170 351 170
390 170 364 166
357 173 341 178
366 173 350 180
366 176 351 184
369 176 356 181
366 179 354 188
369 179 357 186
366 182 355 192
369 182 359 190
372 182 362 186
384 182 371 183
418 203 400 194
396 206 381 192
421 206 405 198
402 209 388 190
399 212 385 195
402 212 390 193
372 216 360 207
381 237 377 219
384 237 381 218
418 237 423 208
384 240 383 222
369 243 373 230
384 243 384 227
369 246 374 234
451 246 476 223
369 249 375 238
372 249 379 236
390 249 393 228
378 252 384 241
390 252 395 232
369 261 384 253
384 261 389 242
396 261 405 238
411 261 409 235
418 261 413 234
384 264 390 246
390 264 394 241
393 264 398 240
396 264 406 242
418 264 415 239
421 264 419 237
381 267 389 251
393 267 400 243
418 267 417 247
378 270 389 255
384 270 394 254
390 270 397 249
393 270 401 248
378 273 391 259
384 273 396 258
375 276 392 263
381 276 397 262
