368 6 346 14
393 12 373 15
406 12 352 19
425 18 406 23
431 18 413 22
393 25 373 23
400 25 379 22
412 25 392 26
349 31 336 51
355 31 325 53
361 31 350 51
368 31 356 51
400 31 380 27
323 38 307 58
330 38 315 58
336 38 322 57
342 38 329 58
355 38 326 61
361 38 351 59
374 38 365 62
380 38 372 63
387 38 379 62
406 38 375 42
444 38 429 42
317 44 302 64
323 44 309 64
330 44 315 64
336 44 322 63
349 44 334 64
361 44 352 65
368 44 360 68
374 44 366 68
380 44 372 68
387 44 378 68
393 44 385 68
400 44 391 67
406 44 377 49
444 44 429 48
450 44 436 47
311 50 295 70
317 50 302 70
323 50 309 70
330 50 316 70
336 50 322 69
342 50 328 69
349 50 334 71
355 50 341 71
361 50 353 71
368 50 361 74
374 50 366 74
380 50 373 75
387 50 380 74
393 50 386 74
400 50 393 73
438 50 420 47
450 50 436 53
304 57 288 77
311 57 296 77
317 57 303 76
323 57 309 77
330 57 316 76
336 57 322 77
355 57 342 78
361 57 349 77
374 57 366 80
380 57 373 81
387 57 380 81
393 57 387 81
400 57 394 80
406 57 400 81
425 57 403 50
438 57 422 53
444 57 428 54
304 63 290 83
311 63 297 82
317 63 304 83
342 63 330 86
349 63 337 86
355 63 343 85
361 63 350 83
368 63 355 82
374 63 367 86
380 63 373 86
387 63 381 86
393 63 388 87
400 63 395 88
406 63 401 88
412 63 397 58
419 63 404 57
425 63 410 57
431 63 416 57
438 63 423 58
444 63 430 59
450 63 436 59
298 69 283 89
304 69 290 90
311 69 297 89
317 69 304 89
323 69 311 90
336 69 324 94
342 69 329 93
349 69 337 92
361 69 350 90
374 69 361 89
393 69 388 96
400 69 395 95
406 69 401 94
419 69 406 64
425 69 412 63
431 69 417 64
438 69 424 65
444 69 432 65
450 69 437 63
470 69 455 71
298 76 284 95
304 76 291 97
311 76 298 97
317 76 304 98
323 76 311 97
330 76 319 102
336 76 326 101
342 76 331 100
349 76 338 99
355 76 345 98
368 76 357 95
374 76 370 99
387 76 382 100
393 76 389 103
400 76 396 102
406 76 403 102
419 76 406 70
425 76 412 70
438 76 426 71
444 76 432 71
450 76 440 79
298 82 285 101
304 82 293 102
311 82 299 104
317 82 305 104
323 82 311 102
330 82 321 108
336 82 327 107
342 82 333 105
349 82 339 104
368 82 357 103
380 82 376 106
387 82 382 107
400 82 396 109
406 82 403 109
431 82 415 82
438 82 426 78
444 82 432 78
450 82 441 84
457 82 446 83
470 82 463 101
291 88 279 108
298 88 286 108
336 88 328 113
342 88 334 110
349 88 340 110
374 88 371 107
387 88 383 113
393 88 390 113
400 88 396 115
406 88 403 115
431 88 416 88
438 88 427 86
444 88 435 90
450 88 441 89
285 95 273 116
291 95 280 115
298 95 287 114
304 95 294 116
317 95 306 115
330 95 323 118
336 95 328 117
342 95 335 116
349 95 342 117
355 95 348 116
374 95 375 132
393 95 391 123
400 95 398 123
406 95 404 122
412 95 411 121
419 95 418 120
425 95 409 91
463 95 459 82
495 95 485 85
508 95 488 71
285 101 274 123
291 101 281 122
298 101 288 121
304 101 295 124
311 101 300 123
317 101 307 122
330 101 323 126
336 101 329 123
342 101 336 123
349 101 343 123
355 101 349 123
361 101 355 122
368 101 371 138
393 101 391 129
400 101 398 129
406 101 404 128
412 101 412 127
431 101 416 95
489 101 479 99
285 107 275 129
291 107 282 130
298 107 290 131
311 107 301 129
317 107 308 128
323 107 316 133
330 107 323 132
336 107 329 130
342 107 337 130
349 107 343 130
355 107 350 130
361 107 356 130
368 107 363 128
374 107 376 140
393 107 392 135
400 107 399 135
406 107 405 135
412 107 412 134
457 107 454 128
463 107 460 126
489 107 482 104
520 107 503 89
285 114 276 135
291 114 283 137
298 114 291 137
317 114 304 136
336 114 330 137
342 114 338 137
349 114 344 137
355 114 351 137
361 114 357 137
368 114 364 135
374 114 377 146
380 114 382 144
393 114 392 142
400 114 399 141
406 114 406 140
444 114 442 136
450 114 448 136
457 114 455 134
463 114 461 132
470 114 466 131
476 114 471 126
489 114 484 111
520 114 504 96
285 120 277 142
291 120 284 143
323 120 318 146
330 120 323 141
336 120 331 144
342 120 338 143
349 120 345 144
355 120 351 143
361 120 358 144
368 120 365 143
374 120 371 146
393 120 393 149
400 120 399 148
406 120 405 147
412 120 413 140
438 120 437 143
457 120 455 140
482 120 479 124
520 120 504 102
285 127 278 148
330 127 325 151
336 127 332 150
342 127 339 149
349 127 345 150
355 127 352 150
361 127 359 151
368 127 366 151
374 127 372 151
393 127 394 154
406 127 406 153
425 127 425 119
431 127 429 151
438 127 436 149
527 127 508 108
291 133 285 154
336 133 331 156
342 133 338 156
349 133 346 156
355 133 353 157
361 133 359 158
368 133 366 158
374 133 373 158
380 133 380 159
393 133 394 160
406 133 406 160
431 133 429 142
527 133 508 114
342 139 347 169
355 139 355 166
361 139 360 164
368 139 367 164
374 139 374 164
380 139 381 166
387 139 388 167
400 139 401 166
406 139 406 166
425 139 423 150
444 139 444 155
450 139 450 154
463 139 461 148
470 139 467 146
482 139 482 142
501 139 491 129
527 139 510 121
298 146 291 170
323 146 329 172
342 146 341 169
355 146 356 172
361 146 362 171
368 146 368 170
374 146 375 172
380 146 382 173
387 146 389 173
400 146 401 173
406 146 406 172
412 146 412 170
425 146 425 171
431 146 440 129
444 146 445 161
450 146 451 161
457 146 456 160
463 146 461 154
470 146 467 152
476 146 473 150
527 146 511 127
291 152 287 176
298 152 295 176
304 152 301 176
317 152 310 174
355 152 356 178
361 152 362 178
368 152 369 179
374 152 376 179
380 152 382 179
393 152 395 179
400 152 401 178
450 152 452 167
457 152 455 165
463 152 461 160
470 152 467 158
482 152 476 158
489 152 481 156
298 158 296 183
304 158 302 182
317 158 312 181
355 158 356 185
361 158 363 185
368 158 370 185
374 158 376 186
380 158 382 185
387 158 389 184
406 158 408 182
438 158 440 178
450 158 451 173
463 158 460 170
470 158 468 165
520 158 505 127
291 165 291 190
298 165 297 189
304 165 303 188
311 165 309 188
317 165 317 190
323 165 323 190
330 165 330 189
336 165 337 190
342 165 342 190
349 165 350 190
355 165 357 191
361 165 364 191
368 165 370 191
374 165 376 191
380 165 383 191
387 165 389 191
393 165 395 190
400 165 401 189
406 165 407 188
476 165 470 171
495 165 483 162
501 165 489 160
520 165 506 133
527 165 512 130
291 171 292 196
298 171 298 195
304 171 304 195
311 171 310 195
317 171 317 196
323 171 324 196
330 171 331 196
336 171 337 197
342 171 344 197
349 171 351 197
355 171 358 197
361 171 364 197
368 171 370 197
374 171 376 197
380 171 383 196
387 171 389 196
393 171 395 196
400 171 402 195
406 171 408 195
419 171 417 193
476 171 486 175
520 171 507 140
527 171 513 139
311 177 311 200
323 177 325 202
330 177 332 203
336 177 338 203
342 177 345 203
349 177 351 203
355 177 357 204
361 177 364 203
368 177 371 203
374 177 377 202
380 177 384 203
387 177 389 202
393 177 395 201
400 177 402 201
425 177 425 198
514 177 502 154
298 184 296 201
304 184 305 205
311 184 312 206
330 184 332 208
336 184 339 208
342 184 345 208
349 184 351 208
361 184 365 210
368 184 372 209
374 184 378 209
380 184 385 208
387 184 390 207
406 184 411 197
425 184 446 175
450 184 464 164
501 184 494 149
508 184 497 162
514 184 502 160
304 190 302 208
330 190 333 214
336 190 341 213
342 190 346 213
349 190 353 213
380 190 386 214
412 190 428 183
425 190 446 181
508 190 498 167
304 197 303 213
311 197 307 213
317 197 314 214
330 197 330 217
349 197 350 220
355 197 360 219
361 197 366 218
387 197 392 216
419 197 440 189
425 197 447 186
470 197 473 176
311 203 309 219
330 203 329 222
336 203 336 221
355 203 361 225
361 203 367 225
419 203 441 195
431 203 453 186
444 203 462 183
457 203 467 184
470 203 474 183
298 209 297 227
304 209 304 225
311 209 310 225
317 209 316 225
323 209 323 225
361 209 368 230
425 209 449 194
431 209 454 192
444 209 461 191
457 209 468 189
298 216 297 233
304 216 305 231
311 216 311 230
317 216 317 230
323 216 323 230
330 216 328 230
336 216 335 230
298 222 298 238
311 222 312 237
317 222 318 236
323 222 323 236
336 222 332 235
304 228 304 240
317 228 318 242
323 228 323 242
304 235 305 245
311 235 313 246
304 241 307 252
311 241 314 252
317 241 320 252
323 241 325 251
311 247 314 257
317 247 320 257
323 247 326 257
336 266 336 267
336 273 337 272
336 279 338 278
