342 232 477 293
348 232 470 299
392 232 423 286
392 235 421 279
398 235 419 329
392 238 421 274
395 238 418 276
392 241 420 270
392 250 411 265
337 255 471 226
400 255 425 261
374 258 454 210
398 258 429 255
400 258 425 256
415 270 397 202
386 276 438 291
389 276 414 204
395 276 410 206
360 279 461 284
363 279 457 285
415 279 397 205
447 279 357 244
366 282 449 237
426 282 393 295
429 282 389 295
363 284 450 228
374 284 441 239
383 284 424 242
456 284 352 239
366 290 443 219
368 290 440 219
398 290 423 232
400 290 418 233
403 290 413 234
406 290 410 235
426 290 372 236
351 293 456 189
377 293 430 217
400 293 417 228
403 293 413 228
406 293 408 230
409 293 407 240
432 293 367 234
357 296 451 199
403 296 411 222
435 296 370 229
398 299 417 216
415 299 379 198
380 302 426 188
421 302 394 193
424 302 370 195
429 302 362 196
