463 2 344 79
521 13 378 69
556 19 417 56
481 25 366 86
487 25 371 83
516 25 374 88
458 31 348 108
481 31 370 92
545 31 415 75
423 36 321 135
463 36 362 106
550 36 408 78
429 42 326 133
434 42 331 128
440 42 336 124
481 42 392 156
487 42 396 152
429 48 330 136
434 48 333 132
562 48 419 80
579 48 446 59
504 60 394 80
533 60 404 97
539 60 411 94
475 65 415 141
556 65 417 104
411 71 409 268
446 77 405 132
411 83 325 164
429 83 366 176
481 83 363 128
423 89 365 183
463 89 356 184
475 89 369 124
429 94 371 181
434 94 375 176
429 100 374 186
434 100 378 182
469 100 372 140
469 106 375 144
487 106 391 132
492 106 387 128
498 106 393 123
504 106 398 120
498 112 396 129
504 112 402 125
475 118 379 150
498 118 401 134
475 123 384 155
469 129 384 164
475 129 388 160
458 135 399 252
463 141 407 252
591 141 475 114
603 141 481 108
469 158 373 172
475 158 378 169
556 158 481 230
556 164 485 235
487 176 395 171
504 181 424 164
510 181 429 160
504 187 428 168
510 187 432 166
539 187 489 244
504 199 427 181
516 199 432 176
521 199 438 172
521 205 498 252
