434 49 352 136
461 56 373 130
387 69 329 178
334 83 298 213
320 89 294 223
361 89 326 206
454 96 416 174
467 96 423 170
300 103 284 234
307 103 291 231
334 103 314 229
447 116 415 191
461 116 419 188
494 116 444 167
474 123 435 192
461 130 430 204
494 130 449 175
507 150 465 184
521 150 476 177
541 156 491 169
307 163 303 260
307 170 306 266
300 176 304 275
314 176 312 271
340 190 360 300
407 196 400 259
561 196 539 163
568 196 549 200
574 196 545 158
320 203 357 310
327 203 364 305
334 203 369 302
554 203 534 217
568 203 548 210
320 210 360 315
568 210 549 216
548 216 536 226
461 223 462 279
467 223 469 275
521 223 518 242
541 223 534 235
548 223 539 231
561 223 547 226
568 223 553 224
401 230 432 288
407 230 439 285
414 230 445 281
521 230 521 248
534 230 531 243
541 230 536 240
548 230 542 237
407 236 441 289
467 236 472 284
514 236 516 251
387 243 427 298
374 250 418 312
381 250 425 308
514 250 520 258
381 256 427 314
387 256 433 311
521 256 528 260
554 270 562 238
548 277 558 246
