329 142 341 167
309 155 330 186
335 155 349 168
369 155 361 147
302 162 328 192
309 162 332 190
315 162 334 183
329 162 347 175
355 162 358 161
389 162 374 140
302 168 330 196
342 168 354 170
395 168 380 141
335 175 354 176
342 175 356 173
362 175 364 163
275 181 316 222
302 181 335 200
309 181 338 198
395 181 384 147
402 181 387 145
408 181 391 140
382 188 381 155
395 188 386 151
402 188 390 148
302 195 353 205
322 195 360 196
382 195 383 159
402 195 392 152
322 201 363 200
402 201 394 155
442 201 410 142
448 201 414 140
335 208 370 200
369 208 384 176
375 208 386 174
382 208 388 166
402 208 397 159
442 208 413 146
448 208 416 144
355 215 381 183
369 215 386 179
382 215 391 171
402 215 400 165
422 215 408 160
442 215 415 150
448 215 418 148
369 221 388 182
428 221 412 158
442 221 417 154
448 221 420 152
329 228 372 205
335 228 376 203
342 228 378 197
355 228 392 200
369 228 396 198
375 228 392 183
428 228 415 163
442 228 419 159
448 228 423 157
295 235 354 234
335 235 379 207
362 235 395 203
375 235 395 187
408 235 409 172
422 235 414 170
442 235 422 164
455 235 426 162
462 235 429 154
289 241 344 247
295 241 349 245
375 241 397 191
382 241 401 188
422 241 416 173
455 241 428 166
289 248 346 250
295 248 351 248
342 248 388 212
375 248 399 194
395 248 409 189
302 255 357 250
329 255 386 220
335 255 390 217
355 255 397 209
369 255 401 206
322 261 385 227
349 261 395 216
315 268 384 233
322 268 387 231
329 268 390 228
349 268 398 219
362 268 405 221
369 268 406 213
382 268 413 216
309 275 383 244
322 275 390 235
329 275 394 233
349 275 402 229
382 275 414 220
315 281 389 243
322 281 393 239
329 281 397 236
355 281 406 226
369 281 412 222
315 288 391 246
349 288 406 232
355 288 409 230
382 288 419 224
395 288 424 222
402 288 427 220
349 295 409 237
355 295 412 234
395 295 425 225
408 295 429 222
375 301 419 253
382 301 423 251
389 308 430 235
