396 148 103 149
457 158 230 102
482 168 227 113
497 168 239 115
487 174 213 120
401 184 130 121
406 184 129 128
391 199 107 138
406 239 172 209
411 244 191 207
563 244 269 138
401 260 162 262
558 260 277 116
416 275 231 240
462 300 171 170
492 300 204 168
497 310 170 195
518 310 258 172
513 320 260 235
528 325 287 287
427 330 277 241
432 330 283 242
462 330 252 276
518 330 247 293
452 335 240 279
518 335 245 300
411 341 259 249
416 341 266 251
447 341 292 249
452 341 237 285
432 346 278 255
447 351 289 257
508 361 227 324
492 366 195 322
