418 143 322 80
423 143 329 79
403 148 304 84
403 153 304 89
413 153 316 90
403 158 302 96
413 158 311 96
418 158 317 97
423 158 323 98
413 164 310 101
418 164 316 103
423 164 322 104
428 164 328 105
443 164 341 110
448 164 348 112
413 169 307 106
418 169 314 108
423 169 319 110
428 169 327 112
433 169 332 114
494 169 387 129
408 174 299 111
433 174 331 120
438 174 337 122
443 174 344 124
453 174 352 126
403 179 291 116
408 179 297 116
413 179 303 119
418 179 309 122
423 179 316 124
428 179 323 125
433 179 330 126
438 179 337 128
443 179 344 130
408 184 296 123
413 184 303 127
418 184 309 129
423 184 315 130
428 184 323 132
433 184 329 134
438 184 336 135
519 184 401 138
535 184 429 161
403 189 286 129
408 189 293 132
418 189 308 136
423 189 312 137
433 189 328 142
438 189 333 144
443 189 338 146
464 189 347 148
514 189 398 145
398 194 277 134
403 194 285 137
408 194 291 139
418 194 305 143
423 194 317 146
428 194 322 148
438 194 330 151
443 194 336 152
459 194 343 152
428 199 321 153
474 199 360 151
540 199 430 184
423 204 315 154
392 209 266 147
550 214 431 177
540 225 426 197
535 230 420 201
514 291 392 267
494 296 338 280
499 296 346 282
459 306 317 284
509 306 389 281
459 311 316 290
479 311 350 291
509 311 387 287
453 316 307 294
459 316 314 295
469 316 327 295
530 321 419 304
453 326 310 304
459 326 317 306
469 326 325 306
509 326 387 316
525 326 404 315
530 326 417 310
453 331 310 310
459 331 317 312
464 331 322 313
469 331 329 314
489 331 363 303
494 331 371 305
525 331 402 322
530 331 409 323
433 336 294 312
479 336 343 319
484 336 350 320
499 336 372 322
504 336 378 323
509 336 384 323
514 336 391 325
525 336 399 328
469 341 334 323
479 341 341 326
484 341 350 326
494 341 363 327
499 341 369 328
504 341 377 329
509 341 382 330
514 341 389 332
519 341 395 333
428 346 291 321
438 346 300 324
459 346 318 328
464 346 324 329
469 346 333 330
489 346 355 332
494 346 362 333
499 346 368 334
504 346 375 335
509 346 381 336
519 346 390 340
433 352 297 327
474 352 339 334
479 352 344 335
489 352 355 338
494 352 360 339
499 352 367 340
504 352 374 340
509 352 380 342
443 357 304 333
448 357 311 335
453 357 317 336
459 357 323 337
469 357 332 338
474 357 337 340
479 357 343 341
484 357 349 342
494 357 360 345
499 357 366 346
504 357 372 347
418 362 283 332
428 362 290 334
433 362 296 336
448 362 310 340
453 362 316 342
459 362 321 342
469 362 331 344
474 362 337 345
479 362 342 346
484 362 349 348
499 362 364 352
453 367 315 346
459 367 321 347
