0.3252471089363098 0.456223726272583 -0.8282959461212158 0.3047940731048584 
0.1206784620881081 0.8487333059310913 0.51486736536026 -0.1535437107086182 
0.9378970861434937 -0.2674165368080139 0.2209917008876801 0.005649394355714321 
0 0 0 1 

0.3314118683338165 0.505387544631958 -0.7967115640640259 0.2891312837600708 
0.1342325210571289 0.8105869889259338 0.5700265765190125 -0.1746185123920441 
0.9338884353637695 -0.2958581745624542 0.2007986903190613 0.0091629633679986 
0 0 0 1 

0.352531909942627 0.5532674789428711 -0.754729151725769 0.2699829638004303 
0.1564385741949081 0.7603152990341187 0.6304343938827515 -0.1944217532873154 
0.9226310253143311 -0.3403169512748718 0.1814830750226974 0.01233477797359228 
0 0 0 1 

0.370037853717804 0.5713069438934326 -0.7325845956802368 0.2569000720977783 
0.161088302731514 0.7371564507484436 0.6562399864196777 -0.2026959508657455 
0.9149439334869385 -0.3608444035053253 0.1807449012994766 0.009298713877797127 
0 0 0 1 

0.3730410933494568 0.5875936150550842 -0.7180347442626953 0.2458751350641251 
0.1726398915052414 0.7164242267608643 0.6759672164916992 -0.2088925242424011 
0.9116115570068359 -0.3761249780654907 0.165813609957695 0.0106976917013526 
0 0 0 1 

0.336218923330307 0.6418442130088806 -0.6891971826553345 0.2298420518636703 
0.1701944917440414 0.6783420443534851 0.714762806892395 -0.2197754830121994 
0.9262778162956238 -0.3576143085956573 0.1188330203294754 0.02090420387685299 
0 0 0 1 

0.4098238348960876 0.7590122222900391 -0.5059099793434143 0.1552290767431259 
0.1103571802377701 0.5092943906784058 0.8534873127937317 -0.2480800449848175 
0.9054644107818604 -0.4056102633476257 0.1249584853649139 -0.01381948962807655 
0 0 0 1 

0.5557177066802979 0.7223109006881714 -0.4116365313529968 0.1230387091636658 
0.02894940227270126 0.4780172407627106 0.8778731822967529 -0.2475467175245285 
0.830866813659668 -0.4997662305831909 0.2447322160005569 -0.05207929760217667 
0 0 0 1 

0.682589590549469 0.5340949892997742 -0.4988125264644623 0.1167448759078979 
0.1315888464450836 0.5815739035606384 0.8027802109718323 -0.2913244664669037 
0.7188572287559509 -0.6136075854301453 0.3266953527927399 -0.1249459609389305 
0 0 0 1 

0.6227981448173523 0.5682925581932068 -0.5377415418624878 0.1360878497362137 
0.1548043638467789 0.5842161178588867 0.7966975569725037 -0.2896248698234558 
0.7669146060943604 -0.5794264674186707 0.275874525308609 -0.1065874919295311 
0 0 0 1 

