366 107 367 130
372 107 373 130
341 113 344 135
372 113 373 136
465 113 461 130
471 113 467 129
484 113 480 126
490 113 486 126
496 113 491 125
502 113 499 125
328 119 333 142
334 119 339 141
341 119 345 142
347 119 351 142
471 119 469 135
477 119 474 134
484 119 481 133
490 119 487 133
496 119 492 132
328 125 332 149
334 125 339 148
341 125 345 146
347 125 351 147
353 125 356 148
372 125 368 147
378 125 375 147
390 125 391 152
403 125 406 154
434 125 436 152
453 125 456 151
465 125 467 145
334 132 331 155
341 132 345 153
347 132 351 153
397 132 400 165
403 132 406 160
446 132 449 160
453 132 455 159
459 132 463 159
341 138 344 158
378 138 382 166
403 138 406 166
409 138 412 166
446 138 450 167
527 138 530 152
540 138 542 152
322 144 327 174
359 144 369 165
397 144 400 173
403 144 406 172
409 144 412 171
509 144 511 159
521 144 524 158
527 144 529 158
533 144 536 157
540 144 543 158
546 144 549 158
552 144 555 158
341 150 339 179
347 150 344 179
390 150 394 178
397 150 400 179
403 150 405 177
409 150 411 177
428 150 431 184
440 150 442 179
446 150 448 182
453 150 456 182
471 150 474 176
509 150 511 165
515 150 518 164
521 150 524 165
527 150 530 164
533 150 536 164
540 150 543 164
546 150 549 169
310 156 315 181
378 156 380 177
384 156 386 178
440 156 441 189
446 156 448 189
453 156 455 189
459 156 461 184
471 156 474 183
477 156 479 183
484 156 487 175
490 156 492 194
515 156 518 171
527 156 531 171
540 156 542 173
366 163 370 196
378 163 380 183
390 163 393 183
397 163 399 184
409 163 409 185
434 163 438 198
440 163 442 196
446 163 448 195
459 163 462 190
465 163 468 196
471 163 475 195
477 163 481 196
509 163 512 176
297 169 302 192
303 169 307 193
310 169 313 194
366 169 371 201
409 169 419 196
446 169 448 202
465 169 468 204
471 169 475 202
477 169 481 202
484 169 486 188
496 169 504 183
509 169 513 184
515 169 523 183
540 169 542 181
552 169 554 181
558 169 560 181
291 175 296 198
303 175 308 198
403 175 404 196
409 175 410 196
446 175 449 210
453 175 456 210
459 175 461 210
465 175 469 209
471 175 474 208
477 175 480 206
484 175 487 206
496 175 504 189
502 175 510 189
509 175 517 189
515 175 524 188
521 175 529 188
540 175 542 187
552 175 554 187
558 175 561 196
285 181 290 202
291 181 296 202
297 181 303 203
303 181 308 204
353 181 356 211
359 181 363 210
403 181 406 202
409 181 410 202
453 181 456 219
459 181 461 216
465 181 468 215
471 181 473 214
477 181 480 212
490 181 498 195
496 181 505 195
502 181 511 194
509 181 517 194
515 181 523 194
521 181 529 194
527 181 536 195
552 181 554 202
558 181 561 202
291 188 296 209
297 188 303 208
303 188 308 210
384 188 389 208
390 188 394 207
397 188 399 208
465 188 468 223
490 188 498 201
496 188 505 201
502 188 512 200
509 188 519 199
515 188 512 219
521 188 520 218
527 188 536 201
533 188 542 201
546 188 548 208
552 188 555 209
558 188 561 208
285 194 290 212
291 194 296 216
297 194 303 216
303 194 308 217
378 194 381 222
428 194 431 228
434 194 436 229
440 194 443 232
459 194 462 227
465 194 468 228
471 194 474 227
533 194 536 213
540 194 542 212
552 194 554 213
558 194 562 214
285 200 290 218
291 200 296 223
297 200 302 224
359 200 364 235
366 200 370 234
372 200 375 235
378 200 381 234
384 200 387 234
428 200 431 235
440 200 443 238
453 200 450 232
459 200 461 234
465 200 468 232
471 200 475 232
477 200 481 232
521 200 525 226
527 200 531 226
546 200 549 214
278 206 284 224
285 206 290 230
291 206 296 230
297 206 302 229
359 206 364 242
366 206 370 241
378 206 381 239
384 206 387 240
390 206 393 241
409 206 412 241
453 206 452 239
459 206 459 239
484 206 481 239
502 206 507 232
509 206 512 232
521 206 519 233
527 206 525 233
533 206 536 225
540 206 541 221
546 206 548 220
552 206 554 219
558 206 561 219
285 212 291 235
291 212 296 235
359 212 364 248
366 212 370 247
372 212 376 245
378 212 381 245
384 212 387 246
446 212 446 246
453 212 451 246
459 212 459 246
490 212 492 240
496 212 500 239
502 212 506 238
509 212 514 238
515 212 520 238
527 212 527 239
533 212 532 238
546 212 548 225
552 212 554 224
558 212 561 224
291 219 296 240
366 219 369 253
372 219 376 251
378 219 382 252
384 219 387 253
446 219 446 253
453 219 452 253
459 219 463 252
465 219 469 251
477 219 476 252
484 219 483 250
496 219 500 246
521 219 520 246
527 219 528 245
533 219 533 245
540 219 539 245
546 219 548 230
552 219 553 230
278 225 284 241
297 225 303 246
316 225 321 248
328 225 333 249
359 225 363 259
366 225 369 259
372 225 376 259
378 225 381 260
453 225 454 260
459 225 462 258
465 225 468 257
490 225 493 253
496 225 500 252
502 225 505 252
509 225 511 251
527 225 527 251
533 225 533 251
540 225 538 251
546 225 548 236
558 225 562 234
285 231 290 249
291 231 296 249
303 231 309 252
310 231 314 253
316 231 321 254
322 231 327 255
328 231 332 254
334 231 338 255
359 231 363 265
366 231 369 265
372 231 375 266
378 231 381 266
384 231 387 270
397 231 395 271
403 231 402 270
415 231 419 271
422 231 425 269
434 231 437 266
440 231 443 265
446 231 448 266
453 231 454 266
459 231 461 265
465 231 468 264
521 231 520 258
527 231 527 257
533 231 532 257
540 231 536 256
552 231 556 240
558 231 562 240
285 237 290 255
291 237 297 260
297 237 303 259
303 237 308 258
310 237 314 259
316 237 321 260
322 237 327 260
334 237 338 262
341 237 344 261
347 237 352 265
366 237 369 270
372 237 375 270
378 237 381 271
384 237 387 277
390 237 395 252
446 237 449 272
459 237 461 271
465 237 468 271
471 237 474 265
477 237 480 265
490 237 490 264
496 237 496 264
502 237 503 264
509 237 507 264
515 237 513 263
521 237 520 264
527 237 527 263
533 237 532 262
540 237 538 262
552 237 556 246
285 244 290 260
291 244 298 266
297 244 304 266
303 244 308 263
310 244 314 264
316 244 320 265
322 244 326 264
334 244 338 271
341 244 345 267
366 244 369 276
372 244 375 276
390 244 394 276
415 244 419 278
459 244 458 276
477 244 479 270
490 244 490 269
496 244 497 269
502 244 503 268
291 250 298 272
303 250 309 270
310 250 314 270
316 250 320 270
322 250 326 271
328 250 332 278
334 250 339 278
378 250 382 282
390 250 394 283
397 250 401 282
403 250 407 281
415 250 414 289
440 250 440 284
446 250 445 283
477 250 478 276
484 250 484 275
490 250 490 274
496 250 496 274
509 250 508 270
515 250 514 271
521 250 520 269
527 250 526 269
533 250 532 268
297 256 302 273
303 256 309 276
316 256 319 276
322 256 326 279
372 256 375 286
397 256 400 289
403 256 406 288
422 256 420 290
428 256 428 291
434 256 434 288
440 256 440 289
446 256 445 289
453 256 457 283
465 256 465 283
484 256 484 281
502 256 502 277
509 256 508 276
515 256 514 275
521 256 519 275
527 256 524 275
291 262 296 280
297 262 302 280
310 262 315 283
316 262 321 283
322 262 327 285
366 262 369 291
372 262 376 291
378 262 382 291
397 262 397 296
403 262 402 296
409 262 408 296
415 262 414 296
422 262 420 296
428 262 428 296
434 262 433 295
440 262 440 294
446 262 446 294
453 262 451 295
490 262 490 284
496 262 495 283
502 262 501 282
509 262 508 281
515 262 513 281
297 268 302 286
303 268 308 286
310 268 315 291
316 268 322 290
322 268 328 291
366 268 369 297
372 268 376 297
378 268 383 297
384 268 388 297
403 268 403 301
409 268 408 301
415 268 414 302
422 268 422 303
434 268 433 300
440 268 439 300
446 268 446 300
453 268 457 289
459 268 463 287
502 268 502 287
509 268 507 287
303 275 308 293
316 275 321 296
322 275 327 297
366 275 369 303
372 275 376 303
378 275 383 303
384 275 389 303
403 275 402 306
453 275 458 293
322 281 326 302
328 281 333 303
353 281 356 307
359 281 363 307
366 281 369 308
372 281 375 308
378 281 383 308
384 281 390 308
390 281 395 309
409 281 408 308
415 281 413 306
422 281 421 309
428 281 426 309
434 281 433 309
334 287 340 309
341 287 345 310
347 287 351 311
378 287 382 314
403 287 401 314
409 287 407 314
415 287 415 314
422 287 420 314
428 287 427 314
341 293 351 315
353 293 358 316
415 293 414 320
422 293 420 319
428 293 427 319
328 299 339 321
334 299 347 321
341 299 352 321
347 299 358 321
384 299 390 319
403 299 407 325
422 299 420 325
334 306 347 327
372 306 378 326
378 306 384 325
384 306 389 326
403 306 407 332
359 312 366 334
372 312 378 333
378 312 383 333
384 312 389 334
