477 113 467 146
484 113 476 145
446 119 430 173
453 119 444 172
459 119 452 170
453 125 445 180
459 125 452 179
334 132 320 200
366 132 353 229
453 132 448 191
446 138 430 210
440 150 427 233
509 150 508 174
558 150 555 153
477 156 467 218
484 156 477 210
502 156 498 198
509 156 509 180
515 156 516 179
428 163 408 256
434 163 415 254
440 163 423 254
459 163 447 236
477 163 467 233
484 163 479 214
521 163 524 181
527 163 530 172
434 169 417 263
440 169 424 261
446 169 429 255
459 169 444 251
471 169 458 241
490 169 482 232
496 169 489 230
533 169 538 177
434 175 417 271
440 175 425 268
446 175 431 262
453 175 439 260
465 175 450 250
471 175 457 248
477 175 463 246
484 175 471 245
446 181 431 269
465 181 451 257
471 181 459 255
465 188 453 262
471 188 461 261
521 188 520 237
533 188 544 219
428 194 409 293
465 194 454 270
471 194 462 268
484 194 468 267
490 194 475 265
509 194 507 245
515 194 514 244
540 194 552 218
428 200 409 300
440 200 423 290
453 200 433 282
465 200 455 277
471 200 462 276
484 200 469 274
509 200 518 230
521 200 521 247
527 200 528 243
533 200 535 241
540 200 549 234
546 200 555 232
378 206 367 299
384 206 373 298
434 206 417 299
440 206 424 295
446 206 430 291
453 206 436 288
471 206 462 283
509 206 510 255
515 206 516 255
521 206 521 253
527 206 529 250
533 206 537 247
540 206 550 240
558 206 567 230
378 212 367 306
384 212 379 304
434 212 417 304
440 212 424 302
453 212 437 296
459 212 449 292
465 212 456 290
477 212 470 283
484 212 488 265
490 212 494 265
502 212 504 263
509 212 510 261
515 212 516 260
521 212 523 258
527 212 530 255
540 212 550 246
558 212 568 236
384 219 376 312
434 219 418 312
453 219 440 302
471 219 464 290
477 219 472 288
484 219 490 271
490 219 495 271
502 219 505 269
509 219 511 267
533 219 539 258
540 219 545 256
558 219 569 242
446 225 434 310
453 225 443 307
459 225 451 301
465 225 458 299
496 225 498 279
502 225 505 276
515 225 517 268
521 225 525 267
527 225 532 266
533 225 539 263
540 225 547 260
409 231 398 322
415 231 405 320
440 231 427 317
459 231 453 308
465 231 460 304
484 231 484 287
490 231 492 286
496 231 497 285
509 231 513 274
515 231 520 274
521 231 526 273
527 231 533 272
533 231 539 270
540 231 546 268
397 237 391 323
428 237 414 326
440 237 428 324
453 237 446 317
459 237 453 314
484 237 485 293
502 237 504 284
515 237 520 279
521 237 526 279
415 244 407 329
428 244 415 334
496 244 498 291
409 250 400 335
471 250 470 311
484 250 486 301
490 250 493 298
