439 68 441 66
410 74 417 70
422 74 423 71
428 74 428 71
434 74 434 71
439 74 440 72
445 74 447 72
457 74 459 71
398 80 400 77
422 80 424 78
428 80 429 78
434 80 433 78
439 80 441 78
463 80 465 78
469 80 472 77
475 80 478 78
386 85 386 84
392 85 393 83
398 85 400 83
404 85 406 83
410 85 415 83
422 85 423 83
428 85 429 83
434 85 435 83
439 85 445 83
445 85 450 84
451 85 456 84
463 85 465 84
469 85 471 84
475 85 477 83
481 85 483 83
381 91 382 89
386 91 388 89
392 91 393 90
404 91 406 88
416 91 421 87
428 91 429 90
434 91 434 90
439 91 440 89
445 91 447 90
481 91 484 90
486 91 489 89
492 91 494 89
375 97 377 95
381 97 382 95
386 97 388 95
392 97 394 94
398 97 410 93
422 97 422 95
428 97 428 96
434 97 433 100
439 97 440 96
445 97 444 97
457 97 459 95
481 97 482 96
486 97 489 95
492 97 495 94
369 103 371 101
375 103 377 101
381 103 384 100
392 103 396 100
422 103 418 107
428 103 424 106
439 103 436 106
451 103 452 101
457 103 458 101
463 103 464 101
481 103 482 101
486 103 488 102
492 103 494 100
369 109 371 106
375 109 377 106
381 109 382 107
439 109 435 112
445 109 446 106
481 109 482 107
486 109 488 108
492 109 495 107
498 109 502 107
369 115 371 113
375 115 378 112
381 115 385 112
386 115 391 114
392 115 398 115
434 115 429 119
439 115 435 118
445 115 439 118
475 115 475 114
486 115 488 113
492 115 495 113
498 115 503 112
386 121 391 118
392 121 397 119
422 121 416 119
451 121 445 123
469 121 469 120
492 121 495 118
498 121 502 118
416 127 422 130
422 127 417 125
428 127 421 124
469 127 470 126
481 127 476 125
498 127 501 124
498 132 500 129
504 132 507 131
410 138 409 143
498 138 501 137
504 138 507 136
510 138 513 137
345 144 338 153
445 144 453 148
463 144 459 148
486 144 487 142
498 144 500 144
504 144 507 142
510 144 512 142
386 150 379 161
439 150 417 149
475 150 477 148
498 150 500 149
504 150 505 155
510 150 511 156
381 156 374 167
398 156 391 167
463 156 463 155
475 156 476 154
322 162 320 167
328 162 327 166
404 162 397 173
416 162 405 172
457 162 458 167
322 168 326 173
328 168 333 173
375 168 369 177
416 168 406 179
422 168 410 177
428 168 416 177
457 168 459 173
304 174 303 178
310 174 310 178
316 174 316 179
322 174 327 179
328 174 333 178
334 174 339 178
339 174 345 179
357 174 350 179
363 174 358 180
392 174 388 184
398 174 393 184
404 174 398 184
434 174 425 186
439 174 435 191
298 179 296 184
304 179 303 185
310 179 309 184
316 179 316 185
322 179 321 185
351 179 338 185
357 179 350 185
363 179 357 186
369 179 364 186
375 179 369 186
392 179 387 190
410 179 405 186
292 185 291 189
304 185 303 191
310 185 310 190
339 185 321 196
351 185 344 191
357 185 349 190
363 185 358 193
369 185 364 192
375 185 369 191
381 185 374 191
386 185 380 191
398 185 393 196
404 185 399 192
434 185 433 203
328 191 326 203
351 191 344 197
357 191 350 197
369 191 364 203
398 191 392 203
404 191 399 202
410 191 411 201
422 191 416 197
445 191 434 197
281 197 279 201
287 197 287 198
316 197 313 197
345 197 334 196
392 197 386 207
404 197 405 208
410 197 411 207
416 197 415 207
498 197 500 195
304 203 297 203
316 203 313 204
345 203 334 201
357 203 350 203
434 203 428 213
498 203 500 202
281 209 279 209
287 209 285 210
292 209 290 209
322 209 320 221
357 209 351 209
363 209 359 213
416 209 417 215
422 209 410 219
439 209 447 231
445 209 451 232
463 209 459 208
275 215 273 220
281 215 279 213
287 215 285 215
292 215 291 219
351 215 345 222
363 215 359 219
369 215 364 220
386 215 379 228
404 215 404 227
416 215 417 220
422 215 411 226
463 215 459 220
469 215 465 220
481 215 475 225
351 221 345 228
357 221 352 226
363 221 359 225
386 221 381 221
445 221 452 243
275 227 274 232
281 227 279 227
328 227 326 231
351 227 345 232
363 227 359 231
375 227 370 233
381 227 374 233
410 227 411 239
469 227 463 237
481 227 474 238
281 232 278 233
339 232 333 239
357 232 352 234
375 232 370 239
392 232 386 250
445 232 452 251
463 232 458 240
475 232 469 244
275 238 273 239
345 238 338 244
351 238 344 243
357 238 351 240
363 238 359 243
369 238 364 245
375 238 369 245
381 238 374 244
392 238 386 256
463 238 458 244
469 238 464 244
275 244 273 245
357 244 351 249
363 244 359 249
369 244 363 251
375 244 369 251
439 244 429 250
445 244 434 251
469 244 460 250
275 250 273 251
292 250 284 244
363 250 359 256
369 250 363 257
375 250 369 257
381 250 374 257
457 250 445 258
463 250 453 281
363 256 359 261
369 256 364 262
375 256 369 263
381 256 373 264
386 256 380 264
439 256 421 281
451 256 440 262
287 262 283 263
363 262 359 268
369 262 365 267
375 262 369 269
381 262 373 270
386 262 379 270
445 262 428 286
475 262 471 268
281 268 279 268
287 268 283 269
363 268 359 272
369 268 364 272
375 268 368 273
381 268 373 275
386 268 379 275
392 268 399 267
398 268 405 267
463 268 459 274
475 268 470 274
287 274 283 274
334 274 347 268
369 274 362 279
375 274 369 279
386 274 392 269
404 274 410 268
445 274 445 285
469 274 464 280
475 274 470 281
287 279 284 280
292 279 296 291
298 279 291 275
381 279 375 286
386 279 394 274
469 279 464 286
451 285 452 293
463 285 459 293
469 285 463 293
328 291 308 286
445 291 442 300
451 291 448 300
457 291 453 300
463 291 458 299
334 297 316 292
434 297 434 305
445 297 442 304
451 297 449 305
457 297 452 304
463 297 457 304
439 303 435 310
445 303 442 309
451 303 447 310
457 303 453 309
328 309 321 311
334 309 326 311
339 309 333 310
357 309 345 303
386 309 375 311
439 309 435 316
445 309 441 315
451 309 447 315
334 315 326 316
345 315 346 321
381 315 370 317
386 315 375 317
345 321 333 316
351 321 350 324
357 321 356 323
363 321 362 322
386 321 376 323
410 321 417 323
428 321 436 322
445 321 445 321
351 326 351 329
357 326 356 329
363 326 362 328
386 326 376 329
404 326 400 329
410 326 417 328
422 326 423 328
428 326 429 328
434 326 434 328
439 326 439 328
357 332 357 335
363 332 363 335
369 332 368 335
386 332 375 334
410 332 417 334
416 332 422 333
428 332 429 333
