404 74 376 80
410 74 382 78
416 74 388 77
428 74 395 75
404 80 377 85
410 80 384 83
416 80 391 81
422 80 401 79
428 80 396 80
463 80 438 73
386 85 360 98
410 85 384 89
416 85 392 87
428 85 398 86
434 85 412 83
445 85 418 81
451 85 425 80
457 85 431 79
475 85 462 81
486 85 465 75
381 91 355 107
386 91 360 104
392 91 377 92
404 91 386 95
416 91 393 94
422 91 401 91
445 91 419 87
451 91 426 85
457 91 432 84
475 91 447 80
486 91 466 81
375 97 351 112
381 97 356 111
386 97 362 110
392 97 368 107
416 97 394 100
422 97 401 99
481 97 461 88
486 97 454 78
381 103 358 117
386 103 364 115
392 103 370 113
428 103 402 107
434 103 420 108
457 103 428 100
363 109 344 124
369 109 350 123
392 109 372 119
398 109 385 111
422 109 399 114
457 109 431 104
357 115 340 131
363 115 345 131
369 115 352 128
375 115 357 127
392 115 379 121
410 115 387 119
416 115 393 118
428 115 416 124
434 115 423 122
445 115 442 118
469 115 447 116
475 115 454 113
486 115 475 108
351 121 335 140
357 121 341 138
375 121 356 134
381 121 362 131
386 121 373 129
392 121 381 128
434 121 399 121
469 121 449 122
481 121 463 117
486 121 475 114
375 127 357 139
381 127 362 137
386 127 376 134
392 127 384 132
463 127 443 123
339 132 330 148
345 132 336 146
351 132 342 145
386 132 370 137
410 132 404 134
339 138 331 156
345 138 337 153
392 138 378 142
398 138 383 140
345 144 339 160
363 144 354 157
492 144 474 131
504 144 490 111
357 150 349 164
410 150 409 153
498 150 485 118
510 150 494 124
345 156 337 173
363 156 356 168
369 156 362 166
439 156 425 136
504 156 492 117
328 162 331 176
345 162 338 180
351 162 345 178
369 162 366 173
381 162 373 170
386 162 378 168
392 162 386 166
322 168 326 185
328 168 333 183
363 168 361 177
434 168 412 161
498 168 489 138
310 174 316 193
316 174 321 193
322 174 327 190
328 174 335 189
357 174 353 183
363 174 361 182
369 174 367 182
381 174 376 178
386 174 383 176
392 174 389 175
398 174 394 174
410 174 401 171
451 174 437 148
463 174 449 152
469 174 456 150
498 174 489 152
304 179 309 201
310 179 315 200
316 179 322 199
322 179 329 197
334 179 337 197
339 179 343 195
357 179 357 191
375 179 370 187
381 179 378 184
386 179 384 182
392 179 389 181
398 179 395 178
457 179 442 165
310 185 312 209
316 185 318 208
322 185 331 204
334 185 339 203
339 185 345 201
345 185 351 199
357 185 359 203
363 185 364 197
375 185 371 194
381 185 378 191
386 185 384 189
392 185 390 188
398 185 396 185
404 185 402 180
292 191 300 216
322 191 329 219
375 191 373 199
381 191 378 198
386 191 384 198
392 191 393 194
398 191 399 194
404 191 404 186
416 191 411 182
422 191 434 191
292 197 301 221
298 197 306 219
363 197 367 209
386 197 387 205
392 197 394 203
398 197 402 200
404 197 407 190
457 197 453 185
492 197 490 168
287 203 295 229
292 203 301 227
304 203 308 227
310 203 314 225
375 203 376 206
381 203 382 204
392 203 397 209
398 203 404 205
451 203 455 191
481 203 480 184
486 203 487 182
281 209 291 238
287 209 296 235
298 209 306 233
304 209 310 233
310 209 316 230
357 209 360 209
363 209 369 216
375 209 378 213
381 209 383 210
386 209 390 209
463 209 464 194
298 215 307 239
304 215 312 238
316 215 342 243
339 215 352 228
345 215 358 225
375 215 379 225
381 215 385 223
386 215 391 222
392 215 398 214
481 215 484 191
292 221 301 248
298 221 308 247
357 221 365 222
363 221 370 221
392 221 400 221
416 221 441 218
457 221 461 205
463 221 468 204
481 221 485 198
486 221 491 196
298 227 309 255
328 227 330 248
334 227 335 247
351 227 361 231
357 227 368 230
363 227 372 229
375 227 383 232
381 227 388 231
404 227 320 243
434 227 427 220
439 227 446 208
457 227 462 211
463 227 468 209
481 227 486 203
310 232 318 259
357 232 368 237
363 232 374 235
386 232 397 236
392 232 405 235
481 232 488 209
298 238 309 269
357 238 370 244
363 238 376 242
375 238 385 239
398 238 404 240
404 238 411 240
416 238 419 238
469 238 478 221
475 238 484 218
298 244 309 274
316 244 343 265
345 244 360 254
351 244 365 253
357 244 371 252
363 244 377 247
375 244 387 246
381 244 391 245
392 244 400 248
398 244 407 248
404 244 413 246
469 244 479 229
475 244 486 225
369 250 383 254
375 250 389 252
381 250 393 252
398 250 409 255
404 250 414 253
463 250 475 236
469 250 480 234
369 256 385 261
375 256 390 260
381 256 397 259
410 256 415 295
451 256 457 241
457 256 462 240
463 256 477 241
469 256 484 241
281 262 316 302
363 262 380 269
369 262 387 267
375 262 392 266
381 262 398 265
398 262 413 268
463 262 480 247
287 268 325 307
363 268 381 274
369 268 387 272
375 268 392 272
381 268 399 271
386 268 439 281
398 268 414 275
451 268 457 247
404 274 432 260
310 279 334 289
316 279 340 282
369 279 394 279
375 279 402 277
439 279 462 288
475 279 492 274
310 285 339 304
316 285 341 287
322 285 347 285
357 285 383 290
298 291 306 291
304 291 334 312
310 291 341 311
351 291 378 298
357 291 385 296
404 291 430 277
469 291 489 281
310 297 342 315
351 297 380 305
404 297 431 283
422 297 447 271
316 303 349 320
322 303 355 318
328 303 360 310
357 303 386 304
369 303 396 300
416 303 430 298
428 303 441 288
434 303 448 292
322 309 357 324
328 309 363 322
428 309 443 294
328 315 366 329
422 315 433 320
369 321 385 317
375 321 391 316
381 321 405 312
404 321 422 322
410 321 427 321
439 321 472 302
381 326 371 320
404 326 422 327
381 332 374 328
416 332 450 322
422 332 457 321
428 332 463 318
