401 109 380 124
415 130 401 147
507 137 474 140
387 144 380 161
436 144 421 153
507 144 476 146
422 151 410 162
429 151 416 161
451 151 435 155
394 158 387 180
401 158 394 176
436 158 423 166
408 165 399 176
436 165 424 172
458 165 438 167
493 165 473 161
387 172 386 187
408 172 401 184
415 172 407 182
422 172 413 181
429 172 420 179
436 172 425 178
493 172 472 171
387 179 388 193
394 179 393 193
408 179 402 190
415 179 409 188
422 179 415 187
429 179 422 186
436 179 428 186
451 179 436 182
394 186 394 199
415 186 412 194
422 186 417 193
429 186 424 192
436 186 430 192
451 186 438 188
458 186 443 187
486 186 470 182
408 193 407 201
436 193 431 197
444 193 437 196
458 193 446 195
465 193 451 194
479 193 465 190
352 200 359 220
366 200 376 203
387 200 391 207
394 200 397 205
408 200 409 205
422 200 420 203
429 200 425 201
458 200 451 200
472 200 460 199
479 200 467 197
359 207 367 225
366 207 373 224
387 207 392 214
401 207 405 211
408 207 410 211
415 207 417 210
436 207 434 206
444 207 440 204
472 207 462 204
366 214 374 231
373 214 382 227
380 214 388 222
387 214 393 221
394 214 400 220
401 214 406 219
408 214 412 217
422 214 425 214
436 214 436 213
444 214 442 210
352 222 364 239
359 222 370 238
366 222 376 237
380 222 389 228
387 222 395 227
394 222 402 226
401 222 407 225
408 222 413 223
415 222 420 222
436 222 436 219
458 222 451 221
373 229 385 236
380 229 390 234
387 229 397 232
394 229 403 231
401 229 408 230
408 229 415 229
415 229 421 228
422 229 427 227
345 236 366 245
366 236 379 245
373 236 386 243
380 236 392 241
387 236 398 239
394 236 405 238
408 236 417 235
415 236 423 235
359 243 374 252
366 243 380 252
373 243 387 251
380 243 394 248
387 243 399 247
394 243 406 244
401 243 412 242
408 243 418 242
415 243 424 241
436 243 440 245
366 250 382 257
373 250 388 257
380 250 395 255
387 250 402 253
394 250 407 250
401 250 413 249
408 250 420 248
422 250 430 249
429 250 435 252
436 250 442 251
338 257 361 266
373 257 389 262
380 257 396 261
387 257 402 259
394 257 408 257
401 257 414 256
408 257 421 255
422 257 431 255
436 257 444 257
324 264 350 272
331 264 354 271
352 264 371 268
401 264 416 263
408 264 423 261
422 264 432 260
429 264 440 261
444 264 452 258
352 271 370 275
380 271 398 270
387 271 404 268
394 271 419 271
408 271 425 268
422 271 432 266
429 271 441 266
436 271 446 266
444 271 453 264
366 278 386 279
380 278 400 276
415 285 428 276
345 292 364 305
415 292 429 282
303 299 335 310
345 299 364 311
366 299 391 306
422 299 438 288
429 299 448 287
331 306 357 317
366 306 391 313
324 313 354 325
331 313 359 324
289 320 325 331
303 320 339 328
331 320 360 331
394 320 407 324
317 327 349 335
324 327 356 333
345 327 376 336
359 327 390 327
415 327 438 321
289 334 324 348
317 334 350 339
359 334 391 333
289 341 325 353
352 341 385 341
408 341 433 337
317 348 352 356
352 348 386 347
394 348 420 339
345 355 383 356
352 355 388 354
373 355 402 349
324 362 362 367
345 362 384 361
359 362 393 359
387 362 417 354
345 369 384 367
352 369 390 366
