0.7999244332313538 -0.1441209316253662 -0.5825374722480774 0.1444407850503922 
-0.5317414402961731 -0.6201794743537903 -0.5767388343811035 0.1889951676130295 
-0.2781578600406647 0.7711068391799927 -0.5727316737174988 0.2365459799766541 
0 0 0 1 

0.8415498733520508 -0.077030248939991 -0.5346589088439941 0.1274431943893433 
-0.4809412658214569 -0.5574964284896851 -0.6766780614852905 0.2220123410224915 
-0.2459457814693451 0.8265979290008545 -0.5062081217765808 0.2132401466369629 
0 0 0 1 

0.8750602006912231 -0.01784739829599857 -0.4836849272251129 0.1095820814371109 
-0.4295220971107483 -0.4892888367176056 -0.7590171098709106 0.2491881847381592 
-0.2231151759624481 0.8719390630722046 -0.4358230531215668 0.1888085156679153 
0 0 0 1 

0.9064353704452515 0.06174014881253242 -0.4178074598312378 0.0870661586523056 
-0.3630805015563965 -0.3914346992969513 -0.8455479741096497 0.2777456641197205 
-0.2157486081123352 0.9181323647499084 -0.3323935568332672 0.1540208905935287 
0 0 0 1 

0.9674796462059021 -0.1497406512498856 -0.2038647532463074 0.01312125939875841 
-0.2390264272689819 -0.2775083482265472 -0.9305135011672974 0.2994751036167145 
0.08276153355836868 0.9489820003509521 -0.3042756617069244 0.1258132606744766 
0 0 0 1 

0.9802496433258057 0.03411675244569778 -0.1947991251945496 0.01250691525638103 
-0.1847194731235504 -0.1938644200563431 -0.9634807705879211 0.3076275885105133 
-0.07063546776771545 0.9804348349571228 -0.1837334781885147 0.09332067519426346 
0 0 0 1 

0.9902248978614807 -0.01258209627121687 -0.1389112621545792 -0.007054770365357399 
-0.1394751965999603 -0.08113741874694824 -0.9868957996368408 0.3126760423183441 
0.001146311173215508 0.9966235160827637 -0.08209918439388275 0.05442925915122032 
0 0 0 1 

0.9873037934303284 -0.1003798022866249 -0.1231063455343246 -0.01434043422341347 
-0.126340463757515 -0.02650055289268494 -0.991632878780365 0.312318354845047 
0.09627752751111984 0.9945961833000183 -0.03884619101881981 0.03393192961812019 
0 0 0 1 

0.9866670966148376 -0.1372146606445312 -0.08752218633890152 -0.0264353733509779 
-0.07998409122228622 0.05952991172671318 -0.9950170516967773 0.3097027838230133 
0.1417410969734192 0.9887509346008301 0.04776118323206902 -0.0004740165895782411 
0 0 0 1 

0.9795603156089783 -0.1815408617258072 -0.08662829548120499 -0.02561579085886478 
-0.06119189783930779 0.1413117051124573 -0.9880721569061279 0.3040921092033386 
0.1916170567274094 0.9731771945953369 0.127314493060112 -0.02884094603359699 
0 0 0 1 

