372 3 372 3
379 3 379 2
385 3 384 2
391 3 391 2
397 3 397 3
404 3 403 3
410 3 409 2
416 3 415 2
372 9 373 9
379 9 378 8
385 9 385 8
391 9 391 9
397 9 397 9
404 9 403 9
410 9 409 9
416 9 416 9
422 9 423 9
429 9 428 9
335 15 334 16
341 15 341 16
347 15 348 16
354 15 354 16
360 15 359 16
366 15 366 16
379 15 379 15
385 15 384 14
391 15 391 15
397 15 397 16
404 15 404 16
410 15 410 16
416 15 417 16
435 15 435 15
441 15 441 16
329 21 329 22
335 21 335 22
341 21 341 22
347 21 348 22
354 21 354 22
360 21 361 22
366 21 367 22
372 21 373 22
397 21 397 22
404 21 404 22
435 21 435 23
441 21 442 22
322 28 323 29
329 28 329 28
335 28 335 29
341 28 342 29
347 28 348 29
354 28 354 28
360 28 360 29
366 28 367 28
372 28 373 28
379 28 380 28
385 28 386 28
391 28 392 29
397 28 397 29
404 28 405 28
410 28 411 28
416 28 417 28
422 28 423 29
429 28 429 28
435 28 435 28
441 28 442 28
448 28 448 28
316 34 316 35
322 34 323 35
329 34 329 35
335 34 335 35
341 34 341 35
347 34 347 35
354 34 354 35
360 34 361 35
366 34 367 35
372 34 373 35
379 34 380 35
385 34 386 35
391 34 392 35
397 34 398 35
404 34 404 34
410 34 410 34
422 34 424 35
429 34 429 33
435 34 435 33
441 34 442 35
448 34 448 35
454 34 454 35
310 40 310 41
316 40 316 41
322 40 323 41
329 40 328 41
335 40 335 41
341 40 342 41
347 40 348 41
354 40 354 41
360 40 361 41
366 40 367 41
372 40 373 41
379 40 380 41
385 40 386 41
391 40 392 41
397 40 398 41
404 40 404 41
410 40 411 40
422 40 423 40
429 40 429 40
435 40 435 40
441 40 442 42
448 40 448 41
454 40 454 41
304 46 304 48
310 46 310 47
316 46 317 47
322 46 323 47
329 46 329 47
335 46 335 47
341 46 341 47
347 46 348 47
354 46 355 47
360 46 361 48
366 46 367 46
372 46 373 46
379 46 380 47
385 46 386 47
391 46 392 47
397 46 399 47
404 46 405 48
410 46 411 47
416 46 418 47
422 46 423 46
429 46 428 46
435 46 435 48
441 46 442 48
448 46 449 48
454 46 454 47
460 46 460 46
297 53 298 53
304 53 304 53
310 53 310 53
316 53 317 53
322 53 323 53
329 53 328 53
335 53 335 53
341 53 341 53
347 53 348 54
354 53 353 53
360 53 361 54
366 53 367 54
372 53 374 53
379 53 379 53
385 53 386 53
391 53 392 53
397 53 399 54
404 53 405 54
410 53 412 53
416 53 417 53
422 53 424 53
429 53 429 53
435 53 436 54
441 53 442 53
448 53 448 53
454 53 455 54
460 53 461 53
466 53 466 53
297 59 298 60
304 59 304 59
310 59 310 59
316 59 318 59
322 59 324 59
329 59 330 59
335 59 335 60
341 59 341 60
347 59 347 59
354 59 354 59
360 59 361 60
366 59 367 59
372 59 373 58
379 59 379 59
385 59 386 60
391 59 392 59
397 59 398 60
404 59 405 60
410 59 412 60
416 59 418 60
422 59 423 59
429 59 430 59
435 59 436 59
441 59 442 59
448 59 448 59
454 59 455 60
460 59 461 60
466 59 467 59
291 65 292 66
297 65 298 66
304 65 304 66
310 65 311 65
316 65 317 65
322 65 323 65
329 65 329 65
335 65 335 66
341 65 341 65
347 65 348 65
354 65 353 65
360 65 361 66
366 65 367 65
372 65 373 65
379 65 380 66
385 65 386 66
391 65 392 65
397 65 399 66
404 65 405 66
410 65 412 66
416 65 418 66
422 65 424 66
429 65 430 66
435 65 436 66
441 65 442 65
448 65 449 66
454 65 455 66
460 65 461 66
466 65 467 66
473 65 473 66
291 71 291 72
297 71 298 72
304 71 305 71
310 71 310 71
316 71 316 71
322 71 322 71
329 71 329 71
335 71 336 72
341 71 341 72
347 71 348 72
354 71 355 71
360 71 361 71
366 71 367 72
372 71 374 72
379 71 380 73
385 71 386 72
391 71 393 71
404 71 405 72
410 71 411 73
416 71 417 73
422 71 423 72
429 71 430 72
435 71 436 72
441 71 443 72
448 71 448 72
454 71 455 72
460 71 461 72
466 71 467 72
473 71 473 72
285 78 285 79
291 78 291 79
297 78 298 78
304 78 304 78
310 78 311 78
316 78 316 77
322 78 322 77
329 78 329 79
335 78 336 78
341 78 342 78
347 78 348 78
354 78 355 78
360 78 362 78
366 78 368 78
372 78 374 79
379 78 380 79
385 78 387 78
391 78 393 78
404 78 405 79
410 78 410 79
416 78 416 79
422 78 423 78
429 78 429 78
435 78 436 78
441 78 443 78
448 78 449 79
454 78 455 78
460 78 461 78
466 78 467 78
473 78 473 78
479 78 480 79
285 84 285 85
291 84 291 85
297 84 298 85
304 84 304 84
310 84 310 84
316 84 317 85
322 84 323 85
329 84 329 85
335 84 336 85
341 84 342 85
347 84 348 85
354 84 355 85
360 84 361 85
366 84 367 85
372 84 374 85
379 84 380 85
385 84 386 85
397 84 399 85
404 84 405 85
410 84 410 85
416 84 417 85
422 84 423 85
429 84 429 85
435 84 436 85
441 84 442 85
448 84 448 85
454 84 455 85
460 84 461 85
466 84 467 84
473 84 473 84
285 90 285 91
291 90 292 91
297 90 298 91
304 90 303 91
310 90 310 91
316 90 316 91
322 90 323 90
329 90 329 91
335 90 336 91
341 90 342 91
347 90 348 91
354 90 355 91
360 90 361 91
366 90 367 91
372 90 374 91
379 90 380 91
385 90 386 91
397 90 399 91
404 90 405 91
410 90 411 91
416 90 418 91
422 90 423 92
429 90 430 91
435 90 436 91
441 90 442 91
448 90 448 91
454 90 455 91
460 90 461 91
466 90 467 91
473 90 473 91
491 90 491 92
498 90 498 92
504 90 504 92
510 90 510 92
285 96 285 97
291 96 291 97
297 96 298 97
304 96 303 97
310 96 309 97
316 96 316 96
322 96 323 96
329 96 329 96
335 96 336 97
341 96 342 97
347 96 348 97
354 96 355 97
360 96 361 98
366 96 367 98
372 96 374 97
379 96 380 97
385 96 386 97
391 96 392 98
397 96 399 98
404 96 405 98
410 96 411 98
416 96 417 97
422 96 423 97
429 96 430 97
435 96 436 97
441 96 442 97
448 96 448 97
454 96 455 97
460 96 461 97
466 96 467 97
473 96 473 97
479 96 480 98
491 96 492 98
498 96 498 97
504 96 504 98
510 96 511 98
516 96 517 98
285 103 285 104
291 103 292 103
297 103 298 104
304 103 304 104
310 103 310 103
316 103 317 102
322 103 323 103
329 103 330 103
335 103 336 103
341 103 342 104
347 103 349 104
354 103 355 104
360 103 361 103
366 103 368 104
379 103 380 103
385 103 386 103
391 103 393 104
397 103 399 104
404 103 405 104
410 103 411 104
416 103 417 103
422 103 424 103
429 103 430 103
435 103 436 103
441 103 442 103
448 103 449 103
454 103 454 104
460 103 461 103
466 103 468 103
473 103 473 103
516 103 517 104
523 103 523 104
285 109 285 110
291 109 292 110
297 109 298 110
304 109 304 110
310 109 310 110
316 109 317 109
322 109 324 109
329 109 330 109
335 109 336 109
341 109 342 110
347 109 348 110
354 109 355 110
360 109 361 110
366 109 368 110
372 109 374 110
379 109 380 109
385 109 386 110
391 109 393 110
397 109 399 110
404 109 405 110
410 109 411 110
416 109 417 109
422 109 424 110
429 109 430 109
435 109 436 110
441 109 442 109
448 109 449 109
454 109 454 109
460 109 461 110
466 109 467 109
473 109 473 110
479 109 480 110
485 109 486 111
491 109 493 111
510 109 508 110
516 109 517 111
523 109 523 110
529 109 529 110
279 115 279 115
285 115 285 116
291 115 292 116
297 115 298 116
304 115 304 116
310 115 310 116
316 115 317 116
322 115 324 115
329 115 330 114
335 115 336 114
341 115 343 115
347 115 349 116
354 115 355 116
360 115 361 116
366 115 368 116
379 115 380 116
385 115 386 116
391 115 392 116
397 115 398 116
404 115 404 116
410 115 411 116
416 115 417 116
422 115 424 116
429 115 431 116
435 115 437 116
441 115 443 115
448 115 449 115
460 115 461 115
466 115 467 116
473 115 473 116
479 115 480 117
485 115 486 117
491 115 492 116
498 115 498 116
523 115 523 117
529 115 529 117
279 121 279 122
285 121 285 122
291 121 292 122
297 121 298 122
304 121 304 122
310 121 310 122
316 121 316 122
322 121 323 122
329 121 329 122
335 121 335 121
341 121 342 121
347 121 349 122
354 121 355 122
360 121 361 122
366 121 368 122
372 121 374 122
379 121 380 122
385 121 386 122
391 121 393 122
397 121 398 122
404 121 404 122
410 121 410 122
416 121 418 122
422 121 424 122
429 121 431 122
435 121 437 122
441 121 443 122
448 121 448 121
454 121 455 121
460 121 461 121
466 121 467 122
473 121 473 123
479 121 480 123
485 121 486 122
491 121 492 123
498 121 498 123
504 121 504 123
510 121 509 123
523 121 523 123
529 121 529 123
535 121 535 122
285 128 286 129
291 128 292 129
297 128 298 129
304 128 305 129
310 128 310 128
316 128 316 129
322 128 322 128
329 128 329 128
335 128 334 128
341 128 341 128
347 128 348 128
354 128 355 129
360 128 362 128
366 128 368 129
372 128 374 129
379 128 380 129
385 128 386 129
391 128 393 128
397 128 399 128
404 128 404 128
410 128 410 128
416 128 418 128
422 128 424 128
429 128 431 128
441 128 442 128
448 128 449 128
454 128 455 127
460 128 461 128
466 128 467 128
473 128 474 129
479 128 479 129
485 128 486 129
491 128 492 129
498 128 498 129
504 128 504 129
510 128 510 129
516 128 516 129
523 128 522 129
529 128 528 129
535 128 535 129
285 134 286 135
291 134 292 135
297 134 298 135
304 134 304 135
310 134 311 134
316 134 316 135
322 134 322 134
329 134 329 133
335 134 336 134
341 134 342 134
347 134 349 135
354 134 355 135
360 134 362 135
366 134 368 134
372 134 374 135
379 134 380 135
385 134 386 135
391 134 393 134
397 134 398 134
404 134 404 134
410 134 411 134
416 134 418 134
422 134 424 134
429 134 430 135
441 134 442 135
448 134 449 134
454 134 455 134
460 134 461 134
466 134 467 135
473 134 474 135
479 134 480 135
485 134 486 135
491 134 492 135
498 134 498 135
504 134 504 134
510 134 510 135
523 134 522 135
529 134 528 135
535 134 534 135
285 140 286 141
291 140 292 141
297 140 298 141
304 140 305 141
310 140 311 141
316 140 317 141
322 140 323 141
329 140 330 141
335 140 336 141
341 140 342 141
347 140 349 141
354 140 355 141
360 140 362 141
366 140 368 141
372 140 374 141
379 140 380 141
385 140 386 141
391 140 392 141
397 140 398 141
404 140 405 140
410 140 411 140
416 140 418 140
422 140 424 141
429 140 430 141
435 140 436 141
441 140 443 141
448 140 449 141
454 140 455 141
466 140 467 141
479 140 480 141
485 140 486 141
498 140 498 141
504 140 504 140
516 140 516 142
529 140 529 141
535 140 534 141
285 146 285 147
291 146 292 147
297 146 298 147
304 146 305 147
310 146 311 147
316 146 316 147
322 146 323 147
329 146 330 147
335 146 336 147
341 146 343 147
347 146 349 147
354 146 355 147
360 146 362 147
366 146 368 147
372 146 374 147
379 146 380 147
385 146 386 147
391 146 393 147
397 146 399 147
404 146 405 147
410 146 412 147
416 146 418 147
422 146 424 147
429 146 430 148
435 146 436 147
441 146 443 147
454 146 455 148
460 146 460 148
479 146 480 148
485 146 486 148
491 146 491 147
498 146 498 147
504 146 504 147
510 146 510 148
516 146 515 148
523 146 522 148
529 146 528 147
535 146 535 147
285 153 285 153
291 153 292 153
297 153 298 153
304 153 305 154
310 153 311 154
316 153 317 154
322 153 324 154
329 153 330 154
335 153 336 154
341 153 343 153
347 153 349 153
354 153 355 153
360 153 362 154
366 153 368 153
372 153 374 153
379 153 380 153
385 153 386 154
391 153 392 154
397 153 398 153
404 153 405 153
410 153 412 153
416 153 418 153
422 153 424 153
429 153 430 154
435 153 436 154
448 153 449 154
454 153 454 154
460 153 460 154
466 153 466 154
473 153 473 154
479 153 479 154
485 153 485 154
491 153 491 153
498 153 498 153
504 153 504 154
510 153 510 154
516 153 516 154
523 153 522 153
529 153 528 153
535 153 535 154
291 159 291 159
297 159 297 159
304 159 304 160
310 159 311 160
316 159 318 160
322 159 324 160
329 159 330 160
335 159 336 159
341 159 342 160
347 159 349 160
354 159 355 160
360 159 362 160
366 159 368 160
372 159 374 159
379 159 380 159
385 159 386 159
391 159 392 159
397 159 398 159
404 159 405 159
410 159 412 160
416 159 418 160
422 159 424 160
429 159 430 160
435 159 436 159
441 159 443 160
448 159 449 160
454 159 454 160
460 159 460 160
473 159 473 160
479 159 479 160
485 159 485 160
491 159 491 160
498 159 498 159
504 159 504 160
510 159 510 160
529 159 529 159
535 159 535 159
291 165 291 165
297 165 297 166
304 165 303 166
310 165 310 166
316 165 316 165
322 165 323 166
329 165 330 166
335 165 336 166
341 165 343 166
347 165 348 166
354 165 355 166
360 165 361 166
366 165 368 166
372 165 374 166
379 165 380 166
385 165 386 166
391 165 391 166
397 165 397 167
404 165 404 167
410 165 411 167
416 165 418 166
422 165 423 166
429 165 430 167
441 165 443 166
448 165 449 166
454 165 455 166
460 165 461 166
473 165 472 166
479 165 479 166
485 165 485 166
491 165 491 166
498 165 497 166
504 165 503 165
510 165 510 166
516 165 517 166
523 165 522 166
535 165 535 165
291 172 291 172
297 172 297 172
304 172 303 171
310 172 310 172
316 172 315 171
322 172 322 172
329 172 329 172
335 172 335 172
341 172 343 173
347 172 349 173
354 172 355 173
360 172 361 172
366 172 368 172
372 172 374 172
379 172 380 172
385 172 386 172
391 172 391 173
397 172 397 172
404 172 404 172
410 172 411 173
416 172 417 173
422 172 423 172
435 172 436 172
441 172 443 172
448 172 448 173
454 172 455 173
460 172 461 173
466 172 467 173
473 172 473 172
479 172 479 172
485 172 485 172
491 172 491 173
498 172 498 172
504 172 504 172
516 172 516 172
523 172 523 172
529 172 528 173
297 178 298 179
304 178 303 178
310 178 310 178
316 178 315 178
322 178 321 178
329 178 330 179
335 178 335 179
341 178 343 179
347 178 349 179
354 178 355 179
360 178 361 178
366 178 367 178
372 178 374 178
379 178 380 178
385 178 386 178
391 178 392 178
397 178 399 177
404 178 406 179
410 178 411 179
416 178 417 178
429 178 430 179
435 178 436 179
441 178 442 178
448 178 448 179
454 178 455 179
460 178 461 179
466 178 468 179
473 178 473 178
479 178 479 178
498 178 497 179
504 178 504 179
510 178 510 178
516 178 516 178
523 178 522 179
529 178 529 179
297 184 298 185
304 184 303 185
310 184 309 185
316 184 316 184
322 184 321 184
329 184 329 185
335 184 334 185
341 184 342 185
347 184 349 185
354 184 355 185
360 184 360 185
366 184 367 185
372 184 374 184
379 184 380 184
385 184 386 185
391 184 392 185
397 184 398 185
404 184 405 185
410 184 411 185
416 184 418 185
422 184 424 185
435 184 436 185
441 184 442 185
448 184 448 185
454 184 455 185
460 184 462 184
466 184 467 184
473 184 473 185
479 184 480 184
485 184 486 185
491 184 491 184
498 184 498 184
504 184 504 184
510 184 510 184
516 184 516 185
523 184 522 185
304 190 304 190
310 190 310 191
316 190 316 190
322 190 322 190
329 190 327 190
335 190 333 190
341 190 341 190
347 190 348 191
354 190 354 191
360 190 361 191
366 190 367 191
372 190 374 191
379 190 381 190
385 190 387 190
391 190 392 191
397 190 399 191
404 190 405 191
410 190 411 191
416 190 418 191
429 190 430 191
448 190 448 191
454 190 454 191
460 190 460 191
466 190 466 191
473 190 473 191
479 190 479 191
485 190 486 190
491 190 492 191
498 190 498 191
504 190 503 191
510 190 510 191
516 190 516 191
523 190 522 191
329 197 328 195
335 197 333 196
341 197 342 197
347 197 347 198
354 197 354 197
360 197 361 198
366 197 367 197
372 197 373 197
379 197 380 197
385 197 386 197
391 197 392 198
397 197 399 197
404 197 405 197
410 197 411 198
416 197 417 198
422 197 424 197
429 197 430 197
435 197 437 197
441 197 441 197
448 197 447 197
454 197 453 197
460 197 460 197
466 197 466 197
473 197 473 197
479 197 479 197
485 197 485 197
491 197 491 197
498 197 498 197
504 197 503 198
510 197 510 198
516 197 516 198
523 197 522 197
297 203 298 203
304 203 304 203
310 203 311 203
316 203 318 203
335 203 334 202
341 203 341 203
347 203 347 204
354 203 355 204
360 203 361 204
366 203 367 204
372 203 373 203
379 203 380 203
385 203 386 204
391 203 392 204
397 203 398 203
404 203 404 204
410 203 411 204
422 203 423 204
429 203 428 204
435 203 436 203
441 203 442 204
448 203 447 204
454 203 454 204
460 203 460 203
466 203 467 202
473 203 474 203
479 203 480 203
485 203 486 203
491 203 491 204
498 203 497 203
504 203 502 204
510 203 509 204
516 203 516 204
297 209 298 208
304 209 304 209
310 209 311 210
316 209 317 210
322 209 323 210
335 209 335 210
341 209 342 210
347 209 348 210
354 209 354 210
360 209 361 210
366 209 366 209
372 209 373 210
379 209 379 210
385 209 386 210
391 209 392 210
397 209 398 210
404 209 405 210
410 209 410 210
429 209 429 210
441 209 442 210
448 209 448 210
454 209 453 210
466 209 471 208
479 209 480 209
485 209 486 209
491 209 492 210
498 209 497 210
504 209 504 210
510 209 510 210
516 209 517 210
297 215 298 216
304 215 304 217
310 215 311 216
316 215 317 216
322 215 324 216
347 215 348 216
354 215 352 216
360 215 359 216
379 215 379 216
385 215 385 216
391 215 391 216
404 215 404 216
410 215 410 216
422 215 422 216
429 215 429 216
435 215 436 217
441 215 442 216
454 215 459 215
460 215 465 215
466 215 472 215
479 215 480 216
485 215 485 216
491 215 491 216
498 215 497 216
504 215 504 216
510 215 511 216
304 222 304 223
310 222 311 222
316 222 317 222
410 222 409 222
416 222 416 222
422 222 422 222
429 222 430 223
435 222 436 223
441 222 442 222
448 222 448 222
454 222 454 222
460 222 465 222
466 222 472 221
479 222 479 222
485 222 485 222
491 222 491 222
498 222 497 222
504 222 504 222
297 228 298 228
304 228 305 229
310 228 311 229
316 228 317 229
410 228 409 229
416 228 415 229
422 228 423 229
435 228 436 228
448 228 447 229
454 228 460 228
473 228 473 228
479 228 479 229
485 228 485 229
491 228 491 228
297 234 298 235
304 234 304 235
310 234 310 235
316 234 317 235
429 234 430 235
435 234 436 235
441 234 442 235
448 234 448 235
454 234 454 235
460 234 460 235
304 240 305 242
310 240 310 241
316 240 317 241
316 247 316 248
322 253 322 254
322 259 322 259
329 259 328 258
329 265 328 265
329 272 329 271
329 278 329 278
335 284 335 284
