372 9 338 71
366 15 330 83
366 21 333 88
372 21 339 85
379 21 352 81
335 28 329 93
366 28 344 92
372 28 351 89
379 28 356 86
329 34 293 119
366 34 347 98
372 34 354 96
379 34 361 93
322 40 294 125
335 40 308 118
360 40 340 105
372 40 356 102
310 46 286 137
329 46 305 127
360 46 343 110
366 46 353 111
372 46 360 108
366 53 367 121
372 53 372 118
385 53 392 121
304 59 290 161
316 59 299 142
322 59 308 134
329 59 326 132
360 59 364 129
366 59 370 126
372 59 376 123
379 59 381 120
391 59 398 120
310 65 296 153
316 65 301 149
366 65 373 133
372 65 380 130
379 65 385 127
385 65 396 129
391 65 401 126
435 65 346 67
335 71 337 139
341 71 344 139
347 71 350 136
372 71 384 136
379 71 389 134
385 71 398 134
391 71 404 131
410 71 390 74
416 71 395 71
460 71 470 100
322 78 326 148
329 78 332 146
335 78 340 145
341 78 347 145
347 78 353 144
372 78 385 142
379 78 391 140
410 78 393 79
416 78 399 76
422 78 406 76
322 84 329 155
329 84 335 153
335 84 342 152
341 84 351 153
372 84 388 148
379 84 395 145
410 84 396 85
416 84 402 82
429 84 434 94
291 90 294 173
329 90 337 159
335 90 343 158
366 90 386 159
372 90 391 154
379 90 400 152
416 90 407 92
422 90 417 94
479 90 469 83
297 96 305 175
304 96 312 172
335 96 345 165
354 96 368 167
372 96 396 160
416 96 412 97
479 96 473 89
285 103 285 165
291 103 301 180
316 103 330 179
335 103 349 173
341 103 355 174
354 103 370 176
360 103 379 178
366 103 388 175
372 103 401 167
379 103 408 164
385 103 414 160
391 103 419 158
435 103 439 105
285 109 287 172
291 109 304 185
322 109 336 186
335 109 352 183
341 109 357 181
347 109 364 181
354 109 373 183
360 109 382 184
366 109 390 182
372 109 403 173
379 109 411 170
385 109 416 167
391 109 422 163
397 109 427 145
410 109 428 126
416 109 433 125
429 109 453 115
279 115 285 181
285 115 297 189
304 115 323 193
310 115 327 189
335 115 354 190
341 115 360 187
347 115 370 192
366 115 388 189
379 115 413 175
385 115 418 174
391 115 425 171
279 121 288 187
304 121 330 204
310 121 330 194
354 121 376 195
391 121 429 178
285 128 329 221
347 128 376 202
354 128 383 200
285 134 334 226
291 134 305 202
304 134 333 211
379 134 419 190
285 140 301 211
291 140 307 209
297 140 313 207
341 140 400 182
347 140 406 179
372 140 421 180
285 146 304 217
291 146 310 216
297 146 316 214
341 146 404 191
347 146 410 186
291 153 313 221
297 153 319 220
304 153 359 229
310 153 364 226
341 153 407 197
360 153 417 200
366 153 423 197
304 159 362 234
322 159 375 228
329 159 382 224
335 159 387 223
341 159 395 220
347 159 411 208
379 159 435 188
335 165 408 214
316 172 374 238
322 172 379 236
335 172 411 219
341 172 417 216
354 172 423 212
360 172 429 209
523 172 493 102
316 178 377 243
322 178 382 240
523 178 498 107
379 184 417 231
310 203 327 246
291 215 306 249
304 215 326 255
310 215 330 253
322 215 337 251
304 222 329 260
316 222 335 258
