1.000000000000000000e+00 0.000000000000000000e+00 0.000000000000000000e+00 -1.792658120393753052e-02
0.000000000000000000e+00 1.000000000000000000e+00 0.000000000000000000e+00 2.243540808558464050e-02
0.000000000000000000e+00 0.000000000000000000e+00 1.000000000000000000e+00 -3.816788792610168457e-01
0.000000000000000000e+00 0.000000000000000000e+00 0.000000000000000000e+00 1.000000000000000000e+00
9.972233176231384277e-01 5.371036008000373840e-02 -5.158272013068199158e-02 4.201024305075407028e-03
-5.473296716809272766e-02 9.983273744583129883e-01 -1.861979998648166656e-02 2.620751224458217621e-02
5.049635842442512512e-02 2.139138989150524139e-02 9.984951019287109375e-01 -3.786573410034179688e-01
0.000000000000000000e+00 0.000000000000000000e+00 0.000000000000000000e+00 1.000000000000000000e+00
9.760226011276245117e-01 6.315162032842636108e-02 -2.083071768283843994e-01 6.765604019165039062e-02
-6.863088160753250122e-02 9.974578619003295898e-01 -1.917467080056667328e-02 2.724001556634902954e-02
2.065667212009429932e-01 3.301119431853294373e-02 9.778755307197570801e-01 -3.699500262737274170e-01
0.000000000000000000e+00 0.000000000000000000e+00 0.000000000000000000e+00 1.000000000000000000e+00
9.433538913726806641e-01 6.318941712379455566e-02 -3.257152438163757324e-01 1.161031723022460938e-01
-6.183954700827598572e-02 9.979806542396545410e-01 1.450726762413978577e-02 1.504824031144380569e-02
3.259742259979248047e-01 6.456616334617137909e-03 9.453565478324890137e-01 -3.575789332389831543e-01
0.000000000000000000e+00 0.000000000000000000e+00 0.000000000000000000e+00 1.000000000000000000e+00
9.295826554298400879e-01 7.058663666248321533e-02 -3.617921173572540283e-01 1.319124549627304077e-01
-6.046725437045097351e-02 9.973989129066467285e-01 3.923169150948524475e-02 8.806725963950157166e-03
3.636202812194824219e-01 -1.459249854087829590e-02 9.314329028129577637e-01 -3.498712182044982910e-01
0.000000000000000000e+00 0.000000000000000000e+00 0.000000000000000000e+00 1.000000000000000000e+00
1.808424443006515503e-01 9.270668029785156250e-02 -9.791328310966491699e-01 3.971349298954010010e-01
-4.406799748539924622e-02 9.953115582466125488e-01 8.609929680824279785e-02 -5.115268286317586899e-03
9.825240969657897949e-01 2.757803536951541901e-02 1.840799450874328613e-01 -6.848695874214172363e-02
0.000000000000000000e+00 0.000000000000000000e+00 0.000000000000000000e+00 1.000000000000000000e+00
1.583780199289321899e-01 1.051695272326469421e-01 -9.817617535591125488e-01 3.960125744342803955e-01
-3.332087025046348572e-02 9.943142533302307129e-01 1.011388748884201050e-01 -6.585126277059316635e-03
9.868161678314208984e-01 1.669497601687908173e-02 1.609819382429122925e-01 -5.235812440514564514e-02
0.000000000000000000e+00 0.000000000000000000e+00 0.000000000000000000e+00 1.000000000000000000e+00
1.595588624477386475e-01 1.033651307225227356e-01 -9.817619323730468750e-01 3.926825523376464844e-01
-3.005037643015384674e-02 9.945508241653442383e-01 9.982774406671524048e-02 -2.137435134500265121e-03
9.867308139801025391e-01 1.357393339276313782e-02 1.617956012487411499e-01 -4.469174891710281372e-02
0.000000000000000000e+00 0.000000000000000000e+00 0.000000000000000000e+00 1.000000000000000000e+00
1.707296520471572876e-01 9.751278162002563477e-02 -9.804808497428894043e-01 3.886831998825073242e-01
-4.194941371679306030e-02 9.949078559875488281e-01 9.164302051067352295e-02 2.781322458758950233e-03
9.844241738319396973e-01 2.548442967236042023e-02 1.739508509635925293e-01 -3.940717875957489014e-02
0.000000000000000000e+00 0.000000000000000000e+00 0.000000000000000000e+00 1.000000000000000000e+00
1.840168535709381104e-01 1.031091585755348206e-01 -9.775000214576721191e-01 3.856573402881622314e-01
-6.246783211827278137e-02 9.936992526054382324e-01 9.305822849273681641e-02 4.088486079126596451e-03
9.809361696243286133e-01 4.393804818391799927e-02 1.892984658479690552e-01 -3.559961542487144470e-02
0.000000000000000000e+00 0.000000000000000000e+00 0.000000000000000000e+00 1.000000000000000000e+00
2.016144245862960815e-01 9.498367458581924438e-02 -9.748484492301940918e-01 3.825817108154296875e-01
-8.187923580408096313e-02 9.934372305870056152e-01 7.986088097095489502e-02 1.137050800025463104e-02
9.760367274284362793e-01 6.371879577636718750e-02 2.080685198307037354e-01 -3.309017419815063477e-02
0.000000000000000000e+00 0.000000000000000000e+00 0.000000000000000000e+00 1.000000000000000000e+00
1.980209350585937500e-01 9.207087755203247070e-02 -9.758638739585876465e-01 3.817623257637023926e-01
-1.106576323509216309e-01 9.913139939308166504e-01 7.107408344745635986e-02 1.801945455372333527e-02
9.739314913749694824e-01 9.391266107559204102e-02 2.064892649650573730e-01 -2.362551912665367126e-02
0.000000000000000000e+00 0.000000000000000000e+00 0.000000000000000000e+00 1.000000000000000000e+00
2.122668325901031494e-01 1.015582680702209473e-01 -9.719199538230895996e-01 3.816774487495422363e-01
-1.120590493083000183e-01 9.905539155006408691e-01 7.903177291154861450e-02 1.880881004035472870e-02
9.707652926445007324e-01 9.213658422231674194e-02 2.216422110795974731e-01 -2.353345043957233429e-02
0.000000000000000000e+00 0.000000000000000000e+00 0.000000000000000000e+00 1.000000000000000000e+00
2.178963869810104370e-01 1.161182597279548645e-01 -9.690397381782531738e-01 3.829148411750793457e-01
-1.380828320980072021e-01 9.865770339965820312e-01 8.717072755098342896e-02 1.923395879566669464e-02
9.661542773246765137e-01 1.148135662078857422e-01 2.310054451227188110e-01 -2.122776024043560028e-02
0.000000000000000000e+00 0.000000000000000000e+00 0.000000000000000000e+00 1.000000000000000000e+00
2.324240654706954956e-01 1.209394335746765137e-01 -9.650661349296569824e-01 3.842113912105560303e-01
-1.575023382902145386e-01 9.838224053382873535e-01 8.535743504762649536e-02 2.241798117756843567e-02
9.597770571708679199e-01 1.321610510349273682e-01 2.477123290300369263e-01 -2.125052176415920258e-02
0.000000000000000000e+00 0.000000000000000000e+00 0.000000000000000000e+00 1.000000000000000000e+00
2.391504049301147461e-01 1.336561292409896851e-01 -9.617394804954528809e-01 3.863023221492767334e-01
-1.810252964496612549e-01 9.792523980140686035e-01 9.107534587383270264e-02 2.227072604000568390e-02
9.539585709571838379e-01 1.523184776306152344e-01 2.583836913108825684e-01 -1.709102839231491089e-02
0.000000000000000000e+00 0.000000000000000000e+00 0.000000000000000000e+00 1.000000000000000000e+00
2.665005326271057129e-01 1.406489908695220947e-01 -9.535173773765563965e-01 3.877221941947937012e-01
-1.952376067638397217e-01 9.766643047332763672e-01 8.949591964483261108e-02 2.576971985399723053e-02
9.438535571098327637e-01 1.623117774724960327e-01 2.877415418624877930e-01 -1.993928663432598114e-02
0.000000000000000000e+00 0.000000000000000000e+00 0.000000000000000000e+00 1.000000000000000000e+00
3.064799904823303223e-01 1.453485935926437378e-01 -9.407147169113159180e-01 3.878214657306671143e-01
-2.191654145717620850e-01 9.724956154823303223e-01 7.885616272687911987e-02 3.126203641295433044e-02
9.263026714324951172e-01 1.820042133331298828e-01 3.299058079719543457e-01 -2.757840976119041443e-02
0.000000000000000000e+00 0.000000000000000000e+00 0.000000000000000000e+00 1.000000000000000000e+00
3.734503984451293945e-01 1.737951785326004028e-01 -9.112241864204406738e-01 3.912781774997711182e-01
-2.361556142568588257e-01 9.677414298057556152e-01 8.778999745845794678e-02 2.779528498649597168e-02
8.970868587493896484e-01 1.824055761098861694e-01 4.024462103843688965e-01 -4.036594554781913757e-02
0.000000000000000000e+00 0.000000000000000000e+00 0.000000000000000000e+00 1.000000000000000000e+00
4.167971014976501465e-01 2.252114266157150269e-01 -8.806588649749755859e-01 4.068704843521118164e-01
-2.443627268075942993e-01 9.609186053276062012e-01 1.300846934318542480e-01 1.210753247141838074e-02
8.755381703376770020e-01 1.609813123941421509e-01 4.555414319038391113e-01 -4.528301581740379333e-02
0.000000000000000000e+00 0.000000000000000000e+00 0.000000000000000000e+00 1.000000000000000000e+00
4.421352744102478027e-01 2.480891793966293335e-01 -8.619557619094848633e-01 4.116982519626617432e-01
-2.736660838127136230e-01 9.524774551391601562e-01 1.337678134441375732e-01 1.285728346556425095e-02
8.541798591613769531e-01 1.767447292804718018e-01 4.890174269676208496e-01 -5.975538119673728943e-02
0.000000000000000000e+00 0.000000000000000000e+00 0.000000000000000000e+00 1.000000000000000000e+00
4.300346672534942627e-01 2.509695589542388916e-01 -8.672280907630920410e-01 4.027119576930999756e-01
-2.032598555088043213e-01 9.628371596336364746e-01 1.778471916913986206e-01 -6.432575173676013947e-03
8.796338438987731934e-01 9.979223459959030151e-02 4.650654494762420654e-01 -5.833567678928375244e-02
0.000000000000000000e+00 0.000000000000000000e+00 0.000000000000000000e+00 1.000000000000000000e+00
4.323929548263549805e-01 2.502060234546661377e-01 -8.662756085395812988e-01 3.966651558876037598e-01
-1.770545691251754761e-01 9.655856490135192871e-01 1.905146837234497070e-01 -1.412760838866233826e-02
8.841313123703002930e-01 7.100085914134979248e-02 4.618126451969146729e-01 -5.989524349570274353e-02
0.000000000000000000e+00 0.000000000000000000e+00 0.000000000000000000e+00 1.000000000000000000e+00
3.846153914928436279e-01 2.617549300193786621e-01 -8.851866126060485840e-01 3.771972358226776123e-01
-7.352224737405776978e-02 9.645926356315612793e-01 2.532902061939239502e-01 -4.477385058999061584e-02
9.201441407203674316e-01 -3.233834728598594666e-02 3.902418315410614014e-01 -4.135007411241531372e-02
0.000000000000000000e+00 0.000000000000000000e+00 0.000000000000000000e+00 1.000000000000000000e+00
3.778374791145324707e-01 2.964117228984832764e-01 -8.771426081657409668e-01 3.561981022357940674e-01
-3.706423938274383545e-02 9.514521360397338867e-01 3.055573403835296631e-01 -7.439032942056655884e-02
9.251298308372497559e-01 -8.294034749269485474e-02 3.704804778099060059e-01 -3.764453902840614319e-02
0.000000000000000000e+00 0.000000000000000000e+00 0.000000000000000000e+00 1.000000000000000000e+00
3.910458385944366455e-01 3.488775193691253662e-01 -8.516849875450134277e-01 3.372029960155487061e-01
5.519551690667867661e-03 9.244658350944519043e-01 3.812251389026641846e-01 -1.037470996379852295e-01
9.203545451164245605e-01 -1.537774056196212769e-01 3.595829308032989502e-01 -3.550852462649345398e-02
0.000000000000000000e+00 0.000000000000000000e+00 0.000000000000000000e+00 1.000000000000000000e+00
4.246073663234710693e-01 3.640638887882232666e-01 -8.289546966552734375e-01 3.220365047454833984e-01
5.590021237730979919e-02 9.033013582229614258e-01 4.253490865230560303e-01 -1.202588602900505066e-01
9.036501646041870117e-01 -2.269451022148132324e-01 3.631971180438995361e-01 -3.960463032126426697e-02
0.000000000000000000e+00 0.000000000000000000e+00 0.000000000000000000e+00 1.000000000000000000e+00
4.805992841720581055e-01 3.938470780849456787e-01 -7.835231423377990723e-01 2.985415160655975342e-01
1.205318197607994080e-01 8.553272485733032227e-01 5.038723945617675781e-01 -1.499585062265396118e-01
8.686176538467407227e-01 -3.366000652313232422e-01 3.635986447334289551e-01 -4.400178045034408569e-02
0.000000000000000000e+00 0.000000000000000000e+00 0.000000000000000000e+00 1.000000000000000000e+00
5.021389722824096680e-01 4.266505241394042969e-01 -7.522137761116027832e-01 2.832692563533782959e-01
1.412645429372787476e-01 8.176740407943725586e-01 5.580798983573913574e-01 -1.702758967876434326e-01
8.531710505485534668e-01 -3.864948451519012451e-01 3.503154218196868896e-01 -4.228006303310394287e-02
0.000000000000000000e+00 0.000000000000000000e+00 0.000000000000000000e+00 1.000000000000000000e+00
5.077633261680603027e-01 4.727469086647033691e-01 -7.201988697052001953e-01 2.662250399589538574e-01
1.618514209985733032e-01 7.687520384788513184e-01 6.187280416488647461e-01 -1.902681887149810791e-01
8.461562395095825195e-01 -4.307326972484588623e-01 3.138294517993927002e-01 -3.252746909856796265e-02
0.000000000000000000e+00 0.000000000000000000e+00 0.000000000000000000e+00 1.000000000000000000e+00
5.362902283668518066e-01 4.818439483642578125e-01 -6.929784417152404785e-01 2.517577409744262695e-01
1.631780564785003662e-01 7.463518381118774414e-01 6.452378630638122559e-01 -1.991665810346603394e-01
8.281096816062927246e-01 -4.591135084629058838e-01 3.216347396373748779e-01 -3.696531057357788086e-02
0.000000000000000000e+00 0.000000000000000000e+00 0.000000000000000000e+00 1.000000000000000000e+00
5.469310879707336426e-01 4.884913861751556396e-01 -6.798841357231140137e-01 2.409998327493667603e-01
1.804345995187759399e-01 7.242460250854492188e-01 6.655151844024658203e-01 -2.052707225084304810e-01
8.175019621849060059e-01 -4.866655766963958740e-01 3.079721331596374512e-01 -3.492210060358047485e-02
0.000000000000000000e+00 0.000000000000000000e+00 0.000000000000000000e+00 1.000000000000000000e+00
5.154697895050048828e-01 5.448862314224243164e-01 -6.613543629646301270e-01 2.272910028696060181e-01
1.745643168687820435e-01 6.888354420661926270e-01 7.035858631134033203e-01 -2.165611237287521362e-01
8.389386534690856934e-01 -4.781260490417480469e-01 2.599562704563140869e-01 -2.296124212443828583e-02
0.000000000000000000e+00 0.000000000000000000e+00 0.000000000000000000e+00 1.000000000000000000e+00
4.633215665817260742e-01 6.248860955238342285e-01 -6.283712983131408691e-01 2.056241929531097412e-01
1.433027982711791992e-01 6.469078063964843750e-01 7.489820718765258789e-01 -2.278526574373245239e-01
8.745269179344177246e-01 -4.370670020580291748e-01 2.101784497499465942e-01 -1.541246566921472549e-02
0.000000000000000000e+00 0.000000000000000000e+00 0.000000000000000000e+00 1.000000000000000000e+00
3.736675977706909180e-01 6.892543435096740723e-01 -6.207260489463806152e-01 1.982029229402542114e-01
1.316828578710556030e-01 6.230041980743408203e-01 7.710547447204589844e-01 -2.323114275932312012e-01
9.181679487228393555e-01 -3.698571622371673584e-01 1.420334726572036743e-01 -1.436300808563828468e-04
0.000000000000000000e+00 0.000000000000000000e+00 0.000000000000000000e+00 1.000000000000000000e+00
4.267663061618804932e-01 7.138888835906982422e-01 -5.551875233650207520e-01 1.736674159765243530e-01
1.268510818481445312e-01 5.605776309967041016e-01 8.183285593986511230e-01 -2.424080073833465576e-01
8.954212069511413574e-01 -4.196610748767852783e-01 1.486781239509582520e-01 -1.204910967499017715e-02
0.000000000000000000e+00 0.000000000000000000e+00 0.000000000000000000e+00 1.000000000000000000e+00
5.677576661109924316e-01 6.620340347290039062e-01 -4.892462193965911865e-01 1.495590656995773315e-01
1.187024936079978943e-01 5.222733616828918457e-01 8.444764614105224609e-01 -2.455941438674926758e-01
8.145923614501953125e-01 -5.375326275825500488e-01 2.179395407438278198e-01 -3.867866843938827515e-02
0.000000000000000000e+00 0.000000000000000000e+00 0.000000000000000000e+00 1.000000000000000000e+00
6.954368948936462402e-01 6.095381379127502441e-01 -3.805661499500274658e-01 1.124818399548530579e-01
4.897030070424079895e-02 4.881715476512908936e-01 8.713726997375488281e-01 -2.458484470844268799e-01
7.169165015220642090e-01 -6.246210336685180664e-01 3.096432089805603027e-01 -6.804516911506652832e-02
0.000000000000000000e+00 0.000000000000000000e+00 0.000000000000000000e+00 1.000000000000000000e+00
7.761932015419006348e-01 5.642461776733398438e-01 -2.813370823860168457e-01 8.713074773550033569e-02
-9.231731295585632324e-03 4.563390910625457764e-01 8.897581696510314941e-01 -2.428719997406005859e-01
6.304277777671813965e-01 -6.880267262458801270e-01 3.594161868095397949e-01 -8.255183696746826172e-02
0.000000000000000000e+00 0.000000000000000000e+00 0.000000000000000000e+00 1.000000000000000000e+00
7.770491242408752441e-01 6.055245399475097656e-01 -1.718567311763763428e-01 6.377572566270828247e-02
-8.432545512914657593e-02 3.707152009010314941e-01 9.249104261398315430e-01 -2.547442317008972168e-01
6.237659454345703125e-01 -7.042089700698852539e-01 3.391250669956207275e-01 -7.424592971801757812e-02
0.000000000000000000e+00 0.000000000000000000e+00 0.000000000000000000e+00 1.000000000000000000e+00
7.682515382766723633e-01 6.383759379386901855e-01 -4.759776219725608826e-02 3.092858009040355682e-02
-1.615118235349655151e-01 2.652451992034912109e-01 9.505571126937866211e-01 -2.709553539752960205e-01
6.194378733634948730e-01 -7.225795388221740723e-01 3.068803250789642334e-01 -6.179198995232582092e-02
0.000000000000000000e+00 0.000000000000000000e+00 0.000000000000000000e+00 1.000000000000000000e+00
7.811520695686340332e-01 6.220713257789611816e-01 5.318695306777954102e-02 -1.235123025253415108e-03
-1.938400417566299438e-01 1.606646925210952759e-01 9.677874445915222168e-01 -2.840184569358825684e-01
5.934875011444091797e-01 -7.662989497184753418e-01 2.460858523845672607e-01 -4.259555414319038391e-02
0.000000000000000000e+00 0.000000000000000000e+00 0.000000000000000000e+00 1.000000000000000000e+00
7.918545603752136230e-01 5.906734466552734375e-01 1.551493406295776367e-01 -4.003563895821571350e-02
-2.275613546371459961e-01 4.962637275457382202e-02 9.724984169006347656e-01 -2.916661500930786133e-01
5.667294263839721680e-01 -8.053832650184631348e-01 1.737113445997238159e-01 -2.092526108026504517e-02
0.000000000000000000e+00 0.000000000000000000e+00 0.000000000000000000e+00 1.000000000000000000e+00
8.027407526969909668e-01 5.505286455154418945e-01 2.291840314865112305e-01 -7.248683273792266846e-02
-2.311198562383651733e-01 -6.706158071756362915e-02 9.706113338470458984e-01 -2.981954813003540039e-01
5.497187972068786621e-01 -8.321183919906616211e-01 7.340504974126815796e-02 9.747935459017753601e-03
0.000000000000000000e+00 0.000000000000000000e+00 0.000000000000000000e+00 1.000000000000000000e+00
7.639738321304321289e-01 6.275444030761718750e-01 1.501068621873855591e-01 -3.947135433554649353e-02
-2.959577739238739014e-01 1.340802460908889771e-01 9.457438588142395020e-01 -2.728874385356903076e-01
5.733699798583984375e-01 -7.669486999511718750e-01 2.881604731082916260e-01 -6.839687377214431763e-02
0.000000000000000000e+00 0.000000000000000000e+00 0.000000000000000000e+00 1.000000000000000000e+00
7.462992072105407715e-01 6.562074422836303711e-01 1.114854589104652405e-01 -2.299041301012039185e-02
-3.692933917045593262e-01 2.688621878623962402e-01 8.895703554153442383e-01 -2.463982701301574707e-01
5.537685751914978027e-01 -7.050565481185913086e-01 4.429847598075866699e-01 -1.134073585271835327e-01
0.000000000000000000e+00 0.000000000000000000e+00 0.000000000000000000e+00 1.000000000000000000e+00
7.317643165588378906e-01 6.805365085601806641e-01 3.729737550020217896e-02 1.844861311838030815e-03
-4.333454966545104980e-01 4.223324954509735107e-01 7.961450815200805664e-01 -2.059223949909210205e-01
5.260539054870605469e-01 -5.987530946731567383e-01 6.039552092552185059e-01 -1.561679244041442871e-01
0.000000000000000000e+00 0.000000000000000000e+00 0.000000000000000000e+00 1.000000000000000000e+00
7.093068361282348633e-01 7.046267390251159668e-01 -1.961789280176162720e-02 2.014830335974693298e-02
-5.066822767257690430e-01 5.290010571479797363e-01 6.807575225830078125e-01 -1.617815345525741577e-01
4.900578260421752930e-01 -4.729259908199310303e-01 7.322458624839782715e-01 -1.854131072759628296e-01
0.000000000000000000e+00 0.000000000000000000e+00 0.000000000000000000e+00 1.000000000000000000e+00
7.016418576240539551e-01 7.113158702850341797e-01 -4.157230257987976074e-02 2.629597112536430359e-02
-5.625450611114501953e-01 5.888143777847290039e-01 5.803796052932739258e-01 -1.281406879425048828e-01
4.373116493225097656e-01 -3.838323354721069336e-01 8.132841587066650391e-01 -2.022475302219390869e-01
0.000000000000000000e+00 0.000000000000000000e+00 0.000000000000000000e+00 1.000000000000000000e+00
6.712974309921264648e-01 7.408962845802307129e-01 -2.078963816165924072e-02 1.811763271689414978e-02
-6.538944244384765625e-01 6.052086353302001953e-01 4.540311694145202637e-01 -9.323831647634506226e-02
3.489721715450286865e-01 -2.911956906318664551e-01 8.907431364059448242e-01 -2.173806428909301758e-01
0.000000000000000000e+00 0.000000000000000000e+00 0.000000000000000000e+00 1.000000000000000000e+00
6.460938453674316406e-01 7.619487047195434570e-01 -4.468311741948127747e-02 2.082830108702182770e-02
-7.058094739913940430e-01 6.187218427658081055e-01 3.449867963790893555e-01 -6.222701817750930786e-02
2.905087769031524658e-01 -1.913560628890991211e-01 9.375432729721069336e-01 -2.246027737855911255e-01
0.000000000000000000e+00 0.000000000000000000e+00 0.000000000000000000e+00 1.000000000000000000e+00
6.281403303146362305e-01 7.733241915702819824e-01 -8.607656508684158325e-02 2.801433391869068146e-02
-7.461510896682739258e-01 6.300258040428161621e-01 2.152345180511474609e-01 -2.465122751891613007e-02
2.206765562295913696e-01 -7.097133249044418335e-02 9.727615118026733398e-01 -2.281267344951629639e-01
0.000000000000000000e+00 0.000000000000000000e+00 0.000000000000000000e+00 1.000000000000000000e+00
6.085386276245117188e-01 7.883742451667785645e-01 -9.025761485099792480e-02 2.791718207299709320e-02
-7.757155299186706543e-01 6.149829030036926270e-01 1.416367888450622559e-01 -4.683086182922124863e-03
1.671697199344635010e-01 -1.617717184126377106e-02 9.857953786849975586e-01 -2.290841788053512573e-01
0.000000000000000000e+00 0.000000000000000000e+00 0.000000000000000000e+00 1.000000000000000000e+00
5.699362754821777344e-01 8.162089586257934570e-01 -9.473931044340133667e-02 2.623062953352928162e-02
-8.194309473037719727e-01 5.731212496757507324e-01 8.056936785578727722e-03 3.030551597476005554e-02
6.087325513362884521e-02 7.304038107395172119e-02 9.954695105552673340e-01 -2.288040369749069214e-01
0.000000000000000000e+00 0.000000000000000000e+00 0.000000000000000000e+00 1.000000000000000000e+00
5.350068211555480957e-01 8.406437039375305176e-01 -8.417622745037078857e-02 2.119283191859722137e-02
-8.425188660621643066e-01 5.234847068786621094e-01 -1.269861906766891479e-01 6.570968031883239746e-02
-6.268520653247833252e-02 1.388585418462753296e-01 9.883263111114501953e-01 -2.241661846637725830e-01
0.000000000000000000e+00 0.000000000000000000e+00 0.000000000000000000e+00 1.000000000000000000e+00
5.251658558845520020e-01 8.472372889518737793e-01 -7.993509620428085327e-02 1.778711378574371338e-02
-8.335388302803039551e-01 4.931860864162445068e-01 -2.489583641290664673e-01 9.648055583238601685e-02
-1.715039908885955811e-01 1.973734349012374878e-01 9.652099013328552246e-01 -2.135063856840133667e-01
0.000000000000000000e+00 0.000000000000000000e+00 0.000000000000000000e+00 1.000000000000000000e+00
4.739905595779418945e-01 8.705732226371765137e-01 -1.320414543151855469e-01 3.102932497859001160e-02
-8.363899588584899902e-01 3.982563614845275879e-01 -3.766211271286010742e-01 1.279643177986145020e-01
-2.752900123596191406e-01 2.889530062675476074e-01 9.169086813926696777e-01 -1.957246661186218262e-01
0.000000000000000000e+00 0.000000000000000000e+00 0.000000000000000000e+00 1.000000000000000000e+00
