321 150 287 215
346 157 307 207
371 157 333 199
378 157 338 197
384 157 344 195
315 163 285 228
340 163 304 216
346 163 308 214
365 163 330 214
371 163 334 207
378 163 340 206
315 169 287 235
321 169 293 232
340 169 306 222
353 169 312 221
359 169 323 221
365 169 332 218
371 169 338 216
378 169 344 215
384 169 350 213
390 169 355 211
441 169 392 197
315 176 290 241
321 176 296 238
327 176 301 237
340 176 310 234
346 176 315 232
353 176 319 230
365 176 334 224
371 176 340 223
378 176 346 222
384 176 351 220
390 176 357 217
397 176 363 216
403 176 369 214
409 176 375 212
435 176 388 204
441 176 395 202
321 182 297 245
327 182 304 243
346 182 317 239
353 182 323 236
359 182 334 232
371 182 343 229
378 182 348 227
384 182 354 226
390 182 360 224
403 182 371 220
409 182 378 218
346 188 318 244
353 188 330 241
359 188 336 238
365 188 341 236
378 188 350 233
384 188 360 231
397 188 368 228
403 188 373 226
409 188 379 224
416 188 386 223
422 188 391 221
315 195 293 255
378 195 352 240
384 195 359 237
390 195 368 235
403 195 376 232
409 195 382 230
416 195 388 229
422 195 395 227
428 195 401 226
454 195 425 218
315 201 295 260
371 201 351 247
384 201 361 244
390 201 370 241
403 201 378 238
409 201 385 236
416 201 390 235
422 201 397 234
441 201 415 227
447 201 421 226
454 201 425 223
561 201 520 194
567 201 526 193
315 207 292 267
327 207 310 261
334 207 317 259
353 207 330 255
359 207 335 255
390 207 368 249
397 207 374 247
403 207 379 245
409 207 386 243
416 207 392 241
422 207 398 240
441 207 417 233
454 207 428 230
296 213 269 280
315 213 294 272
346 213 324 264
353 213 330 262
359 213 337 260
365 213 343 259
371 213 351 257
397 213 375 252
403 213 381 251
454 213 430 235
460 213 436 234
302 220 275 279
308 220 281 277
353 220 331 267
359 220 338 266
365 220 345 265
371 220 351 264
460 220 440 240
466 220 444 238
308 226 284 283
315 226 288 280
340 226 309 276
359 226 340 271
365 226 346 269
371 226 352 269
378 226 359 266
384 226 366 265
479 226 453 243
485 226 459 240
492 226 465 237
536 226 502 227
548 226 515 224
561 226 521 220
334 232 310 280
365 232 348 275
371 232 353 273
473 232 450 250
479 232 455 248
485 232 460 246
492 232 467 245
504 232 474 238
511 232 478 236
308 239 289 296
498 239 470 250
567 239 529 224
498 245 470 257
511 245 483 248
346 258 329 298
422 270 385 297
