327 138 315 167
321 144 314 171
327 144 321 171
346 150 332 170
353 150 339 169
340 157 319 178
359 157 348 182
384 157 373 176
327 163 314 192
359 163 346 189
365 163 354 188
371 163 360 187
378 163 368 187
397 163 399 185
340 169 323 197
359 169 347 196
365 169 353 196
371 169 361 195
378 169 368 195
327 176 314 204
359 176 349 204
371 176 362 202
378 176 369 207
390 176 387 200
397 176 394 200
447 176 433 196
485 176 471 193
321 182 310 212
327 182 315 212
353 182 349 213
359 182 354 212
365 182 361 213
371 182 368 212
511 182 491 198
321 188 310 218
327 188 317 217
353 188 349 220
371 188 367 218
485 188 466 209
504 188 486 207
517 188 505 207
529 188 511 205
536 188 517 205
542 188 521 204
548 188 529 204
315 195 303 224
384 195 378 225
479 195 466 214
485 195 472 214
492 195 478 214
498 195 485 214
504 195 490 213
511 195 498 213
517 195 504 212
529 195 512 212
536 195 519 212
542 195 523 211
548 195 529 210
555 195 536 210
371 201 370 233
384 201 378 232
390 201 384 232
397 201 390 232
403 201 401 232
485 201 473 222
492 201 479 221
498 201 487 221
504 201 491 220
529 201 512 218
536 201 520 219
548 201 525 217
555 201 532 217
308 207 293 232
365 207 365 240
403 207 396 238
498 207 485 228
511 207 499 227
517 207 505 230
523 207 511 230
498 213 487 233
308 220 287 240
403 220 398 251
409 220 404 251
416 220 410 250
529 220 515 238
555 220 538 228
302 226 282 246
308 226 287 246
390 226 385 252
479 226 474 253
498 226 486 251
308 232 287 250
315 232 293 249
365 232 352 255
390 232 379 259
403 232 392 258
498 232 488 258
574 232 547 249
580 232 553 247
321 239 301 252
359 239 352 260
390 239 379 265
397 239 384 264
473 239 475 259
574 239 547 253
580 239 553 252
