443 212 464 163
452 212 448 160
473 212 476 146
397 220 402 134
401 229 406 141
507 229 505 160
401 233 406 145
511 233 510 166
515 233 514 167
401 237 406 149
435 237 446 171
447 237 444 199
397 242 401 150
405 242 410 156
439 242 452 176
481 250 488 176
503 250 504 177
507 250 509 179
481 254 488 182
503 254 505 182
507 254 509 182
401 263 403 171
443 263 430 222
503 263 502 200
507 263 508 187
511 263 513 188
363 267 353 236
422 267 415 220
426 267 421 220
430 267 426 221
507 267 508 192
511 267 512 193
422 271 415 226
426 271 420 225
430 271 426 227
447 271 444 240
503 271 502 203
507 271 507 205
363 276 352 241
405 276 399 209
414 276 408 231
418 276 412 231
426 276 420 231
430 276 425 234
435 276 430 235
439 276 434 239
503 276 501 209
507 276 506 210
511 276 512 200
515 276 517 201
363 280 352 245
401 280 389 217
418 280 412 235
426 280 420 238
430 280 425 239
435 280 430 239
464 280 460 243
503 280 501 213
409 284 402 236
414 284 407 237
422 284 417 241
464 284 460 246
503 284 500 219
507 284 505 219
414 288 406 242
503 288 500 224
358 293 346 256
375 293 331 304
494 293 474 259
380 297 372 233
422 297 416 246
435 297 352 294
439 297 358 296
414 301 405 253
418 301 411 252
392 305 384 251
397 305 389 254
405 305 396 256
409 305 401 256
414 305 406 257
418 305 411 258
422 305 416 257
430 305 425 258
460 305 454 262
469 305 464 263
473 305 468 264
388 309 375 254
422 309 415 263
447 309 437 266
456 309 447 265
464 309 458 269
469 309 463 269
473 309 468 269
477 309 466 275
452 314 441 270
456 314 447 271
460 314 452 274
464 314 458 275
469 314 463 275
473 314 420 329
426 335 402 331
