397 208 407 80
414 208 421 89
439 212 457 110
443 212 465 111
460 212 470 110
464 212 476 112
464 216 475 119
473 216 482 121
477 216 489 122
401 225 407 86
460 225 452 225
401 237 396 106
405 237 402 107
426 242 350 310
354 246 317 272
358 246 325 275
409 246 412 101
414 246 419 102
422 246 431 119
405 250 393 128
414 250 416 111
418 250 423 120
422 250 430 126
511 250 503 138
418 254 414 131
507 254 446 257
426 259 415 169
443 259 432 252
447 259 438 254
511 259 394 345
426 263 414 174
426 267 421 187
430 271 425 261
435 271 432 262
367 276 348 226
430 276 424 268
435 276 430 268
435 280 429 274
414 284 376 229
426 293 285 329
430 293 295 330
435 293 350 346
430 297 293 336
490 297 417 310
392 305 385 188
473 305 375 373
469 309 367 378
426 314 346 329
469 314 366 385
473 314 376 380
375 322 381 297
405 322 330 342
