-0.39450404047966 -0.3123897314071655 0.864163875579834 -0.2372413575649261 
-0.9147592186927795 0.04439648240804672 -0.4015525579452515 0.1691753417253494 
0.08707506954669952 -0.9489160180091858 -0.3032759130001068 0.08700060099363327 
0 0 0 1 

-0.4238432943820953 -0.4097432494163513 0.8077545762062073 -0.2205912172794342 
-0.9040421843528748 0.1368725597858429 -0.404936820268631 0.1708779633045197 
0.05536065250635147 -0.9018738865852356 -0.4284376800060272 0.1240384057164192 
0 0 0 1 

-0.08458253741264343 -0.5407518744468689 0.8369187116622925 -0.2609310150146484 
-0.9613778591156006 0.2650675773620605 0.07410497963428497 0.03400145843625069 
-0.2619123458862305 -0.7983272671699524 -0.5422868132591248 0.1832220852375031 
0 0 0 1 

-0.08522345870733261 -0.5388582944869995 0.8380743265151978 -0.261464536190033 
-0.9802822470664978 0.1958518475294113 0.02624261938035488 0.05066240206360817 
-0.1782794594764709 -0.8193129301071167 -0.5449243187904358 0.1794733107089996 
0 0 0 1 

-0.06593284755945206 -0.5182211995124817 0.8527013659477234 -0.2672089040279388 
-0.9943751096725464 0.1051140055060387 -0.0130054485052824 0.06320811808109283 
-0.08289115130901337 -0.8487625122070312 -0.5222366452217102 0.1661525070667267 
0 0 0 1 

-0.09780224412679672 -0.487642228603363 0.867547869682312 -0.2699180841445923 
-0.9951802492141724 0.0541473776102066 -0.08175531774759293 0.08353809267282486 
-0.007107926532626152 -0.871362566947937 -0.4905876517295837 0.1513868719339371 
0 0 0 1 

-0.1170721426606178 -0.4838058650493622 0.8673095107078552 -0.2689901888370514 
-0.9892719984054565 -0.02002513967454433 -0.1447056531906128 0.1028581634163857 
0.08737750351428986 -0.874946117401123 -0.4762710630893707 0.1407651752233505 
0 0 0 1 

-0.1234129816293716 -0.4470422863960266 0.8859584331512451 -0.2738324701786041 
-0.968654453754425 -0.1396870017051697 -0.2054166048765182 0.1208265721797943 
0.2155867964029312 -0.8835387229919434 -0.415790319442749 0.1140008792281151 
0 0 0 1 

-0.1553187519311905 -0.2149104475975037 0.9642040729522705 -0.2950090765953064 
-0.9607275128364563 -0.1943416595458984 -0.1980753988027573 0.1166756153106689 
0.2299535125494003 -0.9571022987365723 -0.1762854158878326 0.03559426963329315 
0 0 0 1 

-0.1366911381483078 -0.1954305768013 0.9711447358131409 -0.2995626330375671 
-0.9672390818595886 -0.1853769421577454 -0.1734463274478912 0.1090695708990097 
0.2139246910810471 -0.96303790807724 -0.1636885553598404 0.03505267575383186 
0 0 0 1 

