1.000000000000000000e+00 0.000000000000000000e+00 0.000000000000000000e+00 -3.619798645377159119e-02
0.000000000000000000e+00 1.000000000000000000e+00 0.000000000000000000e+00 -1.327119767665863037e-03
0.000000000000000000e+00 0.000000000000000000e+00 1.000000000000000000e+00 -2.960163652896881104e-01
0.000000000000000000e+00 0.000000000000000000e+00 0.000000000000000000e+00 1.000000000000000000e+00
9.908781647682189941e-01 1.339498758316040039e-01 1.475852169096469879e-02 -4.395199567079544067e-02
-1.328717023134231567e-01 9.893852472305297852e-01 -5.883762985467910767e-02 2.821638248860836029e-02
-2.248319424688816071e-02 5.633992701768875122e-02 9.981583952903747559e-01 -2.967518866062164307e-01
0.000000000000000000e+00 0.000000000000000000e+00 0.000000000000000000e+00 1.000000000000000000e+00
9.714031815528869629e-01 2.342259287834167480e-01 3.890732675790786743e-02 -5.166693031787872314e-02
-2.294048964977264404e-01 9.681187272071838379e-01 -1.005939990282058716e-01 5.170277506113052368e-02
-6.122872233390808105e-02 8.879178762435913086e-02 9.941665530204772949e-01 -2.943302690982818604e-01
0.000000000000000000e+00 0.000000000000000000e+00 0.000000000000000000e+00 1.000000000000000000e+00
9.415470957756042480e-01 3.344869315624237061e-01 4.009234532713890076e-02 -5.100763961672782898e-02
-3.260234296321868896e-01 9.346961975097656250e-01 -1.416039913892745972e-01 7.308235019445419312e-02
-8.483891934156417847e-02 1.202558204531669617e-01 9.891113638877868652e-01 -2.914867401123046875e-01
0.000000000000000000e+00 0.000000000000000000e+00 0.000000000000000000e+00 1.000000000000000000e+00
8.965888023376464844e-01 4.428516030311584473e-01 3.278729040175676346e-03 -3.434655442833900452e-02
-4.364115297794342041e-01 8.847610950469970703e-01 -1.635319739580154419e-01 8.663939684629440308e-02
-7.532132416963577271e-02 1.451900601387023926e-01 9.865327477455139160e-01 -2.910671532154083252e-01
0.000000000000000000e+00 0.000000000000000000e+00 0.000000000000000000e+00 1.000000000000000000e+00
8.307397365570068359e-01 5.566231608390808105e-01 -6.485950201749801636e-03 -2.531580626964569092e-02
-5.475839972496032715e-01 8.150428533554077148e-01 -1.893579214811325073e-01 1.012360602617263794e-01
-1.001147478818893433e-01 1.608587503433227539e-01 9.818867444992065430e-01 -2.891941964626312256e-01
0.000000000000000000e+00 0.000000000000000000e+00 0.000000000000000000e+00 1.000000000000000000e+00
7.565724849700927734e-01 6.527560353279113770e-01 -3.882448747754096985e-02 -8.575470186769962311e-03
-6.487067937850952148e-01 7.417540550231933594e-01 -1.702350825071334839e-01 9.914192557334899902e-02
-8.232386410236358643e-02 1.539809256792068481e-01 9.846383929252624512e-01 -2.925475835800170898e-01
0.000000000000000000e+00 0.000000000000000000e+00 0.000000000000000000e+00 1.000000000000000000e+00
6.917713284492492676e-01 7.190317511558532715e-01 -6.667467206716537476e-02 4.207244608551263809e-03
-7.211989164352416992e-01 6.832884550094604492e-01 -1.139665991067886353e-01 8.118835091590881348e-02
-3.638762608170509338e-02 1.269245445728302002e-01 9.912447929382324219e-01 -2.994371950626373291e-01
0.000000000000000000e+00 0.000000000000000000e+00 0.000000000000000000e+00 1.000000000000000000e+00
5.888419747352600098e-01 8.074719309806823730e-01 -3.540930896997451782e-02 -2.160375472158193588e-03
-8.072222471237182617e-01 5.853236317634582520e-01 -7.608152180910110474e-02 6.899013370275497437e-02
-4.070781171321868896e-02 7.338317483663558960e-02 9.964727163314819336e-01 -3.067266345024108887e-01
0.000000000000000000e+00 0.000000000000000000e+00 0.000000000000000000e+00 1.000000000000000000e+00
5.033484101295471191e-01 8.632619976997375488e-01 -3.766948357224464417e-02 3.233745926991105080e-03
-8.634296059608459473e-01 5.007937550544738770e-01 -6.078535690903663635e-02 6.467905640602111816e-02
-3.360904380679130554e-02 6.312116235494613647e-02 9.974398016929626465e-01 -3.102451562881469727e-01
0.000000000000000000e+00 0.000000000000000000e+00 0.000000000000000000e+00 1.000000000000000000e+00
4.066592156887054443e-01 9.119009375572204590e-01 -5.535886436700820923e-02 1.376498676836490631e-02
-9.134492874145507812e-01 4.068784117698669434e-01 -7.763768546283245087e-03 4.563665017485618591e-02
1.544452738016843796e-02 5.372472479939460754e-02 9.984363913536071777e-01 -3.148044347763061523e-01
0.000000000000000000e+00 0.000000000000000000e+00 0.000000000000000000e+00 1.000000000000000000e+00
2.907714843750000000e-01 9.551941156387329102e-01 -5.527824535965919495e-02 1.872107386589050293e-02
-9.558838009834289551e-01 2.925274074077606201e-01 2.671471238136291504e-02 3.311949223279953003e-02
4.168812930583953857e-02 4.507172107696533203e-02 9.981134533882141113e-01 -3.174162805080413818e-01
0.000000000000000000e+00 0.000000000000000000e+00 0.000000000000000000e+00 1.000000000000000000e+00
1.807090491056442261e-01 9.813746809959411621e-01 -6.517375260591506958e-02 2.706506289541721344e-02
-9.814527630805969238e-01 1.842409819364547729e-01 5.296673998236656189e-02 2.340004406869411469e-02
6.398790329694747925e-02 5.439340323209762573e-02 9.964671730995178223e-01 -3.182252347469329834e-01
0.000000000000000000e+00 0.000000000000000000e+00 0.000000000000000000e+00 1.000000000000000000e+00
1.040991172194480896e-01 9.921644330024719238e-01 -6.908764690160751343e-02 3.144297003746032715e-02
-9.904619455337524414e-01 1.097239032387733459e-01 8.334219455718994141e-02 1.212645974010229111e-02
9.026972204446792603e-02 5.975282937288284302e-02 9.941232204437255859e-01 -3.178238570690155029e-01
0.000000000000000000e+00 0.000000000000000000e+00 0.000000000000000000e+00 1.000000000000000000e+00
2.104170620441436768e-02 9.963082075119018555e-01 -8.323036134243011475e-02 4.083362594246864319e-02
-9.972884058952331543e-01 2.678851783275604248e-02 6.854369491338729858e-02 1.867110840976238251e-02
7.052025943994522095e-02 8.156239986419677734e-02 9.941702485084533691e-01 -3.116472661495208740e-01
0.000000000000000000e+00 0.000000000000000000e+00 0.000000000000000000e+00 1.000000000000000000e+00
-9.061715751886367798e-02 8.653455972671508789e-01 -4.929150342941284180e-01 1.813663840293884277e-01
-9.912636280059814453e-01 -3.074354492127895355e-02 1.282609552145004272e-01 -3.065600758418440819e-04
9.583602845668792725e-02 5.002315044403076172e-01 8.605718612670898438e-01 -2.607862055301666260e-01
0.000000000000000000e+00 0.000000000000000000e+00 0.000000000000000000e+00 1.000000000000000000e+00
-1.634132415056228638e-01 8.420782089233398438e-01 -5.140042304992675781e-01 1.900879591703414917e-01
-9.786227941513061523e-01 -7.241306453943252563e-02 1.924935281276702881e-01 -2.287384308874607086e-02
1.248739659786224365e-01 5.344722867012023926e-01 8.359102010726928711e-01 -2.538814842700958252e-01
0.000000000000000000e+00 0.000000000000000000e+00 0.000000000000000000e+00 1.000000000000000000e+00
-1.270827651023864746e-01 7.746886610984802246e-01 -6.194413304328918457e-01 2.169506400823593140e-01
-9.917140603065490723e-01 -1.110698580741882324e-01 6.455048173666000366e-02 1.818891428411006927e-02
-1.879467815160751343e-02 6.225118637084960938e-01 7.823846340179443359e-01 -2.298627495765686035e-01
0.000000000000000000e+00 0.000000000000000000e+00 0.000000000000000000e+00 1.000000000000000000e+00
-8.748067170381546021e-02 6.856487393379211426e-01 -7.226569056510925293e-01 2.402578294277191162e-01
-9.949463009834289551e-01 -2.424634620547294617e-02 9.743785858154296875e-02 1.084548793733119965e-02
4.928636923432350159e-02 7.275286912918090820e-01 6.843046545982360840e-01 -2.088914066553115845e-01
0.000000000000000000e+00 0.000000000000000000e+00 0.000000000000000000e+00 1.000000000000000000e+00
-6.335828453302383423e-02 5.206196308135986328e-01 -8.514345288276672363e-01 2.770484685897827148e-01
-9.856804609298706055e-01 1.009438559412956238e-01 1.350713521242141724e-01 -7.334147812798619270e-04
1.562677770853042603e-01 8.478003144264221191e-01 5.067690610885620117e-01 -1.539509445428848267e-01
0.000000000000000000e+00 0.000000000000000000e+00 0.000000000000000000e+00 1.000000000000000000e+00
-1.229544579982757568e-01 3.743483722209930420e-01 -9.191004037857055664e-01 2.964411079883575439e-01
-9.854981899261474609e-01 6.307508051395416260e-02 1.575273424386978149e-01 -1.162686385214328766e-02
1.169424653053283691e-01 9.251404404640197754e-01 3.611642420291900635e-01 -1.036624312400817871e-01
0.000000000000000000e+00 0.000000000000000000e+00 0.000000000000000000e+00 1.000000000000000000e+00
-1.930070668458938599e-01 2.751397192478179932e-01 -9.418313503265380859e-01 3.050961494445800781e-01
-9.749764204025268555e-01 5.413830280303955078e-02 2.156150639057159424e-01 -3.052324429154396057e-02
1.103133335709571838e-01 9.598786234855651855e-01 2.578057944774627686e-01 -7.126627862453460693e-02
0.000000000000000000e+00 0.000000000000000000e+00 0.000000000000000000e+00 1.000000000000000000e+00
-2.745323181152343750e-01 1.516183316707611084e-01 -9.495491385459899902e-01 3.109576404094696045e-01
-9.594328999519348145e-01 2.272771485149860382e-02 2.810190320014953613e-01 -5.163978785276412964e-02
6.418857723474502563e-02 9.881776571273803711e-01 1.392283439636230469e-01 -3.143369033932685852e-02
0.000000000000000000e+00 0.000000000000000000e+00 0.000000000000000000e+00 1.000000000000000000e+00
-3.101105988025665283e-01 -2.881847321987152100e-01 -9.059695005416870117e-01 3.014883100986480713e-01
-9.482429027557373047e-01 2.528675831854343414e-02 3.165371716022491455e-01 -6.095984578132629395e-02
-6.831227242946624756e-02 9.572407603263854980e-01 -2.811107039451599121e-01 1.088343113660812378e-01
0.000000000000000000e+00 0.000000000000000000e+00 0.000000000000000000e+00 1.000000000000000000e+00
-2.536864876747131348e-01 -3.694992959499359131e-01 -8.939312696456909180e-01 2.934471964836120605e-01
-9.670919775962829590e-01 7.836312800645828247e-02 2.420580238103866577e-01 -3.769991546869277954e-02
-1.938915625214576721e-02 9.259207844734191895e-01 -3.772193491458892822e-01 1.374483406543731689e-01
0.000000000000000000e+00 0.000000000000000000e+00 0.000000000000000000e+00 1.000000000000000000e+00
-1.511307805776596069e-01 -3.468491137027740479e-01 -9.256645441055297852e-01 2.964972257614135742e-01
-9.884976744651794434e-01 4.770661145448684692e-02 1.435137093067169189e-01 -5.909116473048925400e-03
-5.617361515760421753e-03 9.367067217826843262e-01 -3.500694036483764648e-01 1.273723244667053223e-01
0.000000000000000000e+00 0.000000000000000000e+00 0.000000000000000000e+00 1.000000000000000000e+00
