447 123 424 117
435 128 412 121
447 128 425 123
435 134 415 133
441 134 422 131
435 145 417 147
441 145 424 145
419 151 405 152
441 151 426 152
396 156 388 161
402 156 394 160
407 156 399 159
419 156 407 158
396 162 389 168
419 162 408 164
424 162 414 162
424 167 415 168
430 167 422 167
452 167 442 162
391 173 385 184
430 173 423 175
435 173 429 171
452 173 444 167
491 173 478 153
497 173 483 152
503 173 489 150
368 179 366 194
391 179 386 190
413 179 411 178
491 179 478 159
497 179 485 157
508 179 493 159
391 184 391 190
402 184 401 187
407 184 407 185
413 184 413 184
424 184 422 183
430 184 427 182
435 184 431 180
503 184 493 162
379 190 381 200
391 190 389 198
396 190 396 195
402 190 402 194
407 190 408 192
419 190 416 191
424 190 422 189
430 190 428 188
435 190 433 187
441 190 439 185
463 190 452 174
491 190 483 174
346 195 356 213
379 195 382 208
391 195 390 205
396 195 395 203
402 195 402 201
407 195 408 200
419 195 418 197
424 195 422 196
430 195 428 194
435 195 434 194
469 195 462 181
475 195 467 179
491 195 484 179
357 201 365 218
368 201 371 217
374 201 376 216
379 201 382 214
391 201 390 213
396 201 396 210
402 201 403 207
407 201 409 205
419 201 420 202
424 201 425 201
430 201 430 199
441 201 441 191
452 201 448 190
475 201 470 186
340 207 347 229
346 207 353 227
351 207 358 226
374 207 379 220
379 207 384 219
391 207 392 218
419 207 421 209
435 207 437 199
441 207 443 197
452 207 451 196
480 207 478 189
340 212 348 234
346 212 354 234
351 212 360 231
368 212 374 228
374 212 381 226
379 212 387 225
396 212 400 221
407 212 412 216
424 212 428 211
430 212 433 208
435 212 439 206
447 212 447 205
452 212 453 205
458 212 459 202
463 212 465 201
475 212 474 198
340 218 350 241
346 218 355 239
374 218 383 233
402 218 408 223
407 218 414 221
413 218 420 219
424 218 430 217
430 218 436 214
435 218 441 212
441 218 448 210
452 218 454 212
458 218 462 209
463 218 467 206
329 223 341 247
351 223 363 241
357 223 371 238
368 223 376 237
379 223 390 234
391 223 399 232
396 223 404 230
402 223 409 229
407 223 415 227
413 223 422 225
424 223 431 223
430 223 437 221
435 223 444 219
458 223 463 216
307 229 321 254
329 229 341 252
357 229 371 245
368 229 376 242
374 229 385 241
379 229 390 240
391 229 400 238
396 229 406 236
402 229 412 235
407 229 417 233
413 229 423 229
430 229 438 228
435 229 443 226
447 229 452 226
323 235 337 259
351 235 366 254
357 235 371 252
368 235 380 247
374 235 387 246
379 235 392 247
385 235 397 246
396 235 407 243
402 235 413 241
407 235 419 239
413 235 424 237
424 235 434 235
430 235 439 234
441 235 447 233
447 235 453 233
312 240 327 269
346 240 361 260
351 240 367 259
363 240 378 256
374 240 389 252
379 240 393 252
391 240 403 250
396 240 408 250
402 240 414 247
441 240 449 238
447 240 454 237
312 246 328 275
363 246 379 262
379 246 394 258
396 246 409 256
407 246 422 248
419 246 433 244
430 246 443 243
374 251 390 263
402 251 417 256
407 251 423 255
413 251 428 252
419 251 434 250
430 251 444 249
368 257 385 271
374 257 392 269
379 257 396 266
396 257 412 264
402 257 419 263
407 257 424 260
413 257 430 258
396 263 414 269
407 263 426 266
413 263 431 264
267 268 298 299
391 268 412 275
402 268 422 272
407 268 427 271
262 274 288 314
267 274 293 313
284 274 308 309
391 274 413 281
413 274 434 274
295 279 320 308
385 279 407 286
402 279 424 284
407 279 429 282
273 285 298 321
279 285 303 319
284 285 309 318
290 285 316 317
385 285 410 293
396 285 420 291
402 285 425 289
284 291 310 323
385 296 413 304
346 302 374 314
374 302 397 323
301 307 334 338
340 307 370 321
346 307 375 321
374 307 398 330
340 313 371 327
307 319 340 346
312 319 346 344
318 319 352 343
295 324 332 354
318 324 354 349
323 324 359 347
307 330 346 357
323 330 361 353
307 335 349 364
323 335 364 359
329 335 369 358
335 335 375 357
323 341 366 365
