431 113 381 103
408 142 377 159
426 142 390 151
443 142 404 132
455 142 421 120
408 148 381 163
414 148 386 161
431 148 396 150
449 148 418 131
460 148 424 126
426 153 393 158
437 153 400 156
443 153 406 153
449 153 416 140
455 153 423 135
408 159 384 171
414 159 392 169
426 159 397 164
455 159 426 140
495 159 463 115
397 165 374 184
402 165 382 182
408 165 387 178
414 165 393 176
455 165 429 148
460 165 435 146
397 171 378 190
402 171 385 186
414 171 395 181
420 171 403 178
455 171 432 154
402 176 388 194
408 176 392 190
495 176 471 126
402 182 390 200
414 182 401 188
431 182 416 181
437 182 421 178
449 182 432 173
408 188 398 199
414 188 405 194
426 188 412 190
431 188 419 187
437 188 424 183
460 188 437 169
466 188 449 161
402 194 397 208
408 194 401 206
414 194 407 202
426 194 416 197
431 194 421 193
437 194 426 190
443 194 432 188
478 194 465 163
356 200 357 241
397 200 394 215
402 200 400 213
408 200 404 212
414 200 410 209
426 200 419 202
431 200 424 200
443 200 434 193
460 200 444 180
368 205 374 241
379 205 382 236
391 205 391 224
397 205 397 222
402 205 403 218
408 205 407 217
414 205 413 214
420 205 418 211
431 205 427 205
437 205 432 202
356 211 366 253
362 211 371 251
374 211 379 245
385 211 389 234
391 211 395 231
397 211 400 226
402 211 405 224
408 211 410 222
420 211 421 216
431 211 429 210
350 217 362 262
356 217 367 260
368 217 375 257
374 217 381 251
379 217 386 244
385 217 392 239
391 217 398 236
397 217 404 232
402 217 409 231
408 217 414 228
414 217 419 224
420 217 424 221
339 223 351 270
374 223 386 250
385 223 394 245
391 223 401 241
397 223 406 239
402 223 411 237
408 223 416 233
414 223 421 230
333 228 353 277
345 228 362 272
350 228 368 270
356 228 373 267
362 228 378 264
368 228 383 259
374 228 388 256
385 228 397 252
391 228 404 248
397 228 410 245
402 228 414 242
408 228 419 238
420 228 430 229
333 234 355 283
362 234 381 269
368 234 386 264
374 234 392 262
379 234 396 259
391 234 406 254
397 234 413 250
368 240 388 271
374 240 395 267
408 240 424 249
420 240 431 244
379 246 402 267
391 246 410 263
397 246 416 260
402 246 422 257
414 246 428 252
316 252 345 304
362 252 389 280
368 252 394 280
374 252 399 278
385 252 409 271
391 252 412 269
397 252 418 266
402 252 424 261
310 257 342 313
339 257 372 297
368 257 397 284
374 257 401 282
385 257 410 277
391 257 415 274
408 257 431 258
310 263 344 320
368 263 399 291
385 263 413 282
391 263 417 279
397 263 423 276
408 263 433 264
426 263 449 233
431 263 454 230
391 269 422 284
408 269 437 270
420 269 447 258
333 275 372 312
374 275 409 293
408 275 439 277
420 275 448 274
426 275 454 271
287 281 335 342
293 281 339 339
327 281 369 321
397 281 431 289
402 281 436 287
408 281 442 284
287 286 335 348
293 286 341 344
316 286 360 334
322 286 365 331
402 286 440 291
408 286 445 290
293 292 341 353
298 292 347 350
402 292 444 297
374 309 423 317
333 315 393 350
339 315 398 347
322 321 385 363
322 327 387 368
333 327 398 362
333 333 401 367
333 338 404 372
