379 177 280 147
384 177 283 144
384 182 285 147
394 182 293 144
342 187 264 173
394 187 291 146
384 192 288 152
389 192 291 150
405 192 303 150
410 192 308 148
426 192 316 133
441 213 390 131
332 223 264 183
426 239 317 144
441 255 322 152
488 255 352 136
483 260 350 142
436 265 317 166
462 265 327 154
472 265 331 147
478 265 334 145
483 265 351 148
431 270 316 171
457 270 326 160
472 270 333 152
478 270 335 148
493 270 356 143
337 275 294 228
446 275 323 166
462 275 331 159
472 275 335 156
478 275 350 154
488 275 355 151
493 275 358 148
550 275 433 147
436 281 321 176
457 281 329 166
462 281 332 164
467 281 336 161
488 281 357 155
540 281 414 153
342 286 297 233
374 286 396 214
379 286 399 212
446 286 327 172
457 286 331 170
462 286 334 167
472 286 340 163
374 291 398 217
379 291 402 216
384 291 406 213
394 291 311 227
420 291 317 189
431 291 323 187
457 291 333 174
462 291 337 171
472 291 342 167
478 291 346 166
493 291 367 161
504 291 362 153
327 296 290 243
337 296 296 240
368 296 395 226
374 296 399 222
379 296 403 220
426 296 322 192
431 296 324 190
446 296 330 182
457 296 336 178
462 296 339 175
483 296 350 165
488 296 357 166
535 296 433 159
327 301 293 247
441 301 330 188
446 301 333 186
457 301 338 181
467 301 344 175
478 301 350 172
483 301 354 170
389 307 355 212
431 307 326 196
441 307 331 191
446 307 335 189
462 307 343 182
467 307 346 179
478 307 353 176
483 307 357 174
488 307 360 172
493 307 364 169
509 307 385 168
379 312 307 241
415 312 321 205
426 312 325 201
431 312 329 199
436 312 334 196
457 312 341 188
462 312 344 185
467 312 348 183
478 312 355 179
483 312 359 178
488 312 363 175
493 312 373 174
509 312 405 192
410 317 320 211
415 317 324 208
426 317 327 204
431 317 330 202
446 317 338 196
452 317 341 193
462 317 347 189
467 317 350 187
472 317 355 185
483 317 361 182
488 317 366 180
384 322 368 229
405 322 317 218
410 322 321 215
420 322 326 211
426 322 328 209
441 322 337 201
446 322 340 199
457 322 345 196
462 322 349 193
472 322 358 189
478 322 362 187
488 322 376 190
504 322 402 198
405 327 319 221
410 327 322 218
441 327 339 205
446 327 343 202
457 327 348 200
462 327 352 197
467 327 356 195
472 327 360 193
493 327 397 208
498 327 401 206
504 327 405 203
384 333 358 240
426 333 332 215
431 333 337 213
436 333 341 210
446 333 346 205
452 333 348 204
462 333 354 201
467 333 358 199
368 338 312 253
384 338 310 237
426 338 334 218
431 338 339 217
436 338 344 214
405 343 321 232
410 343 323 231
446 343 348 212
452 343 351 209
462 343 356 207
488 343 424 203
389 348 313 243
394 348 316 240
405 348 323 236
415 348 326 234
478 348 415 198
483 348 421 201
488 348 426 207
493 348 429 195
389 353 315 246
400 353 320 242
415 353 329 239
483 353 425 217
488 353 428 213
358 359 325 274
374 359 319 262
389 359 316 250
405 359 325 242
415 359 332 237
426 359 339 235
483 359 427 220
374 364 322 266
384 364 316 256
389 364 320 254
400 364 323 248
405 364 326 246
410 364 330 243
426 364 340 238
431 364 391 261
467 364 418 247
478 364 425 225
483 364 429 223
389 369 322 258
394 369 327 256
400 369 325 252
405 369 329 250
431 369 395 266
405 374 332 255
410 374 335 252
457 374 417 254
405 379 334 259
410 379 338 256
415 379 342 254
426 379 353 249
405 385 336 263
410 385 340 260
420 385 345 258
436 385 415 260
446 385 419 258
457 385 426 248
467 385 430 247
405 390 375 281
436 390 417 264
446 390 421 261
462 390 429 253
467 390 432 251
431 395 418 270
