540 140 540 119
546 140 545 120
551 140 553 119
368 145 371 140
373 145 378 140
551 145 548 125
440 151 432 137
546 151 541 133
551 151 547 131
557 151 554 130
562 151 561 129
340 156 348 151
345 156 354 151
351 156 360 150
379 156 381 152
384 156 387 151
507 156 501 137
512 156 506 137
518 156 513 137
523 156 522 135
534 156 530 141
551 156 547 136
557 156 554 135
340 162 349 158
345 162 354 156
468 162 459 151
473 162 466 149
507 162 502 143
512 162 507 142
523 162 520 147
557 162 555 141
573 162 578 138
329 168 339 165
340 168 350 163
345 168 355 163
351 168 362 162
495 168 489 147
507 168 498 157
512 168 504 157
518 168 515 154
523 168 521 152
551 168 551 149
557 168 557 146
562 168 562 146
568 168 576 145
573 168 580 144
340 173 351 170
345 173 356 168
351 173 363 168
473 173 472 156
501 173 497 151
512 173 505 162
518 173 516 160
546 173 547 156
551 173 553 155
557 173 558 153
562 173 563 152
340 179 347 175
395 179 395 168
468 179 469 162
473 179 474 161
490 179 485 160
551 179 554 160
557 179 560 159
345 184 353 179
568 184 571 163
434 190 426 174
445 190 438 172
495 190 493 171
440 195 440 184
473 195 470 175
534 195 544 173
540 195 548 173
334 201 345 199
340 201 349 194
440 201 442 191
468 201 459 180
473 201 470 181
479 201 477 184
484 201 483 182
534 201 544 179
540 201 550 179
546 201 555 179
462 207 452 188
468 207 459 187
501 207 508 180
534 207 545 185
540 207 550 185
546 207 556 184
573 207 585 174
407 212 401 205
562 212 575 181
529 218 546 193
546 218 557 195
562 218 576 186
568 218 581 185
529 223 541 204
534 223 546 203
540 223 552 202
557 223 566 201
562 223 576 199
568 223 582 193
573 223 588 193
512 229 522 208
518 229 530 208
529 229 542 210
551 229 563 208
557 229 568 208
562 229 577 206
568 229 583 203
573 229 589 197
468 234 463 210
534 234 544 218
540 234 555 215
546 234 560 214
557 234 569 214
573 234 590 204
507 240 507 222
534 240 550 223
546 240 561 220
557 240 569 219
407 245 411 226
468 245 470 223
423 251 442 241
468 251 471 229
473 251 477 227
512 251 515 241
518 251 523 239
523 251 539 230
546 251 557 227
468 257 472 235
512 257 512 247
518 257 523 245
523 257 530 245
534 257 543 248
540 257 549 246
546 257 558 233
557 257 575 225
468 262 473 241
490 262 492 236
523 262 531 250
546 262 559 238
518 268 525 256
529 273 544 265
473 279 476 264
484 279 489 263
490 279 494 261
495 279 500 260
457 284 452 268
473 284 478 270
484 284 490 269
490 284 495 268
495 284 501 266
507 284 516 270
512 284 523 269
518 284 528 267
495 290 505 278
501 290 511 277
507 290 516 276
512 290 522 274
495 295 506 283
501 295 512 282
507 295 516 281
501 301 513 287
507 301 524 288
529 301 548 282
