370 80 489 152
376 80 492 159
370 87 483 154
370 106 463 160
364 119 447 156
370 119 449 162
364 125 440 158
370 125 442 164
370 132 431 167
376 132 432 175
441 132 453 241
421 138 440 223
434 138 443 236
383 151 416 186
408 151 424 212
453 151 433 251
396 157 415 209
402 164 409 209
408 164 409 215
415 164 412 223
428 164 412 230
389 170 402 191
396 170 404 198
402 170 403 211
408 170 404 216
415 170 405 224
408 177 397 219
383 183 383 199
396 183 387 211
402 183 388 215
408 183 390 221
415 183 392 229
421 189 393 236
415 209 385 231
421 209 381 239
364 228 350 184
415 241 344 237
344 247 320 178
364 247 324 195
370 247 326 202
402 247 334 225
344 254 312 180
351 254 314 187
357 254 317 194
389 254 324 215
396 254 326 221
402 254 328 228
351 260 309 190
376 260 314 211
402 260 319 232
351 266 303 191
402 266 313 234
351 273 298 194
415 273 317 252
351 279 291 195
402 279 304 240
415 279 309 254
351 286 284 199
441 292 300 271
396 305 283 241
415 305 288 260
357 311 276 209
402 311 278 249
357 318 266 210
396 318 270 244
421 318 277 265
370 324 262 220
370 331 255 221
396 350 243 251
434 350 254 284
428 356 244 280
428 363 239 280
441 363 241 289
