315 73 297 46
321 73 309 47
309 79 290 52
298 85 282 52
338 85 315 54
326 102 301 60
332 108 303 66
315 114 289 71
344 119 314 67
349 119 319 67
344 125 313 72
349 125 320 73
326 137 295 78
372 142 347 80
390 142 379 82
395 142 390 83
338 148 306 85
367 148 333 86
390 148 378 88
395 148 390 90
407 148 404 91
412 148 410 90
384 154 383 94
395 154 391 95
424 154 416 95
332 160 320 84
395 160 358 95
435 160 422 97
412 165 404 109
418 165 409 110
412 171 403 115
418 171 409 116
424 171 390 102
447 177 436 118
453 177 441 117
447 183 436 124
453 183 441 123
458 183 446 123
453 188 442 131
458 188 447 131
458 194 448 137
453 200 441 143
458 206 447 149
464 206 456 149
292 217 252 147
476 223 465 164
286 234 246 159
470 234 459 176
476 234 465 177
470 240 458 183
476 240 465 182
470 246 458 190
476 246 464 187
470 251 457 195
476 251 462 194
464 257 451 189
470 257 456 202
476 257 462 201
476 263 461 208
286 297 279 302
298 303 284 303
298 309 281 309
303 309 288 310
