297 148 296 149
302 148 302 149
308 148 308 149
313 148 313 149
318 148 318 149
323 148 326 149
329 148 333 149
339 148 338 148
344 148 350 149
355 148 365 149
360 148 370 149
292 153 291 155
297 153 297 154
302 153 302 155
308 153 308 154
318 153 318 154
323 153 324 154
329 153 328 154
334 153 332 155
339 153 338 154
344 153 343 154
350 153 349 154
355 153 354 154
386 153 396 155
433 153 428 154
449 153 454 154
454 153 460 154
460 153 466 154
465 153 470 154
470 153 475 154
481 153 481 154
486 153 486 154
496 153 496 154
502 153 502 154
507 153 507 154
512 153 512 154
292 158 291 160
297 158 297 160
302 158 302 160
308 158 307 161
323 158 323 159
329 158 328 159
334 158 332 159
339 158 338 160
344 158 343 159
350 158 349 160
355 158 354 159
392 158 401 160
407 158 418 160
412 158 423 160
433 158 427 159
439 158 432 159
454 158 459 159
460 158 465 160
465 158 470 160
470 158 474 160
481 158 481 160
486 158 485 160
496 158 496 160
502 158 501 160
507 158 507 160
512 158 512 160
292 163 291 165
297 163 296 165
302 163 302 165
308 163 307 165
318 163 317 166
329 163 327 165
334 163 333 165
339 163 337 164
344 163 343 164
350 163 349 164
355 163 354 164
397 163 406 166
402 163 412 166
418 163 423 166
433 163 427 166
444 163 438 165
454 163 459 166
460 163 465 165
465 163 470 165
470 163 475 165
481 163 480 165
486 163 486 165
496 163 497 165
502 163 502 166
507 163 507 165
512 163 512 165
517 163 518 166
292 169 291 171
297 169 295 171
302 169 302 171
308 169 307 171
318 169 317 171
323 169 323 172
334 169 333 170
339 169 339 169
344 169 344 169
350 169 349 169
360 169 359 171
376 169 369 170
407 169 413 171
418 169 417 171
423 169 422 170
428 169 428 170
454 169 458 170
460 169 464 170
465 169 471 169
470 169 475 170
481 169 481 170
496 169 496 170
502 169 501 171
507 169 506 171
512 169 512 170
517 169 518 171
292 174 291 176
297 174 295 176
302 174 301 177
308 174 307 176
318 174 318 177
323 174 323 176
329 174 328 176
334 174 333 176
339 174 339 175
344 174 344 175
350 174 350 174
365 174 365 176
392 174 385 177
412 174 417 177
423 174 423 175
454 174 459 176
460 174 465 176
470 174 470 175
496 174 496 175
502 174 502 176
507 174 506 176
512 174 511 176
517 174 517 175
287 179 286 182
292 179 292 182
297 179 296 182
302 179 302 182
308 179 307 182
318 179 318 181
323 179 324 181
329 179 329 182
344 179 344 180
355 179 355 180
365 179 364 181
376 179 374 181
386 179 380 182
412 179 418 182
418 179 422 181
423 179 427 181
428 179 432 180
433 179 438 181
454 179 455 180
460 179 459 180
465 179 465 180
470 179 470 180
502 179 502 182
507 179 507 182
512 179 511 182
517 179 517 181
287 184 287 186
292 184 291 187
302 184 302 186
318 184 319 186
323 184 324 186
355 184 355 186
360 184 360 186
365 184 365 187
423 184 428 186
428 184 433 185
433 184 439 186
460 184 459 185
465 184 465 185
475 184 475 186
502 184 502 187
507 184 507 187
512 184 511 187
517 184 517 187
287 190 286 191
292 190 291 191
297 190 296 192
302 190 302 192
308 190 307 192
318 190 318 192
323 190 327 191
344 190 343 191
355 190 355 191
360 190 359 190
428 190 434 191
465 190 464 191
475 190 476 191
502 190 501 192
507 190 506 192
512 190 512 192
287 195 286 195
292 195 292 196
302 195 303 198
308 195 307 197
318 195 318 197
323 195 324 196
344 195 338 197
350 195 350 197
360 195 360 196
418 195 426 196
454 195 454 196
460 195 459 196
470 195 466 196
475 195 475 197
502 195 501 196
507 195 507 197
512 195 513 195
517 195 518 198
287 200 286 201
292 200 291 201
297 200 296 202
302 200 302 202
313 200 313 202
318 200 318 201
323 200 323 202
329 200 329 203
344 200 344 203
360 200 359 202
423 200 432 201
433 200 439 202
444 200 448 197
287 205 286 207
292 205 291 207
297 205 296 207
308 205 307 208
313 205 313 207
318 205 318 207
323 205 323 207
329 205 328 208
334 205 333 204
412 205 423 203
418 205 428 208
423 205 433 207
444 205 443 209
470 205 470 208
475 205 476 208
287 211 286 213
302 211 301 214
318 211 318 212
323 211 323 213
360 211 358 214
428 211 432 214
439 211 443 213
454 211 456 208
465 211 466 207
470 211 469 214
475 211 475 214
502 211 501 215
517 211 517 213
292 216 292 220
308 216 307 219
318 216 317 219
381 216 381 218
392 216 401 216
428 216 432 219
439 216 440 219
444 216 444 218
449 216 449 218
460 216 461 213
470 216 469 219
496 216 496 212
507 216 507 212
517 216 517 218
287 221 286 217
297 221 297 225
302 221 301 224
313 221 312 224
318 221 318 224
323 221 323 224
381 221 381 223
386 221 386 223
439 221 439 223
444 221 444 223
449 221 449 223
470 221 468 224
496 221 495 218
507 221 506 224
512 221 512 224
517 221 516 223
287 226 286 230
292 226 291 230
297 226 296 230
302 226 302 229
313 226 313 228
318 226 318 228
323 226 324 229
386 226 386 228
418 226 417 224
423 226 423 224
439 226 439 228
444 226 444 228
449 226 449 228
470 226 471 228
496 226 496 223
502 226 501 230
507 226 506 230
512 226 512 229
517 226 517 228
287 232 286 234
292 232 291 234
297 232 296 235
302 232 302 234
308 232 307 233
313 232 313 233
318 232 318 233
323 232 324 233
386 232 385 234
407 232 408 235
418 232 412 233
439 232 439 233
449 232 449 234
454 232 458 233
465 232 466 233
470 232 472 233
496 232 496 229
502 232 501 234
512 232 512 234
517 232 517 234
292 237 292 238
297 237 296 240
302 237 302 239
308 237 307 238
318 237 318 238
323 237 323 238
365 237 364 239
371 237 369 239
386 237 385 240
392 237 390 239
397 237 395 238
402 237 401 239
444 237 444 239
449 237 454 239
454 237 460 238
465 237 466 239
470 237 469 238
475 237 475 238
496 237 496 238
502 237 501 240
507 237 506 240
512 237 511 240
517 237 516 240
287 242 287 244
292 242 291 245
297 242 296 245
302 242 302 244
308 242 307 244
323 242 323 244
329 242 329 246
334 242 334 245
339 242 338 245
371 242 369 244
376 242 376 245
381 242 354 245
386 242 386 245
392 242 390 245
397 242 395 244
402 242 401 245
407 242 407 245
428 242 422 244
439 242 438 244
449 242 454 245
454 242 459 245
465 242 466 244
470 242 469 243
496 242 495 244
502 242 501 243
507 242 506 246
512 242 511 245
517 242 517 245
281 247 281 250
302 247 302 250
308 247 307 250
313 247 312 249
318 247 317 249
323 247 322 251
329 247 328 251
334 247 332 250
339 247 338 250
344 247 343 250
355 247 354 249
376 247 377 250
386 247 387 250
402 247 401 250
407 247 407 249
412 247 412 249
449 247 449 250
460 247 461 250
465 247 465 249
470 247 469 249
496 247 496 249
292 253 291 257
297 253 296 256
302 253 302 256
308 253 307 256
318 253 317 255
323 253 322 256
334 253 332 255
339 253 338 255
344 253 343 255
350 253 348 255
355 253 353 254
376 253 379 256
386 253 387 256
392 253 391 256
397 253 396 255
402 253 400 254
407 253 405 254
428 253 429 256
449 253 450 255
454 253 456 254
460 253 460 253
465 253 465 253
470 253 469 254
496 253 496 255
502 253 500 261
507 253 506 260
517 253 518 251
292 258 292 264
297 258 296 262
302 258 302 261
308 258 307 261
329 258 328 261
334 258 333 260
339 258 339 260
344 258 343 261
350 258 349 261
355 258 354 261
360 258 360 261
392 258 391 261
397 258 396 261
412 258 408 260
449 258 453 261
460 258 460 260
465 258 465 259
470 258 469 261
502 258 501 266
507 258 507 266
517 258 518 257
297 263 297 266
302 263 302 266
308 263 307 265
318 263 317 266
323 263 323 266
329 263 328 266
350 263 349 266
376 263 376 266
402 263 403 266
407 263 407 266
439 263 438 266
444 263 444 266
465 263 464 267
496 263 496 267
507 263 506 271
281 268 281 270
287 268 286 272
292 268 292 271
297 268 297 271
302 268 302 270
308 268 306 270
318 268 322 271
329 268 327 272
339 268 338 271
355 268 349 271
360 268 359 271
365 268 366 271
371 268 374 272
392 268 391 271
397 268 397 271
402 268 402 271
407 268 407 271
428 268 434 271
433 268 416 271
439 268 421 271
475 268 474 272
481 268 480 271
486 268 485 271
491 268 490 272
496 268 496 272
502 268 501 272
287 273 287 276
292 273 292 276
297 273 297 276
302 273 302 276
308 273 306 275
323 273 322 277
329 273 313 276
339 273 327 275
344 273 338 276
350 273 345 277
355 273 349 277
365 273 366 276
371 273 375 276
376 273 380 276
381 273 386 276
386 273 392 275
392 273 397 276
402 273 406 278
412 273 417 276
423 273 428 276
428 273 434 277
433 273 439 277
454 273 444 276
460 273 465 277
465 273 447 276
470 273 454 276
481 273 480 277
486 273 485 277
491 273 490 277
496 273 496 277
502 273 500 277
512 273 512 276
287 279 287 281
292 279 292 281
297 279 298 282
302 279 302 281
308 279 306 281
323 279 322 282
344 279 338 281
350 279 344 281
355 279 349 281
360 279 359 283
365 279 370 281
376 279 375 282
381 279 382 282
386 279 387 281
392 279 396 281
397 279 401 282
402 279 407 283
412 279 418 281
418 279 423 282
423 279 427 283
428 279 432 283
433 279 438 283
449 279 449 282
475 279 474 282
491 279 486 282
496 279 496 282
502 279 500 282
507 279 506 282
512 279 512 280
287 284 286 286
292 284 292 286
297 284 298 286
302 284 302 286
308 284 306 286
329 284 338 287
355 284 354 287
360 284 360 287
365 284 365 287
371 284 369 287
381 284 383 287
386 284 387 287
392 284 391 287
397 284 400 288
402 284 406 287
407 284 414 287
412 284 418 287
418 284 423 287
423 284 427 287
428 284 432 287
433 284 438 288
439 284 444 287
465 284 450 287
481 284 475 288
486 284 481 288
502 284 501 287
507 284 507 286
512 284 512 284
297 289 298 291
302 289 302 291
308 289 306 291
313 289 311 291
329 289 332 291
334 289 337 292
344 289 344 291
350 289 348 291
355 289 354 292
360 289 359 292
397 289 395 291
407 289 413 292
412 289 418 292
418 289 423 291
423 289 429 291
428 289 434 291
433 289 438 292
439 289 445 292
465 289 449 291
470 289 454 291
486 289 480 292
491 289 492 292
496 289 497 292
502 289 502 291
507 289 507 290
344 294 344 296
350 294 348 296
355 294 354 296
402 294 402 297
407 294 411 298
412 294 417 297
428 294 433 297
433 294 439 298
439 294 445 297
444 294 450 297
470 294 454 296
481 294 481 297
486 294 487 297
491 294 492 297
496 294 497 297
502 294 501 297
507 294 507 296
423 300 423 301
428 300 428 301
433 300 440 302
439 300 445 302
454 300 453 302
465 300 460 302
470 300 464 302
475 300 476 302
481 300 481 302
486 300 486 302
491 300 493 301
496 300 496 301
502 300 501 302
496 305 497 306
