406 51 388 44
411 51 395 43
401 57 382 51
406 57 388 50
385 62 367 56
396 62 377 57
401 62 383 56
406 62 388 55
422 62 407 49
432 62 418 57
443 62 430 52
448 62 435 49
453 62 440 49
359 67 340 67
370 67 340 74
380 67 363 62
385 67 369 62
391 67 373 62
417 67 402 59
427 67 412 64
437 67 423 59
448 67 435 53
458 67 445 54
365 72 336 80
380 72 364 67
385 72 369 67
401 72 374 73
406 72 380 73
417 72 403 66
422 72 407 71
427 72 413 70
432 72 419 64
349 77 329 81
380 77 363 71
385 77 369 71
406 77 386 70
411 77 397 71
443 77 423 64
448 77 429 64
344 83 324 86
349 83 329 86
375 83 356 85
437 83 417 75
443 83 423 68
448 83 428 68
453 83 436 69
474 83 456 63
344 88 323 92
349 88 329 91
354 88 330 98
359 88 335 98
375 88 357 91
396 88 374 85
401 88 380 85
443 88 424 76
328 93 308 104
344 93 324 96
370 93 353 97
396 93 374 90
344 98 325 102
396 98 375 95
344 103 325 109
349 103 330 108
396 103 374 101
401 103 387 99
411 103 402 82
417 103 408 82
474 109 453 75
318 114 308 109
406 114 392 99
411 114 397 98
469 114 442 85
474 114 454 79
479 114 458 79
313 119 303 115
380 119 364 101
391 119 381 106
406 119 392 105
411 119 397 104
474 119 452 90
479 119 459 85
313 124 303 120
365 124 354 108
380 124 371 112
411 124 397 110
458 124 421 120
313 129 303 125
354 129 349 118
380 129 372 118
385 129 377 117
396 129 388 111
339 135 337 125
380 135 371 123
385 135 376 122
391 135 381 122
448 135 411 126
328 140 319 132
333 140 325 132
380 140 371 127
448 140 411 132
463 140 442 108
385 145 383 129
396 145 396 116
427 145 399 131
458 145 433 109
484 145 472 124
328 150 320 142
432 150 403 133
359 155 359 136
365 155 365 135
396 155 393 128
469 155 460 130
484 155 474 147
313 166 304 154
323 171 316 160
328 171 315 148
469 171 461 147
474 171 467 147
349 176 340 157
458 176 445 153
323 181 311 164
396 181 377 151
401 181 382 150
443 181 424 165
453 181 434 164
484 181 468 173
396 187 378 157
401 187 383 157
417 187 396 161
443 187 424 170
448 187 429 171
453 187 434 170
469 187 459 181
333 192 323 175
339 192 328 175
349 192 334 170
448 192 429 177
339 197 329 181
391 197 367 174
417 197 400 177
365 202 357 184
380 202 362 181
427 202 403 189
432 202 407 187
417 207 402 184
365 213 357 196
370 213 359 192
375 213 363 191
396 213 386 195
401 213 391 195
479 213 476 191
365 218 358 202
396 218 387 201
401 218 392 201
406 218 396 201
432 218 407 200
396 223 387 207
401 223 391 207
406 223 395 206
411 223 402 204
354 228 352 224
396 228 393 223
401 228 398 221
453 228 443 220
469 228 458 214
474 228 472 219
484 228 482 224
495 228 495 236
396 233 394 228
401 233 399 228
406 233 404 228
417 233 409 228
437 233 431 226
443 233 437 226
474 233 471 225
479 233 477 228
484 233 483 230
391 239 387 234
396 239 393 234
401 239 399 234
406 239 404 234
417 239 410 233
437 239 432 233
443 239 437 232
448 239 444 231
458 239 449 219
463 239 454 220
495 239 496 246
396 244 392 240
401 244 398 240
406 244 404 240
411 244 408 240
417 244 416 243
432 244 427 239
437 244 432 238
443 244 439 238
448 244 445 237
458 244 449 225
391 249 387 246
396 249 394 246
401 249 399 246
406 249 404 246
411 249 411 248
417 249 417 249
432 249 426 244
437 249 432 244
448 249 448 247
479 249 479 252
489 249 488 256
500 249 501 251
396 254 393 250
406 254 404 250
411 254 411 254
484 254 483 258
495 254 495 258
380 259 389 268
448 259 445 255
422 265 422 261
432 265 435 260
437 265 439 259
453 265 451 261
417 270 417 267
422 270 423 267
448 270 450 271
453 270 456 271
458 270 460 268
411 275 410 271
448 275 450 276
453 275 456 276
458 275 461 274
463 275 467 271
474 275 479 273
437 280 430 271
453 280 456 280
458 280 462 279
469 280 468 280
