476 125 486 150
482 125 480 153
457 131 460 155
463 131 465 156
482 131 485 159
488 131 493 157
438 137 439 158
444 137 445 159
451 137 452 161
457 137 457 162
463 137 464 162
469 137 473 163
482 137 485 166
488 137 492 167
425 144 418 164
432 144 424 165
438 144 438 165
444 144 445 166
451 144 450 168
476 144 477 172
406 150 403 166
419 150 411 169
425 150 417 170
432 150 423 170
438 150 435 172
444 150 443 174
400 156 390 172
413 156 403 174
419 156 410 175
425 156 417 176
432 156 421 175
451 156 441 179
394 163 381 177
400 163 389 178
406 163 402 177
419 163 409 181
425 163 416 182
432 163 421 183
488 163 486 195
495 163 493 195
394 169 381 184
400 169 389 185
406 169 401 184
413 169 407 185
425 169 415 189
432 169 420 188
438 169 426 189
444 169 435 190
406 175 399 191
413 175 406 192
425 175 413 195
432 175 419 195
438 175 425 196
444 175 432 198
451 175 438 199
457 175 444 200
463 175 451 202
488 175 493 202
375 182 375 190
381 182 382 191
425 182 411 202
432 182 417 202
444 182 430 205
451 182 437 205
457 182 443 207
463 182 449 209
495 182 497 209
299 188 285 187
305 188 291 188
311 188 298 189
343 188 328 195
349 188 333 196
362 188 353 198
368 188 360 198
375 188 372 197
425 188 411 207
432 188 417 209
438 188 423 210
444 188 428 211
451 188 436 212
457 188 442 213
463 188 448 215
495 188 496 215
280 194 348 177
299 194 287 192
305 194 291 193
311 194 300 194
324 194 311 196
330 194 316 199
343 194 326 201
349 194 337 202
356 194 343 203
362 194 352 204
368 194 358 205
375 194 364 206
413 194 395 212
419 194 404 213
425 194 410 214
432 194 415 216
438 194 421 217
444 194 427 218
451 194 434 218
463 194 442 220
482 194 490 215
267 200 336 182
274 200 341 184
330 200 315 204
337 200 321 207
343 200 329 208
349 200 336 208
356 200 344 209
362 200 351 210
368 200 355 211
375 200 361 212
381 200 370 215
413 200 361 225
425 200 409 220
432 200 414 222
438 200 419 224
444 200 426 224
451 200 433 225
457 200 440 225
476 200 483 221
482 200 489 222
507 200 501 231
255 207 266 192
274 207 341 190
286 207 277 202
318 207 306 204
330 207 314 209
337 207 321 212
343 207 328 213
349 207 338 213
356 207 344 215
362 207 348 216
368 207 353 217
375 207 360 218
381 207 368 220
387 207 373 220
394 207 390 218
413 207 360 232
425 207 406 227
438 207 418 228
444 207 425 230
463 207 440 233
476 207 452 235
482 207 487 229
507 207 498 237
514 207 504 239
248 213 237 198
255 213 244 200
267 213 262 204
318 213 304 210
324 213 310 212
330 213 314 216
337 213 319 218
343 213 327 219
356 213 341 220
362 213 345 222
394 213 388 223
413 213 357 238
457 213 433 233
476 213 445 242
495 213 485 242
501 213 492 243
507 213 498 243
514 213 505 244
242 219 231 205
248 219 236 205
255 219 243 207
261 219 249 208
267 219 256 209
274 219 262 210
280 219 268 211
286 219 275 213
293 219 281 214
299 219 287 215
311 219 301 215
324 219 309 219
330 219 312 222
337 219 318 223
343 219 324 224
349 219 333 225
356 219 339 226
362 219 344 228
375 219 353 232
381 219 365 234
438 219 417 235
451 219 426 238
457 219 431 239
463 219 438 245
469 219 444 247
501 219 490 248
236 226 225 209
242 226 230 212
255 226 242 213
261 226 248 215
267 226 256 215
274 226 261 217
293 226 280 221
299 226 287 221
305 226 293 222
311 226 298 223
318 226 306 224
337 226 315 229
343 226 323 231
349 226 332 232
356 226 338 233
362 226 343 235
457 226 431 247
463 226 436 252
469 226 442 254
242 232 229 217
248 232 235 219
255 232 241 220
261 232 247 221
267 232 255 223
274 232 261 224
280 232 267 226
286 232 274 226
293 232 279 226
311 232 286 232
324 232 306 232
349 232 326 238
356 232 333 239
362 232 342 242
381 232 356 245
444 232 416 254
451 232 424 255
242 238 229 223
248 238 234 225
255 238 241 226
261 238 246 227
267 238 253 229
274 238 260 230
280 238 266 231
318 238 299 237
324 238 304 238
330 238 311 239
337 238 316 239
349 238 325 244
356 238 331 246
362 238 338 248
368 238 343 249
381 238 349 250
451 238 426 260
457 238 434 260
242 245 228 231
248 245 233 229
255 245 239 231
261 245 246 232
267 245 252 232
305 245 284 240
318 245 298 243
324 245 304 244
330 245 310 245
362 245 336 253
419 245 401 259
248 251 232 237
255 251 239 237
261 251 245 239
286 251 269 245
293 251 277 245
299 251 284 246
311 251 290 247
318 251 297 248
324 251 303 249
330 251 309 251
337 251 316 252
349 251 323 255
356 251 327 256
406 251 360 267
413 251 365 269
255 257 237 244
261 257 242 244
274 257 249 247
280 257 261 250
286 257 267 250
293 257 274 252
299 257 280 252
311 257 290 253
318 257 296 254
324 257 302 255
330 257 308 257
337 257 315 258
349 257 321 261
356 257 326 262
362 257 334 263
368 257 340 263
375 257 347 265
381 257 344 269
394 257 352 271
406 257 357 273
413 257 364 275
255 264 236 250
261 264 242 250
267 264 247 252
274 264 254 254
280 264 260 254
299 264 275 257
305 264 283 258
311 264 290 259
318 264 296 260
324 264 302 261
330 264 306 262
337 264 311 263
343 264 318 265
356 264 325 268
362 264 330 269
368 264 337 270
248 270 234 258
261 270 239 258
267 270 245 258
274 270 252 259
293 270 268 262
299 270 272 262
305 270 281 265
311 270 288 265
318 270 294 266
324 270 300 267
330 270 306 268
343 270 313 270
349 270 320 273
356 270 324 274
362 270 330 276
368 270 337 277
375 270 345 277
261 276 238 263
267 276 244 264
274 276 252 266
286 276 260 268
293 276 266 268
299 276 271 269
305 276 280 270
311 276 286 271
318 276 292 273
324 276 299 274
330 276 304 275
349 276 318 279
356 276 323 280
261 283 238 271
267 283 243 271
274 283 250 273
286 283 258 275
293 283 264 276
311 283 382 248
318 283 388 250
324 283 290 280
330 283 296 281
343 283 311 283
311 289 382 255
330 289 296 287
274 295 244 280
280 295 250 281
261 302 238 284
274 302 243 286
280 302 248 287
267 308 241 291
