354 121 352 130
376 121 376 128
354 126 352 135
398 126 388 132
332 132 323 149
338 132 329 148
343 132 334 147
365 132 358 142
414 132 406 135
419 132 411 135
425 132 417 134
332 137 318 159
338 137 328 154
354 137 346 149
403 137 394 140
414 137 405 140
419 137 412 140
425 137 417 140
430 137 423 140
436 137 429 140
441 137 434 139
359 143 352 153
392 143 386 146
403 143 395 145
408 143 400 145
414 143 406 145
419 143 411 145
425 143 418 145
436 143 429 145
441 143 434 145
447 143 441 145
452 143 445 145
327 148 312 190
359 148 352 158
365 148 358 158
392 148 383 152
403 148 394 151
408 148 399 150
414 148 406 150
419 148 413 149
430 148 423 150
436 148 429 151
441 148 435 151
447 148 440 150
452 148 446 151
458 148 458 156
469 148 459 149
359 154 336 194
392 154 384 157
398 154 393 156
408 154 400 157
414 154 406 156
419 154 413 156
425 154 422 156
436 154 430 156
441 154 436 156
447 154 441 157
452 154 447 157
458 154 452 156
474 154 464 155
332 159 319 201
392 159 387 163
398 159 394 163
408 159 400 163
414 159 406 163
419 159 416 161
425 159 422 161
430 159 428 162
436 159 435 161
452 159 448 161
458 159 453 161
469 159 458 161
381 165 354 175
398 165 395 168
414 165 410 169
419 165 417 168
425 165 423 167
430 165 428 168
436 165 435 168
452 165 447 167
458 165 452 167
479 165 478 178
485 165 484 178
332 170 319 211
338 170 324 212
425 170 418 174
452 170 447 172
479 170 477 184
332 176 318 216
338 176 325 217
474 176 465 184
479 176 476 190
485 176 482 189
490 176 463 166
496 176 468 167
507 176 500 189
332 181 320 223
338 181 326 223
348 181 332 222
474 181 465 191
496 181 490 194
501 181 495 195
507 181 500 194
338 186 325 229
474 186 470 201
490 186 483 201
496 186 489 201
501 186 494 202
507 186 499 201
518 186 507 200
354 192 338 234
501 192 493 212
512 192 501 207
518 192 507 208
332 197 319 234
343 197 326 235
479 197 453 237
485 197 459 236
507 197 497 218
512 197 502 218
518 197 507 213
332 203 319 240
343 203 326 240
348 203 332 241
479 203 454 242
485 203 460 242
507 203 497 224
512 203 501 224
518 203 507 219
327 208 313 241
343 208 328 245
348 208 332 246
479 208 455 249
507 208 497 229
512 208 502 229
518 208 508 224
343 214 327 252
469 214 431 257
474 214 443 256
327 219 315 248
348 219 332 253
354 219 337 252
359 219 343 258
365 219 349 259
408 219 385 263
414 219 390 263
490 219 467 261
348 225 333 259
354 225 338 259
359 225 344 263
365 225 349 263
376 225 356 264
381 225 363 265
392 225 374 263
408 225 386 269
414 225 392 269
469 225 432 267
485 225 450 267
501 225 472 265
507 225 478 266
332 230 320 263
348 230 333 263
354 230 338 264
359 230 344 269
365 230 349 268
376 230 358 269
381 230 362 268
387 230 367 268
392 230 375 268
398 230 381 269
469 230 439 273
490 230 463 271
501 230 474 271
338 236 326 270
348 236 333 271
354 236 338 271
376 236 358 274
381 236 362 273
387 236 368 274
392 236 375 274
398 236 380 274
403 236 385 273
408 236 391 273
419 236 398 273
425 236 403 274
452 236 427 278
463 236 432 279
469 236 438 279
485 236 457 278
490 236 463 277
496 236 468 278
321 241 310 265
327 241 316 265
338 241 327 275
343 241 332 276
354 241 339 276
359 241 344 277
365 241 349 277
381 241 362 279
387 241 367 280
392 241 374 280
414 241 396 279
425 241 408 278
447 241 423 285
474 241 440 284
485 241 457 284
321 246 311 271
327 246 315 271
332 246 321 275
343 246 333 281
354 246 340 281
359 246 345 282
365 246 350 282
370 246 355 282
398 246 379 281
408 246 391 282
447 246 422 291
321 252 311 275
327 252 315 276
332 252 322 281
338 252 326 281
343 252 334 287
354 252 341 286
359 252 346 286
365 252 351 286
370 252 356 287
381 252 365 288
387 252 369 287
392 252 374 287
398 252 379 287
403 252 386 288
408 252 392 288
414 252 398 287
419 252 403 287
490 252 473 278
310 257 303 277
321 257 312 281
327 257 316 281
338 257 326 286
359 257 346 291
365 257 352 292
370 257 356 292
387 257 370 291
392 257 375 291
398 257 381 293
403 257 386 293
408 257 391 294
414 257 397 292
419 257 403 292
425 257 409 292
452 257 427 290
458 257 433 290
310 263 303 283
321 263 311 287
327 263 316 287
332 263 322 288
338 263 327 292
343 263 332 293
376 263 362 294
392 263 377 297
398 263 382 297
403 263 386 298
408 263 391 298
414 263 397 297
419 263 402 297
425 263 408 298
436 263 417 297
441 263 423 297
463 263 439 296
469 263 444 296
299 268 293 284
310 268 304 288
332 268 322 293
359 268 347 299
365 268 351 299
370 268 357 299
376 268 361 299
381 268 367 299
403 268 388 301
408 268 392 302
414 268 398 301
419 268 403 302
463 268 439 300
469 268 444 301
299 274 294 289
305 274 299 287
321 274 312 295
327 274 317 295
332 274 323 300
338 274 328 300
343 274 332 300
359 274 346 304
365 274 352 304
370 274 357 304
376 274 362 304
381 274 367 305
387 274 373 304
392 274 379 304
425 274 410 304
430 274 415 304
436 274 420 304
441 274 427 303
447 274 434 302
463 274 438 307
469 274 445 307
299 279 294 293
305 279 300 293
310 279 305 292
327 279 318 301
332 279 324 304
338 279 328 304
343 279 333 305
348 279 339 306
370 279 357 309
381 279 367 309
392 279 377 309
398 279 383 309
403 279 389 309
408 279 393 310
414 279 399 310
419 279 405 309
425 279 410 309
430 279 415 308
436 279 421 309
441 279 427 308
447 279 432 308
288 285 287 295
299 285 295 299
305 285 300 300
310 285 305 299
316 285 310 300
327 285 318 306
343 285 333 310
354 285 342 311
359 285 348 311
365 285 352 312
376 285 364 311
398 285 383 314
403 285 388 314
408 285 393 315
414 285 399 315
419 285 405 314
425 285 410 314
430 285 416 313
436 285 421 313
441 285 426 313
458 285 456 296
299 290 295 305
305 290 300 305
310 290 305 305
316 290 311 306
327 290 317 312
332 290 323 311
338 290 329 312
348 290 338 315
359 290 347 316
365 290 352 317
370 290 358 316
376 290 364 316
381 290 369 317
387 290 374 317
419 290 404 320
425 290 409 319
441 290 427 319
463 290 450 307
469 290 455 307
283 296 283 302
288 296 287 306
299 296 295 311
305 296 300 310
310 296 305 311
327 296 317 316
332 296 323 317
338 296 329 317
343 296 333 317
359 296 348 321
365 296 353 321
370 296 358 321
376 296 363 321
381 296 369 321
387 296 374 322
392 296 379 322
403 296 389 322
408 296 394 322
414 296 400 322
430 296 416 321
463 296 450 312
283 301 283 308
288 301 288 313
305 301 300 317
310 301 305 317
316 301 311 311
332 301 323 322
338 301 328 322
343 301 333 323
348 301 339 323
376 301 363 326
381 301 369 326
387 301 374 327
392 301 380 326
403 301 389 326
408 301 394 326
414 301 400 326
419 301 406 326
425 301 411 326
288 307 288 318
294 307 294 319
310 307 306 322
316 307 310 323
321 307 315 324
338 307 329 327
343 307 334 327
348 307 339 328
354 307 344 328
365 307 354 329
370 307 359 329
408 307 394 331
414 307 400 330
419 307 406 331
441 307 428 325
288 312 290 324
294 312 293 324
305 312 300 325
316 312 311 329
321 312 315 329
332 312 324 330
343 312 335 332
348 312 340 333
354 312 344 333
365 312 355 334
370 312 359 334
376 312 365 334
381 312 370 334
387 312 376 333
392 312 380 334
398 312 386 334
425 312 412 334
430 312 417 331
452 312 440 318
458 312 447 319
294 317 294 329
305 317 300 331
310 317 305 330
316 317 310 334
321 317 315 334
332 317 325 335
338 317 330 336
343 317 334 338
348 317 339 339
359 317 349 338
370 317 360 339
376 317 364 338
381 317 370 338
387 317 375 338
392 317 381 338
398 317 386 338
403 317 392 338
447 317 433 324
452 317 439 324
305 323 301 335
310 323 306 335
321 323 316 339
332 323 325 340
338 323 330 341
370 323 360 343
376 323 365 343
381 323 370 343
387 323 376 343
392 323 381 343
398 323 386 343
452 323 439 330
458 323 451 325
299 328 300 340
310 328 306 340
316 328 311 342
332 328 325 345
338 328 331 345
343 328 335 346
348 328 340 346
354 328 345 346
359 328 350 346
403 328 393 346
408 328 398 345
419 328 406 344
425 328 413 343
441 328 429 337
447 328 435 338
458 328 450 331
316 334 311 347
321 334 316 348
338 334 331 350
343 334 335 350
348 334 341 351
354 334 345 351
359 334 351 352
370 334 361 352
376 334 366 351
381 334 371 351
387 334 376 351
392 334 382 351
398 334 387 351
403 334 392 351
408 334 398 351
419 334 407 350
436 334 424 344
441 334 430 344
447 334 435 343
452 334 440 343
310 339 308 348
321 339 317 353
354 339 345 356
365 339 355 357
370 339 361 356
376 339 366 356
381 339 371 356
387 339 376 356
392 339 382 356
398 339 388 355
403 339 392 356
430 339 418 349
436 339 424 350
441 339 430 349
447 339 436 348
452 339 440 348
316 345 313 354
327 345 323 357
332 345 329 358
343 345 337 358
348 345 343 358
381 345 371 361
387 345 376 361
408 345 399 358
414 345 405 356
419 345 410 356
430 345 418 355
436 345 424 355
441 345 430 355
447 345 436 354
321 350 319 359
332 350 329 363
343 350 337 363
348 350 343 363
354 350 347 363
365 350 355 365
370 350 361 364
376 350 367 364
392 350 383 364
398 350 388 364
403 350 393 363
408 350 398 363
414 350 404 362
419 350 410 361
425 350 416 360
436 350 424 360
447 350 429 360
365 356 359 368
376 356 366 369
381 356 372 369
387 356 378 368
392 356 383 368
398 356 388 368
403 356 394 367
408 356 400 367
436 356 407 367
343 361 342 370
348 361 348 370
354 361 354 370
381 361 372 373
387 361 378 372
392 361 383 372
398 361 388 372
419 361 411 367
365 367 360 374
370 367 366 374
403 367 395 374
408 367 401 374
414 367 406 372
