0.9857015609741211 0.1632142215967178 0.04187395796179771 -0.05452147871255875 
-0.1610078066587448 0.9856051802635193 -0.05156277492642403 0.02551166899502277 
-0.04968701675534248 0.04408342763781548 0.9977914690971375 -0.2921028137207031 
0 0 0 1 

0.9654991626739502 0.2569831907749176 0.04208109527826309 -0.05234460905194283 
-0.2533582746982574 0.9643638134002686 -0.07623568922281265 0.03813253715634346 
-0.06017282232642174 0.06294386833906174 0.9962013959884644 -0.2918018698692322 
0 0 0 1 

0.9380576610565186 0.3418510258197784 0.05644002556800842 -0.05383284389972687 
-0.3334883153438568 0.9350141286849976 -0.1205568537116051 0.05636823922395706 
-0.09398476034402847 0.09426715224981308 0.9911006689071655 -0.2890586853027344 
0 0 0 1 

0.8352301716804504 0.5471799373626709 -0.05463074147701263 -0.02220206521451473 
-0.4640175402164459 0.6479865908622742 -0.6039873957633972 0.1978910118341446 
-0.295089989900589 0.5298181176185608 0.7951191663742065 -0.1972011476755142 
0 0 0 1 

0.8574738502502441 0.5111445188522339 -0.0589047335088253 -0.02182646468281746 
-0.4598199427127838 0.7098936438560486 -0.5334945321083069 0.1768762469291687 
-0.2308768033981323 0.4845431447029114 0.8437498211860657 -0.2136426120996475 
0 0 0 1 

0.8717617392539978 0.4896560907363892 -0.01637616194784641 -0.03230941668152809 
-0.4563116431236267 0.7993207573890686 -0.3909802734851837 0.1353840082883835 
-0.1783562451601028 0.3483141958713531 0.9202532768249512 -0.2367510944604874 
0 0 0 1 

0.8769371509552002 0.4803803861141205 -0.0146912457421422 -0.03110500983893871 
-0.4682666957378387 0.8471428155899048 -0.2511478662490845 0.09699578583240509 
-0.1082009822130203 0.2271202951669693 0.9678372144699097 -0.253035843372345 
0 0 0 1 

-0.2289380878210068 0.922977089881897 0.3093546032905579 -0.07061708718538284 
-0.7179375886917114 0.05451852455735207 -0.6939690709114075 0.2638336718082428 
-0.6573832035064697 -0.3809733092784882 0.6501588821411133 -0.1836313307285309 
0 0 0 1 

-0.2118669301271439 0.883888304233551 0.4169577658176422 -0.1078732386231422 
-0.8103927969932556 0.07957030087709427 -0.5804585218429565 0.2305588722229004 
-0.5462379455566406 -0.4608795642852783 0.6994384527206421 -0.2093591243028641 
0 0 0 1 

-0.1860741525888443 0.8793863654136658 0.4382418990135193 -0.1169635429978371 
-0.8379022479057312 0.09091340750455856 -0.5381957292556763 0.2176811099052429 
-0.5131240487098694 -0.46734818816185 0.7199231386184692 -0.2185883820056915 
0 0 0 1 

