408 77 421 67
422 77 429 73
429 77 436 72
401 84 412 74
408 84 421 73
429 84 436 80
436 84 442 77
401 91 413 80
408 91 420 79
429 91 436 88
401 98 412 86
408 98 420 86
422 98 429 87
457 98 457 89
464 98 466 90
471 98 473 91
394 104 405 93
401 104 413 93
429 104 428 103
450 104 451 104
457 104 457 103
478 104 485 101
484 104 487 99
408 111 416 103
415 111 421 102
457 111 457 110
471 111 479 110
491 111 494 106
498 111 499 106
394 118 408 103
408 118 415 110
415 118 421 108
484 118 486 110
491 118 493 113
498 118 501 112
505 118 508 113
512 118 516 110
394 125 408 109
408 125 414 116
484 125 487 117
491 125 494 118
498 125 501 118
505 125 508 119
512 125 515 118
401 132 419 115
429 132 435 117
484 132 486 125
498 132 501 126
505 132 509 125
394 139 407 122
429 139 435 123
484 139 486 134
491 139 493 134
498 139 502 133
505 139 509 132
498 146 502 138
505 146 508 139
429 153 435 131
436 153 441 131
450 153 450 130
457 153 455 130
491 153 494 146
498 153 502 144
381 160 392 140
388 160 399 139
436 160 441 138
450 160 449 137
457 160 454 138
464 160 461 138
478 160 483 152
491 160 492 160
374 167 385 147
388 167 401 147
401 167 406 144
408 167 422 144
436 167 442 145
450 167 450 144
457 167 455 143
478 167 482 161
491 167 492 167
367 174 380 153
374 174 386 154
381 174 393 153
436 174 443 154
443 174 450 152
360 181 370 165
367 181 379 158
374 181 387 158
381 181 393 160
388 181 399 160
394 181 406 161
415 181 426 165
422 181 433 165
443 181 450 161
478 181 482 176
360 187 370 175
367 187 378 173
374 187 385 165
381 187 393 165
388 187 399 174
394 187 407 171
401 187 413 169
408 187 419 169
471 187 477 182
478 187 482 182
360 194 370 181
367 194 377 181
374 194 385 180
381 194 391 181
388 194 398 181
401 194 413 175
408 194 420 175
422 194 428 173
429 194 435 174
436 194 443 174
360 201 371 187
401 201 414 182
408 201 420 181
415 201 426 181
429 201 434 181
436 201 442 181
443 201 449 181
450 201 456 181
457 201 465 182
374 208 387 188
408 208 421 188
422 208 427 187
443 208 447 187
450 208 455 187
457 208 466 191
464 208 473 191
388 215 399 187
394 215 406 195
457 215 465 196
464 215 473 197
353 222 363 208
360 222 364 222
415 222 427 202
381 229 386 215
401 229 412 209
408 229 419 209
415 229 427 209
401 236 413 215
408 236 420 216
415 236 426 216
325 243 333 230
360 243 371 223
367 243 378 224
408 243 412 245
422 243 420 238
325 250 336 236
332 250 342 237
339 250 356 228
353 250 365 229
360 250 372 229
367 250 378 229
374 250 385 230
408 250 411 250
415 250 427 231
429 250 441 231
325 257 336 241
332 257 341 243
353 257 365 235
360 257 372 235
367 257 378 235
374 257 385 237
381 257 392 238
388 257 399 238
394 257 406 237
415 257 427 238
422 257 434 236
429 257 440 237
443 257 451 245
450 257 457 245
318 264 327 244
353 264 364 242
374 264 385 243
381 264 392 245
388 264 398 245
394 264 406 244
436 264 443 253
443 264 450 253
318 271 328 251
325 271 337 252
332 271 343 252
339 271 350 251
360 271 363 260
374 271 385 253
381 271 392 253
394 271 406 252
422 271 434 245
436 271 443 260
318 277 329 257
325 277 337 259
332 277 342 259
339 277 348 259
374 277 369 266
381 277 392 264
388 277 398 260
394 277 405 260
318 284 329 265
325 284 336 265
332 284 343 265
339 284 348 266
346 284 355 267
381 284 394 271
388 284 399 267
394 284 406 267
415 284 418 266
429 284 463 224
311 291 319 277
332 291 342 272
346 291 354 272
388 291 399 274
394 291 406 273
422 291 457 232
325 298 334 278
332 298 340 278
339 298 348 278
346 298 353 279
353 298 362 281
360 298 370 281
374 298 384 281
381 298 392 280
388 298 399 280
394 298 406 279
298 305 296 308
305 305 304 307
311 305 319 287
339 305 348 285
346 305 354 287
353 305 363 288
360 305 370 288
367 305 377 288
374 305 384 287
381 305 390 288
394 305 406 287
298 312 297 313
305 312 313 295
311 312 320 294
346 312 355 299
353 312 363 295
360 312 370 295
367 312 376 293
388 312 397 296
394 312 405 296
408 312 419 300
284 319 284 318
305 319 304 316
332 319 335 308
353 319 363 302
360 319 369 302
401 319 412 304
408 319 419 307
284 326 282 327
291 326 291 323
298 326 298 323
305 326 305 322
311 326 319 314
318 326 326 316
325 326 333 315
346 326 356 308
353 326 363 308
367 326 376 309
394 326 404 309
401 326 412 310
291 333 292 329
298 333 298 329
305 333 305 328
311 333 312 327
325 333 332 322
332 333 341 320
339 333 348 321
346 333 356 315
353 333 363 314
360 333 369 316
388 333 397 321
394 333 404 322
305 340 306 334
311 340 313 334
325 340 331 329
332 340 339 329
346 340 354 329
388 340 397 329
394 340 403 329
401 340 410 329
277 347 281 336
284 347 289 335
291 347 296 336
298 347 304 342
318 347 324 337
325 347 331 337
339 347 345 337
381 347 384 343
388 347 392 343
277 354 282 346
284 354 289 345
298 354 304 347
305 354 311 349
311 354 317 349
325 354 332 345
332 354 339 345
346 354 354 343
374 354 377 350
381 354 384 351
388 354 391 353
291 360 297 354
298 360 305 354
305 360 311 355
311 360 319 355
318 360 325 354
325 360 332 351
332 360 339 351
367 360 374 358
388 360 390 363
305 367 312 362
311 367 318 362
318 367 325 362
325 367 332 362
346 367 347 362
367 367 374 364
374 367 381 364
325 374 330 370
346 374 352 370
353 374 359 371
360 374 367 371
367 374 374 371
374 374 380 372
381 374 386 372
339 381 344 377
346 381 352 377
353 381 359 378
360 381 368 377
367 381 375 377
374 381 380 379
