421 70 478 134
428 70 482 138
414 77 467 135
421 77 472 140
428 84 468 144
435 84 475 149
421 98 458 147
400 105 443 142
428 105 467 159
414 112 451 151
435 112 470 166
498 112 508 206
400 119 439 148
407 119 444 154
414 119 449 159
456 119 476 189
498 119 503 212
512 119 508 217
393 126 429 149
400 126 434 151
407 126 440 158
414 126 444 164
421 126 450 168
428 126 454 171
512 126 504 221
393 133 425 153
400 133 429 157
407 133 435 164
414 133 441 170
421 133 445 174
428 133 451 177
435 133 457 180
505 133 498 218
414 139 436 174
421 139 442 178
428 139 447 181
505 139 494 223
400 146 419 160
407 146 424 165
414 146 431 178
421 146 436 181
449 146 454 192
456 146 458 200
470 146 468 211
400 153 416 164
407 153 421 170
414 153 425 175
442 153 444 193
463 153 458 211
470 153 464 216
477 153 469 222
491 153 480 219
498 153 484 224
407 160 416 175
414 160 421 180
421 160 426 184
428 160 430 187
435 160 435 192
442 160 440 197
449 160 446 203
456 160 452 208
484 160 473 214
491 160 473 224
498 160 479 229
393 167 411 169
407 167 413 180
414 167 416 183
421 167 422 188
428 167 425 193
435 167 431 197
442 167 436 202
456 167 447 213
463 167 453 217
491 167 468 230
372 174 380 171
393 174 406 173
407 174 406 184
421 174 416 193
428 174 421 197
435 174 426 202
442 174 432 207
449 174 438 214
456 174 443 219
463 174 448 224
477 174 454 225
484 174 458 230
491 174 463 235
379 181 384 175
393 181 401 178
407 181 402 189
414 181 407 194
421 181 412 199
428 181 416 202
456 181 435 217
463 181 439 220
477 181 450 229
491 181 461 240
393 188 395 183
400 188 393 190
477 188 444 236
484 188 451 240
393 195 382 191
407 195 398 196
414 195 402 201
421 195 406 205
428 195 411 210
435 195 417 213
449 195 426 220
456 195 432 226
477 195 440 241
400 202 388 197
407 202 393 201
414 202 399 205
421 202 403 209
428 202 407 214
435 202 414 218
442 202 419 221
449 202 424 226
456 202 419 232
365 209 363 181
372 209 367 186
386 209 373 193
393 209 377 198
400 209 382 202
407 209 388 206
414 209 394 210
421 209 398 214
428 209 403 218
435 209 410 223
463 209 420 240
470 209 429 244
477 209 430 252
365 216 358 185
372 216 362 190
379 216 367 194
393 216 373 202
400 216 378 207
407 216 383 210
414 216 389 214
421 216 394 218
428 216 399 224
435 216 404 228
463 216 415 246
470 216 421 253
365 223 353 190
372 223 357 194
379 223 362 199
393 223 370 207
400 223 375 211
407 223 380 215
414 223 385 219
442 223 410 234
470 223 415 258
372 230 353 200
379 230 357 205
407 230 376 219
414 230 381 224
421 230 388 226
428 230 394 231
435 230 399 235
456 230 410 251
345 237 331 184
352 237 337 189
358 237 342 193
365 237 348 198
393 237 365 214
400 237 369 219
421 237 381 233
428 237 389 235
331 244 320 184
345 244 329 189
352 244 334 193
358 244 339 198
365 244 343 203
372 244 348 208
393 244 360 219
407 244 370 229
414 244 373 233
428 244 380 244
345 251 325 194
352 251 330 199
358 251 334 203
365 251 339 208
372 251 343 213
379 251 347 217
393 251 356 224
400 251 363 230
407 251 368 235
421 251 375 242
442 251 376 260
352 258 325 204
365 258 334 213
372 258 339 216
379 258 343 221
386 258 348 225
393 258 353 230
400 258 359 234
407 258 365 239
414 258 369 246
428 258 294 293
324 265 301 194
352 265 322 215
358 265 328 219
372 265 335 222
379 265 339 225
386 265 344 231
393 265 350 236
400 265 355 240
407 265 359 245
414 265 366 250
421 265 284 293
324 272 298 199
338 272 303 206
345 272 309 211
358 272 324 224
372 272 331 227
386 272 340 236
393 272 346 242
442 272 377 269
317 279 292 197
338 279 299 211
379 279 332 234
386 279 335 240
393 279 341 247
400 279 346 251
414 279 352 258
428 279 361 266
317 286 289 201
324 286 292 206
331 286 312 260
338 286 316 265
345 286 322 269
393 286 337 254
400 286 342 256
407 286 346 261
421 286 351 268
428 286 357 271
310 293 279 201
324 293 301 259
331 293 306 264
338 293 314 268
345 293 320 273
400 293 338 263
407 293 342 267
435 293 363 277
324 300 297 264
331 300 302 269
421 300 346 274
428 300 352 278
296 307 266 203
303 307 272 206
317 307 290 263
414 307 336 274
421 307 342 279
428 307 347 283
289 313 254 207
296 313 263 209
303 313 268 211
310 313 274 217
317 313 278 222
358 313 294 246
365 313 300 250
372 313 307 256
414 313 332 279
421 313 337 284
282 320 244 209
296 320 257 213
303 320 263 217
331 320 296 276
282 327 239 213
289 327 244 218
331 327 278 237
338 327 281 241
345 327 286 244
282 334 236 219
338 334 276 246
352 334 290 250
414 334 319 294
352 341 286 255
358 341 287 266
386 341 302 279
331 348 261 253
338 348 266 258
358 348 277 267
324 355 251 255
331 355 256 259
352 355 267 270
358 355 272 273
400 355 308 295
331 362 248 267
338 362 255 269
358 362 267 278
345 369 257 278
358 369 264 282
372 369 268 287
379 369 274 293
358 376 253 284
365 376 265 293
372 376 270 297
386 376 276 303
