421 73 449 111
428 73 457 112
414 80 440 116
421 80 446 118
428 80 454 119
414 86 437 122
421 86 443 122
414 93 398 159
408 100 428 130
414 100 434 133
428 100 444 132
518 114 515 174
435 121 444 146
442 121 450 149
456 121 455 157
463 121 460 159
504 121 501 177
511 121 507 179
518 121 512 179
421 128 441 151
442 128 448 155
463 128 460 167
504 128 498 184
511 128 504 185
394 135 414 143
401 135 418 145
414 135 433 154
421 135 438 157
435 135 447 164
476 135 476 180
490 135 491 180
401 141 414 150
456 141 455 173
463 141 462 177
483 141 482 184
490 141 488 186
408 148 420 160
428 148 437 168
435 148 442 169
476 148 473 188
483 148 480 190
490 148 485 192
504 148 494 195
408 155 419 166
421 155 429 171
428 155 435 173
442 155 444 177
456 155 453 180
476 155 473 194
483 155 477 196
401 162 414 165
414 162 419 174
435 162 437 180
442 162 442 183
456 162 450 185
497 162 484 201
394 169 405 169
401 169 412 171
421 169 426 179
428 169 431 181
442 169 440 189
456 169 449 191
476 169 468 203
483 169 474 204
401 176 408 177
408 176 415 180
421 176 423 184
428 176 429 187
435 176 435 189
449 176 445 199
456 176 453 204
463 176 458 205
387 183 394 174
394 183 399 179
414 183 415 187
421 183 420 191
428 183 426 192
435 183 433 195
442 183 439 197
470 183 465 208
483 183 469 211
380 190 386 176
387 190 392 180
394 190 396 186
401 190 405 185
414 190 413 193
421 190 418 196
428 190 424 198
435 190 430 200
442 190 438 203
449 190 444 210
401 196 403 191
414 196 410 199
421 196 416 202
428 196 421 204
435 196 427 206
442 196 435 209
449 196 442 213
483 196 465 224
380 203 379 191
387 203 387 194
394 203 393 196
401 203 399 198
414 203 407 205
421 203 413 208
428 203 419 209
435 203 426 212
442 203 432 216
463 203 462 221
373 210 371 194
380 210 379 197
387 210 384 200
394 210 391 202
401 210 397 203
373 217 369 201
380 217 375 204
387 217 382 205
394 217 389 208
401 217 394 209
414 217 403 215
421 217 409 218
428 217 414 220
435 217 421 222
470 217 450 232
373 224 366 208
380 224 374 209
387 224 380 211
394 224 386 213
401 224 391 215
414 224 401 221
421 224 407 223
428 224 413 225
339 231 337 201
373 231 363 213
380 231 371 216
387 231 377 217
394 231 382 220
401 231 387 223
408 231 394 225
421 231 405 229
428 231 409 231
332 238 329 206
353 238 349 208
359 238 357 210
380 238 369 221
401 238 387 227
408 238 393 230
428 238 408 237
339 245 334 210
346 245 340 212
353 245 345 215
359 245 353 216
387 245 373 226
394 245 380 230
401 245 385 234
421 245 402 237
435 245 416 241
325 252 308 222
332 252 314 222
339 252 331 216
346 252 338 219
353 252 344 221
366 252 352 225
373 252 363 230
387 252 372 232
408 252 390 241
414 252 396 242
428 252 405 246
435 252 413 247
449 252 428 246
332 258 310 230
339 258 326 227
346 258 333 229
359 258 345 228
366 258 351 231
373 258 357 234
380 258 364 235
387 258 369 238
394 258 375 240
401 258 381 244
408 258 387 246
421 258 395 250
428 258 402 252
435 258 408 252
442 258 417 250
449 258 426 252
339 265 317 234
353 265 338 239
373 265 355 240
380 265 361 242
387 265 366 244
394 265 372 247
401 265 380 248
408 265 385 252
421 265 394 256
428 265 400 257
442 265 416 258
325 272 302 236
346 272 330 239
373 272 350 248
380 272 357 248
387 272 363 250
394 272 370 253
401 272 377 256
408 272 383 258
421 272 393 261
435 272 406 261
442 272 415 264
332 279 315 240
339 279 323 242
366 279 339 256
373 279 346 254
380 279 354 255
387 279 361 257
394 279 368 259
401 279 374 263
408 279 379 264
421 279 390 268
435 279 400 274
311 286 292 239
325 286 305 245
332 286 312 246
339 286 319 248
380 286 352 262
401 286 370 270
408 286 377 272
414 286 383 274
428 286 393 276
435 286 398 278
304 293 284 243
311 293 290 245
318 293 295 247
325 293 305 250
332 293 310 251
387 293 354 271
394 293 360 274
414 293 378 280
428 293 390 282
332 300 308 258
387 300 352 278
394 300 358 280
414 300 373 286
421 300 380 288
435 300 395 288
298 307 274 253
304 307 281 251
311 307 292 253
318 307 299 257
346 307 318 271
359 307 323 274
366 307 331 276
387 307 350 284
394 307 357 287
414 307 371 291
428 307 383 296
298 313 277 256
304 313 283 257
318 313 296 262
332 313 305 267
339 313 312 270
346 313 316 278
359 313 321 280
380 313 342 288
387 313 348 291
394 313 346 298
401 313 353 301
414 313 360 304
421 313 374 300
284 320 261 258
291 320 269 261
298 320 274 262
304 320 281 264
318 320 290 267
325 320 298 269
332 320 304 273
339 320 310 276
366 320 330 284
373 320 336 287
401 320 350 307
414 320 364 306
284 327 260 263
298 327 272 268
304 327 279 270
311 327 285 273
325 327 295 277
332 327 302 279
339 327 307 282
353 327 314 285
366 327 327 290
380 327 340 295
284 334 256 270
298 334 271 274
304 334 277 277
311 334 283 279
318 334 289 282
332 334 298 285
339 334 304 289
353 334 320 286
339 341 300 293
353 341 316 293
359 341 323 295
373 341 332 299
318 348 280 288
325 348 285 290
332 348 292 293
346 348 304 299
318 355 276 300
332 355 290 300
339 355 297 303
346 355 302 306
353 355 309 309
401 355 355 316
339 362 294 310
346 362 301 313
353 362 307 316
359 362 312 318
401 362 340 333
346 368 299 319
353 368 304 322
