498 119 504 196
414 126 443 156
421 126 448 159
512 126 512 205
414 133 441 160
421 133 444 164
484 133 492 198
505 133 503 205
512 133 510 209
393 139 420 148
456 139 469 182
463 139 475 185
477 139 483 201
484 139 488 204
498 139 494 206
505 139 499 210
400 146 422 156
456 146 466 188
463 146 472 191
477 146 479 207
400 153 419 161
407 153 423 166
463 153 467 195
470 153 472 199
442 160 444 189
400 167 415 169
407 167 419 174
428 167 429 187
435 167 437 191
449 167 446 198
463 167 461 203
393 174 407 171
400 174 411 174
407 174 417 179
442 174 438 198
393 181 401 177
400 181 408 179
414 181 414 186
428 181 425 195
435 181 430 198
442 181 435 202
393 188 396 182
414 188 410 191
428 188 420 200
456 188 442 216
477 188 454 225
484 188 460 229
379 195 377 181
386 195 384 184
393 195 392 187
407 195 400 194
421 195 411 200
428 195 417 204
442 195 431 208
456 195 438 221
477 195 451 231
407 202 394 200
414 202 400 204
421 202 408 207
428 202 414 211
435 202 421 211
442 202 427 214
449 202 432 217
456 202 430 225
463 202 435 227
470 202 441 231
386 209 377 195
400 209 383 202
407 209 389 205
414 209 396 210
421 209 402 214
428 209 410 217
435 209 413 221
463 209 429 232
470 209 437 237
477 209 444 242
386 216 369 200
393 216 374 204
400 216 380 207
407 216 386 211
442 216 419 226
470 216 433 245
352 230 350 184
358 230 354 189
379 230 362 204
386 230 368 208
400 230 381 214
414 230 389 222
421 230 392 226
345 237 340 187
352 237 345 191
358 237 351 195
379 237 359 210
393 237 374 214
421 237 390 230
442 237 411 238
449 237 415 241
338 244 329 188
352 244 341 196
358 244 346 201
365 244 351 206
386 244 364 216
393 244 370 220
400 244 376 224
407 244 381 227
428 244 396 237
442 244 406 243
449 244 411 248
358 251 343 207
365 251 348 213
379 251 356 217
386 251 362 222
393 251 367 225
400 251 371 228
407 251 377 233
345 258 326 206
386 258 355 227
393 258 362 230
400 258 368 235
407 258 373 239
421 258 381 244
442 258 404 250
379 265 348 227
393 265 358 235
400 265 363 241
407 265 370 244
338 272 314 214
393 272 355 242
400 272 360 247
407 272 366 250
421 272 377 250
324 279 295 213
331 279 307 218
393 279 352 247
400 279 357 252
421 279 368 260
338 286 308 229
400 286 353 259
407 286 359 262
428 286 373 266
400 293 349 265
407 293 354 268
421 293 364 268
428 293 370 272
324 300 294 228
428 300 367 279
324 313 284 238
400 320 329 278
407 320 335 282
303 327 262 234
317 327 274 243
303 334 258 240
317 334 270 249
352 334 295 262
296 341 248 241
303 341 254 245
317 341 266 253
324 348 266 258
352 348 291 269
317 355 253 260
324 355 261 265
365 355 294 291
331 362 262 275
338 362 268 279
345 362 274 285
345 369 269 290
