397 78 487 132
404 78 489 139
391 85 478 127
397 85 482 135
404 85 483 141
468 85 502 191
474 85 506 198
397 91 475 137
404 91 477 145
481 91 504 213
481 98 496 217
385 117 437 148
397 117 454 146
404 117 458 153
468 117 474 221
468 123 467 225
474 123 470 231
429 130 441 187
436 130 445 193
449 130 451 207
468 130 461 228
474 130 463 234
385 136 420 147
397 136 423 156
404 136 426 162
429 136 435 189
436 136 438 195
449 136 446 211
455 136 448 219
462 136 452 225
385 142 413 152
436 142 432 198
449 142 438 215
455 142 442 222
462 142 444 228
487 142 459 239
385 149 407 154
391 149 410 162
429 149 422 196
436 149 425 203
442 149 428 211
455 149 435 224
481 149 440 237
487 149 451 242
385 155 403 157
391 155 406 162
397 155 409 170
404 155 411 176
417 155 414 183
455 155 426 221
404 168 405 180
449 168 418 224
481 168 431 235
468 175 411 228
474 175 421 231
429 181 396 210
436 181 399 216
468 181 405 230
429 187 390 213
436 187 393 219
397 194 371 179
410 194 378 194
378 200 359 170
397 200 365 182
410 200 371 197
423 200 378 212
429 200 380 218
436 200 384 223
397 207 359 186
404 207 363 194
410 207 365 199
423 207 371 214
429 207 375 221
436 207 378 226
378 213 344 194
404 213 355 197
410 213 359 203
429 213 361 226
410 220 351 207
372 226 332 183
423 226 352 224
429 226 355 230
372 232 326 187
404 232 338 213
481 232 368 272
391 239 326 203
397 239 329 209
404 239 331 216
410 239 334 224
474 239 359 268
397 245 323 211
417 245 337 230
423 245 340 237
372 252 309 187
378 252 311 194
410 252 322 220
462 252 339 263
417 258 320 229
429 258 324 238
455 258 334 259
423 264 317 234
474 264 336 279
365 271 285 191
397 271 306 230
474 271 332 281
372 277 292 202
378 277 295 209
474 277 324 285
372 284 285 205
378 284 290 212
462 284 318 272
468 284 313 281
474 284 317 288
468 290 306 284
359 322 250 203
365 322 254 212
372 322 253 222
397 322 282 281
359 329 244 207
365 329 247 215
372 329 248 225
397 329 275 284
359 335 237 210
365 335 241 218
410 335 257 251
359 341 232 213
365 341 236 221
372 341 238 229
404 341 248 248
410 341 250 254
449 341 261 291
359 348 226 215
365 348 229 224
404 348 243 251
410 348 245 257
417 348 249 264
385 354 237 238
449 354 255 293
462 354 259 301
404 361 236 256
410 361 238 262
417 361 241 268
449 361 249 297
