485 157 381 104
392 169 379 204
386 175 383 213
392 175 385 206
404 175 385 186
411 175 386 180
460 175 386 135
466 175 388 130
472 175 389 124
479 175 391 117
380 182 388 222
386 182 389 214
392 182 389 207
417 182 393 180
423 182 394 174
454 182 389 144
466 182 393 131
472 182 395 125
380 188 392 224
386 188 394 217
392 188 395 210
398 188 394 202
417 188 399 182
454 188 396 147
460 188 398 139
466 188 400 133
343 194 389 265
355 194 392 251
361 194 394 245
367 194 395 237
374 194 397 232
380 194 398 226
392 194 402 212
398 194 404 206
404 194 408 201
330 200 390 279
343 200 393 272
349 200 396 260
355 200 398 252
361 200 400 245
367 200 401 240
374 200 404 235
386 200 406 220
392 200 409 214
398 200 410 207
404 200 413 202
411 200 415 196
435 200 418 170
343 206 398 275
355 206 404 254
361 206 406 247
367 206 408 241
374 206 410 236
380 206 411 230
386 206 413 222
392 206 415 217
398 206 416 210
404 206 418 204
281 213 383 320
306 213 390 300
312 213 392 295
330 213 396 282
349 213 408 263
355 213 410 256
361 213 413 250
367 213 414 244
374 213 416 237
380 213 417 230
386 213 419 223
392 213 421 217
404 213 425 205
306 219 396 303
330 219 400 283
343 219 414 265
355 219 416 259
361 219 418 253
367 219 420 246
374 219 422 238
380 219 424 231
386 219 426 225
392 219 427 219
398 219 429 213
411 219 430 199
306 225 401 304
312 225 402 299
324 225 405 290
336 225 418 279
355 225 423 261
361 225 424 255
367 225 427 247
404 225 437 211
324 231 419 291
343 231 425 275
367 231 432 250
386 231 435 229
398 231 440 218
417 231 448 191
355 237 431 263
361 237 433 257
374 237 438 245
398 237 448 206
454 237 460 167
460 237 463 160
250 243 406 378
336 243 431 284
355 243 437 265
361 243 439 259
374 243 443 246
429 243 463 188
343 250 445 282
349 250 446 274
355 250 443 267
361 250 445 260
392 250 459 216
429 250 466 190
435 250 467 182
244 256 419 381
268 256 426 361
398 256 463 226
349 262 455 273
268 268 435 358
306 274 449 312
312 274 451 306
349 274 468 282
306 280 463 338
256 293 457 379
