423 90 409 108
416 104 402 120
409 111 397 125
444 111 431 134
450 111 438 133
409 117 398 132
450 117 440 138
409 124 397 137
416 124 409 138
450 124 440 144
457 124 446 145
505 124 480 139
512 124 486 140
519 124 491 139
409 131 402 145
423 131 413 150
437 131 420 151
450 131 439 149
457 131 446 150
498 131 475 144
505 131 480 145
512 131 486 145
416 138 407 151
430 138 416 155
437 138 421 157
444 138 426 157
450 138 440 155
457 138 446 156
484 138 468 149
498 138 475 151
505 138 480 151
512 138 486 151
403 145 390 156
409 145 398 157
416 145 404 157
423 145 410 158
450 145 438 160
457 145 445 160
491 145 470 156
498 145 475 157
505 145 481 158
512 145 487 157
396 151 384 162
403 151 395 162
471 151 450 162
478 151 455 162
484 151 462 162
491 151 469 163
498 151 475 164
505 151 481 164
389 158 379 167
396 158 384 168
403 158 396 167
416 158 406 169
430 158 417 171
444 158 428 170
450 158 434 170
464 158 444 168
471 158 450 168
478 158 455 168
484 158 462 168
491 158 469 169
498 158 475 170
505 158 481 171
396 165 384 174
423 165 411 176
437 165 422 176
444 165 429 176
450 165 435 176
464 165 444 174
471 165 449 173
478 165 455 174
484 165 462 175
491 165 469 175
498 165 476 176
375 172 366 185
389 172 379 186
403 172 397 174
409 172 402 173
430 172 416 186
437 172 422 186
444 172 429 185
450 172 438 184
457 172 444 186
464 172 443 180
471 172 449 180
478 172 455 180
484 172 463 181
491 172 470 181
498 172 475 184
375 179 367 191
396 179 391 179
403 179 398 179
409 179 404 179
423 179 410 191
437 179 422 192
444 179 428 192
450 179 438 191
457 179 444 193
471 179 449 186
484 179 463 188
491 179 470 187
389 186 383 192
396 186 392 185
403 186 398 186
409 186 403 185
430 186 416 194
444 186 430 197
450 186 438 197
484 186 464 194
491 186 470 196
362 192 353 209
368 192 359 209
389 192 383 197
396 192 390 197
403 192 397 191
409 192 401 199
416 192 407 200
423 192 413 200
437 192 425 202
444 192 430 203
450 192 438 204
368 199 358 215
389 199 385 204
396 199 391 203
403 199 396 204
409 199 401 205
416 199 407 206
423 199 412 206
430 199 418 207
437 199 425 208
444 199 431 208
450 199 438 209
457 199 443 210
362 206 355 217
375 206 370 216
382 206 377 215
389 206 382 216
396 206 391 209
403 206 395 211
409 206 400 212
416 206 407 212
423 206 412 213
430 206 418 213
444 206 430 215
450 206 437 215
457 206 443 216
484 206 451 246
368 213 365 221
389 213 382 220
396 213 390 216
403 213 396 218
409 213 401 218
416 213 407 219
423 213 412 219
430 213 419 219
437 213 425 218
444 213 431 220
450 213 437 221
457 213 443 221
368 220 364 226
375 220 370 226
382 220 378 223
389 220 384 226
396 220 390 223
403 220 396 224
409 220 401 224
416 220 406 225
423 220 413 225
430 220 419 224
437 220 425 224
362 226 361 233
375 226 371 233
382 226 378 232
389 226 384 233
396 226 390 233
403 226 396 230
409 226 401 230
416 226 406 231
423 226 413 231
430 226 420 229
437 226 425 229
450 226 432 240
341 233 340 234
355 233 354 239
362 233 359 239
368 233 366 236
382 233 378 238
403 233 395 238
409 233 401 238
416 233 407 238
423 233 413 237
430 233 420 235
437 233 426 234
348 240 347 245
355 240 353 244
362 240 359 244
368 240 366 245
375 240 373 245
382 240 378 245
389 240 384 241
396 240 391 242
423 240 414 242
430 240 420 242
334 247 331 253
348 247 346 251
355 247 353 250
362 247 359 250
375 247 373 251
382 247 379 251
389 247 384 247
396 247 390 247
403 247 395 248
409 247 401 248
416 247 407 248
423 247 413 248
430 247 420 248
437 247 426 251
334 254 330 263
348 254 346 258
355 254 354 257
362 254 360 256
368 254 365 256
375 254 372 256
382 254 378 256
389 254 383 257
396 254 390 253
403 254 395 253
409 254 401 253
416 254 406 253
423 254 413 254
430 254 420 257
437 254 426 257
444 254 431 257
328 261 323 270
334 261 331 270
341 261 340 266
348 261 347 264
355 261 353 264
362 261 359 263
368 261 365 263
375 261 372 262
382 261 378 262
389 261 384 263
396 261 389 262
403 261 395 260
409 261 401 259
416 261 406 259
423 261 413 259
450 261 437 260
328 267 323 277
334 267 341 260
355 267 349 270
362 267 355 269
368 267 365 269
375 267 371 270
382 267 377 269
389 267 383 269
396 267 389 268
409 267 400 266
416 267 406 264
423 267 414 265
430 267 420 265
437 267 427 266
444 267 431 265
450 267 438 265
355 274 347 276
362 274 353 275
382 274 376 275
389 274 382 277
396 274 388 276
403 274 394 272
409 274 400 272
416 274 406 271
423 274 412 272
430 274 421 272
437 274 427 271
444 274 432 271
450 274 439 271
362 281 353 282
389 281 383 282
396 281 389 281
423 281 412 279
430 281 419 279
437 281 426 281
444 281 432 277
450 281 439 277
362 288 352 288
368 288 360 290
375 288 366 294
382 288 372 295
389 288 384 287
396 288 388 287
409 288 399 287
430 288 420 287
437 288 426 287
444 288 432 285
368 295 359 300
375 295 366 300
382 295 377 296
396 295 389 295
409 295 398 293
416 295 404 293
423 295 410 293
437 295 425 293
444 295 431 294
382 302 376 303
389 302 382 302
409 302 397 299
416 302 406 299
423 302 413 300
430 302 419 296
307 308 310 306
375 308 370 308
382 308 376 308
389 308 341 282
396 308 345 283
403 308 389 306
416 308 407 308
430 308 419 302
437 308 427 302
375 315 370 314
409 315 401 314
430 315 420 308
293 322 298 317
300 322 303 318
389 322 341 289
409 322 401 319
293 329 298 324
300 329 304 324
348 329 348 321
355 329 354 320
389 329 341 295
287 336 292 331
293 336 298 330
341 336 341 326
348 336 347 327
355 336 354 327
362 336 360 326
375 336 330 300
409 336 396 336
328 342 328 332
341 342 340 331
348 342 348 332
355 342 354 332
362 342 360 332
314 349 310 338
321 349 321 339
328 349 328 339
334 349 334 339
341 349 341 338
348 349 347 338
355 349 353 339
362 349 358 339
396 349 391 349
321 356 322 348
328 356 328 346
334 356 334 346
341 356 341 347
348 356 346 345
355 356 351 346
362 356 358 346
368 356 365 346
375 356 328 320
409 356 394 355
341 363 340 354
348 363 346 353
355 363 352 352
362 363 357 352
368 363 363 352
341 370 341 360
348 370 346 360
355 370 351 358
368 370 361 357
375 370 367 357
382 370 335 332
362 377 354 363
375 377 371 366
382 377 376 365
389 377 383 363
396 377 388 362
