566 157 552 127
522 162 465 150
533 162 478 146
539 162 484 145
582 168 547 128
419 179 409 190
397 184 418 153
451 184 463 162
386 189 409 160
391 189 415 158
391 195 417 167
429 217 527 187
522 217 544 149
528 217 551 147
604 217 576 142
610 217 584 146
610 222 586 151
490 228 400 259
539 228 412 281
555 228 414 235
462 255 551 201
511 260 542 169
555 260 524 200
560 260 531 199
571 260 517 195
599 260 585 174
550 271 548 188
555 271 553 186
560 271 561 185
577 271 536 224
588 277 579 207
599 277 596 197
500 288 406 282
566 310 511 259
528 315 468 268
528 320 469 273
539 320 487 269
