528 127 479 127
534 127 491 127
516 133 465 132
528 133 484 131
534 133 489 136
509 139 457 137
516 139 465 137
522 139 471 139
528 139 485 138
534 139 488 141
497 146 441 141
503 146 447 142
509 146 456 143
522 146 475 142
479 152 433 141
467 158 421 145
473 158 428 145
479 158 433 147
491 158 442 149
503 158 446 151
509 158 454 152
460 164 413 150
467 164 419 151
473 164 425 151
485 164 433 155
491 164 439 156
497 164 445 157
503 164 452 157
454 170 405 156
460 170 413 156
467 170 418 158
485 170 431 162
491 170 438 162
497 170 443 163
546 170 497 179
442 176 395 158
448 176 395 163
454 176 403 162
546 176 496 185
460 182 410 167
467 182 417 168
473 182 422 167
479 182 429 169
454 188 402 173
460 188 408 173
467 188 415 173
473 188 421 174
430 195 357 185
448 195 395 178
454 195 402 178
467 195 413 180
473 195 420 180
485 195 433 185
497 195 442 187
503 195 447 186
565 195 510 202
399 201 336 182
405 201 341 182
430 201 355 190
473 201 420 189
485 201 431 190
491 201 438 192
503 201 446 192
571 201 514 206
393 207 329 187
399 207 334 187
405 207 341 188
442 207 383 189
448 207 407 184
460 207 413 187
473 207 419 195
479 207 425 196
485 207 431 197
491 207 438 199
558 207 486 215
571 207 515 213
369 213 311 186
375 213 315 187
381 213 322 187
405 213 347 192
424 213 363 193
460 213 413 195
473 213 419 202
479 213 425 202
485 213 431 203
491 213 438 205
571 213 514 218
350 219 292 188
363 219 303 189
369 219 310 190
375 219 314 191
381 219 321 192
387 219 326 194
399 219 335 196
448 219 397 204
454 219 403 204
467 219 411 207
473 219 418 208
479 219 424 209
485 219 429 210
534 219 501 209
565 219 483 231
344 225 287 192
350 225 291 192
363 225 301 196
369 225 308 196
375 225 314 197
381 225 320 198
387 225 325 199
393 225 333 200
436 225 382 210
442 225 388 211
454 225 394 212
460 225 401 213
473 225 416 215
479 225 424 215
485 225 430 216
491 225 435 217
497 225 449 221
516 225 464 224
375 231 314 204
381 231 319 205
387 231 325 205
393 231 332 207
399 231 338 210
479 231 421 222
485 231 428 223
491 231 434 224
497 231 442 227
503 231 449 227
522 231 476 225
381 237 319 212
387 237 325 213
393 237 332 214
399 237 337 215
473 237 413 228
479 237 421 228
485 237 426 228
491 237 433 231
497 237 440 231
516 237 463 232
522 237 469 233
528 237 475 235
301 244 228 212
307 244 233 213
314 244 239 214
381 244 318 220
387 244 325 221
393 244 331 222
479 244 419 235
485 244 426 235
503 244 445 237
509 244 453 238
381 250 316 226
387 250 324 227
393 250 331 229
405 250 343 231
467 250 499 216
491 250 432 241
497 250 438 243
295 256 225 219
301 256 231 221
307 256 237 222
399 256 336 237
405 256 342 238
301 262 229 227
307 262 235 228
350 262 286 279
356 262 292 281
381 262 315 235
387 262 322 237
399 262 335 244
405 262 343 245
473 262 415 252
326 268 270 282
363 268 276 249
387 268 320 243
393 268 327 245
399 268 335 249
405 268 342 251
412 268 346 246
442 268 395 254
460 268 409 257
314 274 240 244
344 274 263 254
350 274 268 254
387 274 318 248
399 274 333 257
405 274 338 258
436 274 365 264
314 280 240 251
320 280 247 252
393 280 325 262
399 280 332 265
405 280 338 265
424 280 350 268
430 280 356 268
436 280 363 270
314 286 239 255
320 286 247 258
326 286 253 258
332 286 260 260
344 286 269 261
350 286 275 261
356 286 283 263
412 286 343 273
424 286 347 276
430 286 356 275
314 292 238 264
320 292 246 264
326 292 252 265
332 292 258 267
344 292 268 268
350 292 274 269
356 292 281 269
405 292 337 273
320 299 244 271
326 299 250 271
332 299 256 273
338 299 263 275
356 299 279 277
381 299 301 260
387 299 309 261
412 299 343 280
320 305 243 277
326 305 249 278
332 305 256 279
338 305 263 282
363 305 283 285
326 311 249 286
332 311 256 288
338 311 263 290
344 311 269 289
326 317 249 294
332 317 256 295
338 317 262 295
332 323 255 302
338 323 262 303
344 323 267 303
350 323 273 303
332 329 255 307
