423 85 418 69
462 96 416 79
384 102 395 85
462 102 415 88
468 102 421 89
473 102 427 89
361 107 376 74
401 107 387 88
456 107 407 92
462 107 414 94
468 107 420 93
473 107 425 95
479 107 433 97
473 113 424 102
356 119 375 86
361 124 383 74
361 130 383 81
428 135 416 108
428 141 416 115
518 141 524 115
512 152 521 123
484 158 446 129
512 158 521 128
518 169 525 138
523 169 531 138
350 180 363 112
361 180 382 109
518 180 524 149
367 186 381 115
395 186 405 107
501 186 505 139
339 191 345 136
395 191 403 112
401 191 408 113
389 197 395 117
395 197 401 118
512 197 521 157
378 202 385 128
479 202 497 145
484 202 504 146
495 202 517 148
512 202 521 164
378 208 384 137
389 208 399 131
395 208 406 133
479 208 496 150
484 208 503 152
495 208 500 159
501 208 507 161
507 208 515 163
423 213 431 145
473 213 488 157
479 213 495 158
490 213 493 164
501 213 505 167
507 213 513 175
406 219 403 146
484 219 486 169
412 225 408 153
490 225 498 173
417 230 413 162
428 230 424 169
440 230 432 166
495 230 503 186
501 230 512 181
345 241 331 240
495 241 500 206
350 247 336 243
356 247 341 243
345 253 338 200
350 253 334 249
361 253 349 244
401 253 388 259
406 253 393 260
412 253 400 261
417 253 407 263
490 253 487 230
345 258 336 207
356 258 342 250
406 258 393 266
412 258 399 267
423 258 411 271
479 258 479 216
345 264 328 253
350 264 333 254
356 264 340 256
401 264 385 270
406 264 391 272
423 264 405 276
479 264 478 222
484 264 484 223
490 264 495 226
345 269 327 260
350 269 332 261
389 269 372 270
395 269 379 272
423 269 404 282
490 269 493 232
345 275 326 265
350 275 332 265
356 275 340 264
367 275 353 265
373 275 359 265
389 275 371 276
395 275 378 278
401 275 384 279
406 275 389 280
417 275 398 281
484 275 486 235
490 275 493 237
345 280 324 271
356 280 338 270
361 280 344 270
367 280 350 271
378 280 358 271
384 280 365 274
406 280 387 285
412 280 394 286
473 280 473 236
479 280 467 268
345 286 322 277
350 286 329 279
356 286 337 277
361 286 342 279
367 286 348 280
378 286 358 279
384 286 364 280
389 286 370 283
395 286 377 284
401 286 382 286
473 286 473 242
479 286 467 275
356 292 336 283
361 292 341 285
367 292 347 286
373 292 353 286
384 292 364 287
389 292 370 288
395 292 375 289
401 292 382 291
406 292 389 293
451 292 425 307
345 297 321 286
350 297 328 287
356 297 334 287
361 297 340 290
367 297 346 291
373 297 353 292
389 297 369 294
395 297 374 295
350 303 327 294
356 303 334 294
361 303 339 296
367 303 345 297
350 308 325 299
389 308 366 302
395 308 373 303
468 308 452 305
473 308 461 300
356 314 330 307
361 314 337 302
367 314 344 302
384 314 360 306
389 314 365 307
468 314 450 318
473 314 457 320
384 320 358 313
389 320 363 313
406 320 382 311
412 320 389 319
456 320 437 321
462 320 444 323
468 320 450 324
395 325 369 316
401 325 376 317
406 325 383 319
456 325 437 328
462 325 443 329
373 331 347 325
384 331 355 325
389 331 361 322
395 331 369 322
401 331 376 323
406 331 381 324
417 331 395 327
445 331 422 331
451 331 429 332
456 331 439 335
389 336 361 331
395 336 368 329
401 336 374 329
406 336 380 330
412 336 386 331
417 336 394 332
440 336 419 337
445 336 426 339
451 336 432 341
