0.2116708606481552 0.9406594634056091 0.2652452290058136 -0.0923231914639473 
0.819291353225708 -0.3187536299228668 0.4766105115413666 -0.2343892157077789 
0.5328761339187622 0.1164286285638809 -0.8381450772285461 0.2514410316944122 
0 0 0 1 

0.6043026447296143 0.7266594767570496 0.3267786204814911 -0.1444339007139206 
0.465426117181778 0.01093665044754744 -0.885019063949585 0.2442198544740677 
-0.6466813683509827 0.6869106292724609 -0.331597238779068 0.1846744269132614 
0 0 0 1 

0.6757647395133972 0.6136960387229919 0.4083125293254852 -0.1816407144069672 
0.3499619364738464 0.2204065024852753 -0.9104655385017395 0.2654040157794952 
-0.6487438678741455 0.7581543326377869 -0.06582728773355484 0.09312701970338821 
0 0 0 1 

0.320763885974884 0.7141989469528198 0.6221175193786621 -0.2076074481010437 
0.06844832003116608 -0.6725863218307495 0.7368459701538086 -0.2644192278385162 
0.9446825981140137 -0.1937705725431442 -0.2646269202232361 0.03692518919706345 
0 0 0 1 

0.4261353611946106 0.5813141465187073 0.6931684613227844 -0.2364316582679749 
0.0260078888386488 -0.7737757563591003 0.6329253911972046 -0.2257999628782272 
0.9042854905128479 -0.2516840100288391 -0.3448517918586731 0.06609853357076645 
0 0 0 1 

0.5297409892082214 0.4652048051357269 0.7091959714889526 -0.2472598105669022 
-0.008957935497164726 -0.8330434560775757 0.5531350374221802 -0.1937614530324936 
0.8481121063232422 -0.299371212720871 -0.4371299147605896 0.09833211451768875 
0 0 0 1 

0.562947154045105 0.3547582030296326 0.7464832067489624 -0.2592572271823883 
-0.04075777530670166 -0.8901786804199219 0.4537847638130188 -0.1564306169748306 
0.8254873752593994 -0.2858818173408508 -0.486664354801178 0.1160982400178909 
0 0 0 1 

0.6297016143798828 0.2450339198112488 0.7371799349784851 -0.2579637169837952 
-0.07005304098129272 -0.9271727204322815 0.3680258989334106 -0.1247982457280159 
0.7736720442771912 -0.2833881974220276 -0.5666767954826355 0.1448502838611603 
0 0 0 1 

0.6371217966079712 0.1606262773275375 0.7538401484489441 -0.2611768841743469 
-0.07234868407249451 -0.9612622857093811 0.2659700810909271 -0.08858881145715714 
0.7673600316047668 -0.2239946871995926 -0.6008201241493225 0.156506672501564 
0 0 0 1 

0.5944465398788452 0.06773009151220322 0.801277756690979 -0.2719544172286987 
-0.1231206953525543 -0.9770318269729614 0.1739261150360107 -0.05476413667201996 
0.7946540117263794 -0.2020435929298401 -0.5724538564682007 0.1487425267696381 
0 0 0 1 

