406 169 433 281
516 179 321 185
521 179 319 178
526 179 318 173
537 179 316 163
542 179 315 157
537 190 322 156
542 190 321 151
568 190 324 128
396 195 371 232
401 195 370 227
406 195 370 222
521 195 329 173
526 195 329 166
531 195 328 161
401 200 376 227
432 221 422 243
511 232 367 161
516 232 354 145
521 232 359 152
589 247 363 95
558 258 371 116
594 258 372 84
511 273 417 167
573 279 446 94
578 279 446 88
542 284 446 174
464 289 448 178
505 289 353 135
573 289 466 103
458 294 454 182
464 294 453 177
578 294 469 97
448 305 470 265
563 305 438 113
511 315 464 143
500 320 476 145
511 320 474 135
500 326 480 145
505 326 479 139
