436 123 424 139
415 128 405 145
420 128 410 144
431 128 419 144
436 128 429 144
441 128 435 144
446 128 441 144
462 128 451 144
431 133 423 147
436 133 429 148
441 133 436 148
446 133 440 148
452 133 445 148
467 133 457 149
452 138 435 153
457 138 447 154
389 144 396 151
394 144 401 151
399 144 406 150
399 149 406 156
404 149 411 155
399 159 406 162
410 159 418 163
404 165 411 168
410 165 418 168
415 165 424 167
399 175 405 173
410 180 413 185
415 180 425 178
510 180 521 169
557 180 576 154
562 180 582 154
394 186 398 184
399 186 404 186
436 186 443 183
441 186 448 183
557 186 575 159
573 186 584 180
389 191 392 189
399 191 404 190
436 191 443 188
441 191 449 189
446 191 455 189
457 191 475 169
525 191 533 195
536 191 550 189
541 191 554 171
552 191 567 177
557 191 572 175
562 191 577 175
567 191 579 186
573 191 585 186
378 196 380 193
389 196 392 195
394 196 398 196
441 196 448 199
452 196 464 188
467 196 476 183
488 196 504 179
494 196 510 180
541 196 555 177
546 196 562 176
567 196 578 193
594 196 600 192
599 196 605 191
383 201 386 199
394 201 397 202
415 201 415 196
562 201 573 199
567 201 578 199
467 207 488 192
483 207 510 185
557 207 567 205
562 207 573 205
436 212 449 211
441 212 454 209
473 212 493 192
478 212 498 191
483 212 510 190
536 212 550 200
552 212 563 210
557 212 568 211
562 212 573 211
473 217 494 197
478 217 498 197
557 217 568 217
562 217 574 216
420 222 428 245
436 222 450 217
446 222 460 221
457 222 477 199
473 222 494 204
488 222 480 271
525 222 545 212
436 228 451 223
441 228 456 222
452 228 472 204
457 228 478 205
494 228 506 201
499 228 512 200
546 228 554 234
546 233 553 240
567 233 584 199
457 238 477 220
467 238 490 226
546 238 564 222
588 238 554 280
599 238 593 261
452 244 467 232
541 244 558 229
546 244 564 228
557 244 564 246
562 244 570 245
583 244 596 204
588 244 577 272
473 249 499 213
510 249 523 229
515 249 530 230
531 249 540 245
536 249 546 245
541 249 558 233
557 249 564 251
562 249 570 250
583 249 595 210
588 249 577 278
473 254 500 219
488 254 503 264
583 254 592 221
473 259 501 225
483 259 513 225
488 259 502 270
531 259 542 258
552 259 559 256
562 259 576 239
567 259 543 297
473 265 502 231
504 265 531 274
536 265 545 250
546 265 555 262
557 265 559 268
567 265 572 263
573 265 578 262
473 270 502 237
499 270 536 257
536 270 547 257
573 270 587 255
573 275 587 260
557 280 561 284
567 280 597 226
499 286 507 242
562 286 571 274
478 291 515 292
499 291 507 247
562 291 572 278
473 296 481 289
525 296 555 283
573 296 588 282
483 301 515 287
520 301 549 290
525 301 555 289
531 301 561 289
520 307 548 298
525 307 555 295
546 307 572 295
546 312 573 300
552 312 556 313
488 317 516 305
504 328 517 327
