444 225 458 110
449 225 464 109
454 230 471 122
459 230 478 121
454 235 472 129
489 235 488 141
499 235 496 139
399 240 428 143
454 240 474 136
484 240 483 149
389 245 419 150
399 245 428 149
404 245 434 147
454 245 476 142
384 250 415 158
389 250 421 156
394 250 428 156
399 250 435 156
449 250 477 164
494 250 509 143
384 255 415 164
389 255 420 163
399 255 437 163
379 260 409 171
384 260 415 170
394 260 423 168
399 260 437 169
404 260 444 169
429 260 464 173
374 265 403 186
379 265 410 179
389 265 418 177
394 265 423 176
429 265 464 179
369 270 397 193
379 270 405 193
369 275 397 200
379 275 407 198
384 275 413 197
389 275 419 197
404 280 433 203
394 285 422 211
414 285 443 209
419 285 449 208
424 285 455 208
434 285 463 208
364 290 395 230
374 290 403 230
414 290 444 218
419 290 450 217
424 290 457 220
339 295 369 252
364 295 395 237
394 295 424 232
404 295 437 230
419 295 452 224
429 295 459 228
434 295 464 227
444 295 473 225
339 300 371 259
399 300 430 237
419 300 453 235
424 300 458 235
434 300 465 234
374 305 406 256
414 305 447 244
419 305 453 243
424 305 459 241
339 310 368 274
344 310 374 274
349 310 380 273
354 310 387 273
359 310 393 273
369 310 402 269
424 310 461 249
344 315 376 281
349 315 383 281
354 315 387 280
359 315 393 279
369 315 401 277
349 320 382 287
354 320 390 292
359 320 398 290
364 320 404 290
349 325 382 293
354 325 391 299
359 325 399 297
364 325 406 297
334 330 364 317
364 330 405 304
314 335 342 346
