338 250 487 279
335 253 470 302
385 253 440 272
344 259 478 275
385 259 441 263
385 262 441 259
388 262 437 259
405 262 420 263
399 265 426 259
397 268 429 255
399 268 426 255
437 268 380 262
434 271 388 256
437 271 380 259
437 274 381 255
335 277 482 228
356 277 468 222
364 277 460 222
326 280 498 253
335 280 483 223
367 280 449 249
385 280 437 251
391 280 430 251
382 285 437 212
329 288 496 213
332 288 492 212
335 288 489 212
361 288 465 207
373 288 447 240
321 291 516 211
329 291 496 209
332 291 493 209
335 291 489 208
338 291 485 208
353 291 463 191
373 291 447 237
356 294 476 202
399 309 447 189
423 315 414 187
326 318 503 189
359 318 478 187
367 318 454 185
379 318 462 186
385 318 450 185
321 321 512 185
420 321 419 182
423 321 415 182
434 321 406 181
437 321 402 181
321 323 514 182
324 323 510 182
335 323 499 184
426 323 415 178
434 323 407 177
332 326 504 180
335 326 500 180
350 326 486 179
353 326 483 180
359 326 479 180
388 326 445 216
356 329 484 177
379 332 448 172
385 332 439 172
391 332 427 171
432 338 408 171
