344 242 474 304
344 245 453 320
367 248 434 297
370 248 430 298
376 248 424 298
367 250 432 293
373 250 428 294
376 250 424 295
385 250 417 301
373 253 427 290
391 253 411 320
426 253 373 302
373 256 426 286
382 256 417 293
379 259 420 283
382 259 417 289
385 259 414 290
379 262 419 280
429 262 373 294
361 265 426 316
364 268 436 282
361 274 437 274
376 274 421 274
379 274 417 276
382 274 414 277
361 277 436 270
367 277 429 268
370 277 425 269
376 277 420 271
379 277 417 272
388 277 398 244
376 280 419 267
379 280 416 269
370 283 415 229
394 283 401 267
399 283 385 270
376 285 418 262
432 288 362 276
437 288 356 278
321 303 457 212
417 306 371 253
420 306 367 253
361 309 417 233
364 309 413 234
367 309 408 237
411 309 374 246
417 309 370 249
420 309 366 250
364 312 412 231
367 312 408 232
370 312 404 233
382 312 388 237
411 312 372 242
417 312 369 244
420 312 365 245
379 315 391 232
408 315 375 237
411 315 371 238
417 315 367 240
420 315 364 242
417 318 366 236
332 323 439 195
335 323 434 197
324 326 453 199
347 326 426 195
350 326 422 197
379 326 402 204
382 326 396 206
385 326 392 207
399 326 379 224
434 326 343 217
350 329 421 193
353 329 418 194
382 329 394 202
385 329 390 203
394 329 382 205
385 332 388 200
402 332 364 207
402 335 363 204
432 335 345 213
432 338 345 209
426 341 351 217
