454 185 484 163
464 189 514 176
468 189 519 177
464 192 513 178
468 192 518 179
392 196 445 156
413 196 466 163
437 196 460 165
368 199 420 151
471 199 521 189
372 203 424 155
375 203 428 156
413 203 465 170
464 213 512 197
368 216 417 170
468 216 514 203
361 220 407 166
365 220 413 168
451 220 488 198
454 220 500 199
458 220 500 203
461 220 504 205
475 220 521 207
358 223 401 170
451 223 486 203
458 223 498 208
461 223 502 210
461 227 499 214
478 227 522 212
368 230 415 180
454 230 488 217
471 230 515 216
471 233 514 221
389 237 440 205
471 237 512 226
475 240 511 231
361 244 403 191
420 244 433 220
409 247 422 221
413 247 428 223
420 247 432 225
423 247 438 227
392 251 403 227
399 251 410 224
409 251 421 227
413 251 427 228
423 251 437 233
427 251 441 235
399 254 408 228
409 254 420 232
430 254 444 241
451 254 461 247
454 254 464 248
458 254 470 251
399 258 407 233
427 258 440 241
451 258 458 253
402 261 411 236
406 261 415 237
416 289 422 269
420 289 428 272
427 289 431 272
461 289 462 284
416 292 420 274
423 292 426 277
427 292 430 278
430 292 435 279
454 292 446 287
458 292 451 286
461 292 457 289
464 292 462 289
423 295 424 281
430 295 435 285
454 295 443 293
458 295 449 294
464 295 453 296
396 299 393 272
416 299 418 284
420 299 423 285
454 299 442 298
433 306 412 300
454 306 437 310
396 319 380 294
396 323 378 299
454 323 419 327
