429 165 396 168
354 171 361 245
422 171 454 200
429 171 461 198
435 171 419 209
447 171 413 169
453 171 419 167
385 177 416 226
429 177 463 205
441 177 426 211
336 184 334 232
348 184 358 261
422 184 403 232
429 184 465 212
435 184 470 210
323 190 283 231
466 190 450 216
491 190 520 193
553 190 522 179
559 190 550 171
565 190 557 168
571 190 562 165
577 190 567 161
460 196 447 227
466 196 453 225
484 196 507 206
509 196 507 198
515 196 514 196
546 196 539 187
553 196 545 180
559 196 552 177
565 196 558 173
571 196 564 172
329 202 340 275
553 202 526 192
559 202 554 184
565 202 560 181
571 202 564 178
323 208 335 285
329 208 343 281
416 208 349 204
429 208 361 199
559 208 555 191
565 208 562 189
503 215 503 216
509 215 509 213
367 221 424 268
429 221 367 214
503 221 504 222
509 221 511 220
497 227 381 208
422 233 362 222
491 233 374 218
528 239 470 250
435 252 425 247
435 258 429 252
460 270 464 258
