412 156 413 161
412 166 410 170
407 171 402 174
417 171 411 177
422 171 417 179
432 171 423 180
427 176 414 186
432 176 422 186
437 176 430 187
376 181 346 188
386 181 356 189
392 181 362 190
397 181 370 189
407 181 382 192
417 181 399 190
422 181 406 190
427 181 414 190
432 181 419 192
442 181 433 191
361 186 330 190
386 186 354 195
392 186 358 196
397 186 367 195
407 186 381 196
412 186 387 197
417 186 396 196
422 186 403 196
427 186 410 196
442 186 427 199
448 186 434 199
386 191 350 202
392 191 355 202
407 191 374 202
422 191 396 202
427 191 402 204
437 191 419 202
442 191 425 204
448 191 433 204
392 196 354 211
402 196 364 208
407 196 373 207
412 196 378 210
417 196 387 208
422 196 393 208
427 196 400 209
432 196 406 209
437 196 416 209
442 196 423 209
448 196 430 210
458 196 443 207
463 196 450 211
346 202 300 202
402 202 360 214
407 202 368 214
417 202 383 213
422 202 389 214
437 202 412 215
442 202 421 215
453 202 426 219
458 202 442 216
463 202 447 218
468 202 456 219
473 202 463 221
397 207 353 219
402 207 358 220
412 207 374 218
417 207 380 219
427 207 391 220
437 207 405 221
442 207 412 222
453 207 435 219
458 207 440 221
463 207 447 223
478 207 460 227
351 212 319 208
417 212 375 224
422 212 381 225
432 212 397 226
437 212 403 226
442 212 409 227
448 212 415 228
453 212 433 225
463 212 437 229
478 212 453 234
407 217 357 228
412 217 364 230
417 217 371 230
422 217 378 232
432 217 393 231
437 217 400 231
468 217 437 236
473 217 444 236
407 222 355 233
417 222 364 236
422 222 371 238
432 222 384 240
442 222 399 239
448 222 404 241
458 222 412 245
463 222 427 242
468 222 433 242
361 227 322 225
422 227 368 244
427 227 375 245
330 232 284 228
437 232 381 249
442 232 388 251
458 232 402 255
437 237 379 254
453 237 394 257
458 237 401 259
310 242 251 234
330 242 278 241
340 248 284 249
453 248 389 268
407 314 309 317
