434 165 419 167
440 165 427 170
445 165 433 172
428 171 409 170
434 171 415 174
440 171 424 176
445 171 432 178
451 171 437 180
428 177 406 176
434 177 414 179
445 177 422 183
451 177 428 186
457 177 435 189
422 183 400 177
434 183 407 184
440 183 413 186
445 183 418 189
451 183 425 191
457 183 431 194
463 183 438 197
469 183 448 199
416 188 393 177
422 188 396 182
463 188 435 205
475 188 457 213
410 194 355 190
422 194 393 188
398 200 349 186
416 206 357 206
457 206 417 215
422 212 371 210
428 212 381 208
410 218 354 213
416 218 360 212
422 218 368 216
428 218 378 213
434 218 383 215
440 218 389 218
428 224 374 219
434 224 380 223
440 224 387 224
445 224 394 227
451 224 402 230
422 230 359 222
428 230 367 225
440 230 382 229
445 230 392 234
428 236 363 232
434 236 370 232
440 236 377 234
422 242 356 230
434 242 366 237
440 242 373 241
451 248 380 246
363 265 319 222
345 306 261 269
369 330 277 291
339 348 264 303
434 348 322 318
345 354 269 313
380 371 278 324
