420 144 403 153
426 144 409 148
431 144 452 115
436 144 459 118
415 149 395 158
420 149 402 158
426 149 407 159
431 149 414 159
415 155 392 166
420 155 399 165
426 155 405 166
431 155 412 166
404 160 381 168
409 160 386 171
431 160 410 173
436 160 419 167
409 165 393 170
415 165 399 170
436 165 409 184
442 165 424 174
398 171 379 174
426 176 402 184
431 176 403 190
436 176 409 190
442 176 414 190
453 176 426 189
458 176 435 181
464 176 442 183
387 182 343 207
415 182 377 199
420 182 395 189
431 182 400 197
436 182 407 196
442 182 412 196
453 182 426 195
480 182 494 165
382 187 335 211
387 187 341 212
409 187 370 205
415 187 377 204
420 187 382 205
426 187 394 201
442 187 409 203
447 187 415 202
458 187 427 201
496 187 506 174
398 193 353 214
409 193 369 211
415 193 375 211
426 193 385 214
436 193 401 208
442 193 407 209
447 193 413 209
453 193 419 207
458 193 426 207
464 193 432 207
469 193 439 202
393 198 342 220
398 198 347 221
404 198 353 222
409 198 359 222
431 198 387 219
436 198 393 221
442 198 404 215
453 198 417 213
458 198 425 214
464 198 432 213
387 203 367 260
393 203 342 226
398 203 347 228
404 203 352 228
409 203 358 228
426 203 379 225
431 203 386 225
436 203 392 226
442 203 398 226
447 203 405 222
453 203 412 223
458 203 424 220
464 203 429 219
469 203 437 216
491 203 462 218
382 209 361 267
387 209 367 268
393 209 344 234
404 209 352 234
409 209 357 234
415 209 363 234
426 209 376 231
431 209 382 231
436 209 389 231
447 209 402 230
453 209 409 230
464 209 428 226
469 209 437 222
393 214 343 240
409 214 358 240
415 214 362 240
420 214 369 242
426 214 375 236
431 214 381 238
436 214 388 238
442 214 394 235
447 214 401 235
453 214 406 236
458 214 420 231
464 214 426 232
480 214 438 235
485 214 444 235
366 220 329 222
387 220 337 243
393 220 343 244
398 220 350 246
431 220 382 246
442 220 388 244
447 220 399 241
453 220 406 241
464 220 426 238
469 220 434 239
480 220 438 240
491 220 452 237
360 225 321 229
382 225 329 249
387 225 335 249
409 225 356 246
415 225 361 247
431 225 373 249
442 225 385 250
447 225 396 246
485 225 440 246
431 231 372 255
436 231 377 256
442 231 384 256
447 231 390 256
458 231 399 260
360 236 327 229
404 236 354 253
420 236 362 253
426 236 368 254
344 242 293 250
436 242 373 262
442 242 379 267
453 242 390 269
447 247 385 272
339 252 277 267
420 258 359 272
426 258 365 272
398 263 325 284
420 263 358 278
453 263 465 155
426 274 363 286
469 274 399 292
311 285 263 276
387 285 304 303
393 285 311 303
420 291 354 297
436 291 373 300
306 296 257 281
447 296 358 318
453 301 385 307
404 356 317 340
415 356 356 329
420 356 343 345
387 361 329 344
387 367 328 349
