421 151 390 154
450 151 431 155
426 157 397 159
432 157 402 160
438 157 409 158
444 157 421 162
426 163 396 164
438 163 409 165
550 174 566 163
555 174 572 163
561 174 578 163
555 180 558 166
585 180 601 156
503 186 501 206
550 186 553 172
555 186 559 172
520 192 506 187
555 192 561 177
573 192 591 186
426 198 400 207
438 198 412 207
567 198 584 194
585 198 608 186
426 204 401 213
432 204 406 214
438 204 412 212
444 204 419 212
567 204 587 200
573 204 592 198
585 204 605 199
573 209 593 205
579 209 600 204
585 209 606 203
450 227 425 216
585 227 606 233
438 233 413 224
444 233 419 223
450 233 425 222
555 233 556 213
456 239 457 250
462 239 463 249
544 239 564 237
567 239 589 229
468 245 444 240
561 245 582 236
567 245 588 235
456 250 425 247
462 250 432 247
555 250 577 241
561 250 583 241
567 250 588 241
596 250 610 256
462 256 434 253
555 256 577 246
573 256 591 258
415 262 405 267
421 262 411 266
544 262 560 261
555 262 578 259
561 262 584 252
573 262 588 253
579 262 597 265
591 262 597 277
391 268 381 269
438 268 447 269
532 268 549 268
380 274 375 275
403 274 404 278
409 274 410 278
415 274 416 278
421 274 423 278
426 274 428 278
432 274 435 277
438 274 440 275
444 274 447 275
403 280 404 283
432 280 434 282
438 280 440 282
444 280 447 281
550 286 579 276
555 286 586 277
