318 149 292 159
324 149 298 157
329 149 303 155
334 149 309 153
303 154 283 164
318 154 293 166
324 154 300 164
329 154 305 162
502 154 476 120
318 159 295 173
324 159 302 171
460 159 436 137
466 159 442 136
471 159 447 134
476 159 455 133
481 159 458 131
497 159 472 128
502 159 478 125
508 159 481 123
450 165 413 145
455 165 420 143
497 165 472 134
502 165 478 132
297 170 292 227
445 170 403 153
455 170 420 149
460 170 426 147
466 170 438 144
497 170 475 140
502 170 481 138
508 170 483 132
518 170 492 129
292 175 289 234
297 175 294 233
303 175 299 231
329 175 319 210
376 175 366 200
455 175 421 154
476 175 452 148
497 175 477 146
502 175 483 145
508 175 487 142
513 175 492 140
297 180 296 239
329 180 320 215
392 180 391 200
471 180 444 185
476 180 449 183
502 180 483 148
508 180 488 147
513 180 494 146
297 186 298 244
418 186 358 173
429 186 418 181
434 186 421 180
476 186 452 190
481 186 457 188
502 186 484 154
508 186 491 152
513 186 496 153
287 191 276 183
439 191 425 184
481 191 457 194
497 191 483 168
513 191 498 157
287 196 289 260
455 196 438 187
502 196 487 159
324 201 315 241
329 201 320 239
392 201 381 235
418 201 409 194
429 201 420 193
460 207 435 221
345 212 343 252
439 217 428 197
508 217 498 178
513 217 503 180
376 222 348 245
513 228 507 191
318 238 315 260
387 238 382 254
429 238 409 220
502 238 497 215
297 243 304 274
308 243 311 274
318 243 316 266
334 243 342 265
439 243 428 239
497 243 493 229
287 249 295 278
292 249 300 277
308 249 313 279
334 249 343 270
339 249 350 268
345 249 354 267
413 249 395 255
471 249 459 243
497 249 494 235
518 249 514 216
318 254 319 278
324 254 326 277
329 254 339 278
334 254 344 277
339 254 351 273
429 254 425 253
445 254 437 250
466 254 455 246
508 254 502 232
513 254 506 231
303 259 316 290
324 259 340 284
329 259 344 283
345 259 352 281
424 259 417 262
445 259 438 256
502 259 497 240
508 259 503 238
513 259 508 237
297 264 311 293
303 264 318 295
308 264 324 294
313 264 328 292
324 264 336 291
413 264 406 272
424 264 418 268
429 264 428 259
434 264 433 258
450 264 445 254
455 264 446 262
502 264 499 245
508 264 505 244
513 264 510 243
366 270 385 285
466 270 461 264
471 270 466 262
497 270 495 253
502 270 500 251
492 275 489 262
497 275 495 259
502 275 501 257
513 275 513 230
287 286 297 294
513 286 515 240
