356 179 335 163
368 179 347 161
374 179 353 160
349 185 330 168
356 185 337 167
368 185 348 165
381 185 354 164
387 185 360 163
518 185 455 148
356 191 339 172
368 191 349 170
374 191 355 169
387 191 362 168
393 191 367 167
399 191 373 166
406 191 378 164
293 197 284 183
312 197 304 183
387 197 365 173
393 197 370 172
399 197 375 171
406 197 380 170
312 204 306 189
387 204 370 177
424 204 404 170
306 210 307 195
312 210 312 194
418 210 400 177
424 210 405 176
475 210 438 173
481 210 442 172
525 210 466 170
306 216 309 199
318 216 315 198
362 216 356 193
368 216 362 192
381 216 373 188
387 216 379 187
393 216 384 185
531 216 468 176
537 216 474 175
337 222 332 200
343 222 338 199
356 222 350 197
387 222 381 193
393 222 386 192
399 222 392 190
299 229 301 215
368 229 364 203
374 229 370 202
381 229 377 200
387 229 382 199
399 229 394 196
487 229 458 186
381 235 377 206
387 235 383 205
393 235 390 203
293 241 293 234
306 241 304 232
387 241 380 214
287 247 281 245
331 247 317 234
362 247 352 226
293 254 290 248
299 254 296 246
368 254 362 235
374 254 367 233
406 254 382 243
324 279 316 272
324 285 317 277
