410 113 406 112
423 113 415 112
428 113 418 112
455 113 450 111
460 113 455 111
428 117 438 115
455 117 447 116
473 117 469 116
387 122 384 121
392 122 388 121
405 122 389 131
423 122 433 118
432 122 423 120
437 122 428 120
469 122 456 116
473 122 461 117
478 122 465 117
387 126 384 126
392 126 379 133
405 126 392 134
410 126 396 134
423 126 433 121
428 126 418 124
432 126 423 124
446 126 441 125
451 126 411 129
455 126 446 125
469 126 456 121
473 126 460 121
478 126 465 121
482 126 469 121
378 131 375 130
383 131 379 130
387 131 383 130
392 131 379 138
396 131 383 138
432 131 423 128
441 131 437 129
446 131 442 129
460 131 450 130
464 131 455 129
473 131 460 125
478 131 463 126
482 131 468 126
392 135 378 143
432 135 401 135
441 135 438 133
446 135 442 134
451 135 446 134
455 135 450 134
464 135 455 134
469 135 460 130
473 135 465 130
500 135 491 130
369 140 365 139
419 140 391 140
432 140 401 139
451 140 446 138
455 140 450 138
464 140 456 138
478 140 474 139
496 140 484 135
500 140 491 134
505 140 496 135
365 144 361 144
369 144 365 143
414 144 387 144
419 144 392 143
482 144 479 144
500 144 492 139
505 144 496 139
360 149 356 148
365 149 357 157
414 149 387 148
419 149 392 148
460 149 469 163
464 149 474 162
469 149 447 152
496 149 487 143
500 149 493 143
505 149 496 143
509 149 501 144
356 153 350 153
365 153 356 162
369 153 364 161
478 153 465 156
505 153 496 148
509 153 506 162
365 158 355 171
378 158 374 167
441 158 442 165
464 158 473 166
469 158 478 166
478 158 465 161
509 158 505 166
514 158 510 166
387 162 411 170
464 162 473 170
469 162 477 171
509 162 505 170
351 167 345 170
401 167 432 167
405 167 436 166
478 167 465 169
514 167 510 175
347 171 341 175
351 171 346 174
360 171 352 174
405 171 436 171
473 171 477 180
347 176 341 178
351 176 346 179
356 176 351 179
347 180 341 183
351 180 346 183
378 180 388 211
405 180 388 198
491 180 479 161
496 185 483 162
500 185 497 180
347 189 341 187
351 189 346 187
347 194 342 193
351 194 347 192
360 194 352 198
414 194 406 212
441 194 415 162
446 194 442 180
347 198 341 201
356 203 351 183
387 203 378 202
437 203 424 215
446 203 433 216
518 203 514 196
351 207 347 216
392 207 393 197
419 207 396 216
446 207 433 220
451 207 438 220
514 207 511 193
392 212 379 220
396 212 383 220
401 212 387 220
500 212 488 217
392 217 379 223
396 217 384 223
414 217 410 193
446 217 443 225
451 217 447 226
487 217 478 211
360 221 352 217
365 221 357 216
487 221 486 201
491 221 483 215
505 221 501 210
360 226 351 221
365 226 357 220
419 226 400 224
487 226 487 206
491 226 483 220
496 226 488 221
500 226 493 221
360 230 351 225
374 230 379 230
414 230 396 229
446 230 441 229
478 230 465 233
482 230 469 233
487 230 478 224
491 230 483 225
496 230 488 225
365 235 361 238
378 235 360 224
383 235 365 224
387 235 370 225
396 235 378 233
401 235 382 233
451 235 442 237
496 235 491 229
505 235 506 219
509 235 510 220
365 239 361 243
374 239 356 229
378 239 360 229
383 239 365 228
455 239 450 239
460 239 455 239
491 239 486 234
496 239 491 233
500 239 496 233
374 244 368 246
378 244 361 233
383 244 365 232
387 244 378 243
392 244 384 244
396 244 391 246
410 244 388 241
419 244 397 243
428 244 406 243
446 244 437 246
455 244 451 243
460 244 456 242
464 244 460 242
469 244 465 241
473 244 469 241
482 244 474 241
487 244 479 241
496 244 491 239
387 248 384 251
396 248 392 251
419 248 411 251
423 248 415 251
441 248 432 247
455 248 451 247
460 248 456 246
464 248 460 245
469 248 465 245
473 248 469 246
482 248 474 246
487 248 479 246
496 248 493 243
500 248 509 228
392 253 387 253
410 253 406 251
423 253 415 257
428 253 418 253
432 253 423 251
441 253 432 252
446 253 437 252
451 253 442 252
464 253 460 250
478 253 469 252
482 253 473 252
487 253 478 251
387 257 380 257
396 257 389 257
405 257 402 256
410 257 405 256
414 257 409 256
428 257 419 256
432 257 424 256
441 257 433 256
446 257 437 256
455 257 447 256
460 257 441 261
464 257 459 255
396 262 388 261
401 262 392 261
405 262 397 262
410 262 401 262
414 262 406 262
419 262 414 261
423 262 419 261
432 262 425 261
437 262 429 261
441 262 434 261
455 262 451 260
460 262 456 260
464 262 460 260
482 262 483 257
410 266 401 265
414 266 405 266
419 266 409 266
423 266 414 266
428 266 421 266
432 266 428 266
437 266 432 265
441 266 436 266
446 266 441 265
455 266 450 264
460 266 455 264
469 266 469 261
478 266 478 261
414 271 409 271
419 271 415 270
423 271 419 271
428 271 423 270
432 271 428 270
437 271 432 270
441 271 437 270
446 271 442 269
451 271 447 269
455 271 450 269
469 271 465 265
473 271 473 265
482 271 482 268
487 271 487 268
419 275 414 275
423 275 419 275
428 275 424 274
432 275 429 274
437 275 434 274
441 275 438 274
446 275 442 274
451 275 446 273
455 275 450 274
469 275 465 269
473 275 473 273
478 275 482 273
487 275 487 274
491 275 491 274
441 280 440 279
446 280 446 278
455 280 450 279
460 280 456 279
464 280 460 274
478 280 483 278
487 280 487 278
491 280 491 279
496 280 496 279
446 284 446 283
455 284 450 283
478 284 478 292
482 284 483 292
491 284 492 283
446 289 445 289
460 289 456 296
478 289 478 297
482 289 483 297
451 293 450 297
473 293 474 291
446 298 446 301
451 298 451 302
455 298 455 302
464 298 465 301
473 298 473 297
441 302 443 300
451 302 452 306
437 307 439 306
441 307 442 306
446 307 447 305
437 311 441 310
