455 153 444 136
461 153 450 136
466 153 455 136
432 159 428 139
438 159 435 139
443 159 440 139
409 165 401 142
432 165 429 143
438 165 435 143
443 165 439 144
455 165 446 143
461 165 450 144
466 165 462 143
472 165 467 143
478 165 473 143
513 165 493 146
426 171 424 146
432 171 429 149
438 171 435 148
443 171 441 148
455 171 446 148
461 171 452 148
466 171 457 148
472 171 462 149
478 171 472 148
357 176 364 149
420 176 397 152
426 176 424 150
432 176 430 154
466 176 458 153
472 176 463 153
478 176 472 153
357 182 365 154
362 182 370 154
391 182 391 152
438 182 434 154
443 182 440 153
478 182 472 157
484 182 478 157
276 188 295 154
281 188 300 154
287 188 305 154
386 188 392 158
409 188 414 155
432 188 431 160
438 188 435 159
276 194 298 159
287 194 304 157
386 194 393 164
426 194 425 165
432 194 430 165
438 194 436 165
449 194 452 166
357 200 371 164
362 200 376 164
368 200 381 164
374 200 387 164
432 200 430 171
443 200 453 170
461 200 462 169
351 205 369 168
362 205 377 169
455 205 458 174
351 211 371 174
386 211 410 206
449 211 458 179
333 217 355 177
339 217 361 177
345 217 366 179
351 217 370 179
362 217 378 180
374 217 392 179
316 223 344 183
333 223 355 182
357 223 376 184
368 223 387 185
374 223 392 184
287 228 313 189
293 228 319 189
299 228 324 188
322 228 327 232
368 228 387 191
374 228 394 190
478 228 451 219
333 234 343 236
368 234 388 195
374 234 394 194
380 234 401 195
310 240 316 243
316 240 321 239
322 240 327 237
345 240 357 209
351 240 363 209
357 240 370 213
362 240 376 213
368 240 381 213
374 240 386 213
380 240 402 199
276 246 299 212
281 246 304 212
287 246 309 213
293 246 315 213
299 246 306 251
339 246 352 215
351 246 364 215
362 246 376 218
368 246 380 218
374 246 386 218
380 246 391 218
276 252 299 218
281 252 304 219
287 252 309 219
293 252 315 218
299 252 320 218
305 252 312 256
310 252 318 256
316 252 322 256
322 252 341 219
328 252 346 219
339 252 352 220
345 252 358 221
351 252 364 221
357 252 370 220
362 252 375 222
368 252 380 223
374 252 386 224
380 252 402 227
386 252 408 232
438 252 451 213
449 252 421 242
276 257 298 224
281 257 305 224
287 257 310 224
293 257 315 224
316 257 337 226
322 257 342 226
328 257 347 225
339 257 354 226
345 257 358 226
351 257 363 226
357 257 370 228
362 257 375 227
368 257 381 228
374 257 387 228
449 257 421 248
276 263 294 240
281 263 303 230
351 263 363 235
357 263 370 234
362 263 376 233
368 263 381 233
374 263 387 232
380 263 402 238
386 263 408 238
270 269 284 246
276 269 294 246
351 269 360 241
357 269 369 240
362 269 375 239
368 269 380 238
374 269 391 238
270 275 284 252
276 275 294 250
287 275 301 252
305 275 332 211
310 275 337 214
368 275 392 244
374 275 397 244
270 280 284 257
299 280 306 256
333 280 340 258
339 280 344 259
374 280 398 249
316 286 323 265
322 286 328 265
