397 150 472 122
392 155 463 126
401 164 410 153
406 169 408 160
411 169 414 163
378 173 335 179
373 178 329 181
382 178 336 183
401 178 368 183
406 178 383 182
420 178 405 184
368 183 319 185
378 183 331 190
387 183 338 189
397 183 348 190
430 183 412 186
387 188 337 195
397 188 344 196
434 188 411 193
444 188 433 194
448 188 440 195
373 192 344 235
392 192 343 203
406 192 351 201
444 192 432 201
448 192 438 202
453 192 444 205
458 192 507 191
411 197 350 208
415 197 356 208
463 197 511 197
467 197 510 202
477 197 525 201
406 202 345 213
415 202 353 214
420 202 363 212
425 202 377 212
458 202 493 204
477 207 459 228
411 211 345 220
463 211 488 216
472 211 433 235
364 216 327 205
373 216 443 152
345 221 257 215
411 221 339 227
420 221 348 230
453 221 380 244
411 225 360 276
425 230 351 238
467 230 384 260
340 235 246 227
411 235 336 233
364 244 290 292
392 249 312 294
467 258 436 163
321 263 299 272
458 268 301 232
463 268 340 289
458 277 329 294
397 296 477 164
434 296 288 299
434 301 286 306
439 301 292 309
