382 158 349 208
370 161 340 219
376 161 348 213
382 161 352 211
386 161 356 208
370 164 343 223
348 167 326 249
358 167 334 237
355 170 333 244
358 170 337 240
414 170 389 201
352 173 333 250
355 173 335 247
358 173 339 244
367 173 340 239
370 173 345 235
373 173 349 232
410 173 388 210
414 173 392 206
348 176 334 256
355 176 339 251
358 176 342 248
367 176 343 242
348 179 337 259
348 182 341 263
414 182 399 214
386 198 400 257
361 201 356 265
404 201 430 246
423 201 425 226
404 204 433 250
355 207 357 276
401 207 433 258
426 207 430 230
401 210 436 263
361 217 364 277
370 217 378 273
373 217 383 270
370 220 382 277
382 220 390 270
386 220 393 264
355 223 369 292
386 223 395 268
389 223 400 264
401 223 406 257
407 223 412 248
404 226 411 255
407 226 414 251
404 229 414 259
407 229 417 256
395 232 406 265
386 235 406 284
358 238 382 302
361 238 386 298
389 238 407 276
410 238 442 271
358 241 385 305
361 241 389 302
373 241 397 296
364 244 393 301
358 248 389 311
364 248 396 304
376 248 408 301
361 251 397 310
386 251 418 293
373 257 406 308
376 257 413 310
379 257 417 307
376 260 416 313
382 260 422 305
429 260 471 267
432 260 474 263
361 263 406 326
379 263 421 312
382 263 425 308
414 263 445 300
417 263 448 297
370 266 415 321
376 266 420 319
379 266 423 316
426 266 468 281
429 266 473 278
432 266 476 275
364 269 414 329
370 269 417 325
376 269 422 322
379 269 426 319
392 269 436 306
414 269 459 294
429 269 475 282
364 272 416 332
370 272 420 329
376 272 426 326
389 272 435 312
392 272 439 309
379 276 430 323
386 276 434 319
398 276 448 304
410 276 450 309
370 279 423 332
392 279 443 315
395 279 446 312
