435 150 355 200
484 150 371 148
521 150 382 108
533 150 385 102
539 150 387 97
478 156 375 157
484 156 377 150
533 156 404 107
539 156 393 99
417 163 364 218
441 163 371 191
448 163 372 185
460 163 376 177
466 163 378 170
478 163 379 158
490 163 398 151
539 163 398 100
314 169 342 310
320 169 344 304
350 169 349 291
356 169 350 284
362 169 351 278
369 169 357 265
435 169 377 199
441 169 379 194
448 169 381 187
460 169 382 181
466 169 385 174
472 169 387 165
490 169 408 138
539 169 406 101
314 175 346 313
320 175 348 306
362 175 361 272
369 175 363 259
393 175 372 234
399 175 373 228
435 175 382 202
338 181 355 294
344 181 357 287
350 181 359 281
375 181 371 263
454 181 389 184
460 181 390 177
265 187 337 368
326 187 355 309
332 187 358 302
338 187 360 295
350 187 365 285
369 187 369 268
393 187 380 238
429 187 388 211
435 187 390 205
484 187 411 158
514 187 418 126
271 193 345 364
350 193 370 287
369 193 374 270
375 193 376 265
387 193 378 257
423 193 391 219
429 193 393 213
472 193 412 168
490 193 420 154
496 193 424 142
514 193 425 128
320 199 375 337
326 199 377 331
369 199 381 272
375 199 383 267
387 199 384 259
417 199 393 234
423 199 395 229
484 199 419 160
496 199 429 144
271 205 365 370
338 205 373 307
448 205 409 180
472 205 421 173
508 205 435 197
314 211 429 347
326 211 372 328
332 211 377 316
441 211 413 190
454 211 417 183
460 211 420 177
472 211 427 174
484 211 430 165
362 217 399 284
369 217 395 276
375 217 397 271
405 217 412 240
423 217 418 225
454 217 423 185
460 217 424 179
344 223 399 309
362 223 405 286
369 223 408 279
375 223 410 274
387 223 414 261
393 223 415 254
399 223 417 247
411 223 421 236
283 229 382 368
344 229 405 310
350 229 407 304
356 229 410 292
369 229 413 281
375 229 416 276
381 229 419 269
387 229 420 263
399 229 423 249
405 229 425 243
411 229 428 237
277 236 387 374
283 236 388 369
289 236 392 362
356 236 418 294
369 236 421 283
375 236 422 278
381 236 425 272
387 236 427 266
399 236 430 252
405 236 432 245
277 242 394 376
356 242 424 296
369 242 428 285
375 242 430 279
381 242 431 273
387 242 433 268
423 242 426 338
484 242 465 176
490 242 467 171
496 242 467 164
277 248 401 379
356 248 430 298
369 248 434 287
375 248 436 281
381 248 438 276
387 248 440 270
411 248 447 251
277 254 407 381
289 254 404 366
356 254 437 300
369 254 440 289
375 254 441 284
399 254 449 265
405 254 452 259
411 254 454 252
277 260 413 382
356 260 443 301
411 260 460 248
283 266 422 379
362 266 450 296
375 266 451 286
381 266 452 281
393 266 455 267
399 266 457 261
283 272 429 381
289 272 431 375
332 272 447 321
344 272 449 315
296 278 437 377
302 278 444 351
