520 139 436 85
539 139 455 71
489 145 402 111
495 145 409 107
520 145 437 93
434 151 348 150
452 151 372 141
489 151 403 117
427 158 344 157
434 158 351 155
446 158 366 150
452 164 374 156
489 164 400 134
545 182 474 143
440 189 347 197
545 189 476 152
532 195 463 162
539 195 469 160
545 195 476 158
551 195 485 157
440 201 352 209
452 201 365 207
532 201 459 171
539 201 471 167
545 201 479 166
514 207 439 187
520 207 445 184
526 207 453 180
532 207 463 178
539 207 475 175
551 207 484 173
569 207 523 154
464 213 383 216
471 213 390 214
495 213 420 201
508 213 433 195
514 213 441 192
520 213 448 189
526 213 455 188
532 213 469 184
539 213 478 182
551 213 492 179
569 213 542 182
452 219 365 231
508 219 436 202
514 219 444 199
520 219 450 196
532 219 471 191
539 219 481 189
545 219 484 183
477 226 402 222
495 226 422 214
501 226 429 211
508 226 437 208
514 226 445 206
526 226 459 200
532 226 467 196
569 226 544 191
471 232 389 233
477 232 403 229
489 232 416 223
495 232 424 220
501 232 432 218
508 232 440 218
514 232 447 213
520 232 455 209
526 232 461 206
532 232 468 202
483 238 412 232
489 238 419 230
495 238 427 228
501 238 434 227
508 238 441 226
520 238 457 216
526 238 463 212
539 238 484 207
446 244 361 256
452 244 368 254
464 244 385 248
471 244 393 245
477 244 406 236
440 250 352 266
446 250 363 263
452 250 370 261
458 250 378 258
464 250 388 255
563 250 543 214
434 256 347 274
440 256 354 272
464 256 390 264
508 256 442 255
526 256 482 224
532 256 491 222
539 256 501 218
545 256 509 216
563 256 553 202
452 263 374 270
458 263 381 267
501 263 446 242
520 263 476 232
526 263 484 231
532 263 492 229
539 263 503 225
545 263 512 223
551 263 520 222
446 269 364 281
458 269 383 273
514 269 471 241
526 269 490 236
532 269 499 234
539 269 507 231
545 269 513 229
551 269 521 227
446 275 366 287
452 275 378 282
458 275 385 280
464 275 393 277
514 275 477 239
520 275 484 239
526 275 493 243
532 275 502 240
539 275 508 237
545 275 515 236
434 281 357 297
440 281 364 295
446 281 370 292
452 281 379 289
458 281 387 285
471 281 421 263
514 281 479 248
520 281 486 245
532 281 503 248
545 281 517 244
446 287 374 297
471 287 421 270
440 294 368 301
452 294 384 298
464 294 417 279
471 294 424 276
477 294 432 275
514 294 472 273
427 300 361 308
434 300 369 307
440 300 375 305
446 300 382 303
452 300 389 301
471 300 428 284
483 300 443 280
489 300 450 279
446 306 385 309
415 312 356 318
440 312 378 315
