477 149 465 87
465 155 458 90
448 166 446 102
460 166 455 100
448 172 450 106
454 172 455 105
465 172 469 100
437 177 443 111
505 177 501 105
432 183 438 119
437 183 420 154
443 183 446 116
448 183 452 114
477 183 473 113
420 189 408 163
437 189 421 160
454 189 455 121
477 189 475 119
522 189 510 111
454 194 437 164
460 194 468 115
533 194 519 115
420 200 412 171
426 200 418 169
443 200 431 172
454 200 439 170
499 200 486 125
443 206 452 141
499 206 486 131
505 206 492 129
392 211 392 186
398 211 399 185
403 211 408 182
443 211 435 178
550 211 522 122
392 217 394 192
398 217 401 191
403 217 409 189
443 217 459 142
460 217 468 139
465 217 474 136
471 217 482 134
392 223 396 197
398 223 404 196
443 223 462 147
465 223 475 144
471 223 482 142
403 228 409 194
420 228 445 161
426 228 450 158
477 228 487 154
381 234 386 211
386 234 391 209
392 234 398 206
398 234 407 203
403 234 413 202
420 234 446 166
432 234 395 266
471 234 480 156
482 234 496 158
369 240 379 217
381 240 388 215
386 240 393 215
392 240 401 211
398 240 408 208
403 240 415 207
471 240 482 163
358 245 368 230
364 245 375 226
369 245 380 224
381 245 390 221
386 245 395 221
471 245 485 169
477 245 492 168
352 251 361 245
358 251 371 238
364 251 378 233
369 251 382 232
381 251 392 228
420 251 384 299
471 251 487 176
482 251 502 172
488 251 508 170
341 257 354 256
352 257 362 254
358 257 374 243
364 257 380 240
375 257 387 238
381 257 395 236
386 257 415 214
465 257 483 185
471 257 490 183
341 262 356 264
386 262 417 219
415 262 444 206
420 262 450 203
460 262 477 195
499 262 511 185
505 262 507 201
335 268 351 272
392 268 425 219
398 268 431 216
409 268 439 214
415 268 446 211
420 268 452 209
432 268 458 207
465 268 480 200
499 268 503 209
324 274 340 284
330 274 339 299
386 274 421 226
392 274 426 224
454 274 476 211
465 274 482 208
352 279 395 243
369 279 413 230
381 279 421 233
454 279 477 219
460 279 484 217
471 279 491 215
477 279 496 213
358 285 403 241
364 285 409 239
369 285 415 236
386 285 428 233
392 285 436 230
415 285 445 235
420 285 452 233
432 285 461 231
437 285 466 229
448 285 474 228
454 285 480 226
460 285 487 224
471 285 492 222
477 285 498 218
358 290 406 247
364 290 411 245
369 290 418 243
381 290 424 242
409 290 442 244
415 290 447 242
420 290 454 240
432 290 462 238
437 290 468 236
448 290 476 234
454 290 482 232
465 290 488 230
364 296 414 251
403 296 437 254
409 296 443 251
432 296 463 244
437 296 465 250
443 296 472 242
448 296 478 239
460 296 484 238
364 302 400 279
381 302 419 267
386 302 427 265
403 302 439 260
409 302 445 259
420 302 454 261
448 302 479 246
375 307 414 275
381 307 420 273
386 307 427 272
398 307 435 268
409 307 440 267
313 313 349 320
341 313 382 293
347 313 388 292
364 313 402 287
369 313 409 285
375 313 416 283
392 313 431 283
352 319 398 296
358 319 405 294
369 319 410 292
381 319 421 294
392 319 432 289
398 319 439 287
420 319 450 293
307 324 346 340
352 324 400 301
358 324 406 299
369 324 413 298
386 324 430 298
392 324 434 296
352 330 402 309
364 330 410 307
369 330 415 305
392 330 432 307
398 330 438 305
392 336 434 313
307 341 356 352
313 341 363 350
324 341 371 348
330 341 376 346
307 347 359 358
313 347 364 358
324 347 372 356
330 347 378 352
