481 130 483 134
487 130 489 134
455 136 459 139
461 136 465 139
468 136 472 139
474 136 478 139
481 136 484 139
487 136 489 140
449 143 454 145
455 143 459 145
468 143 466 146
474 143 471 147
481 143 485 145
487 143 490 146
410 149 408 152
416 149 416 152
423 149 422 152
429 149 429 151
436 149 434 152
442 149 440 153
468 149 467 152
474 149 472 152
487 149 491 151
397 156 396 159
404 156 402 158
410 156 408 158
416 156 415 158
423 156 422 158
429 156 427 159
436 156 434 159
442 156 441 159
449 156 446 159
455 156 452 158
461 156 459 159
468 156 467 158
384 162 387 165
397 162 395 166
404 162 401 166
410 162 408 165
416 162 414 165
423 162 421 165
429 162 427 165
436 162 434 165
384 168 383 173
391 168 389 173
397 168 395 172
404 168 402 171
410 168 407 172
416 168 414 171
423 168 420 171
352 175 358 173
365 175 370 174
384 175 384 177
391 175 390 177
397 175 395 177
404 175 400 178
410 175 408 178
416 175 413 178
423 175 419 177
352 181 358 180
359 181 364 180
365 181 369 180
384 181 383 182
391 181 388 183
397 181 394 184
404 181 401 184
410 181 408 185
416 181 413 185
429 181 427 185
288 188 286 187
294 188 286 189
301 188 297 187
307 188 304 187
314 188 312 186
352 188 357 186
359 188 363 186
365 188 369 186
372 188 374 187
391 188 387 190
397 188 394 190
404 188 401 191
410 188 407 190
416 188 413 191
423 188 419 191
429 188 426 191
436 188 433 191
442 188 439 191
294 194 287 196
301 194 298 193
307 194 305 193
314 194 312 193
320 194 318 193
352 194 357 192
359 194 363 192
365 194 368 193
372 194 374 192
404 194 401 196
410 194 406 197
416 194 413 197
423 194 419 198
429 194 426 197
436 194 433 198
442 194 438 198
256 200 260 196
262 200 266 196
269 200 273 197
282 200 278 200
301 200 300 202
307 200 305 202
314 200 311 200
320 200 317 199
327 200 323 200
333 200 330 200
359 200 363 197
372 200 375 198
397 200 389 203
404 200 397 204
410 200 403 204
416 200 414 203
423 200 420 203
429 200 426 204
436 200 432 204
442 200 438 205
506 200 502 202
237 207 235 205
243 207 242 205
250 207 254 202
256 207 261 203
269 207 267 205
275 207 272 206
301 207 300 208
307 207 306 208
314 207 310 208
320 207 316 207
327 207 323 206
333 207 330 206
346 207 344 206
352 207 358 204
359 207 363 204
365 207 369 204
397 207 389 210
404 207 396 210
410 207 402 210
416 207 413 209
423 207 420 209
429 207 426 211
436 207 432 212
442 207 438 211
506 207 502 210
513 207 511 209
224 213 223 210
230 213 229 210
237 213 235 210
243 213 241 210
250 213 254 209
256 213 260 209
269 213 268 212
288 213 287 212
294 213 293 212
314 213 311 214
320 213 316 213
327 213 323 212
333 213 330 213
352 213 358 210
359 213 363 211
397 213 387 217
404 213 395 216
410 213 402 217
416 213 414 215
423 213 419 216
429 213 427 218
436 213 433 217
442 213 441 216
468 213 465 217
506 213 504 217
513 213 511 217
224 220 223 217
230 220 229 217
237 220 235 217
243 220 241 217
250 220 253 216
256 220 259 216
288 220 288 222
294 220 293 222
301 220 300 222
307 220 306 222
314 220 311 221
320 220 317 219
327 220 323 218
333 220 329 219
339 220 336 219
352 220 357 218
359 220 363 218
397 220 387 223
404 220 395 222
410 220 403 223
416 220 412 223
423 220 419 223
429 220 427 223
436 220 433 223
442 220 439 223
468 220 459 225
500 220 500 223
506 220 505 224
513 220 509 225
224 226 222 223
230 226 228 224
237 226 235 224
243 226 242 223
282 226 280 229
288 226 288 228
294 226 294 228
301 226 300 228
307 226 306 229
314 226 312 228
320 226 316 227
327 226 323 225
333 226 329 225
339 226 336 226
346 226 342 225
352 226 357 224
359 226 365 224
365 226 375 223
416 226 413 229
423 226 420 229
429 226 426 229
436 226 434 230
468 226 465 231
481 226 478 230
487 226 486 229
493 226 493 230
500 226 498 230
230 233 229 230
237 233 236 230
243 233 243 230
262 233 268 231
275 233 274 235
294 233 293 236
301 233 299 236
307 233 305 235
327 233 322 232
339 233 336 232
346 233 343 231
352 233 349 230
359 233 364 230
365 233 375 230
416 233 415 234
423 233 420 235
429 233 426 235
436 233 433 236
442 233 440 236
449 233 452 235
455 233 457 235
468 233 466 237
474 233 472 237
481 233 477 237
487 233 484 237
230 239 228 237
237 239 235 237
243 239 242 236
262 239 268 237
275 239 281 236
282 239 288 235
327 239 321 238
333 239 328 239
339 239 335 238
346 239 342 238
352 239 350 237
359 239 369 236
365 239 377 235
372 239 388 234
378 239 395 235
384 239 401 235
391 239 408 236
423 239 421 240
429 239 426 242
436 239 432 243
442 239 438 242
449 239 446 242
455 239 454 242
461 239 459 242
230 245 228 243
237 245 234 243
243 245 241 243
250 245 247 244
256 245 255 243
262 245 262 243
269 245 272 242
275 245 280 242
282 245 287 242
288 245 293 243
301 245 299 243
307 245 305 247
314 245 310 244
327 245 321 243
346 245 342 246
352 245 350 247
378 245 394 240
384 245 401 241
391 245 406 242
423 245 422 246
429 245 427 247
436 245 432 248
442 245 439 249
237 252 234 249
243 252 241 250
250 252 247 250
256 252 254 250
262 252 261 250
269 252 268 250
275 252 274 250
282 252 279 250
288 252 286 251
314 252 310 251
333 252 327 250
339 252 333 251
359 252 376 245
365 252 383 244
372 252 391 244
384 252 401 247
404 252 409 251
423 252 422 253
429 252 428 253
237 258 234 255
243 258 240 256
250 258 247 256
256 258 255 256
262 258 262 254
269 258 269 256
275 258 275 257
301 258 299 256
307 258 305 256
314 258 311 257
320 258 318 259
333 258 327 256
359 258 375 250
365 258 383 250
372 258 389 250
237 265 234 262
243 265 240 262
250 265 246 263
256 265 254 262
262 265 262 262
307 265 304 263
333 265 327 264
339 265 336 264
346 265 344 263
352 265 357 261
365 265 383 256
372 265 390 257
397 265 389 267
243 271 240 268
250 271 246 269
256 271 254 270
294 271 291 270
307 271 305 270
314 271 312 270
320 271 317 270
333 271 327 270
339 271 333 270
346 271 343 270
352 271 345 272
359 271 364 268
243 278 240 276
250 278 246 275
256 278 253 276
262 278 259 276
282 278 279 276
288 278 285 276
294 278 291 276
301 278 299 276
307 278 306 275
314 278 313 275
320 278 318 275
333 278 326 278
339 278 333 277
346 278 339 277
352 278 358 274
243 284 239 281
250 284 246 281
256 284 253 282
262 284 259 282
269 284 266 282
275 284 272 282
282 284 278 283
288 284 285 282
294 284 291 281
301 284 298 281
307 284 312 280
320 284 319 282
333 284 326 284
250 290 246 288
256 290 253 289
262 290 259 288
269 290 265 288
275 290 274 287
282 290 279 288
288 290 286 288
294 290 292 289
301 290 299 289
307 290 311 287
250 297 246 294
256 297 252 294
262 297 259 295
269 297 266 295
275 297 275 294
282 297 281 294
250 303 245 299
256 303 253 300
262 303 260 300
