444 131 449 114
450 131 454 113
450 137 452 124
432 143 431 138
438 143 437 137
408 149 403 152
414 149 414 151
396 155 386 164
402 155 402 158
408 155 407 158
414 155 414 156
420 155 420 156
456 155 450 137
396 161 396 166
402 161 403 163
414 161 414 162
420 161 420 162
438 161 434 162
444 161 440 162
414 167 413 171
420 167 420 168
426 167 426 167
462 167 462 147
390 173 391 179
396 173 398 178
402 173 404 176
408 173 409 177
426 173 427 174
468 173 468 151
366 179 363 192
390 179 393 183
396 179 399 183
402 179 399 188
408 179 404 187
414 179 410 183
420 179 416 182
432 179 434 179
462 179 457 176
360 185 359 197
366 185 364 197
372 185 368 198
384 185 381 196
414 185 412 189
426 185 423 188
432 185 434 185
462 185 458 183
468 185 464 178
330 191 333 207
336 191 338 207
342 191 344 206
354 191 353 206
366 191 364 204
372 191 371 203
378 191 376 203
384 191 388 197
396 191 399 195
402 191 405 195
414 191 413 195
420 191 419 195
426 191 425 194
432 191 430 193
468 191 465 188
324 197 328 214
342 197 345 212
354 197 353 211
360 197 359 211
366 197 365 210
372 197 372 209
378 197 382 206
384 197 387 206
396 197 399 202
402 197 401 205
414 197 414 202
420 197 419 201
426 197 426 200
432 197 431 199
444 197 442 198
504 197 501 180
312 203 311 225
330 203 333 217
336 203 338 217
342 203 345 218
348 203 352 218
360 203 359 216
366 203 366 215
372 203 372 215
378 203 382 213
384 203 387 212
408 203 408 208
414 203 414 208
420 203 419 207
426 203 426 206
432 203 431 206
438 203 437 205
342 209 346 224
348 209 352 224
360 209 360 222
366 209 367 221
372 209 372 221
378 209 378 220
384 209 385 219
390 209 391 217
402 209 403 215
408 209 408 214
414 209 414 214
420 209 420 213
426 209 426 213
432 209 431 212
438 209 436 211
444 209 444 203
480 209 473 206
354 215 358 229
366 215 367 226
372 215 373 227
378 215 379 226
384 215 386 225
390 215 391 224
396 215 396 222
402 215 402 221
408 215 408 220
414 215 415 220
420 215 421 219
426 215 425 219
432 215 437 215
444 215 444 208
450 215 450 208
360 221 364 234
372 221 374 232
378 221 379 233
384 221 386 231
390 221 392 230
396 221 397 228
402 221 402 229
408 221 408 229
414 221 413 228
420 221 419 228
426 221 427 228
432 221 438 221
438 221 444 219
444 221 449 220
462 221 462 220
330 227 337 235
360 227 362 240
366 227 368 239
372 227 375 238
378 227 379 238
384 227 385 238
390 227 391 236
396 227 397 234
402 227 402 235
408 227 407 235
438 227 439 228
444 227 450 226
468 227 464 225
258 233 265 254
294 233 312 243
300 233 318 243
360 233 362 245
366 233 368 245
372 233 374 245
378 233 379 245
384 233 385 244
390 233 390 243
396 233 398 242
402 233 404 241
450 233 451 232
258 239 265 260
276 239 283 258
312 239 325 248
336 239 344 249
354 239 355 254
366 239 368 250
372 239 374 250
378 239 380 250
384 239 385 251
390 239 391 250
396 239 398 249
438 239 439 239
252 245 258 266
336 245 339 262
342 245 345 262
348 245 351 260
354 245 356 258
378 245 381 257
384 245 385 257
390 245 392 256
396 245 400 257
258 251 267 271
276 251 289 270
312 251 325 256
366 251 368 259
372 251 373 259
378 251 381 263
384 251 385 262
396 251 401 262
312 257 325 267
318 257 332 266
348 257 357 266
354 257 361 264
366 257 368 264
306 263 320 273
312 263 325 272
360 269 364 271
372 269 375 270
282 275 292 289
288 275 299 288
312 275 322 286
318 275 329 285
336 275 340 285
348 275 350 285
396 275 394 280
402 275 401 280
312 281 322 291
348 281 351 290
354 281 357 290
372 281 377 289
384 281 389 286
276 287 287 300
300 287 310 298
318 287 329 293
324 287 334 296
366 287 370 296
378 287 383 293
300 293 311 304
318 299 329 304
324 299 334 302
312 317 319 323
312 323 318 330
