359 186 355 207
372 186 362 206
378 186 368 206
456 186 452 183
486 186 479 156
498 186 490 149
504 186 497 145
323 192 310 226
359 192 351 218
366 192 357 216
372 192 363 214
535 192 531 133
305 204 301 243
372 204 360 223
541 216 538 152
396 222 400 276
402 222 409 280
408 222 415 278
450 222 464 262
402 228 411 287
414 228 420 284
498 228 500 242
510 228 507 238
517 228 513 235
541 228 564 211
571 234 572 208
390 247 370 225
323 259 342 296
299 265 318 297
565 265 563 206
299 271 320 303
305 271 326 301
311 271 333 299
299 277 322 310
305 277 330 308
311 277 336 306
359 277 395 298
559 277 570 223
311 283 350 316
317 283 357 314
323 283 362 312
