158 3 236 63
217 3 297 60
208 7 288 65
213 7 292 65
217 7 296 64
221 7 301 64
200 11 280 70
204 11 284 69
208 11 289 68
225 11 323 70
242 11 328 64
196 15 273 80
242 15 328 69
250 15 308 62
246 19 315 70
183 23 282 83
204 23 303 84
150 28 283 92
188 28 287 86
192 28 290 86
146 32 279 97
150 32 283 96
154 32 288 96
192 32 291 91
146 36 280 101
150 36 284 101
208 36 342 101
280 36 360 82
142 40 277 106
150 40 284 105
154 40 290 107
179 40 324 107
183 40 328 107
192 40 333 107
196 40 337 106
208 40 344 105
280 40 360 87
150 44 285 112
154 44 290 111
171 44 316 112
188 44 329 111
192 44 332 111
196 44 337 111
200 44 341 110
204 44 301 97
208 44 345 110
150 49 286 117
167 49 298 137
171 49 316 117
179 49 322 115
183 49 325 115
188 49 329 115
192 49 333 116
196 49 339 115
204 49 341 115
208 49 346 114
146 53 281 122
150 53 286 122
171 53 316 121
179 53 323 120
183 53 326 120
188 53 330 120
192 53 334 120
204 53 342 119
179 57 323 125
183 57 327 124
188 57 331 125
167 61 312 127
179 61 323 130
183 61 326 129
188 61 331 128
213 61 345 126
163 65 306 133
167 65 311 132
175 65 318 134
179 65 323 134
196 65 335 129
167 69 312 136
192 69 332 135
196 69 337 135
142 74 234 149
167 74 311 140
196 74 337 139
192 82 334 146
196 82 337 145
204 82 342 145
154 86 300 154
196 86 334 149
200 86 338 149
204 86 342 149
192 90 331 155
200 90 338 153
204 90 342 152
133 94 226 154
200 94 339 157
129 99 221 159
133 99 227 159
154 99 304 163
196 99 336 162
200 99 339 161
208 99 343 161
125 103 215 169
129 103 222 169
133 103 226 168
137 103 231 167
154 103 306 170
200 103 339 166
208 103 344 165
129 107 224 173
137 107 232 172
142 107 236 171
150 107 293 173
154 107 307 175
200 107 341 170
208 107 344 169
125 111 218 178
204 111 341 174
208 111 345 174
225 111 267 138
121 115 214 182
125 115 219 182
204 115 342 179
208 115 345 179
221 115 258 137
121 120 215 187
125 120 220 186
221 120 259 141
121 124 215 192
125 124 221 191
221 124 259 146
121 128 216 196
125 128 221 195
188 128 295 186
217 128 351 187
125 132 221 199
188 132 296 190
192 132 299 190
188 136 297 198
238 136 231 101
121 140 219 208
188 140 296 202
238 140 232 106
133 145 285 213
196 145 309 201
204 153 297 206
208 153 301 206
213 157 307 210
133 161 239 227
137 161 243 227
221 166 313 222
146 170 261 233
154 170 283 230
158 170 287 230
163 170 292 229
225 170 317 221
225 174 316 225
234 174 321 225
175 178 289 235
179 178 293 234
246 178 346 218
213 182 309 232
234 182 321 229
