154 3 159 3
158 3 167 3
163 3 171 3
188 3 194 3
196 3 202 3
200 3 206 3
204 3 211 3
208 3 214 3
213 3 218 3
154 7 163 7
158 7 168 7
163 7 171 7
208 7 215 7
213 7 219 8
217 7 222 8
221 7 227 7
225 7 236 9
146 11 155 15
158 11 168 11
163 11 172 11
167 11 175 11
175 11 181 10
179 11 186 10
183 11 190 10
196 11 201 11
200 11 207 12
204 11 211 12
208 11 214 11
213 11 219 11
225 11 236 13
229 11 243 14
150 15 159 18
154 15 163 16
158 15 168 16
163 15 172 15
167 15 175 15
179 15 186 14
183 15 190 15
196 15 206 16
221 15 232 17
225 15 239 18
234 15 249 19
146 19 154 20
154 19 164 20
163 19 172 19
167 19 176 19
196 19 205 21
200 19 210 20
225 19 239 22
229 19 243 23
234 19 248 23
238 19 253 23
246 19 262 23
250 19 257 20
146 23 155 25
150 23 159 24
154 23 164 24
158 23 168 24
163 23 172 23
171 23 180 24
175 23 184 24
204 23 215 24
208 23 219 24
213 23 224 25
221 23 235 27
142 28 150 28
146 28 154 29
150 28 160 29
154 28 164 29
158 28 167 29
163 28 172 28
175 28 184 28
188 28 202 29
204 28 214 29
208 28 219 29
234 28 244 29
238 28 248 29
242 28 253 29
271 28 277 28
275 28 282 28
142 32 150 33
146 32 155 33
150 32 159 33
158 32 167 33
163 32 172 33
167 32 177 33
171 32 182 33
175 32 186 33
179 32 190 33
234 32 244 33
238 32 248 33
242 32 253 33
250 32 260 32
254 32 264 32
263 32 269 33
267 32 273 33
271 32 277 32
275 32 282 33
150 36 159 37
154 36 163 38
158 36 167 37
163 36 173 37
167 36 177 37
179 36 190 39
204 36 215 37
225 36 240 37
238 36 248 38
242 36 253 38
246 36 257 38
250 36 260 37
263 36 270 37
271 36 278 37
275 36 282 37
154 40 163 42
158 40 167 42
163 40 172 42
167 40 176 42
175 40 186 43
183 40 194 42
188 40 198 42
200 40 210 41
204 40 215 41
213 40 223 42
225 40 240 41
238 40 249 44
242 40 253 44
246 40 257 44
271 40 278 45
275 40 282 41
154 44 163 46
158 44 168 46
163 44 172 46
179 44 190 46
183 44 194 46
200 44 210 46
204 44 215 45
208 44 219 46
213 44 222 45
221 44 235 45
225 44 239 46
234 44 245 46
242 44 254 47
263 44 269 49
275 44 282 49
280 44 287 46
154 49 163 50
158 49 168 49
163 49 172 50
171 49 183 50
179 49 190 51
183 49 194 51
188 49 198 51
200 49 209 50
204 49 214 50
208 49 218 51
213 49 222 50
217 49 227 50
225 49 239 50
246 49 257 52
250 49 261 50
254 49 264 50
271 49 279 50
275 49 282 53
154 53 163 54
158 53 167 54
163 53 173 56
175 53 185 55
196 53 205 54
200 53 209 53
204 53 214 54
208 53 218 55
213 53 223 55
225 53 238 55
234 53 245 55
238 53 249 55
242 53 252 56
246 53 256 56
275 53 282 58
150 57 159 57
175 57 185 59
183 57 194 59
188 57 197 59
192 57 201 58
196 57 205 58
200 57 209 58
204 57 214 58
208 57 219 59
213 57 226 59
246 57 255 61
259 57 269 58
263 57 269 62
267 57 275 58
271 57 279 58
275 57 282 62
146 61 155 62
150 61 159 62
154 61 164 63
158 61 169 63
163 61 174 63
167 61 178 63
171 61 181 63
183 61 193 63
188 61 197 63
192 61 202 62
196 61 205 62
208 61 219 64
213 61 227 64
217 61 232 66
234 61 245 63
238 61 248 65
242 61 252 66
246 61 255 66
259 61 266 65
267 61 274 65
271 61 278 66
146 65 155 69
150 65 159 69
154 65 164 69
158 65 169 69
167 65 178 67
179 65 188 67
192 65 201 65
196 65 206 66
204 65 215 69
208 65 222 69
263 65 270 67
267 65 274 69
137 69 146 65
142 69 150 74
150 69 158 73
154 69 164 73
158 69 169 73
163 69 173 73
171 69 181 72
175 69 184 71
183 69 192 70
204 69 217 73
208 69 223 73
213 69 227 73
221 69 231 73
225 69 237 73
229 69 241 72
234 69 245 72
238 69 248 71
242 69 252 70
246 69 257 70
250 69 260 70
254 69 264 71
263 69 270 74
267 69 274 73
271 69 278 74
146 74 155 76
167 74 178 76
171 74 181 75
175 74 184 75
179 74 188 75
192 74 202 75
196 74 210 78
200 74 213 77
204 74 218 77
208 74 223 77
213 74 227 77
221 74 232 78
225 74 236 78
229 74 241 76
234 74 245 76
238 74 249 75
242 74 253 74
250 74 261 75
254 74 264 75
137 78 146 79
142 78 150 80
146 78 154 80
150 78 159 80
163 78 172 80
167 78 176 79
188 78 201 81
196 78 211 82
204 78 218 82
208 78 223 82
213 78 226 82
217 78 231 82
238 78 250 80
242 78 254 79
246 78 258 79
250 78 261 80
254 78 264 80
259 78 268 80
137 82 146 83
142 82 150 84
146 82 154 84
150 82 159 83
167 82 176 84
171 82 180 83
183 82 193 83
188 82 197 84
213 82 226 86
225 82 237 86
242 82 253 84
246 82 257 84
250 82 261 84
254 82 264 84
259 82 268 84
142 86 150 87
150 86 158 88
158 86 164 88
163 86 173 88
179 86 189 87
183 86 192 87
188 86 196 88
192 86 202 88
196 86 211 88
208 86 223 90
213 86 227 90
217 86 231 90
242 86 253 89
246 86 257 88
250 86 261 88
254 86 264 88
259 86 268 88
171 90 180 92
175 90 185 92
183 90 192 92
188 90 197 94
192 90 202 93
238 90 247 91
242 90 253 92
246 90 256 92
250 90 260 92
254 90 264 92
133 94 142 97
154 94 164 96
158 94 168 96
163 94 172 95
167 94 175 96
183 94 192 96
188 94 197 99
196 94 210 97
229 94 240 96
234 94 243 95
238 94 247 95
242 94 256 96
250 94 260 96
129 99 137 101
133 99 142 100
137 99 147 101
142 99 150 101
146 99 154 101
163 99 172 100
167 99 176 100
188 99 197 103
192 99 201 101
196 99 211 100
200 99 214 100
204 99 218 101
208 99 222 101
234 99 244 100
238 99 248 100
250 99 261 101
129 103 137 105
133 103 142 105
137 103 146 105
146 103 154 105
154 103 163 105
163 103 172 104
167 103 176 104
171 103 180 105
179 103 188 105
188 103 197 107
196 103 210 105
200 103 214 105
204 103 219 104
208 103 223 104
213 103 227 104
221 103 232 105
229 103 240 105
234 103 245 105
238 103 249 105
242 103 253 105
246 103 256 105
250 103 260 105
129 107 138 109
133 107 143 109
137 107 146 109
163 107 172 109
167 107 176 109
171 107 181 109
175 107 185 108
179 107 188 109
183 107 192 109
192 107 201 109
196 107 206 109
200 107 214 110
204 107 218 109
217 107 227 109
225 107 236 108
229 107 241 109
234 107 245 110
238 107 249 109
242 107 253 109
246 107 257 109
250 107 260 109
125 111 133 114
129 111 138 116
133 111 142 116
137 111 146 113
146 111 152 112
163 111 173 113
167 111 177 113
175 111 185 113
179 111 188 113
183 111 192 113
192 111 201 112
196 111 206 112
200 111 214 113
213 111 223 113
217 111 226 112
221 111 232 112
225 111 236 113
229 111 240 113
234 111 245 113
238 111 248 113
242 111 253 113
246 111 256 113
250 111 260 113
259 111 267 113
121 115 129 118
125 115 133 120
129 115 137 120
133 115 142 121
137 115 146 117
146 115 151 117
167 115 177 117
171 115 182 117
175 115 185 117
179 115 188 117
192 115 201 116
200 115 210 117
208 115 219 118
213 115 223 117
217 115 228 116
221 115 232 116
225 115 235 117
229 115 240 117
234 115 245 118
238 115 248 117
242 115 253 117
246 115 256 117
250 115 260 118
133 120 142 124
137 120 146 124
217 120 228 120
221 120 232 120
225 120 236 121
229 120 240 121
234 120 244 122
238 120 249 122
242 120 253 122
246 120 257 122
133 124 143 128
142 124 151 126
225 124 235 124
229 124 240 124
234 124 244 125
242 124 253 126
246 124 256 126
254 124 264 125
137 128 147 132
142 128 151 131
158 128 169 131
183 128 193 131
229 128 240 129
234 128 243 129
242 128 252 130
246 128 256 129
254 128 264 128
133 132 143 135
142 132 152 137
179 132 194 133
183 132 197 134
213 132 223 135
217 132 227 134
238 132 244 133
242 132 248 133
246 132 253 132
250 132 258 133
133 136 142 138
137 136 147 139
183 136 193 141
188 136 201 139
192 136 205 141
204 136 214 141
221 136 233 138
229 136 239 138
234 136 242 137
242 136 249 137
246 136 253 138
137 140 147 143
146 140 156 143
171 140 184 146
175 140 188 145
196 140 209 143
221 140 233 143
234 140 244 142
238 140 247 142
242 140 251 142
246 140 256 142
125 145 134 147
137 145 147 146
146 145 155 147
150 145 160 147
175 145 186 150
200 145 214 147
208 145 220 147
217 145 230 147
221 145 234 148
225 145 238 148
234 145 244 147
238 145 248 147
242 145 252 146
246 145 257 147
200 149 215 151
208 149 222 152
213 149 226 151
221 149 235 151
234 149 245 152
238 149 249 151
242 149 253 151
142 153 155 159
196 153 206 155
200 153 215 158
204 153 218 154
213 153 227 155
217 153 231 155
221 153 235 155
229 153 241 155
238 153 249 155
242 153 253 155
158 157 168 159
192 157 197 159
196 157 206 159
208 157 222 159
213 157 227 159
225 157 236 160
229 157 241 160
234 157 245 159
242 157 253 160
137 161 147 164
146 161 156 163
150 161 159 163
154 161 163 163
158 161 168 163
208 161 223 162
213 161 227 162
221 161 232 163
234 161 245 164
242 161 253 164
154 166 163 167
200 166 209 167
208 166 223 166
234 166 244 168
154 170 163 171
158 170 168 172
167 170 172 171
204 170 192 168
208 170 197 167
221 170 232 171
234 170 239 171
238 170 243 171
167 174 176 175
196 174 181 167
200 174 185 168
204 174 215 179
208 174 197 171
234 174 239 175
238 174 244 176
242 174 248 175
246 174 253 176
196 178 181 172
217 178 227 180
221 178 232 179
229 178 236 179
234 178 240 179
238 178 244 179
192 182 198 184
196 182 201 184
229 182 235 184
234 182 240 183
208 186 215 188
229 186 235 188
