434 111 437 80
454 116 446 81
459 121 452 86
503 135 539 120
400 150 423 174
503 155 511 171
405 175 426 207
493 180 498 197
449 184 393 176
360 189 381 166
444 189 390 182
439 194 383 184
513 194 441 308
518 194 490 242
439 199 379 189
513 199 481 246
518 199 488 247
454 204 387 206
513 204 479 253
424 219 410 208
360 239 374 102
356 244 367 105
385 248 408 116
439 263 413 124
464 263 468 146
434 268 403 127
439 268 410 130
474 288 466 185
385 293 349 283
454 293 427 300
459 293 434 303
375 298 339 287
385 298 346 290
444 298 416 312
454 298 425 306
459 298 430 308
395 303 348 299
454 303 422 313
469 303 435 319
474 303 445 331
380 307 333 302
385 307 344 297
439 307 407 315
449 307 418 320
469 307 437 335
419 312 384 313
439 312 404 321
444 312 410 325
449 312 417 329
395 317 348 307
419 317 381 319
424 317 387 322
390 322 332 308
395 322 339 310
400 322 351 316
415 322 372 324
419 322 379 327
424 322 385 330
444 322 388 337
