379 164 419 143
348 169 357 182
374 169 421 147
379 174 427 146
353 179 377 174
358 179 385 165
369 179 392 164
374 179 397 162
379 179 402 161
358 184 384 176
363 184 420 177
389 184 431 179
348 189 382 184
348 194 383 189
323 199 340 234
394 199 442 192
399 199 447 191
404 199 452 189
409 199 457 188
394 204 443 197
399 204 447 196
409 204 459 193
414 204 464 189
318 209 343 256
348 209 390 245
394 209 444 202
409 209 460 196
394 214 443 209
404 224 469 223
454 229 513 197
459 229 518 196
369 249 426 260
379 249 427 250
379 254 435 257
409 254 455 229
459 254 521 215
353 259 410 302
358 259 415 300
353 265 412 306
358 265 423 309
469 265 526 250
444 270 508 233
464 270 522 243
444 275 510 238
449 280 503 282
454 280 509 280
363 285 439 316
429 285 487 287
449 285 504 286
454 285 510 284
434 290 494 290
394 300 435 322
434 300 495 295
439 300 499 293
394 305 443 325
404 305 452 321
414 305 467 316
439 305 501 297
394 310 445 331
409 310 464 323
414 310 469 322
419 310 474 319
424 310 480 317
439 310 496 312
