484 88 475 108
484 93 479 113
489 93 483 114
484 98 482 119
495 98 487 120
479 103 469 120
500 103 493 126
505 103 499 126
505 113 497 132
515 113 506 134
520 118 510 139
525 118 515 141
510 123 501 141
525 128 511 144
444 133 434 142
449 133 438 142
530 133 515 145
449 139 356 154
459 139 458 180
530 139 515 150
505 144 483 186
525 144 513 155
479 149 448 185
489 149 455 190
520 149 508 159
525 149 513 160
530 149 518 161
489 154 454 196
520 154 507 165
530 154 517 165
469 159 450 208
479 159 445 190
495 159 460 170
379 164 403 111
348 169 388 113
353 169 378 116
338 174 360 123
348 174 372 120
384 174 412 121
419 174 446 118
424 174 452 120
429 174 458 120
434 174 463 121
328 179 351 127
333 179 354 128
343 179 365 125
348 179 371 125
353 179 376 127
379 179 407 126
399 179 419 139
404 179 424 140
424 179 452 124
429 179 457 124
434 179 463 125
439 179 468 126
328 184 349 133
333 184 353 133
343 184 364 130
353 184 380 138
358 184 363 140
369 184 401 125
389 184 406 148
394 184 412 147
399 184 418 145
414 184 441 122
419 184 446 123
429 184 456 129
323 189 343 137
328 189 349 137
404 189 427 140
419 189 446 128
424 189 452 130
429 189 456 135
439 189 474 139
323 194 343 142
328 194 349 143
333 194 340 155
348 194 353 173
353 194 358 174
384 194 401 157
389 194 396 185
394 194 409 167
399 194 415 168
404 194 427 146
424 194 451 138
434 194 470 142
439 194 474 144
323 199 335 158
379 199 399 136
384 199 391 191
389 199 397 190
399 199 411 192
404 199 427 151
434 199 469 147
444 199 478 153
449 199 483 154
323 204 333 175
389 204 411 152
394 204 403 196
399 204 409 198
404 204 427 156
434 204 473 152
449 204 482 159
459 204 488 154
464 204 492 155
358 209 384 159
394 209 402 201
399 209 409 203
429 209 466 157
434 209 471 157
444 209 477 163
454 209 486 159
464 209 494 165
313 214 319 189
358 214 363 195
389 214 410 163
449 214 484 170
459 214 490 166
338 219 350 157
369 219 389 168
379 219 397 171
449 219 485 175
464 219 493 171
313 224 319 193
323 224 335 166
343 224 353 169
474 224 499 177
479 224 504 178
333 229 342 170
384 229 402 181
434 229 449 231
474 229 499 181
479 229 503 183
333 234 342 176
338 234 345 182
384 234 402 187
394 234 414 199
399 234 419 200
434 234 448 236
479 234 503 189
484 234 508 190
394 239 412 204
399 239 417 205
323 244 329 200
374 244 388 204
379 244 394 204
384 244 398 206
389 244 403 208
394 244 412 210
399 244 416 210
404 244 428 181
434 244 423 235
439 244 454 201
323 249 329 224
439 249 454 205
444 249 459 207
459 249 476 225
328 254 329 215
389 254 401 212
419 254 457 212
439 254 454 211
444 254 448 246
459 254 474 230
328 259 329 221
358 259 356 240
389 259 400 217
399 259 410 213
434 259 465 201
454 259 469 234
459 259 473 234
464 259 479 236
469 259 490 232
389 265 399 221
404 265 415 224
449 265 463 238
454 265 468 238
459 265 473 240
464 265 478 241
394 270 404 223
399 270 410 228
404 270 415 229
409 270 424 230
424 270 375 212
454 270 467 244
459 270 472 245
464 270 477 246
374 275 369 252
389 275 398 226
394 275 403 227
399 275 409 233
404 275 413 233
424 275 375 219
454 275 466 249
459 275 470 250
464 275 476 251
343 280 336 242
348 280 341 243
374 280 378 263
379 280 382 264
394 280 385 254
409 280 423 240
449 280 460 256
459 280 471 255
464 280 476 256
343 285 335 248
379 285 373 258
384 285 378 259
394 285 384 259
363 290 366 268
379 290 373 262
404 290 398 262
409 290 404 262
434 290 439 264
379 295 363 257
394 295 387 265
399 295 394 266
409 295 404 267
444 295 449 271
394 300 387 270
399 300 393 271
404 300 400 271
419 300 411 280
444 300 447 276
374 305 357 270
379 305 375 279
384 305 372 273
394 305 385 275
399 305 390 276
404 305 396 276
409 305 405 277
434 305 441 280
399 310 390 282
404 310 396 282
419 310 408 284
429 310 424 287
434 310 434 288
439 310 439 288
