555 119 552 194
560 119 558 192
528 124 531 181
539 124 536 183
571 140 550 213
459 151 416 182
449 166 408 185
449 172 423 177
491 188 446 206
496 188 452 207
576 188 547 238
454 193 405 210
491 193 444 210
496 193 450 211
502 193 454 214
454 214 396 218
459 214 399 220
454 220 394 224
459 220 397 226
475 220 436 228
480 220 441 230
459 225 397 232
465 225 401 234
480 225 439 235
486 225 444 237
544 225 506 267
549 225 510 268
465 230 400 239
475 230 413 238
480 230 427 251
486 230 433 251
544 230 503 271
475 235 417 245
480 235 425 257
544 235 483 272
549 235 488 273
470 241 403 247
475 241 409 249
491 241 436 259
544 241 493 280
549 241 498 282
475 246 408 256
496 246 441 267
470 251 403 261
518 251 477 270
470 257 403 266
475 257 409 268
512 257 471 273
518 257 475 275
486 262 421 280
496 267 431 289
533 267 494 294
