1 0 0 -0.04542167112231255 
0 1 0 0.0009935460984706879 
0 0 1 -0.2875000238418579 
0 0 0 1 

0.9966082572937012 0.08103099465370178 0.01434929016977549 -0.04837004095315933 
-0.08079637587070465 0.9965983033180237 -0.01623882539570332 0.00946419220417738 
-0.01561632938683033 0.01502437423914671 0.999765157699585 -0.2934329509735107 
0 0 0 1 

0.9859397411346436 0.1633076518774033 0.03540174663066864 -0.05282741412520409 
-0.1614435762166977 0.9855973720550537 -0.05033520609140396 0.0249638520181179 
-0.04311204329133034 0.04391205310821533 0.9981047511100769 -0.2924915254116058 
0 0 0 1 

0.9661887288093567 0.2556909918785095 0.0331861823797226 -0.04997538030147552 
-0.2526838183403015 0.964608371257782 -0.07537553459405899 0.03766306489706039 
-0.051284559071064 0.06444134563207626 0.9966028332710266 -0.2921358942985535 
0 0 0 1 

0.937935471534729 0.3435048460960388 0.04776345193386078 -0.05150307714939117 
-0.3358786106109619 0.9340216517448425 -0.1216097697615623 0.05644764751195908 
-0.08638569712638855 0.09801935404539108 0.9914281368255615 -0.2893926799297333 
0 0 0 1 

0.8939831256866455 0.4472874402999878 0.02698192745447159 -0.04211555793881416 
-0.439760148525238 0.8873150944709778 -0.1388624906539917 0.06595730781555176 
-0.08605294674634933 0.112275131046772 0.9899440407752991 -0.2901650965213776 
0 0 0 1 

0.8465399742126465 0.5322301983833313 0.01004133466631174 -0.03404733538627625 
-0.5236254334449768 0.8359537124633789 -0.1643092334270477 0.07777225226163864 
-0.09584449231624603 0.133836418390274 0.9863577485084534 -0.2890686094760895 
0 0 0 1 

0.7940546870231628 0.6077966094017029 -0.007770008873194456 -0.02546621114015579 
-0.6002768278121948 0.7820912599563599 -0.1673347502946854 0.08237658441066742 
-0.09562865644693375 0.1375370919704437 0.9858695268630981 -0.2898975014686584 
0 0 0 1 

0.8808313012123108 0.4728752374649048 -0.02291353978216648 -0.02911505103111267 
-0.46249720454216 0.8491408228874207 -0.2550607919692993 0.09772633761167526 
-0.101155199110508 0.2352629750967026 0.9666534662246704 -0.2528208494186401 
0 0 0 1 

0.8889833688735962 0.4572970569133759 -0.02425102889537811 -0.02482368983328342 
-0.457927793264389 0.8873316049575806 -0.05426613986492157 0.040644820779562 
-0.003297356888651848 0.05934688448905945 0.9982324242591858 -0.2660395503044128 
0 0 0 1 

