362 73 489 128
368 85 480 132
375 85 483 138
432 85 497 183
451 85 509 209
368 92 475 134
375 92 478 140
368 98 468 137
451 98 491 211
457 98 498 222
368 104 461 141
451 104 484 214
356 111 452 137
457 111 475 226
457 117 469 229
457 123 462 232
457 130 456 234
362 136 429 147
400 136 440 185
419 136 451 208
362 142 418 153
375 142 422 161
400 142 432 186
413 142 438 200
419 142 444 211
362 149 411 157
387 149 420 177
394 149 423 184
406 149 428 197
413 149 431 204
451 149 444 233
349 155 402 151
394 155 417 187
400 155 419 193
406 155 422 199
419 155 427 215
425 155 431 222
451 155 436 235
400 161 412 196
419 161 420 215
425 161 424 225
451 161 430 238
381 168 401 183
387 168 410 192
400 168 405 198
406 168 408 205
413 168 414 221
381 174 393 188
387 174 397 197
400 174 400 201
406 174 402 207
413 174 408 223
349 180 380 160
394 180 390 198
400 180 393 204
406 180 396 212
413 180 400 220
381 187 382 186
400 187 388 208
406 187 390 216
413 187 395 230
451 187 414 252
381 193 375 188
387 193 380 196
444 193 406 248
457 199 471 147
381 206 371 191
387 206 375 203
413 206 392 223
438 206 407 233
368 212 364 179
375 212 366 185
381 212 365 196
387 212 368 207
413 212 379 228
362 218 355 176
368 218 357 181
375 218 360 188
381 218 358 199
387 218 360 210
406 218 367 224
413 218 371 231
438 218 393 245
444 218 397 253
362 225 350 183
381 225 352 203
387 225 354 213
400 225 357 221
406 225 360 228
413 225 364 234
438 225 389 246
444 225 390 255
381 231 345 206
387 231 349 216
394 231 351 223
406 231 356 230
413 231 358 237
451 231 296 291
356 238 333 183
362 238 337 191
381 238 339 213
387 238 342 220
400 238 345 229
406 238 348 234
362 244 324 196
368 244 325 203
406 244 341 237
413 244 345 242
451 244 282 296
362 250 318 200
368 250 321 205
387 250 328 221
400 250 333 232
413 250 339 244
349 257 309 189
387 257 322 223
413 257 332 247
444 257 342 270
349 263 305 191
356 263 310 202
343 269 294 187
349 269 298 193
387 269 315 227
400 269 318 239
343 276 288 189
349 276 291 196
400 276 305 244
432 276 319 256
349 282 285 204
394 282 295 241
400 282 298 249
425 282 324 268
432 282 316 266
438 282 318 272
444 282 320 280
451 288 312 292
349 295 280 209
381 295 295 276
343 301 270 204
349 301 272 211
400 307 287 254
343 339 235 214
425 339 277 284
425 345 270 287
432 345 271 294
337 352 226 212
356 352 233 230
362 352 238 234
387 352 244 259
425 352 261 291
432 352 263 297
444 352 268 304
375 358 235 252
381 358 239 260
394 358 242 267
425 358 253 295
432 358 255 301
444 358 261 307
