364 76 489 138
364 82 483 141
377 82 487 147
364 89 477 143
377 89 480 149
396 114 464 185
364 133 434 152
384 133 446 176
428 133 457 211
435 133 460 217
371 140 430 161
384 140 440 178
460 140 457 239
454 153 440 239
416 159 422 209
422 159 424 216
435 159 426 222
441 159 429 228
416 165 416 212
435 165 420 224
403 172 404 202
422 172 415 218
460 217 382 261
377 223 361 188
403 223 363 216
409 223 369 230
364 229 353 182
371 229 356 196
352 236 340 180
364 236 345 186
371 236 349 199
377 236 352 206
403 236 354 228
352 242 336 181
371 242 343 202
377 242 345 209
352 249 329 184
364 249 331 192
371 249 333 199
377 249 338 211
403 249 344 224
422 249 353 242
352 255 321 186
358 255 324 193
371 255 327 201
403 255 338 227
422 255 346 245
428 255 348 253
416 261 335 243
403 268 323 233
345 274 300 186
371 274 312 213
371 293 291 216
448 293 314 281
371 300 284 219
435 300 301 270
339 345 240 203
390 345 263 246
396 345 265 252
339 351 233 206
345 351 235 213
390 351 252 251
396 351 254 256
339 357 229 208
358 357 232 223
390 357 245 253
396 357 248 260
422 357 254 281
428 357 257 288
377 364 236 243
384 364 238 250
428 364 251 289
