337 97 369 121
366 102 418 127
209 108 362 125
250 108 330 129
256 108 334 128
360 108 410 127
366 108 414 128
383 108 426 131
360 114 410 130
366 114 414 130
383 114 427 139
296 120 341 137
383 120 426 143
209 160 417 155
215 160 421 155
198 166 413 156
209 172 417 159
192 178 409 163
360 178 329 149
192 195 264 184
348 201 357 181
354 201 360 181
360 201 363 181
360 207 363 185
354 213 360 187
308 218 367 210
354 218 360 189
360 218 363 190
198 224 409 191
203 224 412 190
319 224 375 214
198 230 409 194
209 230 415 191
256 230 405 194
377 230 425 192
198 236 408 198
203 236 413 195
209 236 416 195
203 242 413 199
209 242 416 199
238 242 400 203
203 247 412 204
209 247 416 202
232 247 416 179
360 247 420 212
198 253 409 207
203 253 412 206
348 253 318 237
192 265 407 216
203 265 413 211
209 265 416 211
198 271 411 219
203 271 415 220
267 282 344 186
250 300 404 227
354 300 419 232
256 305 403 231
348 305 415 236
354 305 419 236
267 311 408 236
273 311 410 235
348 311 416 239
250 317 403 234
343 317 412 243
348 317 416 243
261 323 407 240
348 323 415 246
366 323 411 251
250 329 400 244
372 334 426 256
238 340 391 251
221 346 306 253
285 358 342 269
