457 99 418 66
463 99 427 64
463 104 429 69
468 104 436 66
480 104 446 63
485 104 451 61
429 110 393 90
441 110 407 84
446 110 413 81
452 110 418 78
457 110 423 75
468 110 439 72
480 110 448 67
485 110 454 65
441 115 409 91
452 115 420 84
457 115 426 79
468 115 436 76
424 121 379 131
452 121 424 89
480 121 452 76
485 121 456 73
413 127 373 140
474 127 444 81
485 127 462 79
502 127 474 71
441 132 400 138
396 143 372 152
357 155 340 185
362 155 345 183
396 155 377 157
357 160 343 191
368 160 349 188
508 160 508 104
374 166 359 193
519 171 505 98
351 177 350 204
374 177 365 199
402 177 393 173
407 177 399 170
413 177 406 168
284 182 299 222
295 182 314 214
301 182 320 211
295 188 318 221
301 188 323 218
307 188 329 215
379 188 383 187
390 188 392 185
396 188 396 182
407 188 403 177
413 188 409 174
463 188 454 158
468 188 459 154
279 194 308 236
284 194 314 233
290 194 319 230
295 194 325 227
357 194 359 208
379 194 387 195
390 194 394 190
290 199 326 236
295 199 332 233
457 199 452 169
463 199 457 166
468 199 464 163
474 199 468 159
279 205 312 243
295 205 336 239
452 205 448 179
457 205 454 175
463 205 461 172
468 205 467 168
284 210 330 249
301 210 346 242
323 210 352 223
335 210 357 219
446 210 445 190
452 210 452 185
457 210 457 181
474 210 476 168
480 210 482 164
485 210 486 160
295 216 339 246
323 216 354 227
446 216 449 196
452 216 454 191
474 216 478 172
480 216 484 169
485 216 489 165
491 216 495 160
295 222 342 251
301 222 347 248
312 222 350 238
362 222 364 231
374 222 373 228
452 222 457 198
457 222 466 187
463 222 464 197
468 222 474 182
474 222 481 177
480 222 487 175
485 222 493 171
513 222 516 153
524 222 528 144
312 227 353 243
323 227 358 235
385 227 387 227
402 227 414 231
407 227 420 227
446 227 454 208
463 227 466 203
496 227 507 165
508 227 515 161
513 227 519 158
295 233 345 258
323 233 362 241
379 233 402 237
457 233 463 210
502 233 512 170
508 233 517 165
301 238 356 262
307 238 361 260
318 238 370 256
323 238 374 252
362 238 384 238
374 238 398 247
402 238 419 237
463 238 470 211
307 244 364 266
318 244 372 260
385 244 412 242
457 244 467 219
463 244 473 216
307 249 368 270
318 249 376 266
323 249 383 262
329 249 386 261
357 249 395 257
385 249 415 249
396 249 423 245
457 249 471 226
307 255 371 276
385 255 418 254
396 255 426 250
407 255 423 261
318 261 380 277
323 261 386 273
407 261 426 268
418 261 451 239
424 261 457 235
318 266 384 282
323 266 390 279
340 266 402 271
418 266 455 244
424 266 460 240
446 266 462 256
312 272 384 289
323 272 393 283
329 272 398 281
340 272 406 276
312 277 389 294
323 277 396 289
329 277 402 286
379 277 424 276
385 277 429 274
402 277 442 267
407 277 449 263
340 283 410 285
390 283 432 281
396 283 438 278
407 283 447 273
413 283 452 270
323 288 400 298
329 288 406 295
340 288 413 291
396 288 442 283
329 294 409 300
340 294 417 299
362 294 425 285
346 305 419 304
357 305 426 300
335 311 410 319
340 311 417 314
346 311 422 309
357 311 429 305
340 316 420 321
