460 279 426 124
464 279 430 125
468 279 434 125
455 284 417 156
468 284 434 129
302 288 288 140
306 288 291 140
324 288 304 141
460 288 426 128
302 292 288 143
306 292 291 143
311 292 295 143
324 292 303 144
360 292 324 129
392 292 328 128
396 292 331 128
401 292 335 128
460 292 426 132
464 292 429 141
293 297 282 146
298 297 286 146
302 297 291 146
306 297 295 146
324 297 303 148
396 297 331 132
460 297 426 144
464 297 429 145
342 302 311 133
356 302 323 133
383 306 322 140
383 310 322 144
419 310 346 141
437 310 369 145
455 310 420 148
460 310 409 159
464 310 428 149
360 315 315 147
383 315 322 148
388 315 326 148
428 315 350 146
378 320 318 152
383 320 322 152
388 320 326 152
392 320 330 153
414 320 354 154
428 320 349 149
378 324 318 155
383 324 322 156
388 324 326 156
392 324 330 156
401 324 343 157
432 324 361 157
446 324 380 158
450 324 384 158
374 328 317 160
383 328 322 160
388 328 325 160
392 328 329 160
406 328 338 160
410 328 341 160
414 328 350 161
428 328 358 160
432 328 362 160
437 328 366 159
442 328 377 162
446 328 380 162
450 328 385 162
370 333 314 165
378 333 319 165
383 333 322 164
388 333 325 165
392 333 328 165
401 333 335 164
406 333 338 164
410 333 342 164
414 333 347 165
424 333 354 164
428 333 358 164
432 333 362 164
446 333 380 166
450 333 384 167
370 338 314 168
378 338 319 169
383 338 322 169
388 338 324 169
392 338 328 168
401 338 334 168
406 338 338 168
410 338 342 168
414 338 346 169
419 338 350 169
424 338 354 168
428 338 358 168
432 338 362 169
442 338 373 170
370 342 314 171
374 342 318 172
383 342 322 172
388 342 325 173
392 342 328 173
396 342 332 173
401 342 336 173
414 342 346 172
424 342 354 173
428 342 359 173
432 342 363 173
437 342 368 173
442 342 372 173
370 346 315 175
374 346 318 176
383 346 322 177
388 346 325 177
392 346 328 177
396 346 332 176
401 346 336 176
406 346 339 176
414 346 346 176
419 346 349 176
424 346 354 177
432 346 363 177
437 346 368 178
442 346 372 178
446 346 380 179
450 346 393 190
365 351 310 179
370 351 314 179
374 351 318 180
383 351 322 181
388 351 325 181
392 351 328 180
396 351 332 180
406 351 340 180
414 351 345 180
419 351 348 181
424 351 352 181
428 351 357 181
437 351 368 182
442 351 372 182
446 351 380 182
450 351 385 184
455 351 397 194
370 356 314 183
374 356 317 183
378 356 321 183
388 356 325 185
392 356 329 184
396 356 332 184
406 356 337 185
428 356 357 185
432 356 361 185
437 356 368 185
442 356 372 186
446 356 380 187
450 356 391 198
455 356 397 199
460 356 403 199
374 360 317 186
378 360 320 188
388 360 325 189
392 360 328 188
396 360 332 188
406 360 337 189
437 360 368 189
442 360 372 190
450 360 390 202
455 360 395 202
460 360 402 203
374 364 317 191
378 364 320 192
388 364 325 192
392 364 328 193
396 364 332 193
406 364 337 193
410 364 342 193
414 364 345 193
419 364 348 193
437 364 368 194
442 364 372 194
446 364 376 194
450 364 391 206
455 364 395 206
460 364 400 206
388 369 325 196
392 369 327 196
396 369 331 196
406 369 338 197
410 369 342 196
414 369 345 196
419 369 348 196
424 369 351 196
437 369 368 197
446 369 376 198
450 369 383 200
365 374 310 207
388 374 325 200
392 374 327 201
401 374 333 200
406 374 338 200
410 374 341 200
414 374 344 200
419 374 347 200
424 374 351 200
437 374 368 202
442 374 371 202
388 378 324 204
396 378 330 204
401 378 333 204
406 378 336 204
410 378 340 204
414 378 344 205
419 378 348 204
437 378 367 205
446 378 378 206
460 378 398 212
464 378 403 209
360 382 308 210
374 382 316 211
388 382 324 207
396 382 329 208
401 382 333 207
406 382 335 207
410 382 339 208
424 382 351 204
432 382 364 209
446 382 378 210
450 382 383 208
455 382 390 214
396 387 328 212
401 387 332 211
406 387 335 211
414 387 345 208
419 387 348 208
428 387 360 208
446 387 378 214
450 387 383 216
455 387 391 218
316 392 292 225
320 392 296 226
360 392 312 227
401 392 331 215
450 392 382 221
455 392 387 222
460 392 394 224
306 396 288 230
316 396 292 229
428 396 360 216
437 396 363 216
450 396 422 234
424 400 355 219
428 400 359 220
437 400 364 221
455 400 386 229
464 400 397 232
347 405 304 243
428 405 359 224
392 410 328 235
406 410 332 231
432 410 359 232
455 410 382 238
464 410 397 238
352 414 308 246
378 414 315 235
392 414 323 234
406 414 331 234
414 414 338 234
428 414 354 237
450 414 378 241
455 414 382 241
383 418 316 238
388 418 319 238
406 418 331 238
410 418 335 239
414 418 339 242
424 418 347 240
450 418 377 245
455 418 382 246
460 418 386 248
464 418 394 248
383 423 315 242
392 423 327 243
432 423 355 243
455 423 382 250
460 423 389 250
383 428 315 246
388 428 319 246
428 428 351 247
432 428 355 248
383 432 314 250
388 432 319 250
392 432 322 250
396 432 327 250
401 432 330 250
414 432 339 251
419 432 343 251
437 432 416 254
460 432 424 257
388 436 319 255
392 436 323 254
396 436 327 254
401 436 331 254
406 436 334 254
414 436 339 255
419 436 343 256
442 436 366 263
374 441 312 259
388 441 319 258
392 441 323 259
396 441 327 259
401 441 331 259
419 441 346 262
428 441 353 259
388 446 318 262
392 446 322 263
396 446 327 263
406 450 337 270
