410 41 431 54
404 47 431 60
410 53 437 64
388 58 421 68
399 58 428 68
404 58 433 67
421 58 447 65
388 64 421 74
399 64 428 74
404 64 433 72
416 64 442 73
348 75 378 96
388 97 409 119
393 97 416 117
410 97 464 155
416 97 451 128
399 109 436 140
438 109 477 120
337 114 379 138
438 114 476 126
444 114 483 123
320 120 401 107
427 120 471 127
438 120 478 131
315 125 347 160
337 125 361 155
343 125 391 137
360 125 405 139
298 131 335 163
304 131 343 160
337 131 363 161
292 137 331 169
298 137 336 167
304 137 345 166
309 137 350 164
354 137 430 114
410 137 456 148
292 142 332 175
298 142 338 173
410 142 457 154
438 142 500 169
449 142 507 167
298 148 339 180
304 148 347 178
393 148 421 137
404 148 451 158
460 148 513 159
466 148 518 158
320 153 361 182
404 153 453 164
466 153 519 163
472 153 526 163
315 159 354 185
360 159 440 140
376 159 404 201
393 159 420 143
466 159 521 169
472 159 527 168
315 165 354 191
376 165 406 206
388 165 440 174
348 170 424 156
354 170 430 154
360 170 436 153
388 170 441 179
438 170 461 176
354 176 431 160
449 176 470 187
427 181 501 208
444 181 531 223
494 181 515 143
360 193 450 191
371 193 430 216
404 198 502 249
460 198 514 206
511 198 564 188
427 204 523 246
511 204 567 195
511 209 569 201
360 215 369 201
472 215 526 225
494 215 557 216
500 215 548 194
516 215 578 207
500 221 560 232
511 221 572 214
500 226 561 239
511 226 574 221
505 232 567 228
511 232 576 227
410 237 434 209
416 237 440 208
438 237 509 248
444 237 515 247
505 237 568 236
399 243 476 261
404 243 483 260
410 243 435 215
438 243 512 255
444 243 516 252
472 243 541 247
500 243 562 245
505 243 570 244
371 249 391 238
410 249 491 259
416 249 497 259
432 249 507 261
438 249 513 259
455 249 524 251
460 249 530 251
466 249 536 251
500 249 564 252
432 254 500 271
460 254 531 255
466 254 537 257
488 254 542 268
494 254 559 257
477 260 530 278
483 260 537 276
488 260 543 275
483 265 553 265
427 271 435 255
466 271 518 288
460 277 511 294
466 277 518 294
