408 45 460 55
414 45 465 55
414 51 466 61
420 51 471 61
425 51 471 54
402 56 457 71
408 56 460 67
414 56 465 66
420 56 471 66
425 62 475 72
414 68 471 89
425 68 477 78
402 74 459 88
391 79 435 102
391 85 435 107
431 85 488 107
357 91 436 88
362 91 419 108
385 91 431 112
391 91 435 112
397 91 442 109
385 96 429 118
397 96 441 114
351 102 400 126
385 102 423 114
391 102 436 120
397 102 441 120
442 102 483 96
340 108 388 126
397 108 441 126
414 108 478 149
425 108 493 149
323 114 371 132
362 114 412 125
425 114 492 155
362 119 411 131
317 125 358 144
323 125 366 143
448 125 477 101
311 131 352 150
317 131 358 150
380 131 442 179
385 131 447 179
465 131 488 101
300 136 341 150
317 136 395 136
476 136 488 90
476 142 488 94
306 148 346 161
317 148 393 148
408 148 435 142
442 148 495 176
306 153 347 172
368 153 448 230
437 153 470 162
442 153 494 183
448 153 500 182
459 153 500 149
317 159 353 173
391 159 417 141
402 159 453 191
425 159 477 197
431 159 479 165
323 165 358 179
465 165 500 161
328 170 358 173
397 170 447 202
431 170 470 184
437 170 477 178
442 170 482 177
323 176 357 184
362 176 405 180
397 176 446 208
437 176 476 184
442 176 481 183
323 182 365 201
328 182 371 202
357 182 399 184
362 182 405 184
431 182 471 196
454 182 494 194
459 182 501 195
351 188 394 189
357 188 399 190
362 188 405 190
402 188 454 218
420 188 441 171
437 188 476 201
442 188 483 202
454 188 495 203
459 188 500 202
505 188 536 184
511 188 541 184
351 193 394 195
357 193 400 196
442 193 484 207
459 193 501 207
476 193 524 208
351 199 396 200
374 199 430 226
397 199 405 195
442 199 488 225
488 199 518 202
499 199 529 195
505 199 534 196
516 199 558 217
522 205 558 213
476 210 506 212
471 216 500 224
488 216 519 218
528 216 565 231
368 222 406 238
374 222 430 250
402 222 435 208
437 222 478 244
442 222 494 256
465 222 493 230
488 222 519 224
528 222 564 236
431 228 472 249
437 228 479 251
442 228 483 249
454 228 490 243
488 228 518 231
494 228 532 231
522 228 559 236
528 228 565 242
425 233 465 254
431 233 471 256
494 233 531 237
499 233 536 238
505 233 548 243
522 233 560 247
528 233 565 248
494 239 531 244
499 239 536 245
505 239 546 248
522 239 559 254
494 245 531 250
499 245 537 253
505 245 546 254
511 245 530 279
448 250 481 260
454 250 490 262
471 250 501 261
499 250 537 260
448 256 481 266
454 256 488 267
465 256 494 268
494 256 531 265
442 262 472 273
448 262 478 274
459 262 488 273
476 262 512 273
482 262 517 271
499 262 537 279
397 267 413 253
402 267 437 267
408 267 443 267
431 267 483 284
437 267 489 284
448 267 523 261
476 267 512 278
488 267 524 284
494 267 529 284
420 273 451 273
465 273 500 285
471 273 507 285
476 273 513 284
482 273 519 289
488 273 524 289
414 279 448 284
471 284 511 297
459 290 501 302
