470 91 492 219
406 104 466 168
451 104 473 210
457 104 475 217
399 110 459 159
406 110 461 171
419 110 467 191
399 117 454 160
412 117 457 181
419 117 459 187
457 117 461 223
399 123 448 168
406 123 452 175
412 123 449 185
419 123 452 192
380 130 430 154
393 130 434 160
399 130 437 172
406 130 445 178
412 130 442 188
419 130 445 194
431 130 445 199
438 130 450 205
457 130 457 224
387 136 426 162
438 136 442 206
444 136 446 214
451 136 448 221
457 136 450 227
425 142 430 197
431 142 432 203
393 149 416 173
399 149 417 181
406 149 419 187
419 149 421 195
425 149 424 200
406 155 413 190
419 155 416 196
425 155 417 202
431 155 420 209
451 155 419 217
406 162 407 193
419 162 410 198
425 162 411 204
464 162 421 248
406 168 399 189
419 168 404 200
425 168 405 206
451 168 413 227
406 175 392 191
419 175 398 204
425 175 399 208
431 175 402 216
444 175 405 224
476 175 408 238
419 181 391 206
425 181 394 212
431 181 396 217
412 187 386 201
412 194 381 203
419 194 382 209
425 194 384 216
431 194 386 221
438 194 388 228
406 200 373 198
412 200 375 205
419 200 376 211
425 200 378 217
431 200 379 224
438 200 381 230
406 207 367 200
412 207 369 207
419 207 371 213
425 207 372 219
431 207 374 226
438 207 376 232
412 213 362 210
419 213 365 215
425 213 367 221
438 213 371 235
444 213 373 242
412 220 356 212
419 220 359 218
425 220 361 224
438 220 364 232
444 220 366 243
451 220 376 249
406 226 350 208
419 226 352 221
425 226 355 226
444 226 361 245
406 232 344 210
412 232 347 215
470 232 360 262
367 239 327 178
374 239 329 184
393 239 336 204
399 239 338 211
412 239 341 218
431 239 346 231
438 239 349 238
444 239 352 244
367 245 321 179
374 245 323 185
380 245 325 193
387 245 327 201
393 245 329 206
399 245 332 213
412 245 335 220
425 245 338 228
431 245 340 233
444 245 345 246
457 245 348 254
464 245 349 258
470 245 352 265
431 252 333 235
438 252 337 243
444 252 338 249
470 252 345 268
419 258 323 227
425 258 325 233
470 264 333 273
476 264 334 280
367 277 299 187
374 277 302 195
380 277 305 201
438 277 320 254
451 277 321 262
374 284 297 198
438 284 312 257
444 284 316 265
374 297 290 200
387 297 287 210
393 297 290 217
399 297 292 221
444 297 300 263
451 297 301 268
399 303 286 224
451 309 294 272
444 316 287 269
399 329 265 232
431 329 276 257
438 329 277 263
367 335 248 210
431 335 268 261
444 335 269 274
361 341 239 203
431 341 262 263
438 341 263 269
367 348 234 214
387 348 240 227
412 348 252 253
425 348 253 260
431 348 256 267
438 348 257 273
444 348 260 279
367 354 230 215
406 354 241 248
412 354 245 254
444 354 253 282
457 354 256 288
457 361 250 291
