310 125 289 171
320 125 300 170
378 125 337 157
493 125 464 116
289 130 270 179
294 130 276 178
315 130 296 176
331 130 309 172
378 130 339 163
498 130 468 121
294 135 278 183
299 135 284 182
498 135 470 126
504 135 474 121
294 140 280 189
310 140 294 190
472 140 440 144
504 140 476 126
289 146 278 202
294 146 284 199
299 146 286 191
472 146 440 157
504 146 478 132
514 146 490 135
289 151 280 206
294 151 285 206
472 151 441 163
504 151 481 139
509 151 486 141
409 156 380 162
414 156 387 160
420 156 392 158
425 156 398 156
498 156 477 147
504 156 483 145
373 161 351 179
425 161 401 163
498 161 478 153
504 161 484 151
509 161 488 149
362 167 341 189
367 167 347 187
373 167 353 185
504 167 486 157
514 167 499 164
357 172 327 207
367 172 349 193
477 172 455 171
509 188 496 171
320 193 317 238
504 193 493 179
462 198 448 194
283 203 292 264
299 203 309 259
304 209 313 264
462 214 455 204
509 214 502 191
289 219 300 275
336 219 331 245
425 219 406 227
430 219 412 224
509 219 504 196
283 224 298 282
289 224 302 280
320 224 321 256
331 224 335 251
409 224 383 235
299 230 311 280
320 230 323 263
325 230 330 260
409 230 385 241
425 230 411 235
430 230 417 237
462 230 457 219
299 235 313 285
304 235 318 282
320 235 327 273
336 235 338 263
451 235 443 234
472 235 454 232
320 240 329 279
373 240 361 270
378 240 367 268
383 240 373 266
388 240 378 265
409 240 390 259
425 240 407 253
430 240 421 249
441 240 424 243
299 245 315 290
320 245 332 286
325 245 337 277
373 245 362 276
378 245 369 274
383 245 375 272
388 245 379 270
289 250 306 293
299 250 316 296
362 250 358 283
378 250 369 279
383 250 376 276
498 250 502 233
504 250 508 231
414 256 415 271
420 256 419 269
504 256 510 236
304 261 324 302
498 261 505 243
504 261 511 241
304 266 326 306
498 266 506 249
