394 123 352 201
382 133 340 223
391 133 380 184
394 133 384 181
372 136 329 236
419 139 362 208
360 142 316 254
391 142 356 230
397 142 358 223
357 145 314 260
360 145 317 258
397 145 361 228
360 148 320 263
366 148 321 257
422 152 372 215
353 155 320 272
419 155 364 221
422 158 390 235
388 161 351 253
394 161 373 257
382 164 348 260
357 170 331 282
363 170 366 300
378 170 350 273
385 170 346 256
363 173 369 304
375 173 349 278
378 173 353 277
363 177 371 308
372 177 350 284
394 177 369 261
369 180 350 290
372 180 352 287
431 180 376 231
360 183 347 298
385 183 400 305
388 183 371 277
431 183 392 245
431 186 394 252
385 189 371 290
388 189 377 288
400 189 386 282
403 189 390 279
428 189 392 261
431 189 397 257
438 189 407 246
385 192 375 294
388 192 379 291
400 192 388 285
435 192 403 257
369 195 391 320
413 195 422 280
441 195 413 252
444 195 415 247
369 198 394 324
378 198 381 314
441 198 416 257
388 201 360 290
403 201 420 286
413 201 425 283
416 201 430 280
416 205 433 285
435 205 410 268
385 208 359 297
388 208 365 295
425 208 352 245
400 211 422 310
403 214 354 268
447 214 449 282
450 214 452 278
403 217 357 272
407 217 361 270
413 217 406 296
403 220 410 311
407 220 415 307
419 220 428 299
450 220 456 285
391 223 397 320
403 223 413 315
407 223 417 311
453 223 458 289
438 233 447 300
450 233 459 301
453 233 464 298
435 239 450 307
431 242 448 313
435 242 452 310
394 245 414 338
397 245 419 336
400 245 415 333
428 245 445 320
394 248 417 342
403 248 423 335
400 251 422 341
403 251 426 339
400 255 437 326
