382 133 340 223
419 139 362 208
360 142 316 254
391 142 356 230
357 145 314 260
397 145 361 228
422 158 390 235
388 161 351 253
394 161 373 257
382 164 348 260
357 170 331 282
363 170 366 300
385 170 346 256
375 173 349 278
378 173 353 277
363 177 371 308
372 177 350 284
394 177 369 261
369 180 350 290
372 180 352 287
360 183 347 298
431 183 392 245
431 186 394 252
385 189 371 290
388 189 377 288
400 189 386 282
403 189 390 279
388 192 379 291
400 192 388 285
369 195 391 320
413 195 422 280
378 198 381 314
388 201 360 290
403 201 420 286
435 205 410 268
388 208 365 295
400 211 422 310
413 217 406 296
407 220 415 307
391 223 397 320
403 223 413 315
407 223 417 311
438 233 447 300
450 233 459 301
453 233 464 298
435 239 450 307
435 242 452 310
394 245 414 338
397 245 419 336
400 245 415 333
428 245 445 320
394 248 417 342
403 248 423 335
400 251 422 341
403 251 426 339
400 255 437 326
