493 159 439 138
499 159 446 137
511 159 452 136
530 159 478 128
536 159 484 128
480 166 428 146
487 166 434 145
493 166 440 145
499 166 446 144
505 166 452 143
517 166 460 140
530 166 478 134
480 172 428 152
487 172 434 151
493 172 440 151
499 172 447 150
382 178 328 175
480 178 428 158
487 178 434 157
493 178 441 157
499 178 448 157
505 178 454 155
382 184 329 184
388 184 334 184
425 184 340 173
487 184 435 165
493 184 442 165
339 190 275 193
345 190 282 192
352 190 289 192
358 190 296 191
382 190 329 193
388 190 336 192
395 190 341 191
462 190 416 186
468 190 423 184
474 190 430 183
487 190 437 179
493 190 443 177
499 190 449 171
315 196 249 204
321 196 256 203
333 196 268 201
339 196 276 201
345 196 284 199
358 196 296 198
376 196 323 199
382 196 330 201
388 196 337 200
395 196 344 200
456 196 409 194
462 196 416 192
474 196 423 192
480 196 429 191
493 196 444 185
505 196 454 177
321 202 256 209
370 202 311 199
376 202 323 204
382 202 331 209
388 202 339 208
395 202 345 209
462 202 416 199
474 202 423 200
480 202 430 198
487 202 438 192
499 202 450 191
517 202 465 183
523 202 470 182
296 209 232 215
302 209 237 218
345 209 284 207
358 209 297 205
364 209 304 206
370 209 313 205
382 209 332 217
388 209 340 216
395 209 347 215
462 209 413 208
474 209 425 207
499 209 450 197
505 209 456 196
517 209 466 189
523 209 472 188
530 209 476 188
536 209 484 187
296 215 232 221
302 215 239 225
370 215 320 225
376 215 326 225
382 215 333 225
388 215 339 223
395 215 346 223
474 215 426 214
487 215 439 212
493 215 445 211
499 215 450 205
505 215 460 208
517 215 467 202
530 215 480 206
302 221 240 231
376 221 327 231
382 221 333 230
388 221 340 230
395 221 354 227
499 221 454 217
505 221 461 217
511 221 467 215
523 221 475 210
530 221 481 212
560 221 512 205
566 221 518 204
309 227 253 244
370 227 320 237
376 227 327 236
382 227 334 236
388 227 339 236
395 227 346 236
401 227 361 233
499 227 453 225
505 227 461 223
517 227 469 221
523 227 475 219
530 227 480 219
560 227 514 211
566 227 521 210
302 233 246 253
309 233 252 250
388 233 341 243
395 233 348 248
505 233 461 229
517 233 469 228
523 233 475 227
554 233 507 219
560 233 515 218
302 239 247 259
388 239 342 249
395 239 349 254
419 239 396 242
499 239 448 237
505 239 457 237
302 245 248 266
315 245 244 217
339 245 272 211
370 245 305 211
376 245 311 210
382 245 336 256
388 245 342 255
395 245 350 262
302 252 249 273
315 252 244 224
321 252 251 223
327 252 259 223
388 252 337 262
395 252 351 269
407 252 363 268
302 258 249 277
309 258 255 277
315 258 245 231
321 258 254 231
388 258 338 270
401 258 357 275
302 264 250 284
309 264 256 284
364 264 311 286
370 264 383 250
309 270 257 290
315 270 263 291
339 270 289 262
370 270 384 256
309 276 259 298
315 276 265 298
333 276 280 297
309 282 261 305
315 282 267 304
395 282 425 252
339 294 286 301
