464 127 475 137
476 127 485 138
482 127 492 138
445 133 434 148
464 133 476 142
470 133 481 143
476 133 488 143
421 139 406 153
433 139 420 153
439 139 427 153
445 139 433 154
464 139 475 147
414 145 400 158
421 145 406 159
427 145 410 160
390 151 441 143
414 151 399 164
421 151 404 165
427 151 409 166
439 151 424 164
445 151 432 164
390 157 377 169
414 157 397 171
421 157 404 172
427 157 409 173
439 157 425 169
445 157 431 171
458 157 438 169
414 164 397 178
421 164 403 179
427 164 409 179
439 164 422 177
445 164 430 178
390 170 366 181
396 170 374 181
427 170 408 186
451 170 435 185
334 176 311 181
340 176 319 181
384 176 360 187
390 176 367 188
396 176 374 188
439 176 415 194
451 176 430 193
458 176 436 193
334 182 306 188
340 182 312 189
346 182 326 188
359 182 339 190
365 182 346 191
377 182 353 193
384 182 360 194
390 182 367 194
396 182 373 195
433 182 401 200
445 182 421 200
451 182 428 201
476 182 455 200
482 182 460 201
489 182 488 198
309 188 283 192
328 188 298 193
334 188 305 193
340 188 319 195
346 188 325 196
353 188 329 196
359 188 339 197
365 188 346 197
377 188 352 200
384 188 359 199
390 188 366 200
396 188 372 201
402 188 377 202
433 188 399 208
445 188 419 208
451 188 427 209
309 195 284 197
316 195 289 198
322 195 296 197
334 195 304 199
340 195 310 202
346 195 322 202
359 195 337 203
371 195 343 206
377 195 350 206
384 195 358 205
390 195 364 207
396 195 370 207
402 195 377 208
427 195 391 213
433 195 397 214
439 195 404 215
495 195 486 214
501 195 501 212
507 195 507 213
513 195 512 215
278 201 270 193
285 201 276 194
340 201 309 207
346 201 316 208
365 201 337 210
371 201 343 211
384 201 349 214
390 201 362 213
439 201 403 221
489 201 451 227
519 201 511 223
260 207 248 200
266 207 255 200
272 207 261 200
278 207 269 200
285 207 275 201
297 207 282 203
340 207 308 213
346 207 314 214
371 207 336 217
377 207 343 218
384 207 349 219
439 207 403 227
489 207 450 233
260 213 249 205
266 213 255 205
272 213 260 206
278 213 266 207
285 213 272 208
291 213 278 210
346 213 313 220
353 213 320 218
371 213 335 223
377 213 343 225
384 213 348 226
489 213 492 226
495 213 497 227
241 219 222 210
254 219 233 210
260 219 239 211
266 219 254 211
272 219 259 212
278 219 265 212
346 219 312 226
353 219 319 225
384 219 348 232
390 219 359 229
248 225 226 217
254 225 232 218
260 225 239 217
266 225 245 218
309 225 286 225
328 225 301 227
334 225 306 229
353 225 317 232
359 225 324 233
371 225 335 233
377 225 341 235
384 225 347 238
464 225 429 246
470 225 435 247
476 225 440 248
248 232 223 224
254 232 228 224
260 232 238 225
309 232 285 232
322 232 292 233
328 232 299 234
334 232 305 235
340 232 310 236
353 232 317 238
359 232 323 239
371 232 332 239
377 232 344 244
464 232 427 253
254 238 227 231
260 238 236 231
266 238 243 232
291 238 269 230
297 238 278 230
322 238 292 238
328 238 296 240
346 238 310 243
353 238 316 244
359 238 321 244
371 238 332 246
414 238 378 260
254 244 228 236
278 244 256 234
285 244 263 234
291 244 270 235
334 244 297 248
346 244 308 248
353 244 315 249
365 244 323 250
371 244 329 252
266 250 236 239
272 250 249 240
278 250 256 240
285 250 263 242
291 250 271 242
303 250 285 244
346 250 308 254
359 250 314 256
365 250 322 257
371 250 329 258
377 250 336 259
384 250 343 260
408 250 364 263
414 250 370 263
266 256 235 246
278 256 255 248
285 256 263 249
291 256 270 249
297 256 275 249
309 256 283 253
371 256 326 266
377 256 335 266
384 256 341 267
396 256 351 268
402 256 357 269
408 256 363 268
414 256 368 270
272 262 240 251
285 262 261 254
291 262 268 255
303 262 275 258
365 262 320 270
371 262 326 272
377 262 333 273
384 262 340 273
390 262 346 273
408 262 361 275
254 269 233 251
278 269 248 260
285 269 254 261
291 269 261 262
297 269 267 262
334 269 299 270
340 269 306 270
353 269 315 272
371 269 326 277
377 269 331 278
384 269 337 278
390 269 346 278
254 275 232 258
260 275 239 260
272 275 238 265
278 275 246 266
285 275 253 268
291 275 260 268
340 275 306 276
353 275 313 278
359 275 320 279
377 275 331 283
254 281 234 264
278 281 244 273
285 281 252 274
291 281 258 274
309 281 277 277
353 281 310 284
359 281 318 284
365 281 324 285
285 287 250 282
291 287 258 281
303 287 271 278
309 287 277 283
316 287 283 281
260 293 238 279
297 293 263 284
303 293 271 285
316 293 285 287
328 293 365 257
291 300 255 288
297 300 262 289
303 300 270 291
309 300 277 291
266 306 243 294
291 306 255 294
297 306 261 295
278 318 249 300
285 318 255 302
