416 81 484 139
416 87 477 143
409 94 467 143
457 115 481 169
464 115 485 174
457 122 476 173
464 122 480 179
471 122 485 184
512 122 519 224
505 129 507 221
395 142 451 167
505 142 489 231
437 149 464 195
443 149 468 199
409 156 438 177
491 156 475 230
416 163 438 187
485 170 462 234
375 183 408 164
375 190 405 168
382 190 408 173
423 190 430 201
375 197 398 172
395 197 408 184
409 197 417 196
416 197 421 201
423 197 425 205
382 204 396 182
395 204 403 189
409 204 411 199
416 204 415 204
423 204 421 211
375 211 388 182
388 211 396 192
395 211 401 197
430 211 420 221
464 211 443 238
388 225 390 198
395 225 396 202
457 225 427 243
388 232 386 202
402 232 393 209
368 238 359 195
382 238 366 202
416 238 395 223
430 238 400 230
457 238 427 253
382 245 362 206
409 245 390 220
409 259 374 232
320 266 326 178
327 266 330 182
368 266 350 206
382 266 359 217
320 273 320 183
327 273 326 187
382 273 353 222
388 273 359 226
423 273 375 257
313 280 306 184
320 280 314 187
327 280 319 191
375 280 344 222
382 280 349 227
388 280 354 231
340 286 320 202
347 286 323 207
395 286 358 238
361 293 322 220
375 293 337 234
354 300 316 223
368 300 322 231
375 300 331 240
292 334 247 208
361 334 300 257
368 334 303 262
368 341 299 267
382 341 305 272
395 341 316 279
402 341 322 286
279 348 224 211
292 348 236 217
327 348 259 244
395 348 313 284
286 355 227 218
292 355 231 224
299 355 235 228
388 355 289 287
292 362 225 228
299 362 230 232
388 362 285 292
320 369 238 253
327 369 242 258
327 376 236 263
354 382 249 290
