431 112 407 113
436 112 412 112
441 112 416 112
383 116 383 115
388 116 389 116
421 116 397 120
426 116 402 119
431 116 407 119
436 116 411 118
441 116 416 118
446 116 423 117
373 121 361 129
378 121 378 121
431 121 406 124
436 121 411 124
441 121 418 124
446 121 424 124
451 121 430 124
455 121 436 123
431 126 400 126
441 126 420 129
446 126 425 129
455 126 435 129
460 126 443 128
388 131 379 140
431 131 401 131
436 131 408 131
455 131 431 135
378 136 373 142
446 141 413 148
451 141 419 147
455 141 426 146
470 141 444 140
431 145 426 151
470 145 444 146
465 150 439 152
470 150 439 169
344 155 332 183
354 155 343 182
480 155 456 149
339 160 340 160
349 160 337 190
354 160 343 189
363 160 355 184
460 160 429 180
470 160 439 181
480 160 457 161
431 165 405 177
484 165 462 166
436 179 413 195
330 189 327 198
470 189 437 187
330 194 327 203
334 194 331 202
354 194 351 200
378 194 374 191
465 199 431 199
344 203 334 213
378 203 373 200
465 203 431 204
470 203 444 203
494 203 477 188
330 208 329 217
349 208 341 219
378 208 374 205
421 208 404 207
460 208 425 210
470 208 444 209
489 208 474 218
455 213 426 199
460 213 426 216
489 213 473 194
359 218 346 223
368 218 353 222
460 218 428 228
489 218 473 200
359 223 347 229
368 223 354 228
373 223 359 228
378 223 364 228
392 223 392 214
431 223 416 230
455 223 421 234
460 223 429 234
359 228 348 235
363 228 353 234
504 228 507 219
509 228 513 219
339 233 335 242
494 233 495 222
533 233 548 216
339 237 338 248
460 237 436 244
465 237 451 232
494 237 496 226
499 237 503 226
504 237 500 246
533 237 549 222
538 237 557 222
349 242 343 248
455 242 430 250
460 242 437 250
480 242 469 236
494 242 496 232
499 242 503 232
504 242 510 233
509 242 505 251
518 242 527 229
523 242 538 230
528 242 543 228
533 242 549 226
344 247 339 253
349 247 343 254
359 247 355 254
417 247 395 249
494 247 498 239
499 247 504 239
533 247 549 232
349 252 344 259
354 252 348 259
368 252 360 256
441 252 425 252
518 252 527 236
523 252 539 234
528 252 544 234
533 252 549 238
363 257 354 259
368 257 360 261
373 257 368 262
421 257 408 258
431 257 414 259
436 257 419 259
489 257 495 257
518 257 528 243
523 257 533 241
368 262 361 267
373 262 368 267
388 262 373 256
421 262 407 263
426 262 414 263
436 262 424 264
441 262 431 263
446 262 437 262
523 262 541 252
528 262 553 249
368 266 362 272
373 266 368 272
426 266 414 268
431 266 420 268
436 266 425 268
441 266 432 268
446 266 437 267
455 266 449 267
523 266 542 258
383 271 375 275
392 271 385 274
402 271 397 273
407 271 402 272
417 271 409 272
436 271 432 273
451 271 443 272
455 271 449 273
412 276 408 277
421 276 415 277
426 276 420 277
431 276 426 277
436 276 432 277
446 276 445 278
455 281 451 277
504 281 504 283
494 286 520 271
489 291 514 278
494 291 521 277
