463 170 413 147
487 170 438 135
451 176 408 157
457 176 414 157
463 176 419 156
475 176 427 145
481 176 432 144
506 176 459 133
384 182 335 184
396 182 350 185
408 182 363 179
414 182 370 177
420 182 376 180
438 182 396 172
451 182 404 171
457 182 411 170
463 182 417 168
469 182 422 166
371 188 321 187
390 188 343 193
396 188 350 192
402 188 364 189
414 188 370 188
420 188 377 187
438 188 396 185
451 188 407 182
463 188 418 175
469 188 423 174
310 195 249 206
347 195 301 195
353 195 308 194
378 195 331 200
384 195 339 203
390 195 345 201
396 195 351 200
402 195 357 199
414 195 372 198
420 195 379 197
438 195 396 193
451 195 408 191
457 195 415 189
493 195 447 178
304 201 244 212
310 201 250 213
384 201 341 211
390 201 347 208
402 201 366 207
414 201 375 208
451 201 409 200
457 201 416 198
493 201 449 184
500 201 456 181
310 207 251 218
396 207 363 221
402 207 369 218
414 207 375 218
451 207 411 207
493 207 450 190
512 207 446 150
384 213 343 226
390 213 357 236
396 213 365 235
402 213 370 227
414 213 376 227
420 213 383 225
475 213 438 215
506 213 441 157
554 213 508 186
384 219 344 232
390 219 357 241
396 219 366 243
414 219 379 239
457 219 420 228
487 219 453 225
493 219 458 218
536 219 492 204
542 219 499 201
310 225 263 258
323 225 255 210
329 225 262 209
378 225 339 245
390 225 358 250
396 225 367 250
402 225 373 248
414 225 381 246
536 225 499 208
542 225 505 206
554 225 513 202
567 225 521 201
390 231 360 257
396 231 368 255
402 231 374 254
408 231 381 253
500 231 462 230
536 231 501 215
573 231 527 206
304 237 244 232
378 237 343 272
390 237 358 268
396 237 364 263
408 237 377 258
414 237 385 265
316 243 280 270
323 243 286 269
396 243 364 270
542 243 314 258
304 250 248 246
329 250 288 275
335 250 294 273
524 250 301 273
304 256 250 254
335 256 389 249
493 256 425 223
542 256 310 280
304 262 251 261
493 262 427 231
500 262 440 228
323 268 291 289
438 268 392 238
365 274 316 278
323 286 298 297
316 292 293 304
323 292 299 302
