501 119 460 93
524 119 487 93
524 124 488 98
490 130 455 100
507 130 467 99
524 130 487 105
530 130 495 103
490 136 454 107
518 136 482 111
524 136 488 112
530 136 496 109
507 142 469 111
518 142 483 117
530 142 504 115
536 142 531 127
541 142 537 126
501 147 464 144
541 147 536 132
536 153 524 140
541 153 536 139
513 182 507 180
507 188 512 161
513 188 501 194
397 211 384 204
461 211 429 192
501 211 502 202
392 216 377 215
455 216 424 199
490 216 490 208
495 216 497 207
501 216 502 207
392 222 373 224
449 222 422 206
490 222 489 214
495 222 495 214
443 228 418 213
449 228 424 212
478 228 471 217
490 228 489 219
443 234 418 220
449 234 426 219
455 234 436 219
472 234 464 223
478 234 471 223
443 240 419 226
449 240 428 226
455 240 437 225
467 240 458 229
472 240 465 230
478 240 479 235
455 245 438 232
472 245 473 247
363 251 362 243
467 251 467 256
472 251 473 254
438 257 419 246
443 257 426 246
357 263 362 255
438 263 420 253
443 263 429 253
432 268 435 263
438 268 421 258
449 268 462 262
420 274 402 265
426 274 409 264
432 274 429 270
438 274 436 270
449 274 460 270
415 280 396 271
420 280 409 272
426 280 416 273
432 280 421 272
438 280 435 276
443 280 441 276
403 286 383 275
415 286 402 278
420 286 408 278
426 286 415 278
432 286 422 278
438 286 435 282
409 291 396 284
415 291 403 284
420 291 410 285
426 291 418 285
409 297 397 290
415 297 404 291
420 297 412 292
409 303 398 298
415 303 405 298
420 303 417 299
403 309 391 305
409 309 398 306
392 314 386 313
403 314 393 312
409 314 399 312
380 326 372 321
380 332 372 327
386 332 380 328
340 337 334 331
380 337 373 334
386 337 380 334
351 349 343 344
357 349 348 342
369 349 362 341
374 349 369 348
380 349 376 348
346 355 336 348
351 355 343 349
369 355 364 353
374 355 370 355
