513 113 407 54
524 124 423 56
513 130 412 68
518 130 419 65
524 130 425 62
541 142 482 62
490 188 418 125
490 199 466 139
490 205 468 145
490 228 476 166
443 240 424 210
449 245 432 216
443 257 410 216
449 263 455 214
420 268 401 235
426 268 416 232
432 268 421 228
449 268 458 219
455 268 465 217
420 274 402 243
426 274 409 240
432 274 417 237
449 274 459 229
420 280 401 250
426 280 408 247
432 280 413 244
409 286 387 257
409 291 388 263
415 291 396 262
426 291 434 260
432 291 442 259
409 297 391 270
415 297 400 268
426 297 437 267
420 303 432 276
392 314 393 294
380 343 393 332
374 349 394 338
380 349 401 338
363 355 378 353
369 355 385 350
374 355 396 348
