485 103 435 57
479 109 430 63
507 120 512 95
518 125 445 68
524 125 453 67
524 131 459 74
529 131 467 72
512 137 446 77
507 142 438 84
512 148 448 90
512 153 449 96
468 159 509 123
496 159 427 99
507 159 443 97
462 165 504 126
540 165 522 109
423 170 386 175
518 170 489 147
446 176 487 128
457 181 503 140
490 192 483 150
490 198 484 157
496 198 492 157
490 204 485 162
512 209 466 252
485 215 467 202
412 226 424 300
462 226 446 125
479 232 487 168
462 248 457 230
373 265 399 282
423 271 401 237
406 282 400 224
418 282 388 246
339 287 342 274
418 287 387 252
429 287 366 297
406 293 373 257
412 293 383 259
418 293 390 260
429 293 467 186
434 293 453 262
401 298 366 263
406 298 374 263
412 298 383 266
418 298 390 266
401 304 367 270
406 304 374 270
323 310 326 312
328 310 332 311
406 310 376 277
334 315 337 317
