423 125 425 82
412 142 410 98
423 148 425 103
486 148 480 114
440 154 445 126
503 154 495 121
498 160 487 127
503 160 493 127
509 160 501 128
418 165 403 136
429 165 437 139
435 165 445 140
406 171 396 138
412 171 396 143
429 171 437 146
435 171 444 148
440 171 450 147
412 177 409 145
418 177 401 147
435 177 443 156
440 177 451 133
412 183 417 153
423 183 431 154
475 188 472 156
492 188 487 149
503 188 495 148
509 188 501 150
446 194 451 183
463 194 464 163
475 194 471 162
509 194 500 156
452 200 457 170
463 200 463 169
469 205 464 175
366 228 371 173
400 234 401 182
378 240 379 186
383 240 386 186
423 240 424 189
429 245 430 197
343 251 338 220
349 251 343 220
360 251 365 200
355 257 349 222
435 257 435 209
440 257 441 210
463 257 465 212
469 257 469 217
349 263 343 230
355 263 350 229
360 263 358 229
366 263 364 227
372 263 370 228
400 263 406 223
406 263 413 222
429 263 420 222
435 263 433 217
446 263 448 217
452 263 455 218
355 268 341 242
360 268 358 236
366 268 363 235
372 268 369 236
452 268 455 224
349 274 335 248
355 274 340 249
372 274 363 249
378 274 371 249
435 274 428 246
343 280 330 255
349 280 335 255
355 280 340 255
372 280 362 257
378 280 369 258
343 285 329 261
349 285 335 261
355 285 342 262
435 285 425 266
440 285 432 265
349 291 336 269
355 291 342 270
372 291 369 264
429 291 416 274
337 297 326 274
343 297 332 275
429 297 417 280
355 308 348 285
406 314 397 287
418 314 410 308
303 326 283 332
309 326 288 332
355 326 353 306
360 326 355 311
366 326 361 310
372 326 369 310
400 326 396 307
303 331 282 339
309 331 289 339
332 331 324 331
360 331 355 319
303 337 282 347
355 337 346 332
332 348 316 365
395 348 379 371
378 360 366 382
383 360 373 378
389 360 378 378
