472 85 450 81
466 91 450 87
478 91 457 85
490 91 463 86
496 91 475 86
472 97 451 93
502 97 481 91
478 103 457 91
502 103 481 98
508 103 489 98
472 109 452 97
478 109 457 97
496 109 469 106
502 109 481 104
508 109 487 104
514 109 495 104
520 109 502 103
472 115 451 104
490 115 464 111
496 115 477 111
502 115 482 110
520 115 503 110
472 121 450 111
508 121 488 111
514 121 495 112
526 121 528 124
478 127 457 116
514 127 496 117
538 127 535 123
429 133 427 116
478 133 458 123
496 133 476 116
526 133 513 127
532 133 520 127
538 133 527 127
544 133 540 128
447 139 432 131
472 139 450 135
484 139 471 130
526 139 514 134
532 139 521 135
538 139 528 134
544 139 541 134
472 145 446 142
526 145 514 141
532 145 522 141
538 145 535 139
417 151 407 149
466 151 440 149
472 151 447 148
478 151 456 144
526 151 520 146
532 151 526 147
538 151 534 147
429 157 419 150
472 157 451 150
484 157 464 153
514 157 508 147
520 157 515 147
532 157 526 152
435 163 421 155
526 163 520 159
532 163 529 159
411 169 402 169
466 169 439 163
520 169 515 166
526 169 521 166
466 175 440 169
478 175 457 169
514 175 509 172
520 175 514 171
429 181 409 182
435 181 414 181
447 181 426 181
459 181 435 179
478 181 458 175
496 181 489 181
502 181 496 181
429 187 408 187
435 187 414 186
441 187 420 187
447 187 426 187
453 187 432 187
459 187 438 182
466 187 445 182
472 187 451 182
478 187 459 182
490 187 483 186
496 187 490 187
502 187 496 187
514 187 510 186
405 193 396 194
429 193 408 193
447 193 426 192
453 193 432 192
459 193 438 191
466 193 445 188
472 193 461 192
478 193 466 192
484 193 472 191
490 193 478 191
502 193 497 193
508 193 504 193
514 193 510 192
417 199 401 193
435 199 414 199
447 199 426 198
453 199 433 198
459 199 439 198
472 199 460 199
478 199 467 198
484 199 473 197
490 199 478 197
496 199 484 199
502 199 498 199
508 199 504 199
393 205 384 202
399 205 388 202
411 205 398 199
453 205 433 204
459 205 441 204
466 205 453 205
472 205 459 204
478 205 466 204
484 205 474 204
490 205 479 203
502 205 498 205
405 211 392 205
411 211 397 205
441 211 420 208
447 211 428 208
453 211 434 211
459 211 441 211
466 211 453 211
472 211 460 211
478 211 465 210
484 211 472 210
490 211 484 211
496 211 492 211
502 211 498 211
393 217 382 213
405 217 392 211
435 217 414 214
441 217 421 214
466 217 452 217
472 217 458 217
478 217 465 216
484 217 471 216
490 217 485 217
496 217 491 217
393 224 380 228
399 224 386 218
405 224 391 218
411 224 396 215
423 224 404 221
441 224 422 220
447 224 429 220
453 224 440 224
459 224 446 223
466 224 452 223
472 224 459 222
478 224 466 223
484 224 474 222
490 224 484 223
399 230 384 233
405 230 390 225
429 230 408 228
435 230 416 227
441 230 423 227
447 230 430 227
453 230 440 230
459 230 446 229
466 230 453 230
472 230 461 230
478 230 468 229
484 230 478 229
490 230 486 231
423 236 404 233
435 236 416 232
441 236 427 233
447 236 433 232
453 236 440 236
459 236 447 235
466 236 455 236
472 236 462 236
478 236 468 235
484 236 480 236
435 242 421 239
441 242 427 239
447 242 433 239
453 242 442 242
459 242 448 242
466 242 456 242
472 242 462 243
478 242 473 242
417 248 402 246
423 248 408 246
435 248 421 246
441 248 427 246
447 248 435 245
466 248 456 249
472 248 465 248
417 254 402 252
435 254 421 253
441 254 427 252
447 254 435 252
453 254 441 251
459 254 449 252
472 254 467 254
417 260 403 259
429 260 412 258
435 260 422 259
441 260 430 261
447 260 436 262
453 260 443 262
466 260 460 260
405 266 387 265
411 266 392 264
417 266 399 264
423 266 410 265
429 266 415 265
435 266 422 264
441 266 430 267
447 266 436 268
453 266 444 267
459 266 453 267
466 266 462 266
405 272 387 270
411 272 393 270
417 272 399 270
423 272 410 271
429 272 415 271
435 272 422 271
441 272 431 273
447 272 438 273
453 272 447 273
459 272 454 273
466 272 465 271
399 278 381 276
405 278 390 277
411 278 397 277
417 278 403 277
423 278 410 277
429 278 416 277
435 278 423 277
441 278 432 280
447 278 440 279
453 278 449 279
393 284 378 284
399 284 383 284
405 284 390 284
411 284 397 284
417 284 404 284
423 284 410 283
429 284 417 284
435 284 424 284
441 284 434 286
447 284 441 286
399 290 384 290
405 290 391 290
411 290 398 290
417 290 404 290
423 290 411 290
429 290 418 290
435 290 424 290
441 290 435 293
399 296 384 296
405 296 392 297
411 296 399 296
417 296 404 296
423 296 411 295
429 296 418 296
399 302 385 302
405 302 393 302
411 302 400 302
417 302 405 301
429 302 423 305
393 308 380 309
399 308 386 309
405 308 393 309
411 308 400 307
423 308 417 312
429 308 423 312
435 308 437 308
375 314 360 315
381 314 369 315
387 314 375 315
393 314 380 315
399 314 387 315
405 314 394 315
411 314 400 315
417 314 412 315
423 314 419 318
357 320 343 321
375 320 361 321
381 320 368 320
387 320 375 320
393 320 381 321
399 320 388 322
405 320 394 322
411 320 400 321
417 320 411 325
429 320 426 326
357 326 344 327
363 326 349 328
369 326 355 328
375 326 361 328
381 326 367 327
387 326 374 327
399 326 389 328
405 326 397 328
417 326 413 331
423 326 420 331
345 332 337 328
363 332 348 335
369 332 354 335
375 332 362 334
381 332 367 333
387 332 375 333
393 332 385 334
399 332 391 334
405 332 398 334
345 338 337 333
363 338 347 342
369 338 354 341
375 338 362 340
387 338 379 341
393 338 386 341
399 338 392 341
405 338 399 341
411 338 407 341
345 344 336 340
351 344 342 341
363 344 348 347
369 344 354 347
375 344 363 346
381 344 373 346
387 344 380 347
393 344 387 347
399 344 394 347
405 344 401 347
411 344 410 347
351 350 341 349
363 350 348 352
369 350 355 352
375 350 367 352
381 350 373 352
387 350 381 353
393 350 388 353
399 350 395 353
405 350 401 354
363 356 349 357
369 356 357 357
375 356 367 358
381 356 375 360
387 356 382 360
393 356 388 360
399 356 395 359
