472 85 467 84
478 85 473 84
459 91 455 90
466 91 461 89
472 91 467 89
478 91 473 89
490 91 480 89
496 91 487 89
453 97 447 98
459 97 453 97
466 97 462 96
478 97 469 97
484 97 476 96
490 97 480 96
496 97 486 95
502 97 496 96
447 103 442 103
453 103 448 104
466 103 455 103
472 103 463 102
478 103 469 102
484 103 476 102
490 103 481 102
496 103 487 102
508 103 502 102
441 109 437 108
447 109 443 109
453 109 449 109
459 109 455 109
472 109 462 108
496 109 490 102
502 109 493 107
508 109 499 108
514 109 509 108
520 109 517 108
441 115 438 113
447 115 443 114
453 115 449 114
459 115 455 115
466 115 461 115
472 115 468 115
490 115 485 107
520 115 517 114
526 115 524 114
435 121 432 120
441 121 437 120
447 121 442 120
453 121 448 120
459 121 450 126
466 121 455 128
472 121 466 120
520 121 517 120
526 121 524 120
532 121 530 119
429 127 425 127
435 127 431 127
441 127 436 127
459 127 450 132
466 127 456 134
472 127 461 134
490 127 485 121
496 127 492 121
514 127 509 121
520 127 515 126
526 127 523 125
532 127 529 124
538 127 535 125
429 133 426 133
435 133 431 133
441 133 437 133
490 133 486 127
496 133 492 127
502 133 498 127
508 133 504 128
514 133 509 127
526 133 522 131
532 133 528 130
538 133 535 130
544 133 543 131
423 139 420 138
429 139 427 139
435 139 431 139
441 139 436 139
447 139 442 139
466 139 460 138
472 139 466 138
478 139 473 138
490 139 487 132
496 139 493 132
502 139 498 132
508 139 505 133
520 139 516 138
526 139 523 137
532 139 529 137
538 139 536 136
423 145 420 145
429 145 427 144
435 145 432 145
441 145 437 145
447 145 442 144
453 145 448 145
466 145 460 144
472 145 466 144
484 145 480 138
490 145 487 137
496 145 493 137
502 145 499 139
508 145 505 139
514 145 510 139
526 145 522 143
532 145 530 144
538 145 536 143
417 151 414 151
423 151 420 151
429 151 425 151
435 151 432 150
441 151 436 151
447 151 442 151
459 151 453 152
466 151 461 151
472 151 466 151
478 151 472 150
484 151 479 150
490 151 486 145
496 151 494 145
502 151 499 146
508 151 505 145
514 151 511 146
526 151 524 149
532 151 531 149
538 151 536 150
411 157 407 158
417 157 414 158
423 157 420 157
429 157 425 158
435 157 430 159
447 157 442 158
453 157 447 158
459 157 453 157
466 157 459 157
472 157 467 156
478 157 473 157
484 157 478 156
496 157 492 156
502 157 499 151
508 157 505 151
514 157 511 151
405 163 401 164
411 163 406 167
423 163 420 163
429 163 425 163
435 163 429 164
441 163 437 165
447 163 442 164
453 163 448 163
459 163 454 163
466 163 461 162
472 163 468 163
478 163 473 163
484 163 479 162
496 163 492 162
502 163 499 157
508 163 505 156
514 163 514 158
520 163 520 158
526 163 525 161
405 169 401 170
411 169 413 164
417 169 412 169
423 169 419 168
429 169 425 169
435 169 432 170
441 169 437 170
447 169 442 169
453 169 449 168
459 169 454 168
466 169 462 168
472 169 468 169
478 169 473 168
484 169 479 167
490 169 486 169
496 169 493 169
502 169 499 170
514 169 515 163
520 169 518 167
526 169 525 167
411 175 406 176
417 175 413 175
429 175 425 174
435 175 432 175
441 175 437 175
447 175 442 174
453 175 448 175
459 175 455 175
466 175 462 175
472 175 469 175
478 175 474 174
484 175 479 173
490 175 486 175
496 175 493 176
502 175 499 176
508 175 506 175
514 175 511 174
520 175 518 174
399 181 395 182
405 181 402 181
411 181 407 181
417 181 413 181
423 181 418 181
429 181 425 180
435 181 431 181
441 181 436 181
447 181 443 181
453 181 448 181
459 181 455 181
466 181 462 180
472 181 468 181
478 181 474 181
484 181 479 180
490 181 486 181
496 181 493 182
502 181 499 183
399 187 396 188
405 187 402 186
411 187 408 186
417 187 413 187
423 187 419 187
429 187 425 187
435 187 430 187
441 187 437 187
447 187 443 188
453 187 449 187
459 187 455 186
466 187 462 186
472 187 469 187
478 187 475 186
484 187 480 186
490 187 486 187
496 187 493 188
502 187 502 189
399 193 397 193
405 193 403 192
411 193 408 191
417 193 413 192
423 193 419 193
429 193 425 193
435 193 430 192
441 193 437 193
447 193 443 194
453 193 448 192
459 193 454 192
466 193 462 192
472 193 468 192
478 193 475 193
484 193 480 192
490 193 490 193
496 193 497 194
502 193 502 194
399 199 397 198
405 199 402 198
411 199 408 197
417 199 414 198
423 199 420 198
429 199 424 198
435 199 429 199
441 199 436 200
447 199 443 199
453 199 449 199
459 199 455 198
466 199 462 198
472 199 469 199
478 199 475 199
484 199 480 198
490 199 491 200
496 199 497 200
502 199 502 199
399 205 397 204
417 205 414 204
423 205 419 204
429 205 424 204
435 205 430 207
441 205 438 205
447 205 443 205
453 205 449 204
459 205 455 204
466 205 462 205
472 205 469 205
478 205 476 204
484 205 480 203
490 205 487 204
496 205 496 205
502 205 502 205
387 211 383 215
393 211 391 212
399 211 398 211
411 211 408 207
417 211 414 210
423 211 419 210
429 211 424 212
435 211 430 212
441 211 438 211
447 211 444 211
453 211 449 210
459 211 456 210
466 211 461 211
472 211 468 211
478 211 475 210
484 211 480 210
490 211 488 210
496 211 496 210
387 217 383 222
393 217 391 218
399 217 397 217
405 217 402 217
411 217 408 216
417 217 414 216
423 217 419 217
429 217 424 217
435 217 430 217
441 217 438 217
447 217 444 217
453 217 450 217
459 217 455 216
466 217 461 216
472 217 467 216
478 217 474 216
484 217 481 215
490 217 489 216
387 224 382 228
399 224 397 222
405 224 401 223
411 224 408 222
417 224 413 222
423 224 419 223
429 224 424 223
435 224 432 223
441 224 437 223
447 224 444 223
453 224 450 223
459 224 456 222
466 224 463 223
472 224 468 222
478 224 475 222
484 224 482 222
490 224 489 222
375 230 369 235
387 230 382 234
393 230 390 229
411 230 408 229
417 230 413 229
423 230 419 229
429 230 424 230
435 230 431 229
441 230 438 229
447 230 444 229
453 230 450 228
459 230 457 229
466 230 463 228
472 230 468 228
478 230 475 228
484 230 484 227
405 236 402 234
411 236 407 235
417 236 413 235
423 236 418 236
429 236 425 237
435 236 432 236
441 236 439 236
447 236 444 235
453 236 451 235
459 236 457 235
466 236 464 235
472 236 470 234
478 236 476 234
484 236 484 234
393 242 390 241
399 242 397 241
405 242 402 241
411 242 408 241
417 242 413 241
423 242 420 243
429 242 426 242
435 242 432 241
441 242 439 241
447 242 445 241
453 242 451 240
459 242 457 241
472 242 470 240
478 242 477 241
357 248 357 247
399 248 396 247
405 248 402 247
411 248 409 247
417 248 414 248
423 248 420 248
429 248 426 247
435 248 432 247
441 248 439 247
447 248 446 247
453 248 452 247
459 248 460 246
478 248 478 247
393 254 390 253
399 254 396 254
405 254 402 253
411 254 408 253
417 254 414 254
423 254 421 254
429 254 426 253
435 254 433 253
441 254 439 253
447 254 448 254
453 254 453 254
459 254 459 253
466 254 467 248
472 254 472 254
357 260 358 259
393 260 391 259
399 260 397 259
405 260 402 259
411 260 408 259
417 260 414 259
423 260 420 259
429 260 426 259
435 260 433 259
441 260 440 260
447 260 448 260
453 260 454 260
459 260 459 259
466 260 465 259
472 260 472 259
351 266 351 265
357 266 358 265
387 266 385 265
393 266 390 265
399 266 397 265
405 266 402 265
411 266 408 265
417 266 415 265
423 266 420 265
429 266 427 265
435 266 433 265
441 266 440 265
447 266 447 266
453 266 453 266
459 266 460 265
466 266 466 265
387 272 385 271
393 272 390 272
399 272 396 271
405 272 401 271
411 272 408 271
417 272 415 271
423 272 421 270
429 272 426 270
435 272 433 271
441 272 441 271
447 272 447 272
453 272 453 271
459 272 460 272
466 272 466 272
387 278 385 277
393 278 390 277
399 278 396 278
405 278 401 278
411 278 408 277
417 278 414 277
423 278 421 277
429 278 427 277
435 278 435 277
441 278 441 277
447 278 447 278
453 278 454 278
459 278 461 278
345 284 347 279
375 284 376 278
387 284 384 283
393 284 390 283
399 284 396 283
405 284 402 284
411 284 409 283
417 284 414 283
423 284 423 284
429 284 429 283
435 284 435 283
441 284 441 283
447 284 447 284
453 284 454 283
339 290 342 284
345 290 347 284
351 290 352 284
363 290 365 284
369 290 370 284
375 290 375 285
387 290 384 290
393 290 390 290
399 290 397 289
405 290 403 290
417 290 414 289
423 290 423 290
429 290 429 289
435 290 436 289
441 290 442 289
447 290 449 289
357 296 357 289
363 296 364 290
369 296 370 291
387 296 384 296
393 296 390 295
399 296 396 296
405 296 402 296
411 296 411 296
423 296 423 295
429 296 429 295
435 296 436 295
441 296 443 295
447 296 449 296
333 302 334 303
351 302 352 294
357 302 358 295
363 302 364 296
369 302 370 297
375 302 373 302
381 302 378 302
387 302 384 301
393 302 390 302
399 302 395 302
405 302 402 301
411 302 412 303
423 302 424 303
429 302 430 302
435 302 436 302
441 302 444 302
333 308 333 310
357 308 357 301
363 308 364 303
375 308 373 308
381 308 379 308
387 308 384 308
393 308 390 308
399 308 395 308
405 308 401 308
411 308 409 308
417 308 418 309
423 308 424 309
429 308 430 309
435 308 436 309
333 314 334 315
363 314 364 310
375 314 372 314
381 314 378 314
387 314 384 314
393 314 390 314
399 314 394 314
405 314 405 315
411 314 412 315
417 314 419 315
423 314 425 315
429 314 430 315
357 320 359 315
363 320 363 320
375 320 372 320
381 320 378 320
387 320 384 320
393 320 390 320
399 320 400 320
405 320 405 320
411 320 413 320
417 320 419 320
423 320 424 321
333 326 334 326
339 326 340 327
345 326 346 326
351 326 352 326
357 326 357 325
369 326 367 327
375 326 372 326
381 326 378 326
387 326 385 326
393 326 390 325
399 326 399 326
405 326 406 326
411 326 413 326
417 326 418 327
333 332 333 332
339 332 339 333
345 332 345 333
351 332 351 331
357 332 358 332
369 332 367 333
375 332 373 332
381 332 379 331
387 332 387 332
393 332 394 332
399 332 400 332
405 332 406 332
411 332 412 333
417 332 417 333
339 338 339 338
345 338 345 338
351 338 350 339
357 338 356 339
369 338 366 340
375 338 372 340
381 338 381 338
387 338 387 338
393 338 393 339
399 338 399 338
405 338 406 338
411 338 411 338
345 344 344 344
351 344 350 344
357 344 356 344
363 344 363 344
369 344 369 344
375 344 375 344
381 344 382 344
387 344 387 345
393 344 394 345
399 344 401 345
405 344 407 345
411 344 413 345
351 350 350 350
357 350 356 350
363 350 363 350
369 350 369 350
375 350 376 350
381 350 382 350
387 350 387 351
393 350 395 351
399 350 402 351
405 350 408 352
357 356 357 356
363 356 363 356
369 356 369 356
375 356 375 356
381 356 381 356
387 356 388 356
393 356 395 357
