419 138 419 105
425 161 432 137
431 161 446 140
386 172 383 181
408 172 410 169
414 172 416 167
386 177 386 187
391 177 393 187
397 177 399 185
403 177 404 183
408 177 411 180
414 177 419 175
436 177 436 165
442 177 443 164
391 183 394 193
397 183 399 191
403 183 406 189
408 183 411 187
414 183 417 182
419 183 423 180
431 183 432 178
436 183 438 171
442 183 444 170
448 183 450 170
493 183 495 145
369 189 367 209
391 189 394 199
397 189 400 198
403 189 407 195
408 189 413 192
414 189 417 188
419 189 424 187
431 189 433 185
436 189 439 182
448 189 450 176
459 189 469 164
464 189 476 164
481 189 485 146
493 189 494 155
358 194 356 219
363 194 363 218
374 194 372 217
414 194 417 195
425 194 429 191
431 194 434 191
436 194 439 190
442 194 447 189
448 194 452 187
453 194 459 186
459 194 465 186
476 194 480 156
481 194 487 155
341 200 343 227
346 200 350 225
358 200 358 225
363 200 364 224
374 200 372 224
380 200 379 222
397 200 403 204
403 200 408 204
408 200 413 203
419 200 422 200
425 200 429 198
431 200 435 198
436 200 441 198
459 200 466 192
476 200 481 162
481 200 489 161
487 200 494 162
346 206 353 231
352 206 358 231
363 206 365 229
369 206 371 228
374 206 377 226
386 206 396 210
397 206 404 210
403 206 408 209
408 206 413 209
419 206 423 207
425 206 429 205
431 206 436 204
436 206 441 204
330 211 339 235
335 211 344 235
386 211 391 226
397 211 404 216
403 211 409 217
414 211 418 214
419 211 424 213
425 211 429 212
324 217 334 242
330 217 340 241
335 217 344 241
346 217 355 241
374 217 379 235
386 217 392 231
391 217 398 226
397 217 403 225
408 217 413 222
414 217 419 220
419 217 425 219
330 222 339 248
346 222 356 246
352 222 362 246
358 222 373 242
391 222 398 233
403 222 408 230
408 222 414 228
414 222 420 228
352 228 363 251
358 228 368 250
369 228 381 247
380 228 388 241
386 228 393 241
397 228 403 238
403 228 409 236
408 228 414 235
414 228 420 234
358 234 370 256
363 234 375 255
380 234 389 245
386 234 393 246
397 234 401 244
403 234 409 242
408 234 414 241
436 234 388 159
324 239 337 261
330 239 343 260
374 239 384 255
380 239 390 252
403 239 409 250
408 239 415 248
431 239 381 166
436 239 388 165
442 239 394 164
363 245 376 262
374 245 384 261
380 245 389 260
397 245 402 252
403 245 410 256
408 245 417 255
436 245 389 171
358 250 372 269
374 250 384 266
380 250 389 265
386 250 397 266
397 250 402 257
442 250 449 243
358 256 372 275
363 256 379 269
403 256 412 263
279 262 301 296
363 262 378 274
374 262 384 276
386 262 395 273
391 262 400 272
397 262 406 270
273 267 295 303
279 267 301 302
290 267 310 302
397 267 406 278
425 267 427 274
431 267 433 274
369 273 381 281
374 273 386 281
425 273 428 280
369 279 382 288
374 279 386 288
403 279 409 285
408 279 414 284
419 279 421 283
408 284 417 290
414 284 422 290
245 290 277 313
380 290 394 287
414 290 423 294
374 295 383 301
380 295 395 293
386 295 400 292
408 295 417 301
245 301 279 318
251 301 291 323
341 301 332 270
318 307 340 329
330 307 313 293
391 307 396 327
397 307 401 326
307 312 334 330
324 312 347 330
397 312 400 330
313 318 337 338
318 318 341 337
324 318 347 336
324 324 348 341
374 324 406 311
341 329 324 305
346 329 330 304
324 335 345 348
358 340 378 346
363 340 384 344
369 340 390 340
330 346 352 355
363 346 384 351
335 352 360 360
352 357 373 365
318 363 346 361
324 363 351 361
324 369 353 367
