425 138 458 116
391 161 406 151
414 161 424 154
419 161 430 155
425 161 434 156
431 161 441 157
403 166 415 161
414 166 424 160
425 166 434 161
431 166 439 162
436 166 446 159
374 172 384 162
391 172 401 167
397 172 407 168
403 172 414 168
408 172 421 169
431 172 439 168
391 177 402 173
397 177 407 174
403 177 414 175
408 177 420 175
414 177 422 179
419 177 429 179
425 177 434 174
436 177 445 173
363 183 378 168
369 183 383 169
374 183 390 171
386 183 395 179
397 183 406 180
403 183 412 183
414 183 419 186
419 183 426 186
425 183 433 182
431 183 438 180
436 183 444 179
442 183 452 178
493 183 512 172
363 189 377 174
369 189 383 175
374 189 390 177
397 189 401 191
403 189 410 189
414 189 418 190
425 189 433 188
431 189 438 188
436 189 443 187
481 189 497 177
369 194 360 199
374 194 367 199
380 194 374 200
386 194 387 196
397 194 398 197
403 194 406 196
408 194 412 195
419 194 424 194
425 194 432 193
476 194 490 183
481 194 496 184
374 200 366 206
380 200 374 207
386 200 385 206
391 200 392 203
397 200 397 202
403 200 404 201
408 200 411 201
419 200 422 201
425 200 429 200
442 200 443 195
459 200 460 196
476 200 488 188
481 200 495 189
487 200 501 191
335 206 335 207
341 206 340 207
346 206 346 208
352 206 353 208
363 206 360 209
374 206 367 211
391 206 391 209
397 206 396 208
403 206 403 207
408 206 409 207
419 206 419 207
425 206 426 207
436 206 436 200
442 206 442 200
464 206 465 204
470 206 475 207
481 206 481 207
330 211 329 211
335 211 335 212
341 211 340 212
346 211 345 213
386 211 384 214
391 211 389 213
397 211 395 214
414 211 410 215
419 211 418 213
425 211 424 212
442 211 442 207
476 211 474 214
346 217 344 218
352 217 353 219
358 217 359 221
386 217 384 218
391 217 389 218
408 217 403 220
414 217 407 222
419 217 416 219
425 217 422 220
330 222 327 219
335 222 332 220
341 222 339 221
352 222 351 227
358 222 358 228
380 222 376 224
386 222 382 224
391 222 388 224
414 222 407 228
425 222 420 229
346 228 344 229
374 228 370 225
380 228 375 230
403 228 397 229
408 228 403 230
358 234 351 234
363 234 356 235
391 234 382 234
397 234 388 233
403 234 395 235
408 234 401 235
459 234 458 230
330 239 333 227
374 239 367 239
380 239 375 238
386 239 375 243
391 239 382 240
397 239 387 240
403 239 394 241
408 239 400 241
414 239 405 242
453 239 452 234
290 245 308 224
330 245 332 233
363 245 356 243
369 245 360 243
397 245 386 246
403 245 392 247
408 245 397 247
285 250 302 228
290 250 308 228
296 250 312 229
301 250 319 230
363 250 357 247
369 250 361 248
380 250 369 251
386 250 375 252
391 250 381 252
397 250 386 252
403 250 393 252
408 250 398 253
279 256 267 255
290 256 307 234
301 256 319 236
318 256 310 253
358 256 352 253
369 256 361 253
380 256 368 255
386 256 374 257
391 256 380 257
397 256 386 257
403 256 391 257
425 256 411 260
431 256 416 260
436 256 422 260
442 256 428 258
285 262 300 241
352 262 347 258
369 262 359 259
374 262 365 260
386 262 372 261
391 262 377 262
273 267 278 250
279 267 284 252
386 267 372 266
403 267 384 264
425 267 407 268
273 273 272 262
279 273 278 263
296 273 296 265
313 273 322 256
363 273 354 267
397 273 379 270
403 273 383 270
414 273 391 270
425 273 407 274
273 279 270 267
279 279 277 268
290 279 297 259
296 279 305 260
301 279 309 260
391 279 376 274
403 279 383 275
408 279 388 277
419 279 397 279
296 284 302 266
307 284 309 273
313 284 312 274
403 284 383 282
408 284 389 283
414 284 394 285
419 284 399 285
330 290 341 264
380 290 370 279
414 290 393 289
330 295 333 275
386 295 376 283
397 295 382 290
403 295 387 290
408 295 387 294
245 301 257 278
251 301 262 279
335 301 332 283
341 301 319 241
380 301 366 293
391 301 376 294
397 301 381 295
296 307 286 289
330 307 325 289
335 307 330 290
341 307 337 291
380 307 363 300
391 307 375 300
301 312 291 297
307 312 296 297
318 312 305 302
324 312 319 294
330 312 324 294
335 312 329 296
346 312 343 290
363 312 335 257
313 318 299 304
358 318 355 296
391 318 372 306
335 329 323 307
341 329 328 307
369 335 362 309
279 340 279 305
335 340 313 324
341 340 319 325
358 340 353 311
341 346 317 330
352 357 325 338
