452 180 451 171
464 180 463 169
470 180 469 168
355 186 344 187
367 186 365 186
397 186 396 186
452 186 452 179
458 186 458 178
464 186 464 177
470 186 470 176
476 186 475 175
482 186 481 171
318 192 313 196
324 192 320 195
330 192 326 194
379 192 376 193
391 192 388 195
421 192 421 192
427 192 427 191
464 192 465 184
470 192 470 184
476 192 476 183
488 192 484 180
500 192 490 174
506 192 508 173
524 192 514 171
536 192 536 169
391 198 389 202
415 198 414 200
464 198 461 194
470 198 467 194
482 198 483 193
494 198 497 180
367 204 366 211
385 204 383 210
391 204 391 216
397 204 397 215
403 204 403 215
409 204 410 213
415 204 416 211
452 204 452 205
464 204 462 202
470 204 467 203
476 204 474 202
306 210 304 219
318 210 317 222
367 210 367 219
391 210 391 223
397 210 398 222
403 210 404 221
409 210 411 218
415 210 416 217
470 210 468 210
476 210 481 212
330 216 330 228
361 216 361 226
367 216 367 225
385 216 386 228
391 216 392 229
397 216 399 229
403 216 405 227
415 216 414 225
427 216 426 223
488 216 487 216
536 216 537 196
543 216 543 195
306 223 307 243
391 223 390 235
397 223 399 235
464 223 470 227
476 223 476 230
494 223 495 226
506 223 506 223
512 223 512 223
524 223 520 222
530 223 527 221
536 223 532 220
543 223 543 201
549 223 559 218
300 229 301 245
312 229 314 248
361 229 370 244
391 229 391 242
397 229 399 242
494 229 496 232
500 229 501 231
506 229 508 231
512 229 513 230
518 229 519 229
318 235 322 254
355 235 364 251
397 235 395 248
476 235 483 237
488 235 490 237
494 235 496 236
500 235 502 237
506 235 509 236
512 235 515 236
518 235 520 236
555 235 557 229
561 235 565 229
573 235 575 227
476 241 483 244
482 241 488 244
494 241 496 242
500 241 502 242
506 241 509 241
512 241 522 240
518 241 528 239
555 241 558 236
561 241 565 235
567 241 571 233
476 247 483 250
488 247 498 250
500 247 511 246
512 247 524 246
518 247 530 245
536 247 546 244
555 247 559 243
561 247 566 242
306 253 315 274
318 253 321 274
324 253 327 272
476 253 466 253
482 253 472 253
518 253 530 251
549 253 554 248
555 253 560 248
488 259 473 259
494 259 479 258
512 259 516 252
567 259 567 249
324 265 335 278
409 265 406 272
500 265 512 259
506 265 518 258
555 265 562 254
567 265 569 254
330 271 336 285
361 271 354 283
427 271 431 274
433 271 437 273
476 271 461 271
506 271 517 265
306 277 311 292
312 277 316 287
470 277 487 271
312 283 317 295
318 283 324 294
324 283 329 292
330 283 336 291
