563 59 555 43
569 59 561 43
575 59 568 43
550 65 543 51
556 65 550 49
563 65 555 49
569 65 562 49
575 65 568 49
563 71 556 56
569 71 562 55
575 71 568 55
581 71 575 55
526 77 532 60
556 77 552 59
526 83 521 71
550 83 539 71
556 83 545 72
556 89 552 78
581 89 579 82
587 89 586 81
587 95 587 87
496 101 501 87
520 101 532 79
593 101 594 92
520 107 536 98
466 114 483 95
550 114 542 103
593 114 592 98
412 120 407 119
418 120 412 118
466 120 434 125
581 120 595 151
593 120 593 106
393 126 388 127
569 126 586 152
387 132 375 136
550 132 555 115
593 132 595 126
599 132 603 126
393 138 382 142
514 138 519 124
593 138 596 132
599 138 603 131
484 144 417 165
502 144 443 163
599 144 602 137
393 150 388 148
424 150 429 146
430 150 435 145
357 156 357 158
363 156 363 157
381 156 376 154
387 156 382 154
593 156 577 133
381 162 377 160
387 162 383 160
466 162 475 154
472 162 481 154
484 162 493 152
514 162 524 137
550 162 564 134
375 168 371 168
381 168 377 166
387 168 383 167
454 168 450 162
587 168 570 148
351 174 352 176
381 174 378 173
387 174 384 173
399 174 404 172
478 174 507 155
484 174 451 181
611 174 610 144
345 180 347 184
351 180 352 182
399 180 405 179
405 180 411 177
412 180 417 177
436 180 482 159
460 180 462 174
351 186 353 189
357 186 366 183
363 186 372 182
369 186 378 182
399 186 405 185
405 186 412 184
430 186 475 167
490 186 521 165
538 186 566 172
556 186 586 182
617 186 618 157
345 192 348 197
351 192 354 196
357 192 365 188
363 192 372 188
369 192 378 187
375 192 381 194
381 192 386 194
484 192 504 204
538 192 567 179
617 192 625 176
351 198 354 201
399 198 438 183
351 204 355 209
357 204 361 208
393 204 400 198
399 204 437 189
472 204 453 190
544 204 548 176
587 204 593 190
593 204 593 177
599 204 598 175
605 204 604 175
357 210 361 215
599 210 599 182
351 216 355 216
357 216 364 222
363 216 370 221
363 222 369 226
418 222 422 223
424 222 428 223
430 222 434 224
484 222 499 212
611 222 610 207
617 222 627 200
357 228 362 228
375 228 391 251
424 228 429 231
430 228 434 230
442 228 441 227
448 228 485 212
484 228 499 219
502 228 555 199
581 228 589 211
448 234 485 220
363 240 371 242
369 240 378 241
460 240 493 224
538 240 551 225
550 240 564 224
369 246 378 247
430 246 442 241
436 246 448 241
514 246 520 234
369 252 377 253
387 252 403 250
393 252 409 250
430 252 443 248
436 252 448 248
442 252 455 246
424 258 435 255
430 258 444 254
436 258 450 253
442 258 456 253
454 258 463 252
442 265 455 261
454 265 464 258
460 265 469 258
