563 89 574 26
502 101 480 39
538 101 553 69
581 101 629 72
563 107 505 117
587 107 626 117
520 114 504 41
575 120 622 140
544 126 497 81
544 132 498 88
478 138 430 111
484 138 436 110
496 138 426 120
418 156 440 152
448 156 401 141
418 162 441 160
442 162 395 150
460 162 416 141
466 162 423 140
478 162 429 141
532 162 478 130
454 168 409 151
508 168 469 147
466 174 432 148
369 180 366 156
381 180 382 153
357 186 360 164
363 186 368 163
369 186 376 162
381 186 384 161
581 186 541 167
357 192 362 172
442 192 495 126
363 198 366 177
369 198 370 177
375 198 378 176
357 204 360 180
369 204 372 184
375 204 378 183
357 210 360 187
484 210 470 182
399 216 429 191
405 216 435 190
454 216 455 164
514 216 502 160
538 222 495 199
387 228 408 212
393 228 415 210
569 228 550 188
575 228 573 180
581 228 579 180
387 234 410 218
399 234 424 216
526 234 524 193
532 234 530 192
563 234 541 196
448 240 458 201
508 240 489 209
387 246 391 201
454 246 468 208
466 246 449 218
472 246 455 218
490 246 538 189
520 246 499 214
381 252 396 224
387 252 392 208
393 252 401 206
448 252 463 217
454 252 469 215
466 252 450 227
393 258 413 232
412 258 434 230
454 258 470 222
466 258 451 233
472 258 457 233
466 265 452 239
