402 165 373 197
408 165 379 200
435 172 481 232
356 179 310 170
363 179 335 173
428 179 472 238
441 179 481 239
481 179 428 227
435 185 472 243
441 185 479 245
448 185 486 247
467 185 408 232
317 192 341 172
422 198 458 248
448 198 351 218
435 205 337 216
448 205 350 225
264 211 295 174
441 211 343 225
448 211 349 232
461 211 362 241
303 218 341 179
435 218 335 225
454 218 354 245
520 218 531 244
527 218 538 245
415 225 323 223
441 225 335 238
454 225 352 252
481 225 442 208
310 231 347 188
448 231 419 201
310 238 346 193
454 238 423 208
441 251 458 256
336 270 323 229
389 270 392 211
395 270 396 215
428 270 423 258
336 277 322 237
382 277 383 216
389 277 389 218
402 277 415 226
323 284 310 234
336 284 322 241
349 284 386 261
356 284 391 262
323 290 309 241
330 290 316 242
336 290 321 248
343 290 328 250
363 290 347 252
330 297 314 248
