432 209 445 119
518 213 516 152
427 222 443 137
432 222 449 137
427 226 443 144
432 226 449 145
505 230 504 151
453 234 461 147
505 234 503 156
505 239 502 163
475 243 476 180
514 243 514 164
419 252 412 198
479 252 476 197
483 252 480 197
419 256 411 204
423 256 416 204
471 256 466 203
475 256 472 204
483 256 480 203
471 260 467 209
475 260 471 210
483 260 479 210
432 269 428 217
427 273 423 222
432 273 427 222
445 273 439 232
380 282 373 212
427 282 421 230
414 291 408 234
419 291 413 233
384 295 375 230
388 295 382 232
393 295 388 233
427 295 421 236
393 299 388 239
414 299 407 241
427 299 420 241
462 304 455 257
466 304 460 258
419 308 418 255
436 308 435 261
