410 187 412 150
419 187 420 151
423 187 425 151
432 187 433 151
432 191 433 156
445 191 447 157
410 196 412 157
414 196 416 157
419 196 420 157
471 196 470 161
475 196 477 162
479 196 482 163
483 196 486 163
419 200 423 162
427 200 432 162
440 200 443 163
445 200 447 163
449 200 451 163
483 200 485 167
488 200 490 167
492 200 494 168
496 200 499 168
505 200 506 168
509 200 509 169
414 204 418 167
419 204 422 167
440 204 441 166
449 204 450 167
462 204 469 168
471 204 472 168
492 204 495 171
509 204 510 173
514 204 514 173
406 209 405 167
414 209 418 170
419 209 423 171
458 209 460 172
462 209 465 172
466 209 468 172
471 209 472 172
488 209 491 174
501 209 503 174
509 209 512 176
518 209 519 177
406 213 406 171
423 213 427 174
427 213 433 175
466 213 468 176
471 213 472 176
483 213 486 177
488 213 490 178
492 213 495 178
496 213 500 178
518 213 519 181
401 217 404 179
406 217 406 176
410 217 411 176
423 217 428 179
432 217 437 179
462 217 468 182
488 217 490 181
501 217 505 183
505 217 510 183
401 222 404 183
410 222 412 183
419 222 423 180
453 222 459 184
458 222 463 185
492 222 494 186
496 222 499 187
501 222 505 188
505 222 510 188
509 222 513 188
514 222 517 187
401 226 405 188
414 226 418 184
436 226 441 189
440 226 446 185
475 226 491 191
492 226 494 190
505 226 509 192
509 226 512 191
514 226 516 191
406 230 409 189
410 230 412 189
436 230 440 194
440 230 444 189
445 230 450 190
488 230 491 194
492 230 495 195
505 230 507 195
509 230 512 195
514 230 516 195
354 234 354 223
406 234 409 193
410 234 412 192
419 234 421 192
440 234 445 199
462 234 445 211
488 234 491 200
492 234 496 200
501 234 504 200
505 234 507 200
509 234 511 200
514 234 516 199
436 239 432 211
462 239 459 217
488 239 491 205
492 239 496 206
496 239 500 205
501 239 504 205
505 239 508 205
509 239 511 204
514 239 516 204
354 243 353 227
410 243 412 201
436 243 432 216
440 243 435 215
475 243 476 216
479 243 481 214
483 243 486 213
488 243 490 213
496 243 500 212
501 243 504 210
505 243 508 209
509 243 511 209
358 247 355 230
363 247 359 231
406 247 408 205
423 247 421 224
427 247 426 224
432 247 430 224
471 247 472 221
475 247 476 221
483 247 485 217
488 247 490 217
492 247 495 217
496 247 499 217
501 247 504 214
505 247 508 214
509 247 511 213
514 247 516 210
518 247 520 213
363 252 360 235
401 252 404 209
427 252 426 228
432 252 431 229
436 252 436 230
471 252 471 226
475 252 475 226
479 252 480 226
483 252 483 226
496 252 499 223
505 252 507 218
509 252 511 217
514 252 516 216
518 252 520 217
363 256 360 239
414 256 412 233
419 256 417 230
423 256 421 233
427 256 426 233
432 256 431 233
436 256 436 234
453 256 457 225
462 256 462 235
471 256 471 231
475 256 475 232
479 256 480 231
483 256 483 230
496 256 499 227
501 256 503 223
505 256 507 222
509 256 511 222
514 256 515 222
518 256 520 223
397 260 398 223
410 260 408 238
414 260 412 238
419 260 417 238
423 260 421 238
427 260 426 238
432 260 431 238
436 260 435 238
453 260 457 230
458 260 454 244
462 260 462 239
466 260 466 239
475 260 475 236
479 260 481 235
505 260 507 226
509 260 512 226
514 260 516 226
363 265 360 247
397 265 398 228
401 265 398 242
406 265 402 242
410 265 408 243
414 265 413 243
419 265 418 242
423 265 422 243
427 265 427 243
432 265 431 243
436 265 436 242
462 265 462 245
466 265 466 245
471 265 472 243
475 265 476 240
505 265 507 231
509 265 511 232
401 269 398 246
410 269 409 247
414 269 413 247
419 269 418 247
423 269 422 247
427 269 427 247
449 269 448 249
453 269 453 249
458 269 457 249
462 269 462 249
466 269 467 249
471 269 472 249
488 269 476 254
505 269 507 236
509 269 511 236
358 273 355 258
363 273 359 255
397 273 394 250
401 273 399 251
410 273 409 252
414 273 413 251
419 273 418 252
432 273 431 251
445 273 440 257
453 273 453 253
458 273 458 252
462 273 462 253
466 273 466 254
388 278 385 251
393 278 390 252
449 278 447 262
453 278 452 262
462 278 462 259
466 278 466 259
496 278 484 263
358 282 354 264
388 282 386 256
393 282 389 256
414 282 413 259
423 282 423 257
427 282 427 257
462 282 461 263
466 282 466 263
496 282 484 268
358 286 354 269
363 286 358 269
375 286 372 260
388 286 385 260
393 286 390 260
397 286 398 263
401 286 403 263
419 286 418 262
458 286 457 266
384 291 382 265
388 291 388 265
410 291 408 266
414 291 413 266
419 291 418 266
423 291 422 266
427 291 427 266
432 291 431 266
440 291 447 271
371 295 369 271
375 295 374 270
388 295 388 270
401 295 402 271
419 295 418 271
423 295 422 270
427 295 426 271
432 295 430 271
436 295 438 273
440 295 447 275
367 299 365 276
375 299 374 276
388 299 388 274
419 299 417 274
423 299 422 275
427 299 426 276
432 299 430 276
436 299 438 278
445 299 448 279
453 299 453 278
458 299 457 279
462 299 461 279
466 299 466 279
471 299 470 280
363 304 351 295
367 304 362 286
375 304 371 283
380 304 375 287
384 304 380 287
388 304 388 283
397 304 398 283
414 304 414 279
427 304 426 280
432 304 430 280
449 304 448 283
453 304 452 283
458 304 457 283
462 304 461 283
471 304 470 284
384 308 380 292
388 308 384 295
414 308 415 288
423 308 421 283
427 308 425 283
453 308 452 288
458 308 456 288
466 308 466 288
471 308 470 289
380 312 369 304
440 312 443 289
363 317 353 309
367 317 356 309
380 317 370 308
388 317 383 305
393 317 388 304
363 321 356 312
384 321 378 309
406 321 388 309
414 321 375 307
406 325 388 314
440 325 432 319
