417 11 420 9
424 11 427 9
431 11 435 9
417 17 422 16
424 17 427 16
431 17 435 15
438 17 442 16
458 17 463 16
417 24 421 23
438 24 442 23
452 24 456 23
458 24 463 22
356 38 360 35
363 38 367 36
458 38 463 37
465 38 469 36
472 38 475 37
479 38 483 36
356 45 360 42
363 45 367 42
370 45 373 43
376 45 381 43
452 45 456 44
458 45 463 43
465 45 469 43
472 45 476 43
479 45 483 42
486 45 490 43
342 52 346 50
349 52 353 50
356 52 360 49
363 52 367 50
370 52 373 50
383 52 389 51
417 52 423 49
424 52 428 49
452 52 456 50
458 52 464 49
465 52 470 49
472 52 477 50
479 52 484 49
486 52 490 49
499 52 503 50
336 58 340 56
342 58 346 56
349 58 353 57
356 58 361 56
363 58 367 57
370 58 374 58
376 58 382 58
411 58 416 57
417 58 423 57
424 58 429 57
431 58 436 57
445 58 450 57
452 58 456 57
465 58 471 56
472 58 477 57
479 58 484 56
499 58 504 57
506 58 509 56
329 65 332 63
336 65 339 63
342 65 347 63
349 65 354 63
356 65 361 63
363 65 367 64
370 65 374 64
404 65 410 63
411 65 416 64
417 65 423 63
438 65 442 64
445 65 449 64
452 65 456 63
458 65 463 63
465 65 469 64
472 65 476 65
479 65 482 63
486 65 490 63
492 65 498 63
499 65 504 64
506 65 510 64
322 72 326 70
329 72 332 70
336 72 340 70
342 72 347 70
411 72 416 71
417 72 423 70
431 72 434 69
438 72 440 70
465 72 468 71
472 72 476 70
479 72 481 70
486 72 489 71
499 72 505 70
506 72 512 70
329 79 333 76
336 79 340 77
438 79 442 76
452 79 457 77
486 79 491 78
492 79 498 77
499 79 504 77
322 86 326 83
329 86 333 83
383 86 389 84
417 86 423 84
424 86 432 84
431 86 439 84
452 86 456 83
458 86 462 84
465 86 469 84
472 86 477 84
479 86 484 83
492 86 498 85
499 86 504 84
506 86 511 83
322 92 326 91
342 92 346 92
424 92 432 90
445 92 450 90
458 92 462 91
465 92 470 90
486 92 491 91
492 92 498 91
499 92 504 90
506 92 511 91
370 99 375 98
411 99 416 98
424 99 433 97
445 99 449 97
452 99 456 97
458 99 462 97
465 99 470 97
472 99 477 97
479 99 484 98
492 99 498 98
499 99 505 97
506 99 511 97
356 106 361 104
417 106 427 105
445 106 449 104
452 106 456 103
465 106 470 104
472 106 477 104
479 106 484 104
486 106 491 104
492 106 497 104
499 106 504 104
506 106 511 104
513 106 518 104
301 113 305 111
308 113 312 111
322 113 325 111
342 113 347 111
349 113 354 111
356 113 361 111
390 113 396 111
411 113 416 111
417 113 422 112
445 113 449 111
458 113 463 111
465 113 470 111
472 113 477 111
479 113 484 111
486 113 490 111
492 113 498 111
499 113 504 111
506 113 512 111
513 113 518 112
301 120 305 118
308 120 312 118
349 120 354 118
356 120 361 118
390 120 396 118
411 120 416 118
417 120 423 118
445 120 450 117
452 120 456 118
458 120 463 117
465 120 470 117
472 120 476 118
479 120 482 119
486 120 489 119
492 120 498 117
499 120 504 118
506 120 511 119
513 120 517 119
520 120 524 119
301 127 305 125
308 127 312 125
315 127 319 125
349 127 354 125
383 127 390 125
390 127 396 125
411 127 415 125
424 127 428 124
431 127 435 125
445 127 449 124
458 127 466 123
465 127 473 123
479 127 483 125
486 127 489 124
492 127 496 124
499 127 504 124
506 127 511 125
513 127 517 125
520 127 524 125
547 127 550 124
554 127 557 125
574 127 576 124
295 133 299 131
390 133 396 132
438 133 442 131
458 133 466 129
465 133 473 129
479 133 484 131
486 133 494 130
499 133 505 131
506 133 511 131
513 133 517 132
520 133 524 132
527 133 531 131
533 133 537 131
540 133 544 132
547 133 549 132
554 133 557 131
561 133 564 131
567 133 570 131
581 133 583 130
588 133 589 131
390 140 395 139
411 140 415 137
417 140 421 137
431 140 435 138
438 140 443 138
452 140 457 138
465 140 473 138
472 140 480 138
486 140 493 137
499 140 504 138
506 140 511 138
533 140 538 138
540 140 544 138
547 140 550 138
554 140 557 138
561 140 564 138
567 140 570 138
574 140 577 138
581 140 583 138
370 147 376 145
390 147 395 145
397 147 401 144
404 147 408 144
424 147 428 144
431 147 436 144
452 147 457 143
458 147 463 143
486 147 490 145
499 147 505 145
506 147 511 145
513 147 518 145
520 147 524 146
533 147 537 145
540 147 544 144
547 147 550 144
554 147 557 144
561 147 563 144
567 147 570 144
574 147 576 144
581 147 583 144
322 154 327 152
329 154 334 152
376 154 386 151
404 154 407 150
411 154 414 150
417 154 421 151
424 154 427 152
431 154 439 150
445 154 448 157
452 154 455 157
458 154 463 152
465 154 470 153
472 154 475 153
479 154 482 152
486 154 490 151
492 154 498 152
499 154 505 152
506 154 511 152
513 154 518 152
520 154 524 152
527 154 531 151
533 154 538 151
540 154 545 151
547 154 551 150
554 154 557 151
561 154 564 151
567 154 570 151
574 154 577 151
581 154 583 150
329 161 334 159
349 161 356 159
356 161 362 159
363 161 369 159
376 161 386 157
397 161 401 157
417 161 421 158
431 161 435 159
486 161 490 158
492 161 498 158
499 161 504 158
506 161 511 158
513 161 518 158
520 161 524 159
527 161 530 158
533 161 538 158
540 161 544 158
547 161 551 157
554 161 557 157
561 161 563 157
567 161 571 157
574 161 577 157
581 161 584 157
329 168 334 166
336 168 341 166
349 168 356 166
356 168 362 166
363 168 371 166
376 168 386 164
397 168 402 165
404 168 408 163
417 168 422 164
424 168 428 165
431 168 435 165
479 168 484 164
486 168 491 165
492 168 498 165
499 168 504 165
506 168 511 165
513 168 518 165
520 168 524 166
527 168 531 165
533 168 537 164
540 168 544 164
547 168 550 165
554 168 557 164
561 168 563 164
567 168 571 164
574 168 577 164
581 168 584 164
588 168 591 165
595 168 597 165
602 168 603 164
336 174 341 173
342 174 348 173
349 174 357 172
356 174 364 172
370 174 379 170
376 174 387 170
383 174 394 170
397 174 408 170
424 174 429 172
438 174 449 172
458 174 466 172
465 174 472 172
472 174 479 172
479 174 486 171
492 174 498 172
499 174 505 172
506 174 511 171
513 174 518 172
520 174 524 171
527 174 531 171
533 174 537 171
540 174 544 171
547 174 551 171
554 174 558 171
561 174 564 171
567 174 571 171
574 174 577 171
581 174 583 171
588 174 591 171
595 174 597 171
602 174 603 171
322 181 328 179
329 181 335 179
336 181 341 179
342 181 348 179
349 181 358 178
370 181 372 180
383 181 394 176
397 181 399 179
404 181 405 178
424 181 432 179
431 181 441 179
438 181 445 180
445 181 452 180
452 181 459 180
458 181 465 180
465 181 472 179
472 181 479 179
486 181 492 179
492 181 500 179
506 181 510 179
513 181 518 178
520 181 524 178
527 181 531 178
533 181 538 178
540 181 544 178
547 181 551 178
554 181 557 178
561 181 564 178
567 181 571 178
574 181 578 178
581 181 584 177
588 181 591 178
595 181 597 178
602 181 604 178
329 188 335 186
336 188 342 186
342 188 348 186
363 188 366 186
370 188 373 186
376 188 381 185
404 188 413 184
417 188 425 184
424 188 433 184
431 188 440 185
438 188 446 186
445 188 452 186
452 188 459 186
458 188 465 186
465 188 472 186
472 188 479 185
492 188 500 187
506 188 511 186
513 188 517 185
520 188 524 184
527 188 531 185
533 188 538 184
540 188 544 184
547 188 551 185
554 188 557 185
561 188 564 184
567 188 571 184
574 188 577 184
581 188 583 184
588 188 589 184
595 188 597 185
602 188 604 186
329 195 335 193
336 195 341 193
342 195 347 193
349 195 353 193
356 195 360 192
363 195 368 192
370 195 375 193
376 195 385 193
383 195 393 192
397 195 402 193
431 195 440 192
438 195 446 192
445 195 452 192
458 195 464 192
465 195 472 191
479 195 483 192
486 195 490 193
492 195 500 194
506 195 511 193
513 195 517 192
520 195 525 191
527 195 531 191
533 195 538 191
540 195 543 191
547 195 551 192
554 195 557 192
561 195 563 191
567 195 571 192
574 195 577 191
581 195 584 190
588 195 590 191
595 195 598 192
602 195 604 193
336 202 341 198
342 202 346 198
349 202 354 199
356 202 360 199
363 202 368 199
370 202 378 199
376 202 384 200
383 202 391 200
390 202 398 200
397 202 405 199
411 202 419 198
417 202 426 198
424 202 433 199
431 202 439 199
445 202 450 198
452 202 457 198
458 202 464 198
472 202 477 199
479 202 483 199
486 202 490 200
492 202 496 200
499 202 503 200
506 202 511 198
513 202 517 199
520 202 525 198
527 202 531 199
533 202 537 199
540 202 543 199
547 202 551 198
554 202 557 198
561 202 564 198
567 202 571 199
574 202 577 199
581 202 584 198
588 202 591 198
595 202 597 199
602 202 602 200
329 208 333 206
336 208 340 206
342 208 347 205
349 208 354 206
363 208 368 206
370 208 377 206
383 208 388 206
390 208 396 206
397 208 404 206
404 208 412 206
411 208 420 206
417 208 426 206
424 208 432 207
431 208 439 205
445 208 450 206
452 208 457 206
458 208 463 206
465 208 469 207
472 208 477 207
479 208 484 206
486 208 490 207
492 208 497 207
499 208 504 206
506 208 511 205
513 208 517 205
520 208 524 205
527 208 530 206
533 208 536 206
540 208 542 206
547 208 551 205
554 208 557 205
561 208 564 205
567 208 571 205
574 208 577 205
581 208 584 206
588 208 591 205
595 208 596 205
602 208 603 206
342 215 347 212
349 215 358 212
356 215 365 212
363 215 372 211
376 215 381 212
390 215 395 213
397 215 406 212
404 215 413 213
411 215 419 213
417 215 425 213
431 215 436 213
438 215 443 213
445 215 450 214
452 215 455 213
458 215 462 213
465 215 469 213
472 215 476 214
479 215 483 213
486 215 490 214
492 215 497 214
499 215 504 212
506 215 511 212
513 215 517 212
520 215 524 211
527 215 530 212
533 215 535 212
540 215 542 212
547 215 551 211
554 215 557 211
561 215 564 212
567 215 570 212
574 215 577 212
581 215 584 212
588 215 592 211
595 215 598 212
602 215 604 212
342 222 352 219
349 222 359 219
356 222 365 218
370 222 375 219
376 222 382 219
383 222 392 220
390 222 398 221
397 222 405 220
404 222 411 220
411 222 419 220
417 222 425 220
431 222 437 220
438 222 442 220
445 222 450 220
452 222 456 221
458 222 462 220
465 222 469 220
472 222 475 220
479 222 483 220
486 222 490 220
492 222 498 220
499 222 504 220
506 222 511 219
513 222 517 218
520 222 524 218
527 222 530 218
533 222 536 218
540 222 543 219
547 222 551 218
554 222 557 218
561 222 564 218
567 222 570 219
574 222 576 219
602 222 605 219
342 229 348 226
349 229 354 226
356 229 365 226
363 229 371 226
370 229 378 226
376 229 385 226
383 229 392 227
397 229 405 226
404 229 411 226
417 229 425 226
431 229 436 226
438 229 443 227
445 229 449 227
452 229 456 227
458 229 462 227
465 229 469 227
472 229 476 227
479 229 483 226
486 229 490 225
492 229 497 226
499 229 503 226
506 229 510 226
513 229 517 225
520 229 524 226
527 229 531 226
533 229 536 225
540 229 543 225
547 229 551 224
554 229 557 225
561 229 564 225
567 229 570 226
574 229 576 226
581 229 584 224
588 229 595 220
595 229 599 226
602 229 605 225
356 236 361 233
363 236 372 233
370 236 378 233
376 236 385 233
390 236 396 233
397 236 402 233
404 236 412 232
411 236 419 232
424 236 430 233
431 236 436 233
438 236 442 234
452 236 456 233
458 236 462 234
465 236 469 233
472 236 476 232
479 236 484 232
486 236 490 233
492 236 497 232
499 236 503 233
506 236 510 233
513 236 517 233
520 236 524 233
527 236 530 233
533 236 536 232
540 236 543 232
547 236 551 231
554 236 558 231
561 236 564 232
567 236 571 232
574 236 577 232
581 236 584 232
595 236 597 233
602 236 604 232
363 243 373 238
370 243 379 239
376 243 384 240
390 243 396 240
397 243 402 241
404 243 409 240
411 243 419 239
438 243 442 241
445 243 450 240
452 243 456 240
458 243 463 240
465 243 470 239
472 243 477 238
479 243 483 239
486 243 490 239
492 243 497 239
499 243 504 239
506 243 510 239
513 243 517 240
520 243 523 240
527 243 530 240
533 243 537 239
540 243 544 239
547 243 550 238
554 243 558 237
561 243 564 238
567 243 570 239
574 243 578 239
581 243 584 238
588 243 590 238
595 243 596 239
370 249 375 247
376 249 382 247
404 249 408 246
431 249 436 246
438 249 443 246
445 249 450 246
452 249 456 245
458 249 463 246
465 249 470 246
479 249 483 247
486 249 489 246
492 249 497 246
499 249 503 246
506 249 510 246
513 249 517 246
520 249 523 246
527 249 530 246
533 249 537 245
540 249 544 244
547 249 550 245
554 249 558 245
561 249 564 245
567 249 570 246
574 249 577 246
581 249 584 244
588 249 590 245
595 249 597 245
452 256 456 252
458 256 462 253
465 256 469 253
472 256 476 253
479 256 482 253
486 256 490 252
492 256 497 252
499 256 503 253
506 256 509 253
513 256 516 252
520 256 523 252
527 256 530 252
533 256 537 253
540 256 543 253
547 256 551 252
554 256 558 252
561 256 564 252
567 256 570 252
574 256 576 253
581 256 583 252
588 256 589 253
424 263 428 260
438 263 442 260
445 263 448 260
458 263 462 259
479 263 482 259
492 263 497 258
499 263 504 259
506 263 510 259
513 263 517 259
520 263 524 259
527 263 530 259
533 263 536 259
540 263 543 259
547 263 551 259
554 263 558 258
561 263 564 258
567 263 571 257
574 263 578 258
581 263 582 260
458 270 462 265
492 270 497 265
499 270 504 265
506 270 511 266
513 270 517 266
520 270 523 266
527 270 530 266
533 270 537 266
540 270 544 266
547 270 551 265
554 270 557 266
561 270 564 265
574 270 578 265
581 270 582 266
452 277 455 272
486 277 489 272
492 277 497 272
499 277 504 272
506 277 510 273
513 277 517 273
520 277 524 273
527 277 529 273
533 277 536 272
540 277 544 272
547 277 549 273
561 277 563 272
567 277 571 272
574 277 577 272
492 283 497 279
499 283 503 280
506 283 510 279
513 283 517 279
520 283 524 279
527 283 530 279
533 283 537 279
540 283 542 279
547 283 548 280
554 283 555 281
561 283 563 280
458 290 462 286
465 290 468 286
492 290 496 286
499 290 503 286
506 290 510 286
513 290 517 286
520 290 524 286
527 290 530 285
533 290 537 285
540 290 542 286
547 290 549 287
554 290 556 287
486 297 490 293
527 297 530 292
547 297 549 292
