507 132 425 104
496 138 412 117
501 138 419 114
507 138 428 112
513 138 435 107
518 138 442 104
507 143 429 119
513 143 437 116
518 143 445 111
524 143 451 108
524 155 446 120
501 160 432 125
513 166 442 129
501 171 433 149
513 171 445 136
541 171 476 134
546 171 484 130
484 177 424 143
490 177 430 140
507 177 440 154
518 177 449 151
524 177 457 150
529 177 463 146
535 177 471 143
541 177 478 140
546 177 486 137
552 177 493 133
484 183 427 151
507 183 444 161
518 183 453 158
524 183 459 156
529 183 466 153
535 183 474 149
558 183 500 137
473 188 406 167
484 188 429 159
518 188 455 165
546 188 489 145
552 188 494 143
428 194 360 201
434 194 366 200
468 194 405 183
473 194 417 170
479 194 425 168
518 194 457 171
541 194 485 156
546 194 492 152
552 194 497 149
434 200 366 206
440 200 373 204
468 200 408 189
490 200 433 172
524 200 465 169
529 200 473 168
535 200 480 167
541 200 486 164
558 200 501 163
434 205 367 212
440 205 374 210
468 205 411 196
490 205 437 187
501 205 445 186
507 205 451 182
529 205 476 173
535 205 481 172
406 211 342 231
411 211 347 229
428 211 363 223
434 211 370 220
468 211 412 203
473 211 417 201
501 211 448 193
507 211 454 189
513 211 461 187
400 216 337 240
406 216 343 238
434 216 375 220
445 216 385 217
451 216 392 215
462 216 407 213
496 216 443 203
501 216 450 200
507 216 456 196
518 216 470 187
400 222 339 247
423 222 359 241
428 222 367 239
445 222 386 225
451 222 393 222
456 222 400 220
501 222 452 206
389 228 327 262
428 228 369 246
440 228 382 233
445 228 388 230
451 228 396 228
456 228 402 226
462 228 410 225
468 228 417 222
473 228 422 221
400 233 346 246
434 233 378 244
440 233 384 240
451 233 398 235
462 233 408 233
468 233 415 229
473 233 422 227
501 233 458 213
395 239 343 256
400 239 348 252
406 239 356 250
434 239 381 249
440 239 387 247
445 239 395 244
451 239 403 242
462 239 410 240
473 239 431 232
501 239 460 221
406 244 358 257
411 244 364 256
440 244 390 253
473 244 434 239
501 244 461 227
423 250 376 260
428 250 381 259
440 250 395 259
473 250 419 244
479 250 427 242
496 250 456 237
501 250 462 234
389 256 347 271
395 256 355 268
423 256 379 267
445 256 402 260
456 256 404 248
468 256 415 253
473 256 421 251
479 256 428 250
490 256 452 245
496 256 459 243
501 256 464 240
389 261 349 278
395 261 357 275
400 261 362 274
423 261 381 274
456 261 405 255
361 267 320 305
366 267 324 301
389 267 352 287
395 267 359 284
411 267 374 278
417 267 378 283
423 267 385 281
462 267 416 260
468 267 422 259
378 273 341 299
389 273 354 294
395 273 360 292
406 273 369 287
411 273 377 291
423 273 387 287
428 273 394 285
451 273 402 268
456 273 414 271
462 273 420 269
468 273 425 266
473 273 433 264
389 278 356 301
400 278 365 297
406 278 371 295
428 278 395 292
456 278 415 278
462 278 423 276
468 278 428 274
400 284 367 304
406 284 373 303
451 284 411 288
456 284 418 286
462 284 425 285
344 289 317 324
400 289 371 311
344 295 318 329
366 295 335 333
372 295 343 329
389 295 362 320
350 301 328 333
378 301 351 333
350 306 331 340
383 306 360 332
344 312 326 346
428 312 396 318
333 318 314 357
338 318 322 354
344 318 327 352
366 318 351 344
395 318 380 340
333 323 316 363
338 323 323 360
361 323 346 354
344 329 332 364
389 329 377 358
338 334 325 371
372 351 369 376
378 351 376 374
372 357 371 382
