476 175 437 145
501 175 449 144
508 175 453 144
302 182 294 168
309 182 299 168
315 182 305 167
321 182 310 167
458 182 414 153
476 182 439 151
501 182 450 150
508 182 455 149
302 188 295 173
309 188 300 173
315 188 305 172
321 188 311 171
352 188 334 168
458 188 415 159
470 188 434 157
476 188 439 156
483 188 446 156
508 188 456 155
514 188 462 154
315 194 307 178
321 194 313 177
333 194 319 176
340 194 324 175
346 194 329 174
470 194 434 163
476 194 440 162
483 194 445 162
514 194 470 158
520 194 475 158
526 194 481 157
464 200 436 170
483 200 448 167
520 200 476 164
526 200 482 163
508 207 460 173
551 207 496 166
514 213 467 177
476 225 452 190
483 225 458 189
377 231 379 205
383 231 384 204
396 231 400 201
402 231 405 200
458 231 436 200
333 238 326 221
340 238 333 220
377 238 378 211
383 238 385 211
315 244 312 229
327 244 321 228
333 244 328 227
340 244 334 226
346 244 340 225
352 244 346 224
358 244 353 224
315 250 310 235
327 250 318 234
333 250 329 232
340 250 336 232
352 250 348 230
358 250 353 229
284 256 280 247
290 256 289 246
358 256 353 235
290 263 290 253
327 263 320 246
284 269 282 261
302 275 301 267
302 281 302 273
309 281 307 271
302 287 303 277
414 287 391 264
