378 83 485 141
384 83 487 147
391 83 489 153
463 83 505 220
378 89 478 141
391 89 481 150
384 102 464 148
391 102 467 152
457 102 484 222
463 102 485 227
476 102 489 235
384 109 459 150
463 109 480 229
476 109 482 236
411 115 466 190
417 115 467 197
463 115 473 232
476 115 476 239
411 122 459 192
430 122 465 206
457 122 464 229
463 122 468 235
476 122 470 240
384 129 451 152
437 129 465 212
450 129 455 224
457 129 458 230
463 129 461 236
476 129 463 244
384 135 437 157
391 135 438 172
397 135 440 179
424 135 444 197
430 135 447 204
457 135 452 232
384 142 430 161
397 142 434 181
424 142 438 199
430 142 441 205
437 142 442 213
443 142 444 219
450 142 446 225
463 142 452 240
371 148 410 159
378 148 417 157
384 148 421 163
391 148 425 175
397 148 427 182
411 148 428 189
417 148 430 194
424 148 433 200
430 148 434 207
437 148 436 215
443 148 438 221
450 148 440 227
457 148 442 235
463 148 445 243
476 148 447 248
404 155 422 190
437 155 429 212
443 155 430 219
450 155 434 230
457 155 437 237
463 155 441 245
476 155 441 250
450 161 427 226
417 168 417 200
437 168 421 215
443 168 422 219
450 168 420 228
463 168 423 235
417 175 410 203
424 175 411 208
443 175 416 221
417 181 403 204
424 181 470 202
424 188 399 213
430 188 402 220
437 188 404 226
424 194 393 216
430 194 396 222
437 194 398 228
417 201 385 212
424 201 387 219
430 201 390 224
437 201 392 230
424 207 381 222
430 207 384 228
437 207 387 233
450 207 366 181
476 207 399 251
430 214 377 230
437 214 379 236
450 214 360 184
378 220 262 196
470 220 296 289
384 227 254 198
417 227 364 219
424 227 366 225
397 234 356 214
411 234 357 221
417 234 360 226
417 240 354 230
424 240 355 236
378 247 334 191
384 247 335 198
417 247 347 232
424 247 348 239
378 253 327 193
384 253 330 201
391 253 332 207
417 253 341 233
424 253 342 239
437 253 344 247
457 253 350 260
463 253 352 265
365 260 321 181
384 260 324 203
430 260 338 243
437 260 339 248
450 260 342 256
457 260 344 263
463 260 345 269
489 260 349 277
371 266 316 191
391 266 322 210
404 266 325 217
430 266 332 244
437 266 334 251
457 266 338 264
463 266 340 270
470 266 342 278
365 273 308 186
384 273 316 206
404 273 320 221
411 273 321 226
358 279 300 183
365 279 302 188
371 279 306 196
397 279 313 215
404 279 315 223
411 279 316 229
417 279 317 234
424 279 319 239
450 279 327 262
365 286 296 191
397 286 306 217
404 286 308 225
417 286 311 236
424 286 313 242
437 286 317 250
443 286 320 256
450 286 321 264
457 286 323 270
463 286 324 274
470 286 322 281
411 293 303 233
417 293 306 238
424 293 309 245
437 293 311 252
470 293 313 283
417 299 300 241
463 299 305 277
470 299 307 284
358 306 280 190
365 306 283 196
384 306 291 215
463 306 299 279
424 312 295 251
411 332 281 251
371 339 262 219
411 339 274 253
365 345 253 213
371 345 256 221
378 345 263 225
417 345 267 254
404 352 264 249
417 352 260 255
437 352 266 274
391 358 253 235
397 358 256 242
404 358 257 251
417 358 255 257
437 358 259 277
470 358 274 295
365 365 241 219
378 365 243 225
384 365 244 231
391 365 247 236
397 365 249 243
404 365 251 254
437 365 252 280
450 365 256 288
457 365 259 294
384 371 238 232
391 371 240 239
397 371 242 246
417 371 247 261
457 371 253 295
470 371 262 299
