320 64 280 54
332 64 293 53
320 70 280 58
343 70 299 55
315 76 274 57
320 82 280 64
326 82 287 64
332 82 292 66
343 82 304 67
343 87 304 73
355 87 309 71
309 93 268 70
315 99 273 77
338 99 291 76
343 99 297 76
343 122 296 97
360 122 315 96
343 127 296 103
349 127 303 103
355 127 309 101
360 127 316 101
332 133 285 107
343 133 297 107
349 133 303 108
355 133 308 108
360 133 316 108
355 139 309 114
320 162 275 132
440 162 401 143
446 173 405 157
463 173 423 153
440 179 398 163
458 185 410 164
469 185 430 166
458 190 411 169
463 190 416 170
469 190 430 172
297 196 248 167
458 213 409 190
481 230 444 218
475 242 438 227
