393 146 372 195
398 146 375 190
388 151 367 210
398 151 379 191
290 156 309 338
460 166 401 107
429 171 381 169
388 176 352 258
393 176 355 252
444 182 401 129
439 187 407 139
362 192 363 268
460 192 425 107
357 197 367 275
362 197 371 271
311 207 409 244
367 207 383 275
383 207 379 264
388 207 381 261
264 212 368 368
455 212 470 130
367 218 390 277
378 218 393 271
367 223 397 279
372 223 398 273
259 228 384 379
306 233 371 354
316 233 377 340
326 233 381 328
295 238 376 363
311 238 379 348
316 238 382 343
367 238 418 285
372 238 413 278
295 243 383 364
362 243 424 295
367 243 425 287
372 243 427 281
295 248 392 367
311 248 388 350
311 254 394 352
352 254 368 299
295 259 405 372
300 259 407 365
306 259 409 358
311 259 411 352
347 259 426 326
