490 123 497 159
483 129 493 163
458 135 463 166
464 135 478 164
433 142 421 168
445 142 448 170
471 142 474 176
408 148 395 169
420 148 408 172
464 148 467 181
464 154 465 188
420 160 403 185
452 160 442 190
458 160 457 192
382 167 377 180
408 167 382 189
414 167 396 189
452 167 441 196
471 167 466 203
477 167 473 204
376 173 369 185
382 173 375 186
395 173 374 192
408 173 381 196
414 173 393 196
420 173 400 197
433 173 413 197
445 173 432 201
471 173 463 209
477 173 471 211
351 179 327 187
364 179 352 188
370 179 361 191
408 179 378 202
414 179 390 203
427 179 405 202
433 179 412 203
483 179 479 212
332 186 311 189
338 186 317 191
345 186 325 192
351 186 332 193
364 186 351 196
382 186 365 201
389 186 371 203
408 186 377 207
414 186 385 208
420 186 391 210
427 186 398 211
433 186 404 213
496 186 485 214
508 186 502 228
332 192 309 195
338 192 317 197
345 192 322 198
351 192 330 199
357 192 337 201
370 192 350 201
376 192 357 203
408 192 376 212
414 192 383 214
420 192 389 215
427 192 396 218
433 192 402 219
439 192 415 218
508 192 500 234
338 198 313 202
345 198 320 204
357 198 330 206
370 198 349 207
376 198 349 211
382 198 355 212
414 198 381 220
420 198 387 221
427 198 393 223
433 198 400 225
439 198 412 225
508 198 494 239
515 198 503 242
275 204 263 191
338 204 309 208
351 204 321 211
357 204 328 212
364 204 335 214
370 204 340 215
376 204 346 217
382 204 354 218
395 204 369 220
439 204 410 230
445 204 417 236
508 204 495 246
250 211 237 190
256 211 244 190
263 211 250 193
338 211 306 214
345 211 313 216
351 211 320 217
357 211 326 218
364 211 332 219
370 211 337 221
376 211 343 223
433 211 403 235
439 211 409 237
345 217 312 222
382 217 351 228
389 217 358 229
244 223 228 202
301 223 279 216
345 223 311 228
351 223 317 228
357 223 324 229
364 223 329 230
370 223 335 231
376 223 342 233
382 223 349 235
389 223 355 236
351 230 314 233
357 230 321 235
364 230 327 236
370 230 332 237
376 230 339 239
382 230 347 242
389 230 351 245
458 230 418 260
464 230 424 261
345 236 308 237
357 236 318 241
364 236 325 242
370 236 331 243
376 236 338 246
382 236 345 247
395 236 351 253
401 236 357 255
439 236 404 261
458 236 417 266
370 242 330 250
376 242 336 251
395 242 350 259
401 242 356 260
408 242 362 262
382 249 343 259
395 249 347 265
263 255 239 233
307 255 283 245
313 255 289 247
326 255 298 247
338 255 302 255
357 255 314 258
389 255 340 267
301 261 270 249
307 261 277 250
313 261 288 253
319 261 295 254
364 261 318 267
376 261 328 270
382 261 334 271
389 261 338 273
282 268 250 249
288 268 256 251
301 268 268 254
307 268 275 257
313 268 282 258
357 268 310 270
370 268 320 273
269 274 236 253
282 274 249 254
288 274 255 256
294 274 259 258
301 274 266 259
307 274 274 262
313 274 281 263
319 274 288 264
364 274 311 278
269 280 234 257
275 280 240 258
288 280 253 261
294 280 258 263
301 280 265 265
313 280 278 268
357 280 301 282
288 286 251 268
294 286 256 269
301 286 264 271
307 286 270 274
313 286 276 274
294 293 255 276
301 293 262 277
