0.1920302361249924 0.9695546627044678 -0.1519476324319839 0.05111687630414963 
-0.9725464582443237 0.2087426632642746 0.1028586030006409 -0.004020473919808865 
0.1314449906349182 0.1280241757631302 0.9830218553543091 -0.3018067181110382 
0 0 0 1 

0.1117716655135155 0.9820780158042908 -0.1517564207315445 0.05299437046051025 
-0.9710772633552551 0.1403661221265793 0.1931487023830414 -0.03513602539896965 
0.2109885364770889 0.1257786452770233 0.9693624377250671 -0.2988162934780121 
0 0 0 1 

0.1836703717708588 0.9727813005447388 -0.1412856578826904 0.04885772988200188 
-0.9550571441650391 0.2106178849935532 0.2085805088281631 -0.03930385038256645 
0.2326605021953583 0.09662584215402603 0.9677461385726929 -0.2964231967926025 
0 0 0 1 

0.2688580453395844 0.9527143836021423 -0.1415996104478836 0.04649761319160461 
-0.9389352202415466 0.2920200824737549 0.1820022016763687 -0.02889218553900719 
0.2147460430860519 0.08402013033628464 0.9730492234230042 -0.2955344617366791 
0 0 0 1 

0.3271757066249847 0.9337410926818848 -0.1452016085386276 0.04564042761921883 
-0.9335582256317139 0.3431895971298218 0.1033919975161552 -0.001095914980396628 
0.1463730484247208 0.1017268151044846 0.9839850664138794 -0.2952655851840973 
0 0 0 1 

0.3619460463523865 0.9151199460029602 -0.1776244193315506 0.05442321673035622 
-0.92921382188797 0.3694135546684265 0.0097534554079175 0.03128871321678162 
0.07454242557287216 0.161520853638649 0.9840500354766846 -0.2911359965801239 
0 0 0 1 

0.4010884761810303 0.8956205248832703 -0.1923322826623917 0.05701331794261932 
-0.9159311652183533 0.3953292965888977 -0.0691738948225975 0.05800830572843552 
0.01408102735877037 0.2039079815149307 0.9788889288902283 -0.2860048711299896 
0 0 0 1 

0.353809267282486 0.8932710886001587 -0.2772826552391052 0.07467781007289886 
-0.8930312395095825 0.4107592403888702 0.183771476149559 -0.001885823789052665 
0.2780541777610779 0.1826020479202271 0.9430494904518127 -0.3138929903507233 
0 0 0 1 

0.2862499952316284 0.8834832906723022 -0.3708342313766479 0.1106453463435173 
-0.915600061416626 0.3662807941436768 0.1658758372068405 0.005708429962396622 
0.2823779881000519 0.2920539379119873 0.9137653708457947 -0.3046969473361969 
0 0 0 1 

0.2716517448425293 0.8610914945602417 -0.4297991096973419 0.1306499391794205 
-0.9339891076087952 0.3435868620872498 0.0980457216501236 0.02858787775039673 
0.2320995628833771 0.3747932612895966 0.8975857496261597 -0.2956432998180389 
0 0 0 1 

