0.7718325257301331 0.5000096559524536 -0.392765611410141 0.08324447274208069 
0.1086566597223282 0.5049139261245728 0.8563033938407898 -0.2679292261600494 
0.6264728307723999 -0.7035993933677673 0.3353796601295471 -0.1330251544713974 
0 0 0 1 

0.8179817199707031 0.4780676066875458 -0.319933295249939 0.05869794636964798 
0.1304539144039154 0.3875141739845276 0.9125867486000061 -0.2908980250358582 
0.5602568387985229 -0.7882158160209656 0.2546136677265167 -0.1048808395862579 
0 0 0 1 

0.8381245136260986 0.4590120017528534 -0.2947122156620026 0.04871777817606926 
0.1642902493476868 0.3027773797512054 0.9387942552566528 -0.3032772243022919 
0.5201500058174133 -0.8352447748184204 0.178353950381279 -0.08075135201215744 
0 0 0 1 

0.9102770090103149 0.3238078057765961 -0.2579616904258728 0.03175000846385956 
0.1988238394260406 0.2046132683753967 0.9584375619888306 -0.3138235807418823 
0.3631319403648376 -0.9237326383590698 0.1218740865588188 -0.05514014884829521 
0 0 0 1 

0.9350078701972961 0.2625207602977753 -0.2384178936481476 0.02280890941619873 
0.2150886654853821 0.1147186011075974 0.9698331356048584 -0.3207980394363403 
0.2819523215293884 -0.9580825567245483 0.05079755559563637 -0.0276570487767458 
0 0 0 1 

0.9622008800506592 0.1915755122900009 -0.1935674101114273 0.003056179266422987 
0.1922639012336731 0.02555215731263161 0.9810106754302979 -0.3269543349742889 
0.1928836703300476 -0.9811453819274902 -0.01224675122648478 -0.0005075506051070988 
0 0 0 1 

0.9844132661819458 0.01694902777671814 -0.1750521957874298 -0.004083071835339069 
0.1758074462413788 -0.06811852753162384 0.982064962387085 -0.3309318423271179 
0.004720748402178288 -0.9975332021713257 -0.07003646343946457 0.03560648486018181 
0 0 0 1 

0.974651575088501 -0.111210398375988 -0.1941301077604294 0.005424360278993845 
0.181496798992157 -0.1143335476517677 0.9767225384712219 -0.3316309750080109 
-0.1308172792196274 -0.9871981739997864 -0.09125103801488876 0.05583193525671959 
0 0 0 1 

0.9698391556739807 -0.1912717074155807 -0.1510867327451706 -0.006769873667508364 
0.1393332034349442 -0.07355429977178574 0.9875099658966064 -0.3327087759971619 
-0.1999958008527756 -0.9787771701812744 -0.04468539729714394 0.04190405085682869 
0 0 0 1 

0.9774399399757385 -0.209573894739151 -0.02626757137477398 -0.04590027779340744 
0.03886057436466217 0.05619828775525093 0.997663140296936 -0.3284359276294708 
-0.2076079398393631 -0.9761765003204346 0.06307457387447357 0.002228042343631387 
0 0 0 1 

