463 153 437 177
469 159 443 182
434 165 413 169
463 165 444 191
475 165 453 190
475 171 453 194
481 171 458 194
434 183 420 178
398 188 386 166
428 188 414 182
434 188 420 183
440 188 425 182
428 194 414 187
434 194 420 188
481 200 467 198
380 206 376 179
386 206 381 179
392 206 385 179
398 206 391 181
404 206 400 182
410 206 405 184
463 206 453 201
481 206 468 202
375 212 371 185
380 212 377 184
386 212 382 184
392 212 386 184
463 212 454 205
469 212 458 204
475 212 464 204
380 218 378 189
416 218 415 192
469 218 458 209
410 224 407 196
422 224 416 197
369 230 358 210
410 230 411 201
416 230 414 202
422 230 418 202
434 230 430 207
375 236 370 218
380 236 375 218
416 236 416 206
422 236 420 207
428 236 425 207
434 236 431 211
451 236 449 213
457 236 453 213
463 236 457 213
469 236 464 217
375 242 370 223
386 242 382 222
392 242 389 217
416 242 415 215
428 242 426 214
434 242 431 215
440 242 441 215
457 242 454 218
375 248 371 227
380 248 376 227
386 248 380 227
392 248 388 222
422 248 420 217
440 248 440 219
451 248 450 220
463 248 460 223
469 248 465 223
357 253 362 209
380 253 375 232
398 253 397 230
416 253 418 222
422 253 421 221
445 253 444 223
451 253 450 223
457 253 454 224
392 259 394 235
398 259 399 235
416 259 417 225
434 259 431 229
440 259 437 233
469 259 464 228
392 265 394 240
398 265 399 240
428 265 422 249
404 271 403 250
410 271 408 249
416 271 413 249
422 271 419 252
428 271 424 254
434 271 431 254
475 271 469 241
322 277 332 225
410 277 407 255
416 277 413 255
428 277 426 258
434 277 432 258
457 277 461 248
469 277 469 247
416 283 413 259
428 283 428 263
434 283 434 264
440 283 440 262
451 283 459 252
316 289 328 234
322 289 333 234
327 289 342 234
428 289 430 269
434 289 435 269
451 289 460 256
316 295 318 254
322 295 333 238
428 295 432 273
310 301 314 259
316 301 318 259
322 301 324 258
422 301 384 227
310 306 314 263
316 306 318 263
322 306 324 262
327 306 329 262
445 306 456 266
310 312 314 269
316 312 318 268
322 312 328 267
380 312 394 264
327 318 334 272
339 318 343 276
333 324 339 282
369 324 386 274
375 324 391 273
363 330 382 284
369 330 386 284
351 336 367 290
357 336 371 290
363 336 383 289
434 336 453 286
351 342 363 299
357 342 372 294
363 342 383 294
422 342 443 290
386 348 411 310
428 348 454 291
434 348 458 294
363 354 388 323
369 354 393 322
410 354 435 296
416 354 439 296
422 354 449 295
428 354 455 295
357 360 326 292
369 360 339 291
375 360 397 326
380 360 401 325
386 360 407 325
416 360 445 300
428 360 454 304
380 366 402 331
386 366 407 330
386 371 412 339
392 371 417 339
398 371 422 339
410 371 436 324
392 377 416 343
