1 0 0 -0.01792658120393753 
0 1 0 0.02243540808558464 
0 0 1 -0.3816788792610168 
0 0 0 1 

0.9953197240829468 0.06224891170859337 -0.07391643524169922 0.01339712738990784 
-0.06325982511043549 0.9979318380355835 -0.01141248550266027 0.02385481260716915 
0.07305313646793365 0.01603506878018379 0.9971991181373596 -0.3789156973361969 
0 0 0 1 

0.9755432605743408 0.08278832584619522 -0.2036207020282745 0.06586562842130661 
-0.08579283207654953 0.9962952136993408 -0.005957181565463543 0.02255538664758205 
0.2023731470108032 0.02328070066869259 0.9790316820144653 -0.3706849217414856 
0 0 0 1 

0.9487206339836121 0.08638154715299606 -0.3040843605995178 0.106807105243206 
-0.08453505486249924 0.9962343573570251 0.01925820298492908 0.01438009832054377 
0.3046028614044189 0.007435156963765621 0.9524503946304321 -0.3598959147930145 
0 0 0 1 

0.9395163655281067 0.08756193518638611 -0.3311223387718201 0.1181637719273567 
-0.08293788135051727 0.9961585402488708 0.02809861674904823 0.01185849029570818 
0.3323107063770294 0.001063460134901106 0.9431694149971008 -0.3560718595981598 
0 0 0 1 

