435 72 454 90
441 72 460 90
446 72 466 90
462 72 484 89
408 78 409 103
408 83 409 109
414 83 415 109
419 83 420 108
478 83 498 98
484 83 504 98
489 83 509 98
494 83 515 96
403 88 399 117
414 88 415 114
419 88 420 113
473 88 491 105
489 88 510 103
414 94 416 119
441 94 445 111
446 94 451 110
451 94 456 110
468 94 482 113
398 99 394 134
403 99 405 122
446 99 450 115
489 99 512 115
494 99 516 114
403 104 405 128
425 104 428 125
435 104 442 125
441 104 446 123
468 104 481 117
473 104 488 117
478 104 493 116
484 104 500 116
494 104 517 120
500 104 523 119
398 110 398 146
408 110 410 133
414 110 417 132
419 110 423 130
425 110 429 129
430 110 438 131
435 110 442 130
441 110 446 130
457 110 463 126
473 110 489 122
478 110 494 122
484 110 501 121
489 110 506 120
494 110 518 125
500 110 524 125
425 115 429 135
430 115 438 136
435 115 442 135
441 115 448 135
478 115 495 128
484 115 501 126
494 115 518 131
435 121 444 140
441 121 450 140
500 121 520 136
441 126 450 145
457 126 472 138
451 131 467 144
500 131 521 142
425 137 426 147
430 137 431 147
451 137 462 150
489 137 509 139
425 142 425 154
425 147 426 159
494 147 516 151
414 153 421 167
500 153 521 155
414 185 402 259
408 190 398 259
419 190 404 265
408 196 399 263
419 196 403 270
435 196 417 270
478 196 453 271
500 196 476 268
430 201 413 275
435 201 417 275
446 201 430 274
451 201 435 273
478 201 454 277
484 201 460 277
489 201 465 274
494 201 470 274
500 201 476 273
505 201 482 267
425 207 406 281
430 207 412 281
478 207 454 282
484 207 459 281
489 207 466 280
494 207 471 278
505 207 482 273
511 207 488 271
457 212 443 283
462 212 447 283
484 212 460 286
500 212 478 280
494 217 473 286
500 217 478 286
511 217 486 284
441 228 432 296
446 228 438 296
462 228 450 294
532 228 521 291
538 228 533 289
473 234 468 285
538 234 533 295
543 234 539 295
457 244 455 293
462 244 461 293
473 244 469 293
457 250 458 298
468 250 467 297
478 250 474 296
441 260 441 307
451 260 454 306
457 260 459 306
462 260 464 307
478 260 475 304
446 266 446 313
451 266 453 312
457 266 459 312
462 266 464 311
478 266 476 308
527 266 524 315
538 271 541 307
382 282 388 319
521 287 526 321
516 293 521 326
441 303 435 326
441 309 436 332
446 309 430 331
