335 113 334 133
357 113 359 128
329 118 329 141
340 118 345 137
335 124 341 147
324 135 316 145
329 135 322 142
312 141 310 158
324 141 317 150
329 141 323 148
324 152 334 166
312 158 309 171
318 158 314 171
414 158 409 151
312 163 310 178
318 163 315 177
324 163 322 175
318 169 317 183
307 175 311 192
352 175 343 180
357 175 354 178
430 175 403 153
397 203 366 188
335 214 345 223
340 220 353 228
340 225 354 234
503 225 481 173
397 231 399 226
487 231 458 186
346 236 358 241
352 236 363 240
498 236 476 182
492 248 462 206
492 253 464 211
492 259 465 217
498 259 471 215
498 264 472 223
