408 118 463 131
340 124 347 190
408 124 464 136
414 124 469 134
318 130 344 154
312 135 339 159
436 135 454 133
307 141 334 162
324 141 353 157
329 141 360 153
436 141 457 138
307 146 334 167
312 146 341 167
318 146 348 166
324 146 353 164
329 146 359 161
340 146 374 166
307 152 335 174
312 152 342 171
318 152 349 170
324 152 355 169
329 152 361 167
346 152 406 169
307 158 337 179
312 158 345 177
318 158 351 176
324 158 356 174
307 163 340 185
318 163 360 181
307 169 341 192
318 169 361 186
357 169 388 174
307 175 342 197
385 186 436 189
380 191 432 195
295 197 340 217
307 197 346 210
312 197 351 207
357 197 364 201
430 197 466 179
419 203 457 189
425 203 462 187
509 203 482 164
385 214 381 196
520 214 575 180
442 219 458 195
329 225 421 255
425 225 443 162
430 225 387 200
324 231 417 264
335 231 428 254
340 231 383 233
329 236 423 262
335 236 430 259
436 236 460 209
503 242 478 229
425 248 451 223
498 248 559 249
503 248 479 235
498 253 561 254
385 259 434 260
458 264 457 239
385 270 437 271
464 270 463 241
470 270 468 239
408 276 457 274
414 281 464 277
419 281 409 260
419 287 410 264
481 287 552 268
487 293 581 194
475 298 542 277
464 304 533 286
470 304 538 284
475 304 543 283
458 309 515 298
470 309 533 294
475 309 539 292
