449 92 443 88
454 92 449 88
460 92 454 88
466 92 460 88
471 92 465 88
454 97 450 94
460 97 455 94
466 97 461 94
477 97 471 93
438 103 432 101
466 103 460 99
471 103 466 98
477 103 473 99
482 103 481 101
432 109 426 107
438 109 432 107
477 109 475 107
482 109 481 106
432 114 425 113
438 114 432 112
443 114 436 112
499 114 494 107
398 120 399 116
432 120 426 118
488 120 483 112
494 120 488 113
499 120 494 112
488 125 482 118
494 125 488 117
499 125 494 118
376 131 369 134
382 131 374 134
426 131 420 134
432 131 430 128
443 131 438 128
449 131 443 128
499 131 500 129
505 131 506 130
510 131 506 123
387 137 381 140
432 137 430 135
494 137 493 133
499 137 500 135
510 137 511 134
404 142 397 146
410 142 414 136
426 142 425 141
432 142 430 140
443 142 439 139
505 142 506 140
510 142 511 140
370 148 363 153
410 148 415 140
432 148 427 146
443 148 439 145
505 148 505 145
510 148 510 145
522 148 522 145
348 153 345 158
354 153 350 157
376 153 369 158
404 153 409 146
410 153 414 146
415 153 419 146
432 153 431 151
510 153 510 150
516 153 516 150
348 159 345 163
354 159 351 163
410 159 414 151
415 159 419 151
432 159 430 157
443 159 441 156
488 159 489 159
494 159 495 157
505 159 506 157
510 159 512 157
522 159 523 156
337 165 333 170
376 165 379 163
387 165 388 163
415 165 419 156
421 165 414 163
432 165 430 162
505 165 506 163
510 165 512 164
527 165 528 164
326 170 322 176
331 170 328 176
337 170 336 174
354 170 351 175
359 170 358 174
365 170 362 174
382 170 385 167
398 170 391 176
404 170 397 175
454 170 452 167
510 170 512 169
516 170 517 168
320 176 317 181
326 176 322 181
342 176 341 180
348 176 346 180
354 176 351 180
359 176 357 179
365 176 362 179
398 176 392 179
415 176 409 180
505 176 507 175
510 176 512 174
320 181 318 187
354 181 352 185
359 181 357 185
410 181 405 184
421 181 410 186
516 181 517 175
522 181 522 174
527 181 528 174
348 187 348 191
354 187 353 190
365 187 362 187
376 187 370 186
382 187 375 185
404 187 398 192
466 187 466 186
522 187 522 180
527 187 528 179
292 193 291 198
326 193 324 197
359 193 358 192
365 193 362 192
382 193 362 203
404 193 396 198
410 193 407 195
454 193 456 191
460 193 461 190
466 193 467 190
471 193 472 190
522 193 523 185
281 198 280 203
298 198 299 204
303 198 305 204
309 198 310 203
320 198 319 202
326 198 324 202
331 198 330 201
354 198 353 197
359 198 358 197
376 198 369 202
382 198 375 202
393 198 387 202
404 198 404 198
421 198 416 198
443 198 441 197
449 198 447 196
454 198 456 196
460 198 461 196
466 198 467 195
471 198 473 196
477 198 478 195
522 198 522 191
527 198 528 191
298 204 299 209
303 204 304 210
314 204 313 208
320 204 319 207
354 204 353 203
359 204 359 202
382 204 374 207
387 204 381 207
404 204 403 206
410 204 409 204
426 204 427 202
432 204 431 202
438 204 437 203
443 204 443 203
449 204 449 202
454 204 456 202
460 204 461 203
466 204 467 202
471 204 472 202
477 204 478 201
482 204 483 198
527 204 528 196
281 209 279 214
286 209 284 214
292 209 294 218
303 209 305 215
320 209 317 213
342 209 340 213
348 209 345 213
354 209 350 208
359 209 358 209
376 209 368 215
382 209 374 215
387 209 379 214
404 209 402 213
410 209 408 210
426 209 426 208
432 209 433 207
438 209 437 208
443 209 443 208
449 209 450 208
454 209 456 208
460 209 460 208
466 209 465 208
471 209 472 207
482 209 483 205
488 209 489 204
494 209 493 203
522 209 521 204
527 209 528 203
298 215 300 223
309 215 311 221
314 215 316 219
326 215 328 214
331 215 335 213
348 215 345 218
382 215 374 221
404 215 402 219
410 215 407 219
421 215 414 220
426 215 428 213
432 215 434 213
438 215 438 214
449 215 449 213
454 215 455 212
460 215 461 213
466 215 466 213
488 215 490 209
494 215 494 208
292 221 294 226
303 221 305 227
309 221 311 226
314 221 316 225
326 221 327 220
331 221 334 220
337 221 341 219
359 221 364 218
365 221 370 218
376 221 380 219
382 221 374 226
410 221 408 225
421 221 414 225
432 221 437 218
443 221 443 220
449 221 448 220
454 221 453 219
292 226 293 231
298 226 299 232
303 226 306 232
309 226 311 231
314 226 316 231
331 226 336 225
337 226 341 224
342 226 347 226
365 226 371 224
387 226 379 230
393 226 393 227
432 226 438 226
438 226 443 225
449 226 449 227
454 226 453 226
460 226 458 225
477 226 466 231
488 226 493 220
494 226 498 219
292 232 294 238
298 232 300 237
303 232 306 237
309 232 311 237
314 232 317 237
326 232 328 236
331 232 336 231
337 232 341 231
370 232 375 231
432 232 438 231
438 232 444 229
454 232 453 231
460 232 459 231
494 232 493 229
298 237 301 243
303 237 306 243
309 237 312 242
314 237 318 243
320 237 323 242
331 237 334 241
348 237 352 243
354 237 358 242
359 237 363 242
370 237 368 242
387 237 385 243
432 237 437 236
438 237 443 236
443 237 449 236
449 237 454 236
303 243 306 248
309 243 311 247
314 243 317 248
320 243 324 247
326 243 329 247
337 243 339 247
348 243 352 249
354 243 358 249
359 243 364 248
370 243 369 247
382 243 380 248
387 243 384 249
421 243 427 242
426 243 430 242
443 243 449 241
454 243 461 237
460 243 459 243
309 249 313 255
314 249 317 253
320 249 324 253
326 249 330 252
331 249 335 253
342 249 346 255
348 249 352 255
354 249 357 254
359 249 363 253
365 249 367 252
376 249 375 253
382 249 380 253
387 249 385 254
393 249 391 254
410 249 416 248
415 249 420 247
421 249 425 247
466 249 464 249
314 254 318 260
320 254 323 259
326 254 331 259
331 254 336 259
342 254 346 259
348 254 352 260
354 254 357 261
359 254 362 260
365 254 367 259
370 254 374 260
387 254 386 260
393 254 390 260
398 254 397 260
404 254 404 260
410 254 409 259
415 254 419 253
421 254 425 253
432 254 437 253
309 260 312 265
314 260 318 265
320 260 324 265
331 260 336 264
342 260 347 264
348 260 352 264
354 260 357 265
359 260 362 265
365 260 368 266
376 260 375 266
382 260 381 266
387 260 386 265
393 260 391 265
398 260 397 265
404 260 403 264
410 260 409 264
320 265 325 271
326 265 331 271
331 265 336 270
337 265 342 270
348 265 353 270
354 265 358 272
359 265 363 273
376 265 375 270
382 265 380 270
387 265 387 271
393 265 392 270
404 265 404 270
314 271 319 277
354 271 358 277
359 271 364 277
370 271 370 277
382 271 379 276
393 271 391 277
331 277 336 281
337 277 342 282
342 277 348 280
354 277 359 281
382 277 387 281
387 277 392 281
426 277 421 282
326 282 330 287
342 282 347 287
348 282 352 286
359 282 363 283
370 282 369 282
376 282 380 283
382 282 385 287
393 282 392 288
404 282 402 288
365 288 368 288
370 288 374 288
393 288 392 293
342 293 346 295
348 293 353 294
354 293 358 294
365 293 370 295
342 299 346 300
348 299 353 299
354 299 358 299
359 299 364 300
348 305 357 310
354 305 362 309
359 305 367 309
354 310 362 314
359 316 367 318
359 321 366 323
