417 179 421 178
434 179 443 180
423 185 423 187
473 185 496 185
473 190 496 192
400 196 398 193
406 196 403 195
479 196 501 201
339 202 332 191
356 202 342 196
367 202 350 198
400 202 397 199
406 202 402 200
468 202 472 210
473 202 484 211
333 207 323 193
339 207 331 196
344 207 336 198
395 207 388 204
344 213 334 204
356 213 343 205
361 213 348 207
378 213 367 209
423 213 414 216
367 218 354 215
372 218 361 216
378 218 368 216
417 218 408 219
367 224 354 222
372 224 360 223
378 224 367 224
384 224 375 224
417 224 405 225
367 230 352 225
372 230 358 228
378 230 365 231
384 230 371 232
417 230 404 231
389 235 375 239
400 235 384 234
406 235 391 234
412 235 396 235
384 241 363 236
406 241 389 241
328 246 323 227
378 246 354 240
389 246 367 243
395 246 373 244
400 246 380 246
406 246 388 247
434 246 401 250
400 252 376 251
406 252 382 252
272 263 254 236
384 263 360 255
272 269 253 243
417 269 385 268
417 274 386 275
423 274 391 276
428 274 396 276
272 280 251 255
277 280 255 256
417 280 382 279
423 280 390 281
378 286 357 275
384 286 362 275
283 291 260 271
272 297 252 277
339 297 315 275
294 302 266 278
305 314 272 288
311 314 278 289
344 314 312 296
350 319 315 302
333 370 289 332
333 375 290 338
