0.7942509055137634 0.6075481176376343 -0.007127775810658932 -0.02551325410604477 
-0.5997570157051086 0.7820801138877869 -0.1692396700382233 0.08231527358293533 
-0.09724676609039307 0.1386936753988266 0.9855491518974304 -0.2896199226379395 
0 0 0 1 

0.7236990928649902 0.6892871260643005 -0.03380332887172699 -0.01200081035494804 
-0.684410572052002 0.7105697989463806 -0.1633175015449524 0.08348284661769867 
-0.08855309337377548 0.1413280665874481 0.9859943389892578 -0.2904686629772186 
0 0 0 1 

0.6481627225875854 0.7607048153877258 -0.03482732549309731 -0.006623956840485334 
-0.7569224238395691 0.6385828256607056 -0.138852521777153 0.07853477448225021 
-0.08338570594787598 0.116360604763031 0.9897004365921021 -0.2933397889137268 
0 0 0 1 

0.4578024744987488 0.8578360080718994 -0.2335254102945328 0.06552957743406296 
-0.8881667256355286 0.4295558929443359 -0.1632217168807983 0.08639663457870483 
-0.0397053025662899 0.2821328341960907 0.9585533738136292 -0.2747097313404083 
0 0 0 1 

0.5335329174995422 0.819333553314209 -0.2098452150821686 0.05280755460262299 
-0.8413460254669189 0.4887716174125671 -0.2307356148958206 0.1048245653510094 
-0.08648308366537094 0.2996574938297272 0.9501189589500427 -0.2683628499507904 
0 0 0 1 

0.5937971472740173 0.7774256467819214 -0.2073981165885925 0.04773353412747383 
-0.7957230806350708 0.5291779041290283 -0.2946102321147919 0.120409332215786 
-0.1192871779203415 0.3399702310562134 0.9328401684761047 -0.2597638666629791 
0 0 0 1 

0.6750580668449402 0.7154372334480286 -0.1801279634237289 0.03354296833276749 
-0.7201387286186218 0.5859387516975403 -0.3715856373310089 0.1364125460386276 
-0.1603023409843445 0.380558967590332 0.9107568264007568 -0.2491603195667267 
0 0 0 1 

0.7377396821975708 0.6544610261917114 -0.1655927151441574 0.02580328471958637 
-0.6482334733009338 0.6182613372802734 -0.4444617629051208 0.1509768217802048 
-0.1885033398866653 0.4352398216724396 0.8803595304489136 -0.2351972609758377 
0 0 0 1 

0.7661451697349548 0.6260025501251221 -0.1454041004180908 0.01747209392488003 
-0.5944299697875977 0.6042640209197998 -0.5305825471878052 0.1703704744577408 
-0.244283601641655 0.4929358065128326 0.8350687026977539 -0.2146144956350327 
0 0 0 1 

0.7684559226036072 0.6244073510169983 -0.1399691700935364 0.01570055447518826 
-0.584336519241333 0.5955793857574463 -0.5512130856513977 0.1752267181873322 
-0.2608189284801483 0.5053720474243164 0.8225407004356384 -0.2092055678367615 
0 0 0 1 

