295 132 276 179
458 132 426 119
306 137 292 182
327 137 310 176
332 137 316 173
385 137 355 157
400 137 366 152
448 137 411 133
458 137 429 126
490 137 460 113
495 137 465 110
506 137 472 105
290 142 280 190
306 142 293 186
311 142 298 185
332 142 318 178
485 142 457 121
495 142 467 114
500 142 474 112
511 142 481 108
290 148 281 194
295 148 287 193
511 148 484 116
290 153 284 200
295 153 289 198
306 153 297 195
369 153 341 179
485 153 460 127
511 153 486 122
516 153 492 120
306 158 299 200
353 158 324 190
358 158 331 189
364 158 337 187
385 158 354 179
390 158 361 175
500 158 479 125
290 163 290 212
353 163 327 198
358 163 333 195
374 163 346 190
390 163 363 180
290 169 293 219
379 169 353 191
390 169 373 169
495 169 476 136
364 174 345 205
495 174 478 141
280 179 286 228
379 179 358 205
280 184 289 235
427 184 410 170
495 184 482 148
369 195 356 212
374 195 361 210
290 200 306 251
295 200 312 249
374 200 351 221
458 200 437 178
280 205 299 259
290 205 307 256
295 211 314 259
290 221 315 270
295 221 321 267
416 221 390 222
427 221 409 213
432 221 414 212
290 226 318 275
295 226 322 272
427 226 410 220
432 226 415 218
411 232 394 235
416 232 401 233
422 232 407 229
427 232 412 226
432 232 418 224
458 232 438 215
364 237 361 256
416 237 403 239
422 237 409 236
427 237 414 232
432 237 421 230
290 242 322 288
332 242 351 269
364 242 363 262
374 242 375 258
416 242 405 245
422 242 417 239
453 242 434 226
327 248 347 276
332 248 353 273
364 248 364 268
411 248 403 252
416 248 408 250
422 248 419 245
443 248 433 240
316 253 341 285
327 253 350 281
369 253 379 269
374 253 386 267
411 253 405 257
416 253 412 255
437 253 431 249
490 253 503 212
495 253 505 205
301 258 330 292
369 258 381 275
500 258 512 213
511 258 522 203
290 263 325 300
301 263 332 298
306 263 337 296
322 263 349 290
327 263 357 288
358 263 366 284
400 263 400 270
411 263 412 265
474 263 488 232
490 263 505 219
500 263 514 221
301 269 334 304
322 269 351 296
406 269 408 272
495 269 509 228
506 269 521 219
290 274 326 306
364 274 388 287
448 274 450 261
500 274 516 229
506 274 522 224
500 279 518 233
