349 159 335 135
355 159 341 135
403 159 392 132
409 159 398 132
415 159 404 131
421 159 410 131
403 165 392 138
415 165 403 137
421 165 409 136
385 171 347 143
397 171 360 142
397 177 361 148
403 177 366 147
409 177 372 146
498 177 499 138
504 177 506 135
355 183 330 163
397 183 360 154
403 183 366 153
409 183 372 153
415 183 406 162
445 183 438 154
510 183 511 142
516 183 517 141
367 189 349 160
409 189 373 160
427 189 391 157
457 189 422 150
343 195 324 176
355 195 330 175
403 195 393 176
409 195 401 175
427 195 392 163
504 195 505 156
510 195 512 156
516 195 518 155
355 201 329 181
367 201 350 173
373 201 362 173
391 201 382 177
397 201 387 177
409 201 402 181
445 201 412 169
457 201 420 163
480 201 457 166
510 201 512 161
516 201 518 161
343 207 324 187
355 207 338 180
385 207 374 182
391 207 382 185
403 207 395 183
468 207 438 172
474 207 444 171
480 207 450 166
504 207 508 174
516 207 519 167
373 213 355 185
451 213 427 187
462 213 430 174
492 213 469 177
510 213 512 175
361 218 331 195
385 218 363 191
403 218 376 190
409 218 381 190
415 218 387 191
451 218 426 193
498 218 502 182
504 218 507 182
510 218 512 181
516 218 521 179
355 224 332 200
379 224 346 200
385 224 352 199
397 224 364 198
403 224 369 196
445 224 420 200
451 224 426 199
486 224 464 184
498 224 483 190
510 224 513 187
516 224 522 186
379 230 347 206
385 230 353 205
391 230 358 204
403 230 371 204
468 230 439 192
510 230 515 192
355 236 333 214
367 236 339 214
379 236 348 213
415 236 385 208
433 236 397 202
439 236 408 207
474 236 453 205
486 236 465 204
498 236 483 201
510 236 516 199
361 242 334 220
367 242 339 219
385 242 353 217
397 242 365 218
403 242 371 217
409 242 377 215
415 242 385 216
433 242 401 212
439 242 408 213
445 242 416 214
451 242 422 212
462 242 440 216
468 242 447 214
474 242 454 212
480 242 461 210
486 242 467 209
504 242 496 206
361 248 335 227
367 248 340 227
379 248 351 226
391 248 360 224
397 248 366 223
403 248 373 224
409 248 378 222
415 248 385 222
421 248 390 221
427 248 396 220
433 248 403 220
439 248 410 220
445 248 417 219
451 248 424 219
468 248 447 221
474 248 454 218
480 248 461 216
498 248 486 214
343 254 322 237
349 254 327 237
361 254 335 233
367 254 339 232
379 254 349 232
385 254 358 231
397 254 368 230
403 254 373 229
409 254 379 229
415 254 384 227
421 254 390 227
427 254 398 228
433 254 405 228
439 254 411 227
445 254 419 226
462 254 441 225
474 254 456 225
343 260 323 245
349 260 329 243
367 260 339 238
373 260 347 241
415 260 384 235
421 260 391 234
427 260 399 234
433 260 405 234
439 260 412 234
445 260 418 233
457 260 428 225
462 260 455 249
468 260 448 230
504 260 508 244
266 266 271 261
367 266 341 248
373 266 347 247
379 266 353 246
421 266 393 241
427 266 400 241
433 266 406 240
439 266 412 240
445 266 418 239
462 266 441 236
468 266 463 261
486 266 483 259
343 272 324 256
349 272 329 257
361 272 336 255
367 272 342 254
373 272 347 254
421 272 394 247
427 272 401 248
433 272 406 246
439 272 412 244
445 272 419 244
451 272 425 243
457 272 432 242
462 272 442 242
343 278 325 263
361 278 337 261
391 278 388 263
421 278 394 253
439 278 411 250
445 278 418 250
451 278 426 249
457 278 432 248
462 278 443 249
468 278 449 248
480 278 469 254
486 278 476 252
498 278 502 256
337 284 319 269
343 284 318 276
361 284 357 280
373 284 369 278
379 284 376 277
385 284 382 272
391 284 389 271
439 284 413 257
451 284 426 256
457 284 437 255
462 284 444 256
468 284 451 259
266 290 271 287
272 290 277 286
343 290 339 287
355 290 351 285
361 290 357 285
367 290 363 285
373 290 369 284
379 290 376 283
397 290 395 276
439 290 415 264
451 290 430 262
457 290 438 262
462 290 445 263
266 296 270 292
272 296 276 291
278 296 281 290
284 296 287 286
373 296 356 294
385 296 384 285
439 296 414 269
445 296 421 270
451 296 431 268
457 296 440 269
462 296 446 269
468 296 452 269
480 296 470 271
486 296 476 270
266 302 270 299
272 302 274 297
278 302 281 297
284 302 286 294
343 302 339 296
349 302 345 294
445 302 420 275
451 302 431 274
462 302 447 279
468 302 453 275
480 302 470 278
367 308 367 298
385 308 385 291
445 308 426 288
451 308 433 281
457 308 438 280
462 308 446 286
480 308 471 284
486 308 478 283
445 314 428 294
451 314 432 294
474 314 466 290
480 314 472 291
486 314 479 290
343 320 320 304
355 320 328 302
367 320 340 302
439 320 421 301
462 320 446 294
474 320 460 297
480 320 472 298
486 320 480 296
337 326 316 310
361 326 333 309
367 326 339 308
373 326 351 311
391 326 365 305
457 326 439 301
468 326 454 304
474 326 466 304
480 326 473 303
486 326 480 302
331 332 313 316
343 332 322 316
367 332 345 318
385 332 359 314
397 332 370 312
415 332 404 309
480 332 475 309
486 332 484 308
325 338 307 323
337 338 316 322
343 338 329 326
349 338 335 326
355 338 341 326
367 338 346 324
379 338 361 318
415 338 404 315
421 338 392 322
427 338 397 322
457 338 435 314
462 338 449 313
468 338 461 312
474 338 468 310
480 338 474 316
486 338 487 315
325 344 308 330
337 344 315 328
349 344 337 338
361 344 347 332
367 344 353 331
373 344 361 330
379 344 366 329
403 344 379 329
409 344 384 328
415 344 391 327
427 344 398 328
462 344 449 323
486 344 488 321
367 350 355 337
379 350 367 334
403 350 379 335
409 350 385 335
415 350 392 334
421 350 398 333
439 350 418 333
451 350 431 332
462 350 449 329
474 350 462 328
486 350 482 334
492 350 506 333
331 356 318 346
421 356 392 341
445 356 424 340
451 356 431 338
457 356 442 336
462 356 450 336
474 356 464 336
480 356 471 337
486 356 483 340
331 362 319 352
337 362 325 353
385 362 360 345
397 362 373 343
421 362 401 346
445 362 425 346
451 362 432 344
457 362 442 343
462 362 450 344
474 362 465 343
486 362 492 334
492 362 507 346
373 367 349 351
397 367 374 351
403 367 379 349
433 367 412 352
439 367 418 353
451 367 436 350
457 367 443 350
462 367 450 349
468 367 457 349
474 367 465 349
486 367 493 339
373 373 349 358
379 373 354 358
397 373 375 357
403 373 380 360
409 373 387 359
415 373 393 359
421 373 400 358
427 373 406 358
433 373 412 358
439 373 419 358
445 373 426 358
451 373 437 356
457 373 444 356
462 373 451 356
468 373 458 356
474 373 465 355
480 373 476 355
373 379 349 365
379 379 355 365
403 379 381 366
415 379 394 365
421 379 400 365
427 379 407 365
433 379 414 365
439 379 421 365
445 379 426 370
451 379 438 363
457 379 445 363
462 379 452 363
468 379 458 362
474 379 467 368
480 379 477 366
397 385 377 373
403 385 382 373
409 385 389 372
415 385 395 372
421 385 401 372
427 385 408 372
433 385 416 372
439 385 422 371
462 385 454 373
474 385 471 373
409 391 390 379
415 391 397 380
421 391 403 379
439 391 422 377
451 391 440 381
462 391 453 380
474 391 472 387
373 397 351 382
397 397 383 386
409 397 392 385
415 397 398 385
421 397 404 385
427 397 414 385
451 397 442 389
397 403 384 393
403 403 390 393
421 403 404 392
439 403 435 395
445 403 448 395
421 409 424 401
