364 80 484 126
370 87 476 130
376 87 480 136
434 87 506 190
453 87 512 203
376 93 472 140
453 93 506 207
357 106 462 129
428 106 489 189
434 106 494 195
441 106 496 201
357 112 454 133
434 112 487 198
428 119 480 201
434 119 483 207
434 125 477 210
376 132 450 157
383 132 453 165
434 132 463 202
376 138 441 157
421 138 457 204
434 138 462 212
370 151 421 155
428 157 434 208
434 157 438 215
402 164 423 199
421 164 424 204
428 164 427 210
434 164 431 219
453 164 446 234
389 170 405 182
428 170 420 214
402 177 408 204
408 177 412 211
383 183 396 185
402 183 402 198
376 196 383 175
357 209 370 166
389 209 389 198
415 209 396 218
389 215 380 201
415 215 389 221
364 222 369 176
370 222 372 182
383 222 378 196
364 228 363 179
370 228 366 186
383 228 371 199
389 228 375 206
364 234 355 182
396 234 372 213
396 241 357 221
402 241 360 228
421 241 370 229
364 247 334 191
370 247 337 197
396 247 351 225
402 247 354 232
421 247 361 244
357 254 327 188
364 254 328 195
370 254 331 199
376 254 335 207
383 254 338 215
396 254 342 220
402 254 347 235
421 254 354 248
441 254 359 251
396 260 335 223
415 260 343 243
447 260 355 263
402 266 332 234
447 266 351 272
370 273 314 210
447 273 345 275
351 279 295 196
357 279 302 207
396 279 315 234
402 279 320 241
364 286 296 210
370 286 300 218
402 286 312 245
421 286 322 262
370 292 292 221
408 299 301 258
421 299 303 263
364 305 283 217
428 305 300 272
357 318 271 215
357 324 264 218
357 331 262 225
370 331 265 233
364 343 249 232
357 350 239 229
364 350 242 235
441 350 280 298
351 356 233 223
434 356 271 296
441 356 274 301
434 363 263 300
441 363 267 305
