449 146 443 80
401 150 411 74
423 150 415 80
427 150 420 81
410 155 403 82
458 155 451 89
467 155 458 91
475 155 468 93
397 159 387 86
467 159 458 95
475 159 467 99
484 159 474 100
488 159 478 101
493 159 473 94
375 164 399 76
379 164 404 78
423 164 405 95
484 164 472 106
488 164 476 106
493 164 481 106
471 168 460 102
475 168 465 103
458 172 444 104
475 172 466 109
480 172 471 110
358 177 376 82
423 177 478 122
475 177 465 114
405 181 385 113
458 181 443 109
462 181 448 110
371 185 361 114
423 185 478 129
519 185 501 128
440 190 421 110
445 190 425 111
453 190 439 115
366 194 350 121
427 194 409 107
453 194 435 121
458 194 441 121
471 194 452 123
480 194 465 137
514 194 493 131
366 198 340 137
427 198 409 112
453 198 434 126
471 198 449 128
349 203 355 101
353 203 359 103
366 203 370 110
371 203 374 112
423 203 394 120
458 203 438 132
484 211 469 121
340 216 331 123
375 216 447 167
397 216 373 190
432 216 408 130
436 216 427 99
484 216 463 148
510 216 484 154
449 220 431 136
532 220 507 153
423 225 406 118
532 225 506 157
344 229 338 124
410 229 373 140
432 229 411 143
436 229 417 144
344 233 335 131
392 233 389 193
423 233 400 146
432 233 410 148
436 233 415 149
440 233 421 150
397 238 398 202
401 238 396 116
432 238 408 152
519 238 491 170
532 238 495 183
440 242 417 161
458 242 430 168
532 242 493 188
340 246 328 135
349 246 328 162
410 246 387 153
414 246 392 154
423 246 398 156
427 246 401 157
432 246 407 162
436 246 412 164
440 246 417 167
453 246 423 169
510 246 474 180
340 251 327 139
432 251 408 169
436 251 412 171
440 251 417 172
371 255 398 208
392 255 363 153
440 255 410 176
453 255 422 179
506 255 478 180
523 255 481 192
344 259 331 175
423 259 399 173
432 259 403 180
506 259 477 185
519 259 475 190
528 259 485 199
349 264 335 181
358 264 346 185
414 264 383 174
510 264 462 199
528 264 484 204
349 268 334 186
358 268 344 190
523 268 477 208
528 268 482 210
344 273 326 191
349 273 332 192
353 273 338 194
358 273 342 195
519 273 457 221
344 277 326 196
349 277 332 197
353 277 338 198
432 277 423 219
349 281 324 179
480 281 448 184
353 286 328 185
506 290 478 202
384 294 368 211
471 299 421 208
401 307 347 207
462 307 408 215
480 307 406 239
493 312 418 241
462 316 428 219
467 316 435 222
493 316 440 245
453 334 404 249
