464 121 495 139
489 125 519 160
430 130 482 124
484 130 510 160
489 130 514 165
499 130 521 183
499 135 494 231
489 140 496 213
425 145 432 124
499 145 479 243
401 150 447 104
489 155 475 237
401 160 423 123
440 160 410 157
401 174 399 125
440 184 386 211
464 189 405 255
377 194 368 127
377 199 358 134
435 199 437 220
460 199 386 252
518 199 408 186
377 203 352 138
382 203 356 142
430 203 428 219
518 203 403 191
377 208 347 143
411 208 368 218
518 208 397 194
523 208 361 188
543 208 496 204
464 272 434 278
469 272 437 284
577 272 432 316
523 277 423 272
543 277 462 290
547 277 465 295
577 277 427 320
518 282 415 269
543 282 457 294
464 286 431 284
538 286 375 286
547 286 460 301
567 286 468 310
552 291 389 306
567 291 393 321
552 296 385 311
460 301 353 271
469 301 362 282
557 301 384 319
460 306 350 274
469 306 366 286
474 306 371 291
469 311 360 289
538 316 367 309
513 330 399 326
518 330 403 331
