226 51 315 119
230 51 318 119
238 51 323 119
222 59 315 125
270 59 381 126
286 59 366 123
290 59 369 123
270 63 382 130
274 67 391 132
311 67 399 127
331 67 411 125
347 67 428 124
351 67 432 123
315 71 407 135
319 71 404 126
347 71 428 127
351 71 432 126
315 75 409 139
319 75 404 130
323 75 408 130
327 75 411 130
335 75 415 129
339 75 420 129
343 75 424 129
347 75 429 133
351 75 432 131
335 79 416 134
339 79 420 133
343 79 426 132
290 87 417 146
347 87 430 139
230 91 389 154
238 91 380 141
242 91 393 145
254 91 410 159
262 91 416 157
286 91 413 151
290 91 418 149
347 91 430 143
226 95 368 147
266 95 418 159
226 99 369 151
254 99 412 164
323 99 423 153
230 103 373 151
254 103 412 168
270 103 421 167
274 103 424 166
270 107 420 170
230 115 387 175
234 115 392 174
242 115 401 178
230 119 388 179
242 119 402 181
222 123 376 184
234 123 380 171
222 131 376 192
226 131 381 192
230 131 386 191
234 131 390 191
222 135 376 197
226 135 382 196
230 135 387 195
234 135 391 194
218 140 373 202
222 140 377 200
226 140 382 201
230 140 387 199
222 144 378 205
226 144 382 205
262 144 380 213
218 148 373 204
222 148 415 200
327 148 395 198
331 148 398 198
238 152 351 208
230 156 337 214
323 156 396 216
214 160 313 213
218 160 316 212
226 160 420 204
234 160 425 203
242 160 348 216
218 164 318 216
222 164 320 215
230 164 422 207
254 164 370 210
206 168 305 214
262 168 372 222
270 168 377 223
246 172 352 229
270 172 378 226
311 172 380 221
315 172 386 220
319 172 389 221
335 172 401 215
246 176 411 230
262 176 374 230
266 176 376 231
315 176 386 225
319 176 389 224
335 176 396 220
238 180 407 234
246 180 412 234
262 180 374 234
266 180 377 234
315 180 386 229
319 180 390 228
323 180 393 225
335 180 397 223
234 184 403 239
238 184 407 238
319 184 390 232
226 188 396 244
230 188 400 243
234 188 403 242
319 188 386 237
323 188 390 237
226 192 397 247
238 192 405 247
246 192 412 243
315 192 379 246
319 192 387 241
323 192 392 240
339 192 429 236
234 196 404 252
242 196 409 248
246 196 413 246
290 196 380 250
311 196 375 251
319 196 387 245
331 196 424 241
339 196 429 240
234 200 402 256
238 200 406 254
242 200 409 252
246 200 413 250
290 200 381 254
234 204 403 259
238 204 406 259
242 204 410 255
246 204 413 254
250 204 417 251
282 204 375 255
234 208 403 264
242 208 410 259
250 208 418 255
262 208 365 257
266 208 368 257
278 208 373 260
282 208 377 260
214 212 314 262
266 212 369 261
278 212 374 264
282 212 377 264
250 216 345 267
266 216 369 264
226 220 327 269
311 220 382 267
246 224 340 272
311 224 383 271
319 224 407 269
323 224 411 268
258 228 350 274
270 228 361 275
311 228 387 275
315 228 404 272
