560 144 539 140
456 150 441 145
495 150 480 146
502 150 486 146
508 150 493 146
528 150 513 146
547 150 529 145
554 150 536 145
560 150 543 145
567 150 549 145
430 157 415 155
437 157 422 154
463 157 451 155
469 157 458 154
476 157 465 154
482 157 471 154
489 157 477 154
495 157 485 153
502 157 493 153
528 157 520 153
404 163 396 162
410 163 401 162
437 163 431 163
443 163 437 163
450 163 445 163
456 163 451 162
463 163 458 161
469 163 465 162
476 163 473 161
482 163 479 161
489 163 487 160
502 163 495 159
508 163 503 159
515 163 514 160
521 163 522 160
528 163 530 159
534 163 535 159
547 163 544 159
554 163 551 159
560 163 557 158
573 163 563 158
397 170 390 171
404 170 399 171
417 170 416 172
423 170 423 172
430 170 430 171
437 170 438 171
443 170 446 171
450 170 452 170
456 170 459 170
469 170 467 167
476 170 475 167
482 170 481 167
489 170 489 167
495 170 496 166
502 170 507 168
515 170 518 167
521 170 525 166
528 170 531 167
534 170 537 166
541 170 543 165
554 170 553 164
560 170 559 163
573 170 563 164
371 176 376 186
378 176 382 185
404 176 404 179
423 176 426 180
430 176 439 179
443 176 450 178
456 176 462 176
463 176 468 175
469 176 475 175
482 176 489 174
489 176 498 174
495 176 505 175
502 176 510 175
515 176 519 174
521 176 523 174
534 176 537 173
541 176 543 172
554 176 553 170
560 176 558 169
573 176 565 170
332 183 329 193
339 183 336 191
345 183 342 191
352 183 350 190
358 183 363 194
365 183 370 193
371 183 377 191
378 183 383 190
384 183 390 189
397 183 407 188
404 183 414 188
410 183 421 187
417 183 429 187
430 183 442 186
437 183 449 186
443 183 456 185
450 183 464 185
456 183 470 184
469 183 484 185
476 183 491 184
482 183 498 183
495 183 504 184
502 183 511 183
547 183 546 177
573 183 540 186
313 189 315 205
319 189 316 201
332 189 333 200
365 189 381 201
371 189 386 199
378 189 394 198
384 189 400 197
391 189 407 196
397 189 414 195
404 189 422 195
410 189 428 195
417 189 434 194
423 189 442 194
430 189 449 193
437 189 455 193
443 189 462 194
450 189 470 193
456 189 476 193
463 189 483 192
482 189 499 189
521 189 520 188
528 189 525 188
567 189 526 198
573 189 532 196
293 196 294 215
300 196 303 214
306 196 310 212
313 196 317 212
319 196 324 211
332 196 338 207
352 196 373 213
358 196 381 214
365 196 389 212
371 196 389 206
378 196 396 205
384 196 403 205
391 196 410 203
397 196 416 202
404 196 424 202
410 196 435 202
417 196 442 201
430 196 450 200
437 196 457 200
450 196 471 200
476 196 492 195
515 196 513 197
521 196 519 195
573 196 536 202
280 202 269 219
293 202 297 222
300 202 305 221
306 202 313 219
313 202 320 219
319 202 326 218
326 202 333 218
332 202 345 217
345 202 370 220
352 202 377 220
358 202 383 218
391 202 417 211
397 202 424 211
404 202 431 210
410 202 438 209
417 202 445 208
423 202 451 207
443 202 466 206
495 202 508 200
573 202 534 208
287 209 293 231
306 209 313 227
313 209 325 227
319 209 333 226
326 209 342 226
332 209 361 230
339 209 370 228
345 209 375 227
352 209 381 226
358 209 388 225
365 209 394 221
384 209 402 226
391 209 410 224
397 209 425 217
404 209 432 216
410 209 439 215
417 209 445 214
423 209 451 213
437 209 460 213
443 209 465 212
476 209 488 210
482 209 494 207
495 209 501 208
508 209 513 205
287 215 308 242
293 215 315 241
300 215 326 241
306 215 334 239
326 215 356 237
332 215 363 237
339 215 371 235
345 215 377 234
352 215 383 232
358 215 390 231
378 215 397 233
384 215 402 232
397 215 412 231
404 215 418 230
410 215 440 221
417 215 445 221
430 215 430 229
443 215 466 218
482 215 495 214
489 215 482 223
495 215 487 221
508 215 507 213
567 215 555 206
573 215 560 204
300 222 328 247
306 222 337 247
313 222 343 246
319 222 352 244
326 222 358 244
332 222 366 243
339 222 372 241
345 222 378 241
352 222 384 240
378 222 398 239
391 222 407 237
397 222 414 237
410 222 419 237
423 222 426 235
430 222 431 234
437 222 439 233
443 222 447 232
450 222 453 231
495 222 501 220
515 222 515 218
528 222 521 218
300 228 332 255
306 228 337 254
313 228 345 253
319 228 351 252
326 228 358 252
332 228 365 250
339 228 372 248
345 228 378 247
371 228 372 256
384 228 378 256
391 228 385 254
404 228 413 244
417 228 420 243
476 228 462 239
502 228 508 225
521 228 516 225
528 228 522 223
534 228 529 222
300 235 333 263
306 235 338 262
313 235 344 260
319 235 352 259
326 235 357 258
450 235 455 239
476 235 463 244
502 235 503 232
508 235 508 231
521 235 517 230
293 241 324 271
300 241 330 271
306 241 337 269
313 241 345 267
319 241 351 266
326 241 359 266
489 241 491 240
495 241 497 240
293 248 324 278
300 248 331 278
306 248 340 277
313 248 347 276
319 248 351 274
404 248 413 258
430 248 449 254
437 248 456 254
482 248 485 245
293 254 320 291
313 254 347 283
319 254 353 281
345 254 363 285
352 254 368 284
293 261 320 298
306 261 341 290
319 261 349 293
339 261 356 293
345 261 363 292
352 261 371 292
358 261 377 293
293 267 320 304
300 267 328 303
332 267 349 300
339 267 357 299
345 267 364 298
352 267 371 299
358 267 377 298
456 274 443 255
