352 142 319 308
361 145 325 301
405 145 358 236
361 148 329 304
405 148 363 238
402 151 373 235
411 151 369 227
414 151 372 222
370 157 342 298
355 175 353 319
399 175 391 230
411 178 392 217
414 178 405 209
408 181 394 227
411 181 397 220
414 181 412 212
408 184 400 230
411 184 407 217
408 187 408 227
411 187 413 218
405 190 411 236
393 192 395 275
352 195 376 335
393 195 401 279
349 198 378 344
352 210 383 331
349 213 400 356
399 216 436 260
393 219 435 276
396 219 439 269
402 219 400 318
349 222 409 355
399 222 402 327
399 228 409 332
402 228 412 326
405 228 414 319
399 231 418 338
405 231 418 314
396 234 414 350
402 234 429 335
426 237 484 226
429 237 489 220
343 243 413 364
385 249 435 338
390 252 443 328
