391 182 359 198
391 189 378 180
387 193 374 186
387 197 373 189
387 200 373 194
409 200 376 260
412 204 390 269
380 208 368 199
387 208 334 245
380 211 368 203
402 211 347 254
438 215 386 254
398 219 353 259
387 222 339 264
434 222 381 265
354 226 334 227
358 226 339 226
361 226 343 226
383 226 334 268
387 226 338 269
372 229 320 263
387 229 338 273
391 229 343 273
369 233 316 268
372 233 320 268
376 233 325 267
460 233 443 224
376 237 325 272
376 240 319 276
449 240 418 298
452 240 433 237
460 240 408 284
434 244 385 289
460 244 442 233
427 248 376 287
431 248 380 287
449 248 417 303
423 251 371 291
427 251 376 291
431 251 380 291
434 251 384 292
493 251 464 271
369 255 321 285
398 255 337 286
402 255 343 286
412 255 347 301
423 255 371 295
474 255 426 304
496 255 461 229
391 259 371 315
402 259 342 291
405 259 346 291
412 259 357 291
427 259 375 297
431 259 379 297
474 259 426 308
478 259 431 308
391 262 370 320
394 262 375 321
423 262 370 301
434 262 385 298
467 262 402 301
471 262 406 301
383 266 365 323
405 266 353 302
409 266 357 302
412 266 361 302
416 266 365 301
431 266 381 301
434 266 385 301
438 266 389 301
467 266 402 306
471 266 407 306
474 266 411 307
405 269 356 305
409 269 360 305
416 269 365 306
420 269 370 306
431 269 380 305
474 269 426 317
500 269 450 307
402 273 352 309
405 273 356 309
409 273 360 310
416 273 370 311
423 273 375 312
474 273 426 312
391 277 333 299
493 284 441 322
431 288 381 324
434 288 383 324
445 288 393 321
405 291 375 335
431 291 380 329
456 299 398 330
449 302 393 334
452 302 396 334
456 302 401 335
463 302 407 334
467 302 413 335
449 306 393 339
452 306 397 339
456 306 403 339
460 306 407 340
467 306 413 339
460 310 407 344
463 310 411 344
467 310 415 345
471 310 420 344
460 313 406 349
463 313 411 348
452 320 401 348
452 324 401 353
456 324 410 354
