356 136 399 145
362 136 410 150
356 142 401 151
310 205 441 163
310 216 443 173
316 216 447 176
379 222 489 206
390 222 493 191
339 227 448 223
322 233 429 226
327 233 438 225
413 245 500 213
247 256 373 180
413 256 495 222
247 262 368 187
253 262 375 188
287 262 400 245
293 262 405 250
247 267 364 192
259 267 380 193
322 267 420 250
247 273 361 197
253 273 367 201
241 279 353 197
247 279 358 202
316 279 376 269
339 279 383 201
241 285 350 203
247 285 355 208
253 285 366 204
430 285 505 254
241 290 346 209
247 290 352 212
276 296 381 248
327 296 413 262
430 296 501 260
247 302 348 219
253 302 353 223
419 302 471 271
247 307 344 224
253 307 350 227
322 307 401 269
253 313 346 232
253 319 344 238
253 336 331 254
270 336 355 254
276 336 360 259
287 370 336 281
344 370 370 278
350 370 375 282
384 370 406 306
350 376 371 288
356 376 376 292
362 376 380 297
367 382 383 306
