330 141 304 189
335 141 310 189
349 141 323 186
353 141 328 185
358 141 340 183
363 141 347 182
363 145 347 188
404 145 385 175
400 150 378 182
404 155 380 187
409 155 385 187
418 155 398 181
423 155 404 179
450 164 455 178
367 169 316 232
372 169 321 230
446 169 448 186
450 169 455 184
455 169 468 181
423 173 387 200
450 173 456 189
404 178 366 235
414 178 375 204
418 178 381 204
312 182 302 272
418 182 381 209
455 201 513 232
460 201 519 230
464 201 526 225
460 206 516 238
464 206 520 237
450 210 397 225
455 210 403 223
460 210 410 223
478 210 508 194
487 210 546 235
414 219 418 234
450 219 392 234
414 224 419 240
469 229 554 252
418 233 447 250
423 233 453 249
427 233 460 248
437 233 473 253
441 233 479 251
511 233 565 244
455 238 529 256
511 238 566 250
450 242 520 265
515 242 573 248
446 247 482 270
450 247 488 270
377 252 323 274
418 252 461 267
450 252 488 274
492 252 556 260
497 252 561 259
418 256 462 274
423 256 398 270
464 256 553 279
469 256 559 277
487 256 550 265
492 256 556 265
497 256 561 264
487 261 551 271
