428 138 424 97
432 138 428 98
450 143 448 106
464 143 461 105
473 143 467 105
406 147 418 103
410 147 422 104
450 147 447 111
455 147 452 111
459 147 457 108
464 147 462 109
468 147 465 109
477 147 471 110
482 147 476 110
410 152 422 108
464 152 460 112
468 152 464 113
477 152 471 114
482 152 476 116
486 152 481 117
490 152 485 117
415 156 416 117
468 156 469 120
482 156 474 121
486 156 479 122
464 161 464 125
468 161 469 125
490 161 488 132
388 165 386 116
495 165 491 138
379 170 395 118
464 170 456 116
499 170 492 132
370 174 384 122
375 174 388 122
468 174 460 122
370 179 383 127
499 179 486 148
366 183 375 120
468 183 457 131
495 183 480 151
499 183 485 151
361 187 371 125
366 187 374 125
424 187 409 150
366 192 374 130
468 192 467 143
473 192 471 145
504 192 498 164
522 196 505 150
526 196 510 151
361 201 361 149
508 201 487 172
517 201 504 185
361 205 360 152
464 205 461 149
379 210 388 167
482 210 467 165
486 210 471 165
508 210 490 152
379 214 388 172
482 214 466 170
486 214 471 171
513 214 493 157
531 214 514 166
477 219 461 173
482 219 466 174
531 219 513 171
477 223 461 178
482 223 466 179
508 223 495 183
522 223 509 191
531 223 518 195
370 228 377 195
388 228 383 157
406 228 400 179
508 228 495 188
517 228 504 195
522 228 508 196
531 228 514 197
361 232 370 179
406 232 399 184
441 232 433 189
490 232 483 187
522 232 507 201
531 232 513 202
361 236 369 185
410 236 400 190
419 236 403 190
428 236 414 191
432 236 419 192
441 236 433 193
517 236 497 203
531 236 512 206
366 241 374 190
410 241 399 194
424 241 409 191
428 241 417 196
446 241 433 204
450 241 437 205
517 241 496 209
522 241 501 209
526 241 506 210
531 241 511 211
339 245 333 199
352 245 340 184
357 245 343 185
424 245 408 198
428 245 417 201
432 245 423 202
446 245 432 211
450 245 436 211
513 245 492 207
522 245 501 213
526 245 506 215
531 245 511 217
339 250 333 203
428 250 416 206
522 250 499 219
343 254 334 194
375 254 362 197
410 254 394 193
526 254 504 220
352 259 337 204
441 259 418 222
446 259 423 223
486 259 461 233
348 263 345 220
508 263 481 236
348 268 343 225
401 268 381 211
504 268 475 239
348 272 343 231
352 272 348 231
401 272 381 216
406 272 385 217
415 272 377 226
437 272 405 214
513 272 481 245
517 272 485 247
370 277 362 203
415 277 378 231
517 277 484 252
375 281 363 224
490 281 456 242
490 286 454 247
504 286 469 250
370 290 357 232
375 290 361 233
490 290 454 251
495 290 458 252
513 290 500 245
370 294 356 237
432 294 415 246
455 294 439 255
482 294 443 260
486 294 465 253
490 294 455 256
370 299 355 246
392 299 394 258
397 299 400 258
482 299 459 258
486 299 465 259
490 299 468 259
388 303 388 261
392 303 393 262
477 303 452 262
482 303 457 263
388 308 388 266
392 308 393 267
490 308 456 272
392 312 392 272
415 312 418 272
441 312 424 263
477 312 458 267
490 312 459 283
410 317 412 275
432 317 413 267
410 321 411 280
