413 54 499 131
395 60 492 119
437 60 499 164
395 65 488 121
484 65 507 186
390 71 480 119
395 71 482 124
531 83 512 244
525 101 487 246
531 101 489 252
537 101 495 263
531 113 485 260
537 113 490 266
531 118 481 262
466 154 462 217
472 154 462 223
460 160 455 213
466 160 456 219
454 166 447 212
460 166 449 215
466 166 450 222
472 166 451 229
454 178 439 215
460 178 441 219
425 183 414 180
443 183 431 205
448 183 433 211
431 189 411 188
336 213 336 125
325 225 320 119
378 231 334 180
330 242 301 133
413 260 324 216
419 266 320 225
360 272 290 169
419 272 314 228
395 278 298 207
460 278 326 257
466 278 327 262
448 284 315 249
460 284 319 260
466 284 322 264
431 290 301 233
437 290 304 239
448 290 309 251
460 290 313 261
407 296 285 225
425 296 294 242
407 301 280 227
431 301 289 231
443 301 295 249
413 307 278 235
431 307 283 234
437 307 286 240
