138 71 306 103
234 75 335 123
221 80 309 118
256 80 413 107
260 80 417 110
217 84 304 121
225 84 312 121
256 84 413 114
260 84 416 117
243 88 335 126
286 88 408 103
290 88 413 103
221 93 309 129
230 93 312 129
234 93 324 130
221 97 309 133
234 97 323 133
238 97 327 133
234 101 323 137
230 106 316 140
238 106 327 142
260 106 414 137
234 110 320 142
260 110 415 140
230 114 316 145
234 114 319 146
234 119 319 149
230 123 315 148
195 127 292 147
238 127 320 153
134 132 395 167
208 132 300 152
217 132 307 152
225 132 312 152
234 132 319 156
212 136 304 155
217 136 307 155
217 140 307 159
234 140 315 160
217 145 307 162
221 145 311 163
190 149 292 160
195 149 295 160
199 149 299 160
212 149 303 163
247 149 333 172
190 153 292 163
195 153 296 163
199 153 299 163
225 153 311 172
234 153 317 174
195 158 295 167
212 158 307 171
225 158 310 175
190 162 291 171
204 162 300 171
225 162 310 179
199 166 296 173
204 166 300 174
212 166 306 178
243 171 360 169
195 180 294 185
260 193 389 211
125 197 411 209
151 197 355 192
256 197 385 216
260 197 389 215
160 201 363 196
125 206 411 214
138 206 397 212
260 206 389 223
238 210 305 224
243 210 316 221
251 210 312 228
230 214 297 228
234 214 300 228
238 214 304 228
243 214 316 224
243 219 316 228
247 219 312 235
256 219 388 231
260 219 392 232
217 223 289 235
243 223 316 231
247 223 311 240
251 223 315 240
260 223 392 235
247 227 311 244
251 227 316 244
247 232 310 247
251 232 315 248
173 240 341 245
221 245 371 254
230 249 379 258
