506 120 461 97
513 120 485 80
532 120 492 79
545 120 499 78
532 127 495 86
474 133 431 122
455 140 436 115
461 140 442 114
468 140 429 131
474 140 435 130
442 146 425 126
461 146 425 141
468 146 431 138
474 146 438 137
564 146 527 134
571 146 533 130
429 153 397 151
435 153 403 149
442 153 409 147
545 153 507 146
558 153 517 143
571 153 535 136
410 159 383 162
423 159 393 162
429 159 399 159
448 159 415 162
455 159 423 164
461 159 429 162
538 159 498 156
551 159 512 152
558 159 518 150
564 159 531 144
571 159 537 143
397 165 372 173
403 165 378 172
410 165 385 172
416 165 390 176
423 165 395 174
435 165 405 173
442 165 413 175
448 165 418 175
493 165 456 174
519 165 491 159
558 165 520 155
564 165 533 151
571 165 540 149
390 172 367 183
397 172 374 183
403 172 378 188
410 172 385 184
416 172 391 182
423 172 396 181
435 172 406 184
442 172 413 183
448 172 418 182
461 172 429 179
468 172 437 183
474 172 442 182
519 172 491 166
526 172 498 164
571 172 542 154
377 178 356 189
384 178 362 194
390 178 370 192
403 178 380 194
410 178 386 193
416 178 392 192
429 178 403 194
442 178 412 192
448 178 418 191
455 178 425 190
461 178 431 191
519 178 493 172
526 178 501 170
538 178 517 164
545 178 528 160
564 178 537 162
571 178 545 160
371 185 353 204
377 185 358 203
397 185 375 204
403 185 381 203
416 185 392 201
423 185 398 202
435 185 407 202
442 185 413 201
448 185 420 199
455 185 427 197
526 185 504 177
352 191 338 211
365 191 349 213
371 191 354 211
377 191 360 211
384 191 365 214
390 191 371 213
397 191 376 212
410 191 387 211
416 191 393 211
429 191 403 211
435 191 409 210
442 191 414 209
448 191 422 206
468 191 455 193
474 191 462 190
481 191 426 219
571 191 547 167
339 198 328 220
345 198 334 220
358 198 345 222
365 198 350 221
371 198 356 220
384 198 365 223
390 198 371 222
403 198 382 220
410 198 389 220
416 198 394 219
429 198 405 219
435 198 410 218
442 198 416 215
474 198 459 199
481 198 429 224
487 198 435 223
493 198 442 221
519 198 520 172
526 198 526 170
332 204 325 230
339 204 330 231
352 204 340 231
358 204 345 229
371 204 355 228
377 204 361 231
384 204 367 231
397 204 377 229
410 204 390 229
416 204 398 227
429 204 407 226
435 204 412 224
500 204 499 184
513 204 507 183
326 210 321 240
332 210 327 239
345 210 336 240
352 210 342 239
358 210 347 238
371 210 356 236
377 210 363 238
390 210 373 238
397 210 378 237
403 210 384 238
416 210 395 235
423 210 401 234
429 210 407 231
435 210 413 230
307 217 307 253
313 217 312 250
345 217 337 248
352 217 343 247
365 217 352 245
371 217 358 247
384 217 368 247
390 217 373 246
506 217 505 196
513 217 510 191
519 217 517 189
526 217 534 180
532 217 513 202
307 223 309 261
339 223 332 259
345 223 338 256
352 223 345 255
365 223 354 257
377 223 364 255
384 223 370 253
403 223 388 248
519 223 528 189
287 230 293 272
294 230 300 271
300 230 308 268
307 230 313 266
332 230 328 267
339 230 333 266
352 230 344 264
358 230 349 262
377 230 366 261
442 230 439 230
448 230 444 227
500 230 488 219
287 236 294 278
294 236 301 276
300 236 309 273
307 236 316 271
326 236 324 276
332 236 330 275
339 236 336 273
352 236 346 270
358 236 352 269
397 236 387 261
403 236 394 259
416 236 402 259
423 236 421 244
442 236 434 238
448 236 440 236
455 236 452 226
461 236 458 223
468 236 464 219
474 236 463 153
287 243 296 285
294 243 304 283
320 243 320 285
326 243 326 282
332 243 332 280
345 243 341 278
352 243 348 275
358 243 354 273
365 243 360 272
371 243 366 269
377 243 373 267
384 243 380 265
410 243 409 256
448 243 442 243
455 243 453 231
461 243 459 230
474 243 463 237
481 243 471 234
313 249 315 294
320 249 321 291
326 249 328 288
332 249 334 286
339 249 340 284
352 249 350 281
358 249 356 280
371 249 369 274
377 249 375 272
442 249 437 251
448 249 443 249
455 249 450 246
468 249 460 244
474 249 465 243
481 249 473 240
487 249 480 238
287 256 298 294
358 256 363 279
468 256 461 249
474 256 466 248
487 256 475 247
493 256 482 245
320 262 325 298
326 262 332 296
332 262 339 295
339 262 346 294
345 262 353 292
358 262 366 285
371 262 372 283
377 262 379 280
384 262 391 277
390 262 399 274
397 262 406 272
455 262 453 255
481 262 471 255
487 262 477 254
294 268 313 305
332 268 341 300
339 268 348 300
345 268 353 297
377 268 383 284
384 268 390 282
468 268 466 261
481 268 472 260
487 268 480 259
294 275 310 310
300 275 321 308
326 275 335 304
352 275 362 292
358 275 367 292
365 275 373 292
384 275 391 290
397 275 401 283
307 281 329 312
326 281 336 309
365 281 372 298
371 281 379 297
377 281 386 296
390 281 398 292
397 281 403 289
300 288 321 316
358 288 365 302
371 288 380 303
377 288 387 302
384 288 393 301
390 288 399 298
397 288 406 296
403 288 413 292
300 294 323 320
365 294 374 306
377 294 388 307
384 294 395 306
390 294 401 304
397 294 408 300
384 301 397 311
390 301 404 308
397 301 410 307
403 307 418 308
390 314 407 317
