369 207 358 165
379 207 370 165
338 248 326 197
333 269 316 224
467 290 486 231
472 290 491 232
483 290 499 229
488 290 505 228
483 295 498 234
488 295 503 235
498 295 511 235
390 300 381 268
452 300 478 253
498 300 510 241
358 305 332 284
431 305 460 253
452 305 477 259
472 305 485 250
384 310 375 273
390 310 381 273
395 310 386 275
472 310 484 256
478 310 489 256
503 310 513 258
369 316 356 282
384 316 374 279
390 316 381 280
472 316 483 262
503 316 512 265
509 316 517 266
529 316 533 273
379 321 367 285
384 321 379 285
395 321 390 279
405 321 404 277
446 321 457 271
462 321 471 270
467 321 477 271
478 321 487 269
503 321 510 276
519 321 523 272
529 321 528 284
384 326 379 291
405 326 404 283
446 326 456 277
457 326 465 276
462 326 469 277
467 326 476 277
472 326 481 275
488 326 492 274
498 326 504 282
503 326 509 281
514 326 516 282
379 331 374 295
384 331 380 296
390 331 386 285
395 331 393 287
446 331 454 284
457 331 464 283
462 331 469 283
467 331 474 283
483 331 487 279
498 331 503 287
503 331 508 287
509 331 514 289
519 331 521 290
390 336 386 291
395 336 392 293
405 336 404 289
441 336 448 289
452 336 457 289
457 336 463 288
462 336 468 288
467 336 473 289
478 336 479 285
483 336 485 285
493 336 498 292
498 336 503 292
503 336 509 293
379 342 372 303
384 342 378 303
390 342 384 303
395 342 391 300
415 342 414 290
421 342 425 297
441 342 445 297
446 342 450 298
452 342 456 299
457 342 462 299
478 342 478 290
384 347 378 308
405 347 402 299
426 347 429 302
436 347 439 304
446 347 450 305
452 347 455 306
457 347 461 306
472 347 472 295
478 347 478 296
483 347 483 297
488 347 490 297
452 352 454 311
457 352 459 311
462 352 464 312
467 352 471 312
478 352 478 309
483 352 483 309
426 357 424 314
431 357 430 316
436 357 436 316
452 357 454 317
457 357 459 317
462 357 464 318
467 357 470 318
478 357 477 314
488 357 489 310
426 362 423 320
431 362 428 322
457 362 458 323
478 362 475 326
483 362 479 327
493 362 488 328
410 367 409 330
415 367 415 331
421 367 421 330
446 367 447 333
452 367 452 333
457 367 458 331
462 367 463 331
467 367 468 331
478 367 475 332
483 367 479 332
415 373 414 337
421 373 420 337
426 373 426 337
431 373 431 337
441 373 441 338
446 373 446 339
452 373 451 339
457 373 456 340
462 373 461 341
472 373 470 337
478 373 475 337
421 378 419 343
426 378 425 343
436 378 434 344
441 378 440 344
446 378 445 346
452 378 450 346
457 378 455 346
467 378 462 348
478 378 474 343
405 383 396 350
426 383 425 350
431 383 431 350
452 383 449 356
462 383 455 359
421 388 413 358
441 388 438 361
446 388 442 362
452 388 447 363
441 393 437 368
446 393 442 369
467 399 451 393
