349 258 310 134
298 263 266 151
349 263 311 139
391 263 332 125
302 267 269 154
340 272 301 150
344 272 309 149
395 272 338 130
400 272 342 129
405 272 345 128
409 272 349 127
414 272 354 125
288 277 260 162
293 277 264 163
344 277 306 154
382 277 329 137
395 277 339 134
400 277 343 133
405 277 347 132
409 277 350 130
437 277 397 126
284 281 256 168
288 281 261 166
349 281 310 155
363 281 318 148
368 281 321 146
377 281 326 142
382 281 330 140
386 281 334 139
395 281 340 137
400 281 344 137
405 281 347 135
442 281 387 127
284 286 258 172
288 286 262 170
344 286 308 160
349 286 310 159
358 286 316 153
363 286 319 151
377 286 328 146
382 286 331 145
386 286 335 143
400 286 345 140
409 286 353 137
414 286 356 136
419 286 360 135
428 286 367 133
437 286 375 130
442 286 379 130
447 286 383 129
284 291 258 176
288 291 264 173
344 291 309 163
358 291 317 157
363 291 320 156
377 291 329 150
382 291 332 149
386 291 335 148
405 291 349 142
409 291 353 140
423 291 366 137
428 291 371 136
442 291 380 133
447 291 384 133
451 291 389 132
470 291 407 131
475 291 411 130
284 295 259 179
288 295 264 178
368 295 323 157
377 295 329 154
382 295 333 153
386 295 336 152
391 295 340 148
400 295 346 146
409 295 358 143
419 295 363 142
447 295 386 137
451 295 389 135
456 295 394 135
461 295 398 135
465 295 403 133
475 295 413 135
340 300 309 169
363 300 321 161
368 300 324 160
377 300 330 158
382 300 334 157
391 300 341 153
395 300 345 152
400 300 350 151
419 300 365 146
423 300 369 146
456 300 395 138
461 300 398 138
363 305 322 166
368 305 325 164
377 305 331 162
382 305 334 162
386 305 338 158
391 305 342 157
395 305 347 155
400 305 350 154
409 305 357 152
419 305 366 151
423 305 371 150
358 309 320 171
363 309 323 169
368 309 326 168
377 309 332 166
386 309 339 162
391 309 343 161
395 309 347 159
400 309 351 157
405 309 356 156
447 309 382 147
451 309 388 146
461 309 402 147
479 309 427 149
358 314 321 175
363 314 324 173
382 314 337 167
386 314 340 166
391 314 344 165
395 314 348 164
400 314 352 162
405 314 357 161
419 314 367 159
423 314 370 158
437 314 385 156
442 314 379 152
447 314 383 151
456 314 398 152
377 319 334 173
382 319 338 170
386 319 341 169
391 319 344 169
395 319 348 167
400 319 353 166
409 319 359 165
414 319 364 164
419 319 367 163
423 319 371 162
433 319 380 160
437 319 385 160
451 319 395 157
461 319 404 155
363 323 325 180
368 323 329 179
377 323 335 176
382 323 339 175
391 323 346 173
395 323 350 172
405 323 357 170
409 323 360 169
414 323 364 168
433 323 382 165
442 323 388 163
447 323 392 162
461 323 405 160
349 328 319 185
354 328 322 184
363 328 326 183
368 328 330 183
377 328 336 180
382 328 340 179
419 328 368 170
423 328 372 169
442 328 389 167
451 328 397 163
456 328 401 165
461 328 407 164
465 328 411 163
358 333 323 188
363 333 327 188
368 333 330 187
377 333 337 184
386 333 344 180
391 333 348 180
400 333 354 178
405 333 358 177
409 333 362 176
414 333 366 175
423 333 374 173
428 333 378 172
447 333 394 169
451 333 398 168
461 333 407 168
465 333 411 167
340 337 316 200
354 337 320 194
358 337 324 193
363 337 328 192
368 337 331 191
391 337 348 184
400 337 355 182
405 337 359 181
409 337 363 180
414 337 367 179
419 337 370 178
423 337 374 177
428 337 378 176
433 337 384 176
442 337 390 174
447 337 394 173
451 337 398 172
456 337 403 171
465 337 413 172
340 342 316 204
349 342 320 199
358 342 325 197
363 342 329 196
377 342 338 191
382 342 342 190
386 342 346 189
391 342 349 188
400 342 356 186
405 342 360 185
409 342 364 184
414 342 368 183
419 342 371 181
423 342 376 181
428 342 380 180
433 342 384 179
442 342 391 177
447 342 394 176
456 342 404 175
470 342 425 184
349 347 322 203
358 347 326 201
363 347 329 200
368 347 333 197
377 347 339 195
382 347 343 193
386 347 347 193
391 347 350 192
400 347 357 190
405 347 361 189
409 347 365 188
414 347 368 187
419 347 372 185
423 347 377 184
433 347 386 183
442 347 392 181
447 347 397 180
451 347 404 179
461 347 410 178
344 351 319 209
349 351 322 208
358 351 327 205
377 351 340 199
382 351 345 198
391 351 351 195
395 351 355 195
400 351 359 193
409 351 366 192
423 351 378 190
437 351 389 186
442 351 393 185
447 351 398 185
451 351 404 184
461 351 418 196
465 351 421 195
344 356 318 213
349 356 322 212
368 356 335 205
377 356 341 203
386 356 349 200
395 356 357 198
400 356 361 197
409 356 367 196
414 356 371 195
419 356 375 194
423 356 379 194
437 356 392 190
447 356 399 188
451 356 403 188
456 356 410 187
340 360 316 219
354 360 325 215
372 360 338 209
377 360 341 208
386 360 350 204
395 360 358 203
419 360 376 198
423 360 380 197
428 360 384 197
437 360 393 194
447 360 400 193
451 360 405 192
465 360 423 198
302 365 290 233
326 365 311 233
340 365 317 223
349 365 321 221
358 365 329 215
363 365 332 214
372 365 342 213
377 365 347 211
386 365 352 211
405 365 368 207
409 365 367 202
414 365 372 202
437 365 391 197
302 370 291 236
307 370 295 237
335 370 314 227
340 370 318 227
372 370 343 218
377 370 348 216
382 370 352 214
405 370 369 211
414 370 372 205
423 370 377 204
428 370 387 202
433 370 390 202
307 374 297 241
335 374 315 231
349 374 322 227
354 374 326 226
377 374 348 220
382 374 353 219
386 374 358 216
400 374 366 215
405 374 369 214
419 374 373 209
433 374 391 206
456 374 414 204
461 374 419 204
330 379 312 237
344 379 320 231
349 379 323 230
354 379 327 229
377 379 349 224
414 379 376 214
419 379 379 213
423 379 383 212
428 379 387 211
433 379 392 210
442 379 398 209
461 379 419 207
312 384 299 246
316 384 303 245
321 384 307 243
335 384 316 237
344 384 321 235
363 384 336 229
409 384 372 219
414 384 376 217
419 384 379 216
423 384 383 216
428 384 388 215
433 384 392 214
442 384 400 214
447 384 406 212
451 384 410 211
456 384 415 210
465 384 430 211
312 388 299 250
316 388 304 249
321 388 308 248
326 388 312 246
330 388 313 242
335 388 316 241
344 388 322 238
349 388 325 235
358 388 333 233
363 388 336 232
372 388 342 231
377 388 346 229
400 388 365 226
414 388 376 221
437 388 396 218
442 388 401 218
447 388 405 217
451 388 411 215
456 388 416 213
461 388 421 213
465 388 427 212
321 393 309 251
349 393 326 239
354 393 329 238
358 393 333 237
363 393 337 236
368 393 342 235
377 393 346 233
428 393 391 224
437 393 398 222
442 393 402 221
447 393 406 221
451 393 411 221
456 393 417 219
465 393 427 216
340 398 319 246
344 398 323 244
349 398 326 243
354 398 329 242
395 398 361 232
400 398 366 231
405 398 369 230
433 398 393 228
442 398 403 225
447 398 407 225
451 398 412 225
461 398 423 223
465 398 429 221
340 402 320 250
344 402 324 248
349 402 327 247
354 402 330 247
382 402 352 238
391 402 357 237
395 402 362 236
400 402 366 235
414 402 377 232
419 402 385 235
423 402 388 233
433 402 394 231
437 402 398 230
442 402 403 229
447 402 408 229
451 402 413 228
456 402 417 228
461 402 424 227
465 402 430 225
335 407 319 255
344 407 324 252
349 407 328 251
377 407 349 243
386 407 354 241
391 407 358 241
442 407 404 233
447 407 408 233
451 407 413 232
456 407 418 232
461 407 424 231
465 407 430 229
354 412 332 253
358 412 336 251
382 412 352 246
386 412 354 246
395 412 360 245
400 412 363 245
405 412 373 243
409 412 376 241
419 412 385 239
423 412 389 238
433 412 396 238
437 412 401 237
447 412 410 237
451 412 413 237
456 412 419 236
461 412 425 234
344 416 325 258
349 416 329 258
354 416 333 257
358 416 337 256
391 416 356 249
395 416 360 249
400 416 364 249
419 416 386 243
423 416 390 242
433 416 396 241
442 416 406 240
451 416 415 241
456 416 420 240
461 416 426 239
344 421 325 263
349 421 330 262
354 421 334 261
358 421 338 259
386 421 352 252
391 421 361 253
395 421 366 252
400 421 370 251
433 421 398 245
451 421 416 245
372 426 343 260
386 426 353 257
391 426 356 256
405 426 375 253
409 426 379 251
414 426 382 250
423 426 391 249
442 426 408 248
451 426 418 246
456 426 424 249
382 430 350 262
391 430 357 260
395 430 368 259
400 430 371 258
409 430 379 256
423 430 392 253
433 430 401 250
451 430 420 250
363 435 347 272
386 435 363 266
423 435 393 256
428 435 400 254
437 435 407 253
395 440 374 270
391 444 371 275
