312 258 282 140
349 258 308 124
307 267 281 146
312 267 287 145
400 267 335 121
409 272 344 121
382 277 322 129
386 277 326 128
391 277 330 128
400 277 337 127
405 277 340 126
479 286 424 124
484 286 428 124
447 291 353 128
479 291 424 128
484 291 429 128
447 295 355 133
475 295 421 133
479 295 425 133
382 300 317 147
391 300 326 145
456 300 377 141
465 300 376 133
484 300 431 141
395 305 318 152
400 305 322 151
456 305 378 145
484 305 432 145
395 309 318 156
400 309 322 155
377 314 311 161
395 314 319 160
400 314 323 159
405 314 327 158
419 314 336 154
428 314 345 155
433 314 352 154
377 319 312 166
395 319 320 164
400 319 324 164
405 319 328 163
419 319 336 158
461 319 379 153
377 323 312 170
386 323 317 170
395 323 321 169
400 323 324 168
405 323 329 167
414 323 334 163
428 323 346 163
437 323 353 160
442 323 358 159
451 323 388 174
461 323 380 157
340 328 315 202
377 328 313 175
386 328 319 174
395 328 322 172
419 328 337 167
423 328 342 166
433 328 351 167
437 328 354 164
442 328 358 163
447 328 363 162
451 328 367 162
456 328 376 162
461 328 380 161
335 333 307 207
386 333 320 178
405 333 329 172
414 333 334 172
419 333 338 171
423 333 343 171
428 333 346 170
442 333 359 167
447 333 363 167
451 333 368 166
456 333 378 167
461 333 382 166
377 337 314 184
386 337 320 182
405 337 331 177
414 337 335 175
419 337 339 175
423 337 344 174
428 337 347 174
433 337 352 173
442 337 359 171
447 337 364 171
451 337 369 170
461 337 393 182
386 342 320 186
414 342 336 179
419 342 340 178
423 342 344 178
428 342 348 177
433 342 352 177
437 342 356 176
442 342 361 175
447 342 366 174
451 342 371 174
461 342 394 187
465 342 404 193
382 347 317 191
386 347 321 190
395 347 324 187
409 347 334 184
414 347 338 184
419 347 342 183
433 347 353 181
437 347 357 180
442 347 362 180
447 347 368 179
451 347 372 179
461 347 400 199
382 351 317 196
409 351 334 189
414 351 339 189
433 351 351 185
437 351 358 185
442 351 363 184
447 351 368 183
451 351 373 183
372 356 317 215
386 356 322 199
395 356 326 196
409 356 335 194
414 356 339 193
419 356 343 192
428 356 347 187
433 356 352 189
437 356 360 189
442 356 364 188
377 360 321 213
400 360 328 199
405 360 332 198
409 360 336 198
414 360 340 197
419 360 343 196
423 360 347 195
437 360 361 193
442 360 365 193
447 360 370 192
302 365 288 225
377 365 325 217
400 365 328 203
405 365 333 202
409 365 336 202
414 365 339 201
419 365 343 200
428 365 349 197
442 365 366 197
451 365 378 194
302 370 288 228
307 370 292 227
400 370 329 207
405 370 333 206
409 370 336 205
414 370 339 205
419 370 344 204
442 370 367 200
447 370 371 200
307 374 292 231
405 374 334 209
409 374 337 209
419 374 345 208
456 374 421 180
372 379 354 229
405 379 334 214
409 379 338 213
433 379 359 206
437 379 363 205
442 379 368 205
451 379 380 208
461 379 395 208
433 384 360 210
442 384 369 208
461 384 395 212
428 388 357 215
433 388 361 214
437 388 364 213
465 388 428 219
372 393 311 231
391 393 323 229
400 393 328 226
400 398 329 230
419 398 349 225
428 398 357 224
447 398 419 225
451 398 383 227
368 402 308 241
391 402 321 235
395 402 325 235
456 402 388 230
461 402 398 230
377 407 312 241
386 407 317 240
391 407 321 239
447 407 420 233
465 407 430 233
377 412 313 245
386 412 317 244
391 412 321 243
409 412 347 239
433 412 414 241
437 412 417 240
433 416 415 245
437 416 417 244
363 421 310 254
433 421 416 249
437 421 419 248
451 421 387 245
395 426 328 255
400 426 332 254
405 426 335 254
395 430 329 259
400 430 333 259
423 430 412 258
428 430 416 257
409 435 343 263
414 435 347 262
423 435 412 262
395 440 348 270
433 440 417 261
