425 65 361 128
408 71 367 72
419 71 361 195
397 82 367 80
397 87 370 85
419 87 387 75
397 93 369 216
392 98 366 225
403 98 375 126
403 104 380 131
447 120 401 79
381 126 370 229
453 143 418 101
375 148 380 146
453 148 421 98
364 154 364 258
370 154 379 154
453 159 426 128
491 159 462 151
458 165 429 210
480 165 450 170
414 170 401 214
447 170 426 138
453 170 432 132
469 170 456 163
491 170 473 76
370 176 395 176
414 176 404 220
436 176 417 136
453 176 435 136
486 176 468 144
386 181 427 348
436 181 421 143
453 181 439 141
370 187 416 187
436 187 424 147
480 187 469 216
392 204 430 184
364 209 409 225
375 209 425 292
381 209 422 198
386 209 428 193
392 209 433 189
381 215 425 204
386 215 431 199
392 215 436 194
397 215 440 188
403 215 443 184
342 220 391 258
358 220 407 236
364 220 413 231
397 220 442 193
347 226 400 258
364 226 417 237
370 226 423 232
375 226 428 227
397 226 444 202
403 226 448 196
358 231 412 249
364 231 421 243
370 231 428 237
386 231 439 221
392 231 441 211
397 231 446 207
403 231 451 203
342 237 407 277
353 237 410 260
358 237 416 255
381 237 438 230
386 237 442 227
392 237 445 217
397 237 450 211
342 242 401 282
347 242 412 275
353 242 417 268
358 242 418 260
364 242 421 254
375 242 431 243
381 242 440 236
342 248 405 286
358 248 422 266
364 248 424 258
370 248 429 253
375 248 434 249
381 248 442 244
386 248 446 239
309 253 363 344
320 253 377 351
342 253 408 293
347 253 415 288
353 253 420 284
358 253 427 272
364 253 432 267
370 253 433 258
375 253 439 253
381 253 445 248
386 253 450 244
392 253 455 241
364 259 436 273
370 259 441 268
375 259 444 259
381 259 449 254
303 265 371 373
309 265 376 369
358 265 429 285
364 265 440 279
375 265 448 264
381 265 452 259
392 265 461 247
309 276 387 377
375 276 451 280
447 276 466 269
375 281 454 284
336 292 421 367
364 292 450 349
370 292 455 345
375 292 463 295
342 298 429 365
