408 98 415 183
475 137 462 178
508 137 543 155
381 143 396 171
386 143 402 173
508 148 534 171
370 154 385 176
375 154 391 179
475 165 475 209
480 165 481 213
486 165 487 216
491 165 493 222
353 170 406 150
475 170 471 218
480 170 478 222
486 170 484 224
491 170 491 228
464 176 455 227
475 176 471 227
486 176 483 232
480 187 476 239
342 192 382 166
358 204 397 182
386 204 434 182
392 204 442 185
347 209 380 182
353 209 388 185
358 209 395 188
386 209 432 188
347 215 379 189
353 215 384 191
364 215 402 195
370 215 410 197
392 215 440 193
358 220 391 199
364 220 399 202
370 220 407 203
381 220 426 197
403 220 453 200
358 226 389 205
364 226 395 208
375 226 416 201
381 226 424 204
419 226 460 204
342 231 367 211
353 231 383 212
364 231 393 214
375 231 414 208
386 231 429 208
392 231 436 210
403 231 449 209
408 231 457 211
414 231 465 212
342 237 358 216
347 237 374 216
353 237 380 218
375 237 411 214
381 237 420 212
386 237 425 214
392 237 433 216
403 237 447 216
408 237 455 217
414 237 462 219
342 242 355 222
353 242 373 220
381 242 416 218
386 242 422 220
403 242 444 222
320 248 284 241
331 248 332 230
347 248 361 226
370 248 395 225
381 248 413 225
386 248 421 227
392 248 430 230
309 253 277 237
342 253 350 229
347 253 357 230
358 253 382 236
370 253 394 232
381 253 409 230
386 253 418 233
458 253 362 314
309 259 269 249
336 259 347 236
358 259 380 244
370 259 391 238
375 259 399 236
381 259 407 237
392 259 423 239
303 265 258 253
370 265 386 245
375 265 397 243
381 265 403 244
386 265 413 243
392 265 421 246
370 270 383 253
375 270 394 250
386 270 410 251
392 270 418 253
375 276 390 257
447 276 338 346
364 281 378 261
375 281 387 264
364 287 375 267
364 292 372 275
370 292 378 278
342 309 305 320
