403 115 379 309
394 119 374 298
398 119 372 293
403 119 383 306
408 119 380 301
394 124 378 295
403 124 387 303
408 124 385 299
394 129 382 293
398 129 380 290
403 129 392 301
408 129 389 296
463 129 361 233
370 133 413 324
398 133 385 286
417 133 370 252
449 138 390 275
454 138 387 267
459 138 384 262
468 138 364 211
477 138 362 207
366 143 453 327
449 143 395 272
454 143 392 265
459 143 388 260
408 147 424 256
454 147 395 262
459 147 396 255
468 147 371 231
403 152 430 259
408 152 427 254
459 152 380 247
468 152 428 203
342 157 446 337
347 157 437 329
352 157 434 325
422 157 403 244
491 157 361 213
347 161 441 326
431 161 408 296
403 166 430 267
473 166 389 192
338 171 431 333
468 171 402 190
473 171 393 188
352 175 477 305
356 175 475 301
473 175 398 185
477 175 395 181
352 180 482 304
356 180 479 299
477 180 400 178
356 185 434 318
477 185 405 175
352 189 442 321
431 189 413 228
468 189 441 179
375 194 490 266
426 194 470 211
403 199 383 255
473 199 417 172
342 203 486 300
347 203 484 294
352 203 484 288
468 203 429 173
338 208 487 311
347 208 488 292
468 208 434 170
398 226 477 232
338 231 500 311
366 231 504 245
370 231 501 241
412 236 480 217
417 236 493 227
422 236 491 223
370 240 502 235
422 240 495 221
370 245 506 233
412 245 491 204
366 250 516 259
412 250 496 201
366 254 521 255
398 254 509 211
403 254 506 208
412 254 500 198
417 254 497 193
370 259 522 228
375 259 519 220
389 259 515 215
394 259 514 210
408 259 505 195
412 259 503 191
505 278 446 181
510 278 444 177
510 282 448 174
