454 105 551 277
369 116 580 204
375 116 578 209
442 116 551 263
336 122 588 164
353 122 574 236
442 122 545 260
459 122 545 273
330 127 583 156
392 127 556 173
398 127 555 179
426 127 461 205
465 127 535 283
330 133 576 155
386 133 552 166
392 133 551 172
398 133 548 178
375 139 455 189
392 139 546 169
409 139 530 204
330 150 557 138
330 155 552 135
420 167 508 250
409 178 530 190
465 217 428 256
465 223 422 253
375 228 512 128
414 228 512 182
431 234 440 225
437 234 451 160
487 245 464 270
454 251 440 171
431 257 447 152
448 262 436 162
465 262 399 238
476 262 416 251
448 268 431 159
465 268 393 234
476 268 412 249
476 273 405 246
381 285 390 158
386 285 387 163
392 285 384 169
493 285 439 259
381 290 384 155
392 290 379 167
476 290 377 223
482 290 376 229
426 313 379 203
437 313 377 208
426 318 374 199
454 318 378 152
426 324 367 196
431 324 364 203
392 330 374 165
420 330 366 184
431 330 355 194
375 341 365 147
375 347 359 145
409 347 343 168
375 352 346 147
