501 133 478 115
465 138 424 101
470 138 429 102
476 138 436 103
481 138 442 106
430 143 399 99
435 143 404 100
476 143 435 109
496 143 476 123
501 143 482 125
440 148 415 106
370 153 359 100
375 153 363 100
380 153 370 102
400 153 389 104
435 153 403 109
440 153 412 112
430 158 401 114
435 158 407 116
440 158 412 117
481 158 463 131
496 158 481 151
375 163 362 109
380 163 367 110
385 163 372 111
415 163 392 116
496 163 479 156
375 168 361 114
380 168 367 115
496 168 478 162
370 173 359 119
375 173 362 147
496 173 475 169
370 178 358 127
380 178 360 156
496 178 473 176
370 183 356 133
450 183 364 170
501 183 479 183
370 188 354 140
496 188 470 188
501 188 476 190
370 193 352 145
470 198 433 178
476 198 440 179
445 203 410 170
460 203 423 174
470 203 380 180
476 203 385 182
380 213 360 181
410 213 420 185
465 213 380 199
470 213 428 222
390 223 359 227
385 228 363 196
390 228 358 233
395 228 374 199
400 228 405 201
420 228 435 201
385 233 361 202
390 233 366 204
395 233 372 205
400 233 378 206
410 233 419 204
380 238 352 204
385 238 359 207
390 238 366 210
395 238 371 211
400 238 376 213
405 238 382 214
410 238 418 211
390 243 364 215
395 243 370 216
400 243 376 219
435 243 398 212
395 248 372 223
410 248 392 229
395 254 371 230
410 254 391 235
455 254 411 237
395 259 370 237
400 259 377 233
405 259 384 235
415 259 396 238
521 259 468 285
400 264 377 240
445 264 399 247
450 264 405 248
455 264 412 249
405 269 379 253
506 269 461 282
405 274 383 252
430 274 394 265
506 274 460 289
511 274 465 292
395 279 359 268
400 279 366 269
405 279 373 271
506 279 458 296
395 284 359 254
400 284 364 255
415 284 388 269
420 284 393 271
450 284 426 286
506 284 456 302
511 284 462 303
385 289 339 274
400 289 362 261
405 289 368 263
415 289 386 275
420 289 392 277
425 289 398 279
410 294 357 259
506 294 452 296
410 299 375 284
405 304 368 288
410 304 374 291
455 304 377 307
395 314 347 285
516 314 464 298
380 319 308 286
390 319 336 287
400 319 348 291
405 319 354 291
380 324 307 292
390 324 335 293
395 324 340 293
400 324 348 295
516 324 459 316
390 329 332 304
395 329 339 299
516 329 458 324
521 329 464 324
395 334 338 307
516 334 455 330
521 334 461 332
385 339 327 311
395 339 336 313
476 339 361 313
516 339 453 335
526 339 460 338
531 339 463 343
395 344 334 317
470 344 354 316
476 344 360 318
481 344 383 321
521 344 457 343
400 349 338 320
445 349 416 329
450 349 422 330
455 349 427 331
481 349 382 326
486 349 390 329
516 349 444 346
521 349 455 349
395 354 332 325
400 354 337 326
445 354 415 335
450 354 421 337
455 354 427 338
460 354 431 339
470 354 350 325
476 354 358 327
486 354 376 332
491 354 382 334
400 359 322 329
435 359 405 338
440 359 411 340
450 359 419 343
455 359 425 344
470 359 356 333
481 359 366 336
486 359 385 340
491 359 379 340
