403 176 473 114
411 176 482 121
443 176 492 130
463 176 507 141
419 180 473 124
443 180 504 146
407 184 469 120
435 184 489 143
447 184 493 139
451 184 497 143
479 184 516 158
423 188 477 140
451 188 493 146
427 192 478 149
439 192 474 133
459 192 500 159
479 192 511 185
427 196 473 153
455 196 492 160
479 196 509 177
380 200 465 125
391 200 413 127
399 200 419 133
459 200 496 165
403 204 420 141
360 208 416 107
364 208 420 110
368 208 426 114
407 208 424 145
419 208 390 160
439 208 472 215
372 211 416 125
439 211 467 220
490 211 497 223
502 211 517 189
506 211 521 193
380 215 439 135
419 215 437 188
494 215 500 167
447 219 393 223
498 219 501 175
506 219 513 201
372 223 461 130
494 223 496 173
407 227 426 172
431 227 417 165
498 227 497 181
502 227 501 186
506 227 506 190
510 227 513 194
514 227 514 219
348 231 394 113
368 231 450 135
415 231 429 188
423 231 469 167
514 231 511 224
352 235 386 123
356 235 395 141
427 235 412 168
514 235 506 228
352 239 388 142
356 239 393 145
419 239 399 156
423 239 408 165
431 239 418 174
447 239 462 216
463 239 449 165
482 239 475 219
498 239 492 209
423 243 404 170
427 243 410 174
431 243 415 178
463 243 446 170
514 243 500 231
518 243 504 234
467 247 448 214
506 247 485 228
518 247 499 240
467 251 445 218
506 251 480 233
518 251 496 244
423 255 413 150
479 255 457 234
506 255 476 237
455 259 466 172
395 263 380 190
391 267 371 191
399 267 439 214
360 271 370 165
399 271 436 218
506 271 448 254
356 275 365 170
364 275 369 174
463 275 402 233
467 275 406 236
463 279 398 238
467 279 402 241
502 279 486 236
510 283 452 257
439 287 419 223
514 287 450 270
467 307 376 186
494 307 440 261
431 310 456 196
498 310 454 266
479 314 408 243
482 314 439 253
486 314 442 258
403 318 390 245
459 318 412 249
459 322 409 253
411 326 366 225
486 326 416 273
411 330 363 230
431 330 377 242
451 334 378 251
431 338 363 239
451 338 374 256
431 342 359 244
