434 52 477 127
446 52 484 130
459 52 494 137
446 59 479 137
452 59 486 140
459 59 491 144
465 59 495 147
471 59 500 150
415 65 464 135
440 65 476 143
459 65 487 149
465 65 492 152
471 65 496 156
459 71 483 154
465 71 488 158
483 71 502 169
465 77 485 164
459 83 484 179
514 108 510 242
502 114 492 208
526 114 514 238
391 126 395 173
397 126 399 176
415 126 459 216
520 133 492 254
360 139 428 158
360 145 425 162
520 145 489 261
526 145 494 264
520 151 487 266
465 157 464 203
422 170 404 203
434 170 411 207
459 170 444 236
508 170 448 139
292 176 312 158
372 176 435 214
452 176 435 237
459 176 441 241
280 182 299 154
286 182 306 159
292 182 310 162
446 182 423 246
452 182 428 250
274 188 295 159
286 188 302 164
446 188 420 252
452 188 426 256
274 194 292 166
280 194 296 168
372 194 371 188
286 200 295 176
311 200 316 221
323 200 345 202
292 213 298 223
298 213 304 227
292 219 296 229
286 225 289 228
298 225 297 237
428 225 412 271
434 225 417 275
274 231 281 227
305 231 300 243
317 231 306 247
280 237 283 237
292 237 287 242
298 237 293 244
305 237 298 247
317 237 304 252
323 237 296 183
329 237 313 251
292 243 283 246
298 243 289 249
323 243 291 191
379 243 344 238
323 250 288 195
342 250 316 258
372 256 371 265
366 262 398 259
366 280 320 285
354 287 305 282
360 287 311 286
366 287 316 290
366 317 298 285
366 324 299 293
372 324 305 296
