367 134 367 134
372 134 373 134
378 134 378 134
384 134 389 135
491 134 490 133
496 134 495 134
502 134 511 135
508 134 506 134
372 139 373 140
378 139 383 141
384 139 390 140
395 139 400 140
401 139 406 140
406 139 411 141
457 139 456 139
496 139 495 139
502 139 501 140
508 139 512 140
513 139 518 140
519 139 524 140
525 139 529 140
530 139 535 140
338 145 344 147
344 145 349 148
384 145 389 146
406 145 412 146
440 145 439 145
496 145 500 145
502 145 506 146
508 145 512 146
513 145 519 146
519 145 525 146
525 145 530 146
530 145 535 146
536 145 546 145
547 145 553 145
553 145 558 145
333 150 340 151
338 150 344 152
355 150 366 152
361 150 373 152
384 150 389 151
395 150 401 150
440 150 438 151
474 150 479 151
491 150 496 150
496 150 501 150
502 150 507 151
508 150 511 153
519 150 524 153
525 150 530 152
530 150 540 151
536 150 546 151
542 150 551 151
553 150 558 151
333 156 340 157
338 156 344 157
355 156 367 157
412 156 393 157
417 156 400 156
423 156 405 156
468 156 467 157
474 156 478 157
479 156 485 157
491 156 494 157
496 156 501 157
502 156 506 159
519 156 529 156
525 156 534 157
530 156 541 155
536 156 546 156
542 156 552 156
327 162 333 163
333 162 339 163
338 162 344 163
344 162 362 163
406 162 383 156
479 162 485 162
485 162 490 162
491 162 496 162
496 162 501 163
530 162 535 162
536 162 539 162
558 162 562 157
322 167 327 169
327 167 333 169
344 167 362 169
361 167 367 167
367 167 373 167
412 167 389 161
440 167 446 172
446 167 457 169
457 167 473 162
474 167 485 175
485 167 491 166
491 167 500 167
322 173 328 174
327 173 332 174
333 173 338 175
338 173 345 175
361 173 383 179
367 173 371 174
389 173 433 179
446 173 451 179
451 173 456 179
463 173 473 178
468 173 478 179
536 173 536 172
542 173 541 169
547 173 546 170
553 173 552 172
564 173 568 174
322 179 328 184
327 179 333 179
338 179 344 185
355 179 378 184
361 179 384 185
367 179 390 185
395 179 406 181
440 179 446 185
446 179 451 185
468 179 478 184
542 179 541 174
547 179 547 175
553 179 552 178
558 179 563 175
350 184 355 190
384 184 406 190
389 184 411 190
440 184 447 190
446 184 452 189
485 184 495 181
542 184 540 180
547 184 546 184
553 184 552 184
558 184 562 181
355 190 361 196
417 190 400 186
451 190 457 191
457 190 466 192
468 190 478 191
474 190 483 190
491 190 513 174
496 190 518 174
547 190 546 190
553 190 552 191
564 190 568 185
417 196 363 184
446 196 451 196
451 196 457 196
457 196 463 196
463 196 467 196
468 196 472 195
479 196 486 197
491 196 512 180
412 201 379 192
446 201 449 202
451 201 456 201
457 201 462 201
463 201 468 201
468 201 473 201
496 201 495 229
502 201 528 185
530 201 535 201
536 201 540 201
350 207 389 217
395 207 428 213
451 207 456 206
457 207 461 207
463 207 467 206
468 207 473 207
474 207 479 207
479 207 485 207
491 207 513 189
502 207 529 190
547 207 550 202
564 207 566 198
406 213 382 224
429 213 445 207
440 213 451 211
446 213 456 212
457 213 461 212
463 213 467 211
468 213 472 212
474 213 480 213
479 213 485 214
502 213 527 195
525 213 529 208
530 213 540 207
536 213 545 207
558 213 561 203
564 213 567 203
378 218 356 225
440 218 451 218
446 218 456 219
451 218 463 218
463 218 467 218
468 218 474 218
474 218 479 223
479 218 485 223
519 218 530 214
530 218 540 213
536 218 545 214
547 218 551 213
553 218 557 212
558 218 561 208
564 218 568 209
429 224 383 219
446 224 457 225
451 224 463 224
468 224 474 223
485 224 506 202
513 224 525 218
333 229 333 218
361 229 355 207
372 229 407 240
423 229 379 223
446 229 457 230
463 229 467 229
468 229 474 229
485 229 506 212
508 229 517 230
513 229 522 229
519 229 528 228
367 235 401 247
434 235 452 245
451 235 462 234
463 235 467 234
468 235 473 234
485 235 491 242
508 235 517 236
513 235 522 234
519 235 529 233
525 235 533 233
530 235 541 231
558 235 567 224
350 241 344 235
429 241 445 253
434 241 451 252
479 241 489 247
513 241 522 242
525 241 529 242
530 241 540 236
536 241 546 235
542 241 551 235
558 241 567 230
355 246 349 241
406 246 415 258
434 246 450 259
474 246 484 251
491 246 496 252
508 246 517 251
513 246 524 248
530 246 541 242
536 246 546 242
542 246 551 241
547 246 557 241
558 246 567 235
367 252 394 263
542 252 546 251
553 252 558 252
558 252 563 252
395 258 411 262
401 258 417 263
457 258 462 265
474 258 483 263
530 258 540 257
536 258 545 257
553 258 557 258
401 263 417 268
451 263 469 267
457 263 462 270
474 263 483 269
530 263 535 269
547 263 552 262
401 269 416 272
429 269 434 268
434 269 440 268
451 269 468 274
496 269 501 268
513 269 523 270
542 269 542 274
547 269 552 269
423 275 389 264
429 275 434 274
474 275 484 275
479 275 490 276
485 275 495 276
496 275 501 273
508 275 518 274
542 275 547 274
463 280 467 282
468 280 474 281
474 280 483 281
479 280 489 281
502 280 517 281
536 280 540 280
468 286 477 287
474 286 483 286
479 286 489 286
496 286 496 285
513 286 523 280
519 286 524 291
525 286 534 282
463 291 467 291
474 291 483 292
496 291 495 290
502 291 502 291
508 291 512 291
530 291 529 296
474 297 479 296
479 297 484 296
485 297 489 296
491 297 494 295
502 297 505 295
508 297 511 295
513 297 518 297
519 297 523 297
491 303 494 302
496 303 501 303
502 303 507 301
508 303 512 302
513 303 518 302
