418 22 429 8
425 22 436 7
432 22 444 8
418 29 429 13
425 29 435 14
425 35 435 21
432 35 442 21
439 35 448 20
343 56 353 42
349 56 358 40
356 56 365 39
363 56 372 40
343 63 352 49
349 63 359 48
356 63 365 47
370 63 381 46
459 63 470 42
466 63 477 41
329 70 339 54
336 70 345 53
343 70 351 55
349 70 357 55
459 70 470 47
466 70 477 48
480 70 492 48
336 77 345 60
343 77 352 60
349 77 359 60
411 77 423 55
439 77 451 56
446 77 457 53
452 77 469 54
466 77 477 54
473 77 485 56
494 77 504 54
329 83 338 68
336 83 345 66
343 83 352 67
397 83 410 62
411 83 422 66
432 83 443 64
466 83 478 60
473 83 485 62
487 83 502 62
500 83 510 61
315 90 324 76
418 90 429 70
439 90 455 69
452 90 463 74
459 90 471 70
473 90 489 68
487 90 502 68
322 97 333 81
329 97 338 83
336 97 345 83
452 97 463 80
459 97 470 78
480 97 496 74
322 104 334 86
377 104 389 87
418 104 433 82
425 104 440 83
411 111 426 89
439 111 450 95
473 111 489 90
480 111 496 90
500 111 510 81
439 118 449 103
452 118 463 103
459 118 469 102
494 118 509 103
295 125 304 110
308 125 319 107
343 125 353 110
432 125 440 108
446 125 456 109
466 125 480 103
473 125 487 103
480 125 495 104
487 125 502 104
494 125 511 111
295 131 305 117
301 131 312 115
343 131 352 116
349 131 365 108
411 131 421 110
446 131 456 116
452 131 463 116
466 131 478 108
473 131 487 108
480 131 495 109
500 131 516 117
514 131 523 119
295 138 305 123
301 138 312 122
308 138 319 122
349 138 364 117
391 138 402 124
411 138 422 123
418 138 427 123
425 138 434 123
432 138 441 123
459 138 473 118
473 138 487 116
480 138 495 115
514 138 523 124
542 138 550 120
569 138 577 124
295 145 305 129
377 145 387 128
384 145 394 129
411 145 422 129
418 145 428 129
432 145 442 129
439 145 449 128
446 145 457 128
452 145 464 127
459 145 473 126
466 145 481 124
507 145 518 125
535 145 544 126
542 145 550 126
548 145 555 126
569 145 571 125
322 152 333 137
377 152 387 136
384 152 393 137
397 152 412 135
411 152 421 134
473 152 488 131
480 152 494 130
500 152 512 133
507 152 518 131
514 152 525 132
528 152 537 132
535 152 542 132
542 152 549 137
548 152 557 137
562 152 569 134
322 159 333 144
377 159 386 143
418 159 428 138
439 159 450 138
446 159 457 139
452 159 464 139
459 159 473 139
473 159 488 138
480 159 495 136
528 159 538 139
535 159 542 140
555 159 564 140
562 159 569 139
569 159 576 139
315 166 326 150
322 166 333 151
329 166 340 151
370 166 378 151
397 166 409 145
473 166 488 144
521 166 532 146
528 166 538 146
535 166 542 147
542 166 550 147
548 166 556 147
555 166 564 147
562 166 569 145
569 166 577 143
576 166 585 146
322 173 333 157
363 173 371 157
377 173 386 156
404 173 415 151
411 173 421 151
425 173 436 151
432 173 442 151
439 173 453 150
487 173 503 145
494 173 509 145
500 173 515 146
521 173 531 152
528 173 539 152
535 173 545 152
542 173 552 152
548 173 558 153
555 173 564 153
576 173 584 152
590 173 599 159
596 173 606 159
363 180 371 162
370 180 380 162
377 180 386 162
391 180 401 158
446 180 461 153
452 180 467 152
459 180 474 152
466 180 482 151
480 180 494 158
487 180 500 158
494 180 508 152
500 180 514 153
507 180 521 153
521 180 532 159
528 180 539 158
535 180 545 158
542 180 552 158
548 180 559 158
555 180 565 161
562 180 570 161
569 180 579 151
576 180 583 160
583 180 589 161
590 180 597 166
596 180 605 166
329 186 344 168
336 186 351 164
349 186 365 163
384 186 394 170
411 186 427 163
452 186 468 159
459 186 475 159
466 186 483 158
473 186 489 158
487 186 501 164
500 186 514 159
507 186 521 163
521 186 532 165
528 186 538 165
535 186 545 164
542 186 552 165
548 186 558 166
555 186 565 165
562 186 571 166
569 186 579 157
576 186 583 167
583 186 590 171
590 186 597 172
596 186 604 173
301 193 316 176
336 193 345 176
356 193 365 172
363 193 372 172
370 193 379 172
397 193 415 170
404 193 421 169
452 193 467 166
459 193 476 164
466 193 484 164
473 193 489 166
480 193 495 167
494 193 507 167
507 193 521 170
521 193 532 171
535 193 544 171
542 193 552 171
548 193 558 172
555 193 565 171
562 193 571 172
569 193 578 172
576 193 584 174
583 193 590 179
590 193 597 179
596 193 604 180
322 200 337 184
432 200 448 170
439 200 453 170
452 200 469 171
459 200 476 171
466 200 483 171
473 200 488 173
487 200 500 173
494 200 508 173
500 200 515 173
507 200 520 177
514 200 528 178
542 200 552 178
548 200 559 178
555 200 565 178
562 200 572 178
569 200 579 179
576 200 584 181
590 200 598 186
596 200 605 186
425 207 442 178
432 207 448 178
439 207 455 178
446 207 462 177
452 207 469 177
459 207 476 178
466 207 482 179
473 207 488 179
494 207 508 179
500 207 515 179
528 207 542 179
535 207 543 186
548 207 558 184
555 207 565 186
562 207 572 185
569 207 578 186
576 207 584 186
583 207 591 186
596 207 606 194
363 214 379 191
370 214 387 190
377 214 394 190
418 214 439 186
432 214 449 186
439 214 455 185
446 214 462 184
452 214 469 185
459 214 476 185
466 214 481 186
473 214 488 184
507 214 520 191
535 214 548 185
548 214 558 191
555 214 565 191
576 214 585 192
583 214 591 192
590 214 597 192
596 214 605 201
315 221 331 198
329 221 339 197
349 221 364 199
356 221 371 200
363 221 379 198
370 221 386 197
377 221 393 198
404 221 427 192
411 221 433 192
418 221 438 193
432 221 449 193
439 221 456 194
446 221 462 192
452 221 469 192
459 221 475 193
480 221 495 198
494 221 503 199
500 221 511 198
514 221 530 192
521 221 536 193
528 221 542 193
535 221 548 192
548 221 559 198
555 221 565 198
569 221 579 194
583 221 591 199
590 221 599 198
356 228 372 206
363 228 378 206
370 228 385 204
384 228 400 199
391 228 406 197
397 228 421 198
404 228 427 198
418 228 435 200
425 228 442 200
432 228 449 199
439 228 456 199
446 228 462 200
452 228 469 199
459 228 476 199
494 228 507 205
507 228 521 200
514 228 529 201
521 228 535 201
528 228 542 200
535 228 549 201
569 228 579 201
576 228 584 202
583 228 591 206
590 228 599 205
596 228 605 205
343 234 357 213
349 234 366 213
356 234 373 213
363 234 378 212
370 234 385 212
384 234 401 204
397 234 412 204
418 234 435 206
425 234 442 206
432 234 449 206
439 234 456 206
446 234 462 207
452 234 468 207
459 234 476 206
473 234 481 213
480 234 495 206
507 234 518 212
514 234 528 208
521 234 535 208
528 234 543 207
535 234 549 207
542 234 555 208
555 234 568 208
562 234 575 207
583 234 591 214
590 234 598 214
596 234 605 214
343 241 358 220
349 241 366 219
356 241 372 219
363 241 379 219
370 241 387 218
377 241 393 218
397 241 419 211
404 241 426 211
418 241 433 213
425 241 441 212
432 241 449 213
439 241 455 213
446 241 462 213
452 241 469 213
459 241 476 213
494 241 508 213
507 241 522 214
514 241 528 215
521 241 535 215
528 241 542 214
535 241 549 214
542 241 555 215
548 241 562 214
555 241 569 214
562 241 575 213
569 241 582 214
590 241 598 221
596 241 605 221
356 248 373 225
363 248 380 226
370 248 387 226
377 248 394 225
384 248 400 219
391 248 407 219
397 248 414 220
404 248 426 217
411 248 399 238
418 248 434 220
425 248 440 220
432 248 449 220
452 248 469 220
466 248 483 221
473 248 488 220
480 248 494 219
487 248 502 225
494 248 509 226
500 248 515 227
507 248 520 226
514 248 527 226
521 248 535 220
528 248 542 220
535 248 549 220
542 248 555 221
548 248 562 221
555 248 569 222
590 248 598 229
596 248 606 228
370 255 387 232
384 255 400 227
391 255 407 226
397 255 414 226
404 255 426 225
418 255 434 227
425 255 442 227
432 255 448 227
439 255 455 227
446 255 462 228
459 255 475 228
466 255 482 227
473 255 489 226
480 255 495 227
494 255 508 232
500 255 514 232
507 255 520 233
514 255 527 233
521 255 536 226
528 255 542 225
535 255 549 226
542 255 555 226
548 255 562 227
555 255 569 229
562 255 575 228
583 255 592 239
377 262 394 237
384 262 400 233
397 262 419 231
404 262 426 232
452 262 468 234
459 262 474 234
466 262 482 235
473 262 488 233
480 262 495 235
500 262 514 239
514 262 527 240
521 262 536 232
528 262 542 233
535 262 549 232
542 262 556 232
548 262 563 233
555 262 570 235
562 262 577 235
583 262 589 249
439 269 453 242
446 269 460 241
452 269 467 241
459 269 475 241
466 269 481 246
473 269 487 242
480 269 495 242
487 269 503 242
494 269 509 242
507 269 520 248
514 269 527 247
535 269 550 238
542 269 557 238
548 269 563 239
555 269 571 241
562 269 578 242
569 269 575 256
576 269 581 255
583 269 588 255
432 276 445 251
439 276 453 251
452 276 467 248
459 276 475 249
473 276 488 249
487 276 501 252
500 276 516 248
507 276 521 254
514 276 527 254
562 276 571 260
569 276 576 261
576 276 581 261
425 282 439 260
439 282 453 258
446 282 461 258
452 282 467 256
480 282 495 259
487 282 501 259
494 282 507 261
500 282 513 260
507 282 520 261
514 282 527 260
439 289 453 266
446 289 460 267
452 289 467 267
480 289 494 266
487 289 501 266
494 289 506 267
500 289 513 268
514 289 523 269
446 296 460 275
473 296 486 273
480 296 494 273
487 296 500 275
494 296 506 275
500 296 513 276
514 296 523 276
521 296 528 276
446 303 458 285
452 303 466 285
480 303 494 282
487 303 501 281
494 303 506 283
500 303 513 282
514 303 523 282
521 303 528 282
528 303 540 281
535 303 548 281
487 310 500 289
494 310 507 289
500 310 513 289
507 310 521 288
514 310 528 289
521 310 535 289
528 310 542 288
535 310 548 288
528 317 542 295
535 317 548 294
