483 162 484 156
495 162 496 155
501 162 502 155
513 162 515 158
519 162 522 158
459 168 460 161
465 168 467 161
477 168 479 161
483 168 485 161
489 168 491 161
495 168 497 161
501 168 502 161
507 168 508 162
519 168 520 163
447 174 447 165
453 174 454 165
459 174 461 165
465 174 467 166
471 174 473 166
477 174 478 166
483 174 484 166
489 174 490 166
495 174 497 167
501 174 503 167
507 174 508 167
435 180 436 171
441 180 442 170
447 180 448 170
453 180 454 170
459 180 461 170
465 180 467 170
471 180 472 171
477 180 479 171
483 180 484 172
489 180 490 172
525 180 528 178
531 180 535 178
429 186 430 176
435 186 436 176
441 186 442 177
447 186 448 176
453 186 455 176
459 186 461 176
465 186 466 176
471 186 473 176
477 186 479 177
483 186 485 177
489 186 491 179
519 186 521 184
525 186 528 183
531 186 534 183
537 186 541 184
543 186 548 184
344 192 345 179
435 192 436 182
453 192 455 181
459 192 461 182
465 192 466 182
471 192 473 182
477 192 479 183
483 192 486 185
507 192 510 188
513 192 515 188
519 192 521 189
525 192 528 189
531 192 534 189
537 192 541 190
543 192 547 190
344 198 345 185
350 198 352 185
416 198 418 185
422 198 423 185
429 198 429 185
459 198 461 188
465 198 467 188
495 198 498 192
501 198 504 192
513 198 516 194
519 198 521 195
525 198 528 195
531 198 535 195
537 198 540 196
543 198 547 196
549 198 553 196
338 204 339 192
350 204 352 190
356 204 358 190
362 204 364 190
404 204 407 190
410 204 413 189
416 204 418 189
422 204 424 190
441 204 448 197
477 204 480 197
483 204 486 198
489 204 492 197
495 204 498 198
501 204 505 198
507 204 510 198
519 204 521 201
525 204 528 202
531 204 534 203
537 204 539 203
543 204 546 203
549 204 553 202
320 210 320 200
332 210 333 198
338 210 339 198
350 210 351 197
356 210 358 197
362 210 364 196
374 210 377 195
380 210 383 194
404 210 406 194
410 210 413 195
422 210 425 195
483 210 486 203
489 210 492 203
495 210 497 203
501 210 503 204
507 210 510 204
513 210 517 205
519 210 522 208
525 210 529 208
531 210 533 207
537 210 538 208
543 210 545 209
549 210 552 209
555 210 559 209
332 216 334 204
338 216 343 205
368 216 370 198
374 216 377 201
380 216 383 201
398 216 401 198
410 216 412 201
416 216 422 201
422 216 429 203
483 216 485 210
489 216 492 209
495 216 498 209
501 216 503 210
507 216 510 210
513 216 515 213
519 216 522 213
525 216 528 214
531 216 533 214
537 216 538 214
543 216 545 215
549 216 551 215
555 216 559 215
326 222 326 210
338 222 343 211
344 222 349 211
350 222 354 211
386 222 389 204
392 222 395 203
404 222 407 204
447 222 449 209
471 222 473 214
477 222 479 215
483 222 485 215
489 222 492 215
495 222 499 215
501 222 504 216
507 222 509 217
513 222 515 220
519 222 521 220
525 222 527 220
531 222 532 220
537 222 538 220
549 222 551 222
555 222 557 222
338 228 339 223
350 228 354 217
362 228 368 213
368 228 374 213
380 228 383 211
386 228 389 209
392 228 395 209
398 228 401 209
404 228 406 209
410 228 413 210
465 228 466 221
477 228 479 222
483 228 485 221
489 228 492 222
495 228 500 221
501 228 504 223
507 228 510 224
513 228 515 226
543 228 545 222
555 228 558 227
344 234 345 228
350 234 356 223
368 234 374 221
380 234 383 216
386 234 389 215
398 234 401 216
404 234 407 215
410 234 413 217
416 234 419 215
471 234 472 226
477 234 479 227
483 234 484 228
489 234 493 228
495 234 499 229
501 234 505 229
507 234 510 229
519 234 522 225
525 234 529 225
531 234 535 225
537 234 540 226
543 234 546 226
549 234 552 226
555 234 559 234
320 240 320 225
362 240 367 229
368 240 374 229
374 240 379 229
386 240 388 228
404 240 407 222
410 240 414 222
416 240 419 222
471 240 472 232
477 240 478 234
483 240 485 234
501 240 505 234
507 240 509 234
513 240 515 232
519 240 522 231
525 240 528 231
531 240 534 231
537 240 539 231
543 240 546 233
555 240 558 240
332 246 352 244
356 246 370 239
368 246 375 233
374 246 380 234
380 246 386 235
410 246 412 226
416 246 419 227
429 246 431 227
435 246 438 227
453 246 454 229
465 246 468 234
471 246 473 239
477 246 478 241
483 246 486 240
489 246 493 239
495 246 499 239
501 246 505 239
507 246 509 239
513 246 515 237
519 246 522 237
525 246 527 237
531 246 534 237
537 246 539 238
543 246 546 238
326 252 331 239
368 252 375 239
374 252 380 239
392 252 398 240
404 252 410 240
410 252 412 232
416 252 417 231
429 252 431 233
447 252 448 239
453 252 455 240
459 252 461 241
465 252 467 245
471 252 472 246
477 252 478 247
483 252 486 246
489 252 492 245
495 252 498 245
501 252 504 246
507 252 509 245
513 252 515 244
519 252 521 244
525 252 527 244
531 252 534 244
537 252 540 246
543 252 545 245
380 258 386 246
392 258 400 245
398 258 405 244
416 258 424 240
435 258 438 240
441 258 443 241
471 258 473 252
477 258 478 252
483 258 485 252
489 258 492 253
501 258 503 252
507 258 510 252
513 258 516 252
519 258 522 252
525 258 528 252
531 258 534 252
543 258 541 258
549 258 552 257
555 258 558 259
308 264 308 250
350 264 363 258
404 264 411 250
410 264 418 247
495 264 487 270
501 264 503 258
507 264 504 264
513 264 516 258
519 264 522 259
525 264 528 260
543 264 546 263
549 264 552 263
555 264 557 264
296 270 296 257
386 270 387 258
416 270 424 252
429 270 434 251
441 270 447 251
447 270 455 253
465 270 468 251
471 270 475 257
477 270 480 258
483 270 486 257
489 270 491 258
501 270 498 270
507 270 504 271
513 270 511 270
525 270 528 269
537 270 542 268
543 270 548 268
549 270 551 269
555 270 558 270
296 276 295 264
302 276 302 263
374 276 375 258
380 276 382 258
435 276 439 258
441 276 448 258
459 276 462 259
471 276 474 265
489 276 491 263
495 276 498 265
501 276 498 276
507 276 504 276
513 276 515 270
519 276 522 271
531 276 534 271
549 276 551 276
284 283 282 269
290 283 289 271
296 283 295 271
302 283 301 271
308 283 308 271
362 283 364 264
368 283 370 264
374 283 376 264
380 283 382 263
386 283 388 263
392 283 394 262
422 283 429 264
435 283 438 264
441 283 442 262
447 283 448 262
453 283 454 264
459 283 461 265
495 283 493 281
501 283 499 281
507 283 504 282
513 283 510 282
519 283 523 276
525 283 528 277
531 283 534 277
537 283 541 275
543 283 547 275
555 283 559 276
290 289 289 278
296 289 295 277
302 289 301 278
356 289 358 270
362 289 364 269
368 289 370 269
374 289 376 268
380 289 383 268
386 289 388 269
392 289 394 269
404 289 406 268
416 289 419 269
429 289 431 270
435 289 438 270
441 289 443 269
447 289 448 268
453 289 454 269
459 289 460 269
465 289 467 268
477 289 479 270
495 289 492 287
501 289 497 288
507 289 504 288
513 289 515 283
519 289 522 283
525 289 528 282
531 289 534 281
537 289 540 282
543 289 548 281
549 289 554 281
296 295 294 283
302 295 301 284
362 295 364 275
368 295 370 276
374 295 376 275
380 295 382 274
392 295 394 275
404 295 406 275
429 295 432 275
435 295 438 276
441 295 444 275
447 295 448 275
453 295 454 275
459 295 461 275
465 295 466 274
471 295 474 276
513 295 515 289
519 295 521 288
525 295 528 288
537 295 541 287
543 295 545 293
296 301 294 293
302 301 301 289
326 301 326 288
332 301 332 288
362 301 364 282
374 301 376 281
380 301 382 280
386 301 388 281
392 301 395 281
410 301 413 281
422 301 425 282
429 301 431 281
435 301 437 281
441 301 442 281
447 301 448 281
453 301 454 281
459 301 461 281
465 301 468 282
471 301 473 282
483 301 486 289
489 301 490 294
495 301 496 294
501 301 504 293
507 301 510 293
513 301 515 295
519 301 522 295
525 301 528 295
531 301 535 294
296 307 294 298
326 307 326 295
332 307 332 295
374 307 376 286
386 307 389 287
392 307 394 287
398 307 401 288
422 307 425 288
429 307 432 288
441 307 444 286
447 307 449 286
453 307 455 287
459 307 461 287
465 307 468 288
471 307 474 289
477 307 481 295
483 307 487 296
489 307 491 299
495 307 497 299
501 307 504 299
507 307 510 299
513 307 515 301
519 307 522 302
525 307 528 302
326 313 325 301
332 313 332 300
338 313 338 300
344 313 344 295
368 313 370 294
374 313 376 294
380 313 383 294
386 313 389 294
392 313 395 294
398 313 401 295
404 313 407 294
410 313 414 293
435 313 437 293
441 313 444 293
447 313 450 293
453 313 455 293
459 313 461 294
471 313 475 300
477 313 480 300
483 313 487 301
489 313 491 305
501 313 504 306
507 313 510 308
519 313 522 308
296 319 294 311
302 319 301 312
308 319 307 311
320 319 319 308
326 319 325 308
368 319 370 301
374 319 376 301
380 319 383 301
386 319 389 301
392 319 395 301
398 319 401 301
404 319 407 300
410 319 413 299
416 319 420 299
422 319 426 299
429 319 432 300
435 319 437 299
441 319 443 299
447 319 450 299
453 319 456 300
459 319 461 301
471 319 475 307
489 319 489 313
495 319 496 314
302 325 301 318
308 325 307 317
314 325 313 317
320 325 319 316
332 325 332 314
374 325 376 307
380 325 383 307
386 325 389 307
392 325 395 307
398 325 400 308
404 325 407 306
410 325 413 305
416 325 419 305
429 325 432 307
435 325 437 306
441 325 444 306
447 325 451 305
453 325 459 305
471 325 474 314
495 325 496 322
302 331 300 324
308 331 306 324
314 331 313 323
320 331 319 323
344 331 344 318
374 331 376 313
380 331 383 313
386 331 388 314
392 331 394 314
398 331 401 313
404 331 407 313
410 331 413 312
416 331 419 312
429 331 431 314
441 331 444 312
447 331 450 312
302 337 300 331
308 337 306 330
314 337 312 330
320 337 319 329
344 337 344 325
374 337 376 319
380 337 383 319
386 337 389 320
392 337 394 320
398 337 400 320
404 337 407 319
410 337 414 319
416 337 420 319
422 337 425 319
429 337 431 319
435 337 437 319
441 337 447 318
453 337 457 320
459 337 462 323
308 343 306 336
314 343 312 336
320 343 319 336
326 343 325 336
338 343 338 336
386 343 389 327
392 343 394 327
398 343 401 327
404 343 407 326
410 343 414 326
416 343 419 326
429 343 431 325
435 343 438 325
441 343 444 325
447 343 450 325
453 343 456 329
459 343 462 330
314 349 312 343
320 349 319 343
326 349 326 342
332 349 332 342
350 349 350 338
380 349 383 335
386 349 388 335
392 349 394 333
398 349 400 333
404 349 407 333
410 349 414 332
416 349 420 332
422 349 425 332
435 349 437 331
441 349 444 332
447 349 451 332
453 349 456 336
465 349 467 343
320 355 319 349
326 355 325 348
332 355 333 348
338 355 338 348
368 355 369 342
374 355 376 339
380 355 382 342
392 355 395 338
398 355 400 339
416 355 418 341
435 355 442 337
326 361 325 355
368 361 369 349
374 361 375 348
380 361 381 348
386 361 389 343
392 361 395 342
398 361 400 344
404 361 406 348
416 361 418 348
422 361 424 348
435 361 443 344
332 367 331 361
350 367 349 357
356 367 356 357
368 367 369 355
374 367 375 355
380 367 381 355
386 367 389 354
392 367 395 354
398 367 400 350
404 367 406 355
410 367 412 355
429 367 429 354
435 367 441 350
344 373 343 367
356 373 356 362
362 373 363 362
368 373 369 361
374 373 375 361
380 373 381 361
386 373 389 360
392 373 395 360
398 373 401 362
404 373 406 362
410 373 412 362
416 373 417 361
429 373 429 361
435 373 437 361
368 379 369 368
374 379 376 368
380 379 382 367
386 379 388 366
398 379 401 367
429 379 435 367
368 385 368 378
392 385 394 374
374 391 374 385
386 391 388 386
392 391 395 386
