445 123 363 213
451 123 369 208
445 130 367 218
471 130 381 195
445 137 373 224
451 137 379 218
465 144 387 211
451 150 386 227
458 150 392 219
465 150 397 213
471 150 403 208
532 150 481 104
451 157 391 231
471 157 410 214
458 164 404 230
465 164 409 225
471 164 415 219
498 164 434 175
424 170 381 267
492 170 435 187
498 170 440 181
545 170 524 146
552 170 527 141
424 177 389 273
431 177 393 267
552 177 509 121
532 231 525 216
545 231 544 204
552 231 541 174
559 231 540 152
552 238 553 196
559 238 545 158
532 244 541 225
539 244 547 218
384 258 413 322
391 264 424 321
478 264 507 258
492 271 517 245
519 271 546 229
451 278 488 288
458 278 494 283
471 278 511 263
498 278 529 244
505 278 535 239
512 278 546 240
478 285 524 263
