391 147 477 153
396 147 482 153
400 156 490 166
418 160 518 177
436 165 528 180
462 169 511 170
414 173 499 181
462 173 511 175
391 178 480 179
467 178 517 183
436 182 521 200
454 182 504 181
462 182 510 180
498 182 553 193
374 191 355 281
378 191 361 283
391 200 467 206
445 200 487 192
436 204 478 196
445 204 486 197
449 204 491 198
454 204 497 198
485 204 550 214
493 204 557 217
382 209 452 218
396 209 431 246
445 209 486 203
449 209 491 205
387 213 418 252
391 213 423 254
396 213 430 253
436 213 476 209
445 213 485 210
449 213 491 211
462 213 519 220
485 213 549 222
489 213 556 222
387 218 417 259
391 218 424 260
396 218 430 260
431 218 471 214
436 218 476 215
476 218 530 227
485 218 502 260
387 222 417 265
391 222 424 265
405 222 411 275
422 222 459 219
427 222 465 219
476 222 531 232
480 222 542 231
387 227 416 271
418 227 451 226
422 227 459 225
427 227 465 226
449 227 495 222
458 227 514 225
378 231 399 275
400 240 451 243
454 240 474 256
462 240 493 248
405 244 457 250
409 244 462 250
405 249 455 256
405 253 455 262
405 258 455 268
414 271 447 280
431 271 459 281
382 280 380 279
414 280 440 291
422 280 446 291
431 280 400 322
436 280 406 323
382 284 379 284
347 289 353 307
351 289 360 307
347 293 352 314
351 293 359 314
356 293 364 314
374 293 371 296
418 293 409 306
365 298 378 308
374 298 396 312
365 302 378 314
374 302 396 318
396 302 383 321
347 307 345 319
356 307 359 319
365 307 376 320
396 307 382 327
329 311 322 333
334 311 327 329
338 311 335 324
343 311 339 325
347 311 345 325
418 311 406 336
325 315 308 332
334 315 327 335
343 315 338 331
351 315 351 331
365 315 362 332
369 315 369 332
405 315 392 335
409 315 398 334
414 315 425 319
320 320 304 333
329 320 321 340
334 320 326 341
347 320 345 337
351 320 349 337
360 320 357 337
365 320 362 338
369 320 368 337
320 324 303 340
334 324 326 346
343 324 339 342
347 324 344 341
360 324 357 343
365 324 363 343
334 329 331 347
