518 191 513 134
518 195 512 139
422 199 437 110
483 208 480 135
483 217 460 140
479 221 453 139
496 221 491 156
466 225 463 172
462 230 456 179
466 230 461 180
470 230 468 180
418 234 415 174
466 234 461 186
470 234 466 186
409 238 401 179
436 238 435 183
479 238 475 187
405 243 402 173
414 243 407 192
436 243 434 189
475 243 472 194
414 247 407 198
431 247 427 195
436 247 432 195
422 256 418 209
375 273 371 203
370 278 365 208
375 278 370 209
379 278 376 209
379 282 376 215
388 286 382 222
409 286 404 225
418 286 416 228
427 286 423 229
388 291 380 230
396 291 390 231
401 291 396 231
409 291 403 232
431 291 427 236
436 291 432 237
396 295 389 237
427 295 414 235
436 295 433 243
449 295 441 244
427 299 413 241
431 299 432 251
449 299 440 251
453 299 446 252
405 312 382 290
409 312 389 290
405 317 381 297
409 317 387 298
