420 45 392 47
408 62 398 79
414 68 407 84
420 85 415 94
425 85 421 90
431 85 429 88
391 91 395 110
442 96 449 97
300 125 316 174
345 131 366 150
391 159 409 158
397 159 417 154
408 159 455 167
397 165 420 160
402 165 453 176
408 165 458 173
505 193 535 157
505 199 539 162
442 205 485 179
528 222 568 177
511 228 550 210
522 228 564 186
505 233 547 220
528 233 572 199
476 245 532 208
505 245 556 205
448 250 525 227
431 256 504 239
442 256 519 237
499 256 561 214
431 262 506 246
454 262 532 241
425 267 503 255
482 267 552 231
408 273 485 270
420 273 493 267
414 279 489 277
425 284 502 272
437 284 517 266
454 290 536 267
425 296 504 289
431 296 510 287
437 296 517 283
