392 47 379 46
387 53 370 53
392 53 376 52
408 53 397 46
419 53 406 45
425 53 413 46
430 53 418 46
354 58 351 54
370 58 352 62
387 58 371 58
408 58 396 51
414 58 402 51
419 58 406 51
435 58 422 46
354 64 351 59
365 64 359 59
370 64 364 59
376 64 357 64
387 64 370 63
403 64 392 52
408 64 392 62
419 64 407 58
425 64 412 54
430 64 419 53
435 64 424 53
441 64 430 52
446 64 429 57
343 69 342 63
349 69 347 63
370 69 352 70
397 69 387 58
403 69 392 58
408 69 391 68
414 69 397 68
435 69 418 63
441 69 424 64
446 69 430 63
365 74 348 79
392 74 379 68
435 74 419 68
441 74 423 68
332 80 319 85
365 80 349 85
381 80 370 72
387 80 375 73
327 85 308 96
332 85 314 95
365 85 358 79
403 85 391 73
370 91 362 79
381 91 369 80
387 91 374 80
392 91 381 79
408 91 396 74
414 91 397 91
370 96 359 85
376 96 364 85
381 96 370 85
387 96 375 85
392 96 380 85
408 96 392 96
457 96 439 81
311 101 301 102
343 101 337 102
349 101 342 102
365 101 354 90
370 101 359 90
376 101 364 90
381 101 370 90
387 101 375 90
392 101 380 91
305 107 297 107
365 107 353 96
370 107 359 95
376 107 364 95
381 107 370 96
387 107 375 97
392 107 379 96
435 107 418 80
441 107 430 79
311 112 303 108
359 112 348 98
370 112 359 102
376 112 364 101
381 112 370 102
387 112 375 102
408 112 385 108
441 112 429 85
305 118 298 113
311 118 303 113
332 118 325 114
365 118 358 107
370 118 363 108
381 118 370 108
387 118 376 107
392 118 381 102
441 118 429 92
446 118 434 91
462 118 446 98
305 123 297 119
359 123 351 113
392 123 380 107
425 123 391 113
430 123 397 113
441 123 423 102
457 123 441 103
462 123 447 103
468 123 453 102
311 129 303 118
354 129 348 112
381 129 370 113
430 129 419 96
452 129 434 109
457 129 441 108
462 129 447 107
305 134 297 124
311 134 302 123
322 134 314 119
446 134 435 102
462 134 446 112
468 134 453 107
473 134 457 108
305 139 297 129
322 139 313 124
327 139 319 124
332 139 324 118
414 139 402 109
462 139 446 118
322 145 313 135
327 145 318 134
332 145 326 123
349 145 336 124
473 145 463 130
479 145 470 130
305 150 297 140
316 150 307 140
322 150 313 139
349 150 337 128
403 150 392 123
414 150 401 124
419 150 408 124
435 150 417 131
462 150 456 152
316 156 314 148
349 156 329 134
354 156 343 133
435 156 417 137
462 156 457 157
468 156 463 157
332 161 320 146
354 161 342 141
435 161 418 141
338 166 324 147
387 166 370 147
419 166 397 147
490 166 490 170
338 172 325 157
343 172 332 157
354 172 342 152
359 172 348 152
381 172 363 153
408 172 385 156
425 172 407 153
441 172 430 157
490 172 491 175
343 177 331 162
349 177 335 162
365 177 353 158
376 177 363 158
387 177 374 158
419 177 404 157
425 177 408 158
457 177 453 174
462 177 458 174
495 177 496 178
343 183 330 167
349 183 336 167
354 183 343 164
370 183 359 164
376 183 363 163
381 183 352 168
419 183 402 167
425 183 407 166
452 183 446 178
457 183 453 179
462 183 458 180
468 183 463 180
479 183 468 161
495 183 496 183
408 188 390 179
425 188 407 172
430 188 414 172
452 188 447 184
457 188 454 185
468 188 462 185
473 188 467 185
479 188 473 185
462 194 458 191
468 194 461 190
473 194 467 190
479 194 473 190
425 199 413 189
446 199 442 191
462 199 457 196
468 199 462 196
365 204 358 184
425 204 412 195
430 204 418 196
435 204 424 196
441 204 430 196
446 204 442 196
457 204 453 201
462 204 457 201
468 204 462 201
462 210 457 207
468 210 463 207
457 215 451 212
506 215 507 211
381 221 386 223
387 221 390 223
500 221 501 219
506 221 507 217
370 226 370 227
381 226 387 228
495 226 495 225
500 226 500 225
506 226 507 224
468 232 468 234
495 232 495 231
506 232 508 230
473 237 473 239
484 237 484 235
506 237 507 235
381 242 389 250
387 242 395 250
495 242 494 244
500 242 500 244
381 248 389 256
387 248 395 256
392 248 401 256
397 248 406 256
479 248 480 246
500 248 500 249
381 253 389 261
387 253 395 262
392 253 401 261
397 253 407 261
414 253 417 255
441 253 435 240
468 253 468 246
479 253 480 256
484 253 486 252
490 253 491 252
495 253 496 250
376 259 375 256
419 259 424 262
425 259 428 263
446 259 442 244
462 259 461 252
468 259 467 250
473 259 473 250
381 264 380 261
408 264 412 266
414 264 419 269
419 264 424 269
425 264 429 268
430 264 435 268
435 264 442 268
462 264 461 260
468 264 467 256
473 264 473 256
484 264 484 260
414 269 418 272
419 269 424 274
425 269 430 273
430 269 436 272
452 269 451 266
457 269 458 267
462 269 461 266
468 269 467 262
473 269 473 263
430 275 436 278
435 275 441 274
446 275 446 272
452 275 451 271
457 275 457 273
462 275 463 273
468 275 472 273
473 275 479 272
441 280 441 277
446 280 446 277
452 280 452 278
462 280 463 278
468 280 472 277
473 280 478 276
435 286 440 284
