529 145 518 168
382 155 405 110
393 155 417 117
409 155 440 129
545 155 540 183
550 155 552 187
372 161 393 112
377 161 398 114
372 166 392 117
398 166 403 125
409 166 438 139
550 166 554 207
555 166 555 200
372 171 385 128
393 171 397 127
409 171 419 131
550 171 553 213
377 176 382 135
393 176 396 132
440 176 444 136
534 176 515 185
540 176 521 186
356 182 355 143
361 182 355 149
440 182 442 142
445 182 447 143
451 182 452 149
513 182 519 223
519 182 526 226
361 187 361 151
430 187 431 147
461 187 469 163
414 192 380 147
414 203 411 147
419 203 418 148
414 208 411 153
419 208 416 153
424 208 423 154
403 213 397 151
409 213 403 153
409 218 402 157
414 218 407 160
513 218 505 213
566 218 550 230
419 224 410 178
477 224 476 185
482 224 484 184
487 224 490 186
513 224 492 236
419 229 409 184
424 229 412 171
430 229 418 174
466 229 461 181
367 234 347 196
403 234 365 189
435 234 380 204
440 234 422 186
445 234 427 187
451 234 433 189
477 234 474 172
403 239 362 198
477 239 472 178
482 239 477 198
351 245 339 176
430 245 379 185
456 245 445 191
534 245 478 279
351 250 336 182
356 250 342 184
367 250 343 215
403 250 363 163
424 250 371 190
430 250 378 191
461 250 450 204
466 250 455 204
471 250 465 188
508 250 504 276
545 250 529 269
508 255 504 281
534 255 516 285
388 260 365 220
367 265 335 220
451 265 424 236
498 265 519 266
508 265 502 287
388 271 364 232
388 276 363 237
445 276 417 242
456 276 429 243
361 281 327 231
388 281 362 243
414 281 380 246
451 286 413 259
445 292 406 264
451 292 412 266
456 292 419 268
461 292 424 272
414 297 359 256
419 297 364 257
451 297 412 272
393 302 340 251
419 302 363 263
393 307 346 264
403 307 352 265
419 307 382 270
424 307 389 271
