491 146 500 133
496 146 504 132
502 146 509 132
486 151 494 139
502 151 510 137
438 156 445 133
444 156 450 132
459 156 477 134
486 156 495 144
491 156 500 144
496 156 505 143
502 156 510 142
284 162 293 138
311 162 313 134
322 162 324 133
396 162 374 141
438 162 434 139
454 162 473 140
486 162 496 149
491 162 500 150
502 162 511 149
306 167 304 142
311 167 310 141
322 167 321 138
343 167 335 138
359 167 418 139
412 167 391 146
486 167 496 156
491 167 500 156
496 167 506 151
502 167 511 154
507 167 516 155
279 172 292 141
284 172 298 142
306 172 304 147
316 172 315 142
401 172 382 159
486 172 496 162
491 172 501 162
496 172 506 156
306 178 304 152
311 178 309 152
406 178 387 162
412 178 392 163
417 178 393 169
486 178 496 167
491 178 501 166
496 178 507 160
502 178 511 159
507 178 518 170
359 183 365 181
406 183 388 167
438 183 438 187
444 183 444 187
496 183 508 167
502 183 513 165
284 188 298 154
306 188 304 162
438 188 438 193
444 188 444 192
449 188 449 192
454 188 455 186
491 188 502 173
496 188 510 209
502 188 514 172
279 194 289 164
359 194 361 191
364 194 366 191
491 194 502 179
502 194 512 178
300 199 308 230
438 199 439 199
444 199 443 199
449 199 448 199
491 199 502 184
269 204 280 181
274 204 285 181
290 204 301 180
396 204 394 191
444 204 444 204
454 204 462 240
459 204 471 196
502 204 513 188
269 210 280 186
274 210 286 192
279 210 291 192
290 210 301 186
396 210 394 197
406 210 405 195
322 215 322 245
401 215 401 201
406 215 406 201
412 215 411 200
417 215 416 199
422 215 421 198
428 215 433 198
496 215 506 233
502 215 512 233
274 220 287 242
306 220 311 245
422 220 428 205
438 220 449 202
502 220 511 238
269 225 281 240
306 225 311 252
284 231 298 252
428 231 438 211
496 231 503 254
274 236 287 248
290 236 301 258
295 236 305 258
454 236 451 219
459 236 455 218
496 236 498 265
284 241 296 262
290 241 302 263
364 241 405 268
465 241 470 271
470 241 475 272
486 241 483 272
491 241 488 271
502 241 502 270
290 247 305 272
300 247 312 272
380 247 394 274
486 247 483 278
491 247 488 277
496 247 493 276
422 257 452 236
417 262 442 242
274 268 283 246
274 273 283 257
274 278 283 264
507 289 510 270
284 294 289 273
502 294 504 276
284 300 289 279
290 300 295 278
295 300 301 278
433 300 438 280
438 300 444 280
486 300 494 281
496 300 499 280
