502 146 515 158
491 151 505 162
454 156 471 157
502 156 515 171
311 162 323 147
322 162 335 148
332 162 340 148
390 162 410 156
449 162 466 164
454 162 471 163
491 162 503 171
502 162 515 178
279 167 291 173
284 167 297 174
290 167 305 175
311 167 322 153
316 167 328 153
327 167 334 154
332 167 339 154
433 167 454 164
449 167 466 169
454 167 471 169
459 167 475 170
496 167 508 183
279 172 295 180
338 172 345 161
385 172 405 165
390 172 394 164
396 172 398 164
433 172 453 169
449 172 465 174
454 172 471 175
491 172 503 187
433 178 453 179
438 178 458 180
454 178 470 180
491 178 502 194
284 183 298 197
322 183 333 176
327 183 339 177
433 183 452 185
444 183 459 185
454 183 464 196
279 188 293 201
459 188 469 202
274 194 287 197
449 194 462 206
332 199 338 199
364 204 387 207
491 204 502 213
364 210 387 213
422 210 442 205
502 210 512 225
274 215 287 219
422 215 436 215
322 220 325 229
369 220 390 224
322 225 325 234
507 225 515 248
274 231 285 236
279 231 289 240
284 231 296 241
311 231 316 225
491 231 497 264
502 231 509 254
507 231 514 254
274 236 284 244
284 236 296 246
290 236 302 235
496 236 502 269
470 241 476 271
475 241 481 271
481 241 485 271
486 241 490 272
491 241 496 272
496 241 501 273
502 241 508 273
279 247 289 256
390 247 414 269
412 247 411 269
486 247 490 278
491 247 496 279
496 247 501 279
284 252 294 265
290 252 301 264
385 252 410 273
396 252 420 274
401 252 425 275
438 252 438 278
444 252 442 277
465 252 470 279
470 252 475 279
475 252 479 280
491 252 496 285
496 252 500 286
279 257 290 272
306 257 322 270
401 257 426 280
465 257 470 284
475 257 479 284
295 262 306 273
300 262 312 273
417 262 420 286
449 262 446 283
284 268 299 278
295 273 310 280
284 284 294 279
295 284 307 280
438 284 446 288
507 284 510 287
279 289 284 278
295 289 305 283
396 289 408 285
438 289 446 293
444 289 452 293
465 289 473 295
475 289 484 295
284 294 288 283
290 294 299 285
470 294 478 301
475 294 483 301
290 300 299 290
295 300 304 289
306 300 310 289
311 300 316 290
459 300 467 304
486 300 489 305
306 305 312 294
