458 98 437 169
452 104 432 179
426 130 401 284
529 130 520 157
516 136 515 166
433 143 412 296
497 143 496 187
516 143 518 173
433 149 407 298
446 149 420 293
503 149 507 192
433 156 410 304
439 156 416 301
503 156 510 199
510 156 517 198
542 156 542 173
548 156 549 171
426 162 405 313
433 162 411 310
439 162 419 307
503 162 517 204
516 162 515 237
542 162 545 179
548 162 551 178
497 169 509 214
542 169 547 187
548 169 552 185
484 175 477 273
516 175 516 246
523 175 523 243
529 175 530 240
535 175 541 197
542 175 548 194
548 175 554 192
433 181 420 323
446 181 436 314
510 181 512 254
516 181 517 251
523 188 526 253
529 188 533 250
535 188 539 246
510 194 514 265
516 194 520 262
523 194 527 259
529 194 534 254
497 201 507 263
510 201 516 270
516 201 522 267
555 201 564 213
471 207 471 301
497 213 509 273
510 213 518 276
548 220 569 228
555 220 576 226
