390 124 367 132
394 124 373 131
399 129 380 134
404 129 385 133
394 133 374 139
266 143 285 197
276 143 293 193
252 148 271 209
342 148 331 172
252 152 274 215
257 152 278 213
295 152 313 200
300 152 318 198
247 157 272 224
252 157 276 221
257 157 282 219
262 157 288 216
328 157 328 186
314 162 336 203
323 162 325 195
328 162 330 192
252 167 279 226
323 167 327 201
328 167 333 198
333 167 338 196
413 167 398 162
247 171 272 242
252 171 281 232
257 171 285 229
266 171 293 228
271 171 297 227
276 171 302 225
285 171 311 221
290 171 315 220
304 171 327 214
323 171 330 205
243 176 267 244
262 176 289 235
266 176 295 233
271 176 299 232
281 176 308 229
285 176 312 227
290 176 317 225
295 176 322 224
309 176 334 217
337 176 341 201
347 176 346 194
418 176 407 174
252 181 284 238
262 181 291 240
266 181 297 238
271 181 302 237
281 181 310 234
285 181 315 232
290 181 318 230
413 181 403 179
252 186 285 243
271 186 303 241
300 186 326 229
304 186 330 227
309 186 335 224
337 186 345 208
342 186 348 207
423 186 413 182
219 190 242 266
224 190 247 264
247 190 281 252
262 190 294 247
266 190 299 245
281 190 312 241
285 190 316 239
290 190 320 236
300 190 327 234
304 190 331 233
309 190 337 230
337 190 348 214
342 190 352 211
266 195 301 250
276 195 308 247
281 195 314 245
285 195 318 244
290 195 323 242
300 195 329 239
309 195 339 235
314 195 345 233
337 195 349 219
342 195 353 216
347 195 358 214
238 200 272 263
243 200 277 260
257 200 290 255
262 200 296 253
276 200 311 252
281 200 316 250
285 200 320 248
290 200 325 247
300 200 331 244
304 200 337 243
309 200 343 240
347 200 361 220
352 200 367 219
361 200 356 204
252 205 288 262
257 205 292 260
262 205 298 258
266 205 303 256
276 205 312 258
281 205 318 256
285 205 322 254
347 205 364 227
243 209 274 266
252 209 289 268
257 209 293 265
262 209 300 263
266 209 306 261
300 209 333 251
347 209 367 230
356 209 377 228
238 214 271 273
243 214 276 271
257 214 296 271
262 214 301 269
266 214 307 266
285 214 325 260
290 214 330 258
304 214 342 254
309 214 347 251
314 214 353 249
342 214 367 237
352 214 375 234
356 214 369 225
409 214 406 196
243 219 278 277
247 219 284 275
252 219 290 273
304 219 344 259
309 219 349 258
314 219 355 255
342 219 370 243
347 219 375 240
252 224 293 279
257 224 298 277
262 224 303 277
266 224 309 274
271 224 314 271
276 224 321 268
337 224 367 251
342 224 372 247
347 224 377 245
257 228 300 282
262 228 305 281
266 228 311 278
271 228 316 276
276 228 323 273
285 228 329 273
290 228 339 267
304 228 346 266
314 228 352 264
337 228 370 258
342 228 375 255
347 228 379 252
352 228 385 250
247 233 290 288
252 233 295 286
285 233 331 277
309 233 344 273
318 233 360 266
333 233 367 270
337 233 373 263
342 233 376 260
252 238 297 291
257 238 301 289
309 238 345 279
342 238 379 266
347 238 382 259
352 238 388 256
380 238 390 235
266 242 315 291
276 242 323 287
281 242 328 285
285 242 334 284
318 242 363 273
347 242 385 263
352 242 390 261
375 242 388 241
380 242 394 239
247 247 285 297
262 247 307 294
266 247 312 292
314 247 355 289
318 247 362 287
323 247 366 286
352 247 392 265
390 247 401 238
266 252 314 297
271 252 319 295
323 252 371 295
390 252 403 242
394 252 408 241
257 257 301 301
262 257 308 300
271 257 325 299
276 257 332 298
347 257 391 275
352 257 395 274
361 257 401 270
366 257 406 268
361 261 402 275
257 266 307 313
262 266 313 311
333 266 385 284
276 271 333 310
281 271 338 308
285 271 344 305
323 271 377 292
328 271 381 290
333 271 388 289
262 276 314 317
276 276 335 315
281 276 340 313
285 276 344 312
328 276 384 295
266 280 322 321
271 280 329 320
304 280 368 304
333 280 387 300
337 285 391 300
304 290 366 318
257 295 308 333
271 295 333 330
314 295 374 319
