446 91 504 186
452 91 505 192
368 98 479 126
446 98 498 187
381 104 479 132
446 104 492 190
465 104 498 212
381 117 467 137
381 143 428 153
433 143 449 209
439 143 452 214
407 150 437 182
426 150 440 205
439 150 445 217
374 156 415 152
420 163 427 196
439 163 431 218
394 169 413 177
420 169 421 199
426 169 422 204
433 169 425 209
394 176 407 179
413 176 413 193
420 176 415 201
426 176 416 207
433 176 419 212
394 182 401 181
433 182 422 221
439 182 425 228
387 189 387 171
407 189 400 189
433 189 416 224
407 195 395 191
413 195 406 197
420 195 408 203
420 202 402 206
400 221 380 196
420 221 389 219
420 228 375 224
452 228 369 244
413 234 366 221
420 234 368 226
472 234 402 262
413 240 350 216
420 240 357 231
407 253 334 217
426 253 351 242
420 260 342 238
426 260 345 244
361 266 313 184
368 266 315 192
400 266 326 220
413 266 335 241
446 266 342 255
452 266 344 259
400 273 321 221
413 273 324 230
420 273 327 236
446 273 336 258
452 273 338 264
459 273 340 271
465 273 342 276
459 279 335 273
465 279 337 278
426 292 316 250
433 292 319 256
355 299 290 187
381 299 295 216
420 299 308 246
355 305 284 190
368 305 289 205
433 305 305 260
439 305 308 266
361 312 280 201
368 312 282 208
374 312 284 213
387 312 287 222
433 312 300 263
368 318 277 210
374 318 278 216
439 318 299 270
433 325 292 268
439 325 294 273
433 331 286 270
439 331 288 275
452 331 292 284
439 338 280 278
361 351 245 216
433 351 272 275
439 351 273 282
433 357 265 279
439 357 268 285
387 370 242 241
452 370 264 295
368 377 225 224
