464 190 468 192
468 190 472 193
475 190 478 193
479 190 484 195
483 190 487 195
487 190 492 196
490 190 495 197
498 190 502 198
502 190 506 199
509 190 511 199
513 190 516 199
407 194 414 187
411 194 419 188
415 194 424 188
438 194 443 193
441 194 447 194
468 194 471 197
475 194 481 198
483 194 487 199
487 194 491 200
490 194 494 201
513 194 515 204
403 198 409 190
411 198 419 192
475 198 481 203
483 198 486 203
487 198 490 204
411 201 418 197
490 201 494 207
494 201 499 208
506 201 509 209
509 201 514 210
506 205 508 214
509 205 512 215
517 205 517 215
509 209 507 218
513 209 513 219
517 209 518 220
513 213 513 224
403 217 411 212
460 217 459 215
464 217 473 218
517 217 517 226
400 220 406 215
517 220 516 230
407 228 410 221
400 232 403 224
468 232 465 235
513 232 512 239
434 235 430 238
438 235 432 234
441 235 440 236
460 235 455 238
475 235 474 237
479 235 478 238
513 235 511 244
521 235 518 246
441 239 440 241
472 239 468 241
475 239 473 241
438 243 433 246
479 243 472 251
396 247 391 248
434 247 426 249
438 247 432 250
445 247 443 251
479 247 471 256
430 251 422 253
434 251 426 254
441 251 433 254
445 251 437 254
464 251 457 254
468 251 462 254
403 254 400 248
430 254 421 257
434 254 426 257
441 254 432 258
513 254 510 262
434 262 425 266
430 270 419 272
438 273 427 276
426 277 414 280
434 277 421 280
438 277 426 281
430 281 417 285
449 281 436 285
422 285 408 286
434 285 421 288
392 292 379 290
449 292 435 298
456 292 439 299
411 300 394 302
419 300 400 303
426 300 409 304
430 300 413 304
438 300 419 306
441 300 424 307
388 304 371 302
392 304 375 303
396 304 379 303
400 304 383 304
407 304 388 307
411 304 393 307
388 307 370 307
392 307 374 307
396 307 378 307
415 307 394 312
419 307 398 312
422 307 402 312
434 307 413 314
385 311 363 311
388 311 368 312
392 311 372 312
396 311 377 312
403 311 383 314
411 311 389 316
415 311 393 316
419 311 397 317
422 311 401 317
426 311 405 317
453 311 436 318
385 315 362 316
392 315 371 317
407 315 386 319
419 315 396 321
422 315 400 322
430 315 408 322
