439 56 396 81
486 68 418 77
498 68 430 69
456 73 420 92
433 79 404 110
492 79 433 85
415 85 394 117
504 91 462 94
516 91 475 85
510 97 472 96
521 103 494 99
504 109 479 109
498 115 462 108
504 115 468 106
521 115 495 107
527 115 496 97
516 121 502 119
527 121 505 109
362 126 366 200
415 126 450 140
421 126 431 142
492 126 427 220
527 126 508 116
356 132 369 189
403 132 442 147
439 132 455 124
521 132 502 143
327 138 340 241
456 138 429 121
498 138 434 227
521 138 505 149
315 144 333 253
321 144 338 250
362 144 354 239
415 144 377 259
498 144 436 231
309 150 333 258
321 150 341 256
333 150 347 253
392 150 388 178
415 150 380 266
303 156 330 264
427 156 455 138
445 156 426 130
486 156 443 205
433 162 465 142
445 162 471 136
451 162 436 133
468 168 413 263
486 168 436 247
392 180 370 263
409 180 433 169
445 180 470 148
439 186 467 157
409 197 407 266
415 203 449 183
433 203 458 212
421 209 400 271
433 227 433 245
315 250 390 253
321 268 375 287
374 292 429 279
386 292 436 275
