510 106 508 94
494 111 492 94
505 111 500 96
515 111 519 108
494 116 495 104
500 116 501 107
505 116 508 112
443 121 457 99
453 121 463 102
500 121 500 114
505 121 516 130
474 126 472 116
500 126 512 136
427 131 437 109
438 131 445 106
479 131 476 128
484 131 484 132
494 131 503 141
500 131 509 143
427 137 433 114
484 137 479 137
427 142 431 120
484 142 476 144
489 142 483 146
407 152 410 128
427 152 430 136
391 173 386 157
386 183 379 154
407 183 396 159
469 193 457 184
443 245 406 233
484 307 410 284
489 307 413 287
489 312 411 291
500 312 418 298
515 317 427 309
515 322 423 316
510 328 416 320
