359 114 348 123
364 114 354 124
440 114 431 120
462 120 459 125
348 125 338 133
354 125 344 133
359 125 349 133
370 125 360 132
375 125 366 132
440 125 432 128
473 125 464 127
337 131 328 137
343 131 333 138
348 131 338 138
424 131 415 134
430 131 421 134
435 131 425 133
440 131 431 133
446 131 436 132
467 131 460 132
473 131 464 132
337 136 329 143
343 136 333 142
348 136 338 142
430 136 420 139
451 136 449 138
467 136 460 136
473 136 464 136
478 136 469 135
332 141 323 150
337 141 329 149
343 141 333 149
348 141 339 148
467 141 459 141
343 147 334 154
440 147 432 147
462 147 455 146
337 152 330 160
343 152 335 160
354 152 344 157
359 152 349 156
343 158 335 166
354 158 345 164
359 158 350 164
364 158 355 160
424 158 416 156
430 158 421 156
435 158 427 156
354 163 345 170
359 163 351 169
370 163 360 165
397 163 389 167
402 163 393 167
408 163 399 166
413 163 405 166
419 163 411 166
424 163 417 162
430 163 423 162
440 163 433 164
446 163 438 164
451 163 443 164
364 168 357 170
402 168 394 173
408 168 400 173
413 168 405 172
419 168 410 171
424 168 417 172
430 168 422 171
435 168 428 171
440 168 433 171
451 168 444 171
462 168 455 170
402 174 395 177
408 174 400 178
413 174 406 178
419 174 412 179
424 174 418 179
430 174 423 178
440 174 433 177
451 174 444 177
462 174 457 176
343 179 336 191
354 179 346 180
364 179 362 190
375 179 368 185
402 179 396 183
408 179 401 182
413 179 406 183
419 179 412 185
424 179 418 186
430 179 423 186
440 179 434 183
446 179 439 183
467 179 461 185
364 185 357 186
375 185 368 191
402 185 396 190
408 185 401 190
413 185 405 191
424 185 417 192
430 185 424 192
473 185 468 185
327 190 322 194
370 190 364 196
375 190 369 196
402 190 396 196
408 190 402 196
413 190 405 196
419 190 412 198
424 190 418 197
430 190 424 197
440 190 429 199
354 196 346 197
370 196 365 201
381 196 374 202
402 196 395 201
408 196 401 201
413 196 407 204
419 196 411 203
430 196 424 203
446 196 435 205
348 201 340 209
359 201 352 207
364 201 359 206
375 201 369 208
381 201 373 208
397 201 390 206
408 201 401 207
440 201 429 211
446 201 434 210
348 206 341 215
354 206 347 214
370 206 365 213
375 206 369 213
381 206 374 213
392 206 386 212
397 206 392 212
402 206 396 212
424 206 418 216
430 206 423 216
440 206 430 216
446 206 435 216
462 206 457 215
473 206 469 201
348 212 341 220
354 212 347 219
359 212 352 219
364 212 359 219
370 212 365 218
375 212 370 218
381 212 374 218
386 212 380 217
392 212 386 217
397 212 392 218
402 212 398 218
413 212 404 218
424 212 418 221
430 212 423 221
440 212 432 222
446 212 437 222
473 212 469 207
348 217 341 224
359 217 353 224
364 217 360 224
370 217 365 224
375 217 370 223
381 217 374 223
386 217 381 222
397 217 390 223
424 217 418 226
430 217 424 228
435 217 431 228
440 217 436 227
462 217 458 225
327 223 322 248
348 223 342 230
354 223 347 230
359 223 353 230
364 223 358 229
370 223 365 229
375 223 370 229
381 223 374 228
402 223 397 228
408 223 401 228
446 223 443 232
451 223 447 233
348 228 342 236
359 228 354 235
364 228 360 235
370 228 366 234
375 228 371 234
381 228 375 233
386 228 381 233
392 228 386 233
397 228 392 240
402 228 397 234
424 228 420 233
430 228 425 244
473 228 470 225
348 234 349 241
354 234 354 242
359 234 359 240
381 234 376 240
386 234 381 239
392 234 387 239
402 234 397 239
408 234 402 240
419 234 415 238
424 234 420 237
348 239 350 247
354 239 354 246
364 239 365 242
370 239 370 242
397 239 392 246
408 239 403 245
467 239 465 236
354 244 355 252
402 244 397 245
408 244 403 249
457 244 453 242
462 244 459 242
467 244 466 241
327 250 326 258
359 250 360 252
462 250 460 246
370 255 370 252
375 255 374 251
408 255 405 272
413 255 412 272
435 255 433 260
462 255 462 276
354 261 352 287
364 261 361 262
402 261 399 278
430 261 427 260
451 261 451 280
310 266 310 277
386 271 384 279
392 271 388 278
457 271 456 287
310 277 310 283
375 277 377 274
316 282 316 287
321 282 322 288
316 288 317 295
408 293 407 298
440 293 446 301
348 299 351 309
408 299 407 305
430 299 430 309
321 304 324 314
327 304 328 315
332 304 334 314
348 304 352 314
354 304 357 314
364 304 364 312
413 304 413 310
321 309 324 320
327 309 329 320
332 309 334 319
348 309 352 319
354 309 357 319
364 309 364 318
402 309 402 316
430 309 431 315
316 315 318 327
321 315 323 327
327 315 329 327
332 315 335 325
343 315 348 325
348 315 354 324
354 315 358 324
364 315 364 324
419 315 419 317
424 315 424 317
310 320 315 333
316 320 319 333
321 320 324 333
327 320 329 332
343 320 348 330
354 320 359 329
359 320 363 328
408 320 409 322
419 320 419 323
424 320 425 322
430 320 430 322
310 326 315 339
316 326 320 338
321 326 324 338
327 326 329 338
332 326 335 337
364 326 368 334
408 326 408 327
413 326 414 328
419 326 419 327
424 326 424 328
457 326 459 326
462 326 464 326
467 326 468 328
316 331 320 343
321 331 325 343
327 331 330 342
332 331 336 342
413 331 415 336
440 331 441 332
446 331 448 332
462 331 465 332
310 336 315 348
327 336 326 347
332 336 338 347
337 336 348 347
359 336 365 345
381 336 380 345
386 336 387 345
392 336 393 344
332 342 339 352
337 342 347 352
348 342 356 351
354 342 360 351
359 342 366 350
364 342 376 351
381 342 382 350
386 342 388 350
397 342 398 349
402 342 408 349
413 342 417 348
419 342 422 347
424 342 428 347
430 342 431 347
435 342 437 346
337 347 349 357
348 347 355 357
354 347 360 356
359 347 371 357
364 347 376 356
386 347 387 356
419 347 423 353
424 347 428 353
435 347 436 352
440 347 443 351
446 347 449 351
359 353 371 362
381 353 392 362
408 353 410 359
413 353 417 359
430 353 432 358
440 353 443 357
446 353 448 357
457 353 460 355
