364 73 530 128
376 79 534 135
370 86 523 133
376 86 526 137
441 86 494 238
460 86 570 216
370 92 518 137
415 92 539 182
447 92 560 214
408 99 527 180
415 99 532 186
383 105 518 162
402 105 513 181
421 105 535 214
370 111 432 191
383 111 511 166
370 118 410 199
453 131 530 223
357 137 475 153
376 137 488 171
415 137 499 202
428 137 510 205
441 137 515 227
453 137 517 231
460 137 535 231
357 143 462 161
396 143 483 193
402 143 486 198
408 143 489 204
428 143 496 213
434 143 504 223
441 143 507 232
453 143 511 236
460 143 528 234
402 150 479 203
408 150 483 209
428 150 492 224
434 150 496 230
453 150 503 241
428 156 486 227
453 156 498 244
383 163 461 200
421 163 476 223
428 163 480 229
447 163 480 239
383 169 456 203
421 169 475 234
383 176 451 207
357 233 392 200
344 240 309 237
364 240 388 220
447 240 438 257
357 246 383 214
364 246 383 224
421 246 412 257
351 253 373 213
357 253 376 219
370 253 381 233
383 253 389 245
351 259 366 219
447 259 410 286
344 265 352 218
351 265 361 222
466 265 413 300
351 272 357 229
357 272 363 236
402 272 382 267
344 278 344 223
351 278 350 234
402 278 377 270
428 278 387 289
434 278 398 294
370 285 359 246
434 285 391 299
370 291 346 254
376 291 351 261
344 298 331 232
370 298 341 257
383 298 347 265
344 304 327 234
357 323 406 219
338 330 319 235
370 330 327 266
344 336 316 246
357 336 315 260
364 336 320 265
344 342 310 252
383 342 322 281
338 355 293 254
344 355 296 261
351 355 297 268
441 362 333 327
