453 86 500 245
415 92 488 216
453 92 494 246
357 99 474 158
370 99 468 165
408 99 480 216
383 105 468 192
389 105 469 199
389 111 463 200
434 111 474 237
389 118 457 201
408 118 466 213
415 118 468 220
460 118 469 260
402 124 458 208
421 131 448 217
376 137 441 186
383 137 440 193
383 150 413 191
389 150 415 198
396 150 415 206
402 150 418 210
408 150 419 216
389 156 410 199
396 156 410 206
402 156 412 212
408 156 414 224
447 156 414 252
396 169 398 215
408 169 407 226
396 176 392 216
408 176 396 229
402 182 386 224
408 182 389 230
421 188 383 238
415 195 384 232
402 227 342 228
364 233 326 191
370 233 329 201
402 233 335 228
415 233 343 234
344 240 322 176
364 240 320 192
415 240 336 236
421 240 337 242
441 240 343 260
351 246 317 183
364 246 315 197
370 246 317 204
408 246 327 231
415 246 329 237
441 246 335 262
344 253 308 178
351 253 310 185
357 253 313 192
364 253 310 199
402 253 320 227
408 253 321 232
415 253 322 238
421 253 324 244
441 253 328 263
364 259 302 202
408 259 313 234
447 259 319 272
441 272 304 268
351 278 285 193
396 278 295 230
428 278 308 262
415 285 299 249
415 317 272 256
344 323 253 194
415 323 266 256
421 323 267 263
447 323 271 283
338 330 244 187
344 330 247 195
415 330 260 258
338 336 236 190
344 336 239 196
415 336 255 260
421 336 255 268
344 342 233 197
447 342 252 285
344 349 227 198
383 349 235 232
389 349 236 238
434 349 245 277
428 355 237 273
434 355 238 279
441 355 238 284
