492 102 391 72
499 102 399 68
499 108 402 74
505 114 414 76
511 114 422 73
517 114 430 70
511 120 424 82
517 120 432 78
523 126 441 78
529 126 450 74
535 126 458 71
523 132 442 84
529 132 453 79
535 132 466 75
523 138 457 84
529 138 462 83
535 138 470 80
468 144 408 119
474 144 415 117
480 144 422 114
517 144 451 94
523 144 457 92
529 144 465 90
535 144 473 88
456 151 399 129
462 151 406 127
468 151 411 125
474 151 417 122
480 151 424 120
523 151 459 99
529 151 468 98
462 157 408 134
468 157 413 131
474 163 419 129
480 163 426 127
456 169 397 145
468 169 416 139
474 169 423 136
480 169 428 135
456 175 398 151
462 175 404 149
468 175 419 146
474 175 426 144
456 181 395 159
468 181 421 152
480 181 433 148
437 187 377 174
444 187 382 168
462 187 417 161
468 187 423 159
480 187 436 154
511 187 469 140
444 193 383 175
450 193 390 172
468 193 426 165
474 193 432 162
480 193 439 159
486 193 451 153
505 193 465 149
437 200 382 187
444 200 387 180
468 200 428 171
474 200 435 168
480 200 441 166
505 200 469 154
444 206 390 187
456 206 417 182
480 206 443 171
486 206 450 169
492 206 458 167
499 206 466 164
437 212 385 197
444 212 393 194
450 212 400 191
462 212 425 185
480 212 445 177
486 212 452 175
492 212 461 171
450 218 402 197
456 218 416 196
480 218 448 183
425 224 384 212
431 224 391 209
462 224 428 196
480 224 451 190
486 224 458 187
431 230 394 216
456 230 423 204
462 230 431 202
468 230 437 200
474 230 445 197
480 230 454 197
486 230 466 194
419 236 383 227
425 236 389 224
431 236 396 222
444 236 413 216
450 236 420 213
456 236 427 210
462 236 435 208
468 236 441 206
474 236 450 203
480 236 462 202
419 242 386 233
425 242 392 230
431 242 399 228
444 242 415 222
450 242 422 219
456 242 430 216
462 242 438 214
468 242 446 211
474 242 456 211
413 248 385 240
425 248 395 237
431 248 402 234
437 248 411 231
444 248 417 229
450 248 425 226
456 248 434 223
462 248 442 220
468 248 451 216
413 255 387 246
419 255 394 245
431 255 408 240
437 255 414 238
444 255 420 235
450 255 430 233
456 255 438 230
462 255 444 227
468 255 455 222
407 261 383 254
413 261 390 252
419 261 396 251
425 261 403 248
431 261 410 246
437 261 417 244
444 261 424 241
450 261 432 239
456 261 440 236
462 261 451 235
407 267 386 262
413 267 392 259
419 267 399 257
425 267 406 254
431 267 413 251
437 267 420 249
444 267 427 247
450 267 435 245
456 267 446 242
462 267 455 241
395 273 375 272
407 273 389 268
413 273 396 265
419 273 403 263
425 273 415 260
431 273 422 256
437 273 429 254
444 273 435 252
450 273 441 250
456 273 449 248
388 279 371 281
395 279 378 279
407 279 392 274
413 279 399 272
419 279 413 268
425 279 417 266
431 279 425 264
437 279 432 261
444 279 438 259
450 279 445 257
456 279 453 255
388 285 374 287
395 285 381 285
407 285 395 280
413 285 407 277
419 285 414 275
425 285 420 273
431 285 426 270
437 285 434 268
444 285 442 266
450 285 449 264
456 285 461 262
388 291 378 294
395 291 385 291
401 291 392 289
407 291 402 286
413 291 410 284
419 291 417 281
425 291 424 279
431 291 431 277
437 291 437 274
444 291 446 273
382 297 374 303
388 297 380 300
395 297 391 297
401 297 398 295
407 297 405 293
413 297 413 290
419 297 420 288
425 297 427 286
431 297 434 284
437 297 439 282
444 297 451 278
395 304 394 303
401 304 400 301
407 304 407 299
413 304 414 296
425 304 434 290
431 304 441 288
437 304 447 287
388 310 389 313
395 310 396 310
401 310 403 308
407 310 409 304
419 310 430 299
425 310 437 297
431 310 444 295
401 316 406 314
407 316 413 310
413 316 426 308
419 316 433 306
425 316 441 303
431 316 447 301
388 322 396 325
395 322 403 323
401 322 408 321
407 322 417 318
413 322 427 315
419 322 436 313
395 328 405 329
401 328 412 326
407 328 420 324
395 334 409 335
401 334 418 333
407 334 430 333
376 340 397 349
370 346 390 358
376 346 398 356
382 346 406 352
352 353 373 365
358 353 379 363
364 353 389 366
370 353 394 364
376 353 400 361
382 353 408 359
388 353 415 356
358 359 383 374
364 359 390 372
370 359 397 370
382 359 411 366
388 359 418 364
395 359 425 362
