402 178 444 326
413 182 434 326
413 185 431 318
416 185 427 319
427 185 422 325
413 189 428 314
424 189 420 319
438 189 413 325
442 189 409 328
464 189 402 334
402 192 439 197
409 196 408 293
420 196 421 312
424 196 418 313
453 200 420 200
456 200 416 202
482 200 390 301
366 203 470 284
377 214 415 244
482 214 386 288
485 214 369 294
384 218 411 247
413 218 402 270
373 229 478 250
362 232 490 239
366 232 461 243
373 232 457 245
391 232 473 258
377 236 473 247
442 240 394 274
362 247 481 224
377 247 448 238
464 247 380 266
431 250 401 256
359 254 487 235
445 258 385 257
449 258 382 259
442 261 387 251
445 261 384 254
438 265 391 246
442 265 387 248
416 268 429 242
369 276 473 226
388 279 450 233
384 283 453 226
391 294 447 249
395 297 442 247
398 297 438 248
409 305 403 239
402 308 409 232
377 319 402 183
402 319 388 186
406 319 384 187
