433 183 451 181
437 183 440 181
444 183 463 182
447 183 466 182
451 183 470 182
458 183 494 182
462 183 498 183
411 186 426 184
415 186 430 184
422 186 438 184
426 186 442 184
444 186 463 186
447 186 467 187
451 186 471 187
454 186 498 188
458 186 502 189
462 186 506 188
465 186 510 189
469 186 514 189
379 190 411 185
411 190 426 188
415 190 430 189
419 190 434 188
422 190 438 188
433 190 478 191
444 190 463 191
451 190 473 191
458 190 503 192
465 190 510 193
469 190 514 193
451 193 470 196
458 193 504 196
469 193 513 197
444 197 461 199
451 197 497 198
454 197 492 200
469 197 513 201
368 201 402 195
444 201 461 202
454 201 492 204
458 201 497 203
469 201 513 205
472 201 517 206
440 204 457 205
444 204 461 206
454 204 493 207
469 204 513 209
472 204 517 210
469 208 511 213
472 208 516 213
476 208 519 214
376 211 409 211
386 211 417 211
462 211 504 214
465 211 507 214
476 211 519 219
383 215 413 215
386 215 417 215
444 215 483 217
462 215 503 218
465 215 507 218
469 215 511 221
476 215 519 223
422 219 439 224
444 219 484 220
458 219 499 221
462 219 503 221
469 219 510 225
365 222 401 222
372 222 408 223
415 222 432 228
419 222 436 225
440 222 479 219
458 222 499 224
462 222 503 225
465 222 507 228
469 222 510 230
479 222 521 231
372 226 407 227
419 226 436 228
440 226 479 223
444 226 484 222
469 226 510 233
472 226 513 234
476 226 517 234
479 226 521 235
372 229 405 230
419 229 435 232
422 229 439 232
440 229 479 227
469 229 511 237
472 229 514 237
419 233 435 236
422 233 439 237
479 233 518 242
462 236 482 244
465 236 486 244
404 240 415 242
408 240 418 243
451 240 471 244
465 240 486 248
376 244 407 242
401 244 411 246
419 244 435 240
404 247 419 247
411 247 431 244
422 247 438 245
458 247 491 236
411 251 431 249
419 251 435 249
415 254 433 253
422 254 438 253
426 254 441 253
429 254 446 254
437 254 453 254
379 258 403 254
404 258 419 258
411 258 426 255
415 258 431 256
429 258 445 257
465 258 501 245
394 262 413 259
408 262 422 260
411 262 426 260
415 262 431 260
419 262 436 259
422 262 441 260
383 265 406 259
408 265 422 266
411 265 426 263
415 265 433 263
419 265 436 263
422 265 441 264
408 269 422 270
411 269 426 268
415 269 433 267
419 269 437 267
422 269 440 268
429 269 444 269
411 272 425 274
415 272 433 271
419 272 437 272
411 276 425 278
415 276 433 276
419 276 437 276
422 276 440 276
458 276 472 278
462 276 477 278
404 279 421 280
415 279 432 280
419 279 436 280
422 279 440 281
429 279 444 281
469 279 484 283
383 283 404 282
411 283 425 283
415 283 428 284
419 283 437 284
422 283 440 285
429 283 444 285
433 283 448 284
437 283 452 285
440 283 460 286
458 283 472 287
462 283 476 287
465 283 479 287
469 283 484 287
472 283 488 287
376 287 385 288
379 287 392 286
383 287 395 286
386 287 408 286
390 287 412 286
411 287 425 287
419 287 436 288
422 287 441 289
426 287 443 289
433 287 448 289
469 287 484 291
376 290 388 289
379 290 392 289
383 290 395 290
411 290 428 291
419 290 435 292
422 290 440 292
426 290 443 293
376 294 388 293
379 294 392 293
383 294 395 293
386 294 400 293
390 294 404 294
419 294 435 295
422 294 431 295
433 294 447 297
440 294 451 296
451 294 466 295
411 297 428 296
433 297 446 300
447 297 461 299
451 297 466 299
404 304 407 302
408 304 411 302
411 304 414 302
415 304 419 303
415 308 418 306
440 308 438 308
404 312 406 306
408 312 410 306
444 312 442 311
451 312 450 309
454 312 454 309
404 315 406 310
451 315 450 312
454 315 454 312
386 319 386 308
390 319 391 308
394 319 395 309
397 319 402 304
451 319 449 317
390 322 390 312
394 322 394 313
397 322 399 313
422 322 410 318
426 322 414 318
386 326 383 316
394 326 394 316
408 330 430 315
411 330 434 315
390 333 414 321
