435 91 438 80
446 91 451 80
413 96 425 84
419 102 432 86
435 102 442 94
458 102 461 94
463 102 467 96
435 107 443 99
469 107 476 110
357 113 380 103
430 113 436 104
446 113 452 107
352 118 373 102
352 124 373 108
441 141 447 118
446 141 452 118
352 146 365 132
380 157 385 123
474 157 475 123
469 180 477 157
374 219 378 163
352 252 367 204
446 252 453 203
380 257 390 214
441 257 445 208
446 257 453 209
374 274 388 195
346 280 371 217
346 285 371 222
435 291 451 222
458 291 456 216
463 291 465 218
469 291 471 218
346 296 370 234
463 296 465 222
469 296 470 224
369 302 394 231
463 302 464 227
480 302 486 232
374 308 400 235
458 308 455 235
463 308 463 234
469 308 469 234
474 308 479 237
508 308 515 248
452 313 443 239
458 313 460 241
463 313 465 240
474 313 478 243
463 319 465 247
