0.08479596674442291 0.9505175948143005 0.298874706029892 -0.09410455822944641 
0.801846444606781 -0.2431566119194031 0.5458180904388428 -0.2537771761417389 
0.5914829969406128 0.1933683902025223 -0.7827877998352051 0.2292519807815552 
0 0 0 1 

0.2116710394620895 0.9406595826148987 0.2652450501918793 -0.09232327342033386 
0.8192911744117737 -0.3187536597251892 0.4766107499599457 -0.2343892008066177 
0.5328763127326965 0.1164282709360123 -0.8381449580192566 0.2514411211013794 
0 0 0 1 

0.6043024659156799 0.7266597747802734 0.3267784416675568 -0.1444338858127594 
0.4654264152050018 0.01093617454171181 -0.8850190043449402 0.2442198544740677 
-0.6466813683509827 0.6869103908538818 -0.3315978348255157 0.1846745759248734 
0 0 0 1 

0.3207638263702393 0.7141991257667542 0.6221174597740173 -0.2076074928045273 
0.0684482604265213 -0.6725863218307495 0.7368462085723877 -0.264419287443161 
0.9446826577186584 -0.193770706653595 -0.2646270394325256 0.03692524880170822 
0 0 0 1 

0.4261353313922882 0.5813143253326416 0.6931684017181396 -0.2364316284656525 
0.02600777707993984 -0.7737756967544556 0.6329256296157837 -0.2258000075817108 
0.9042855501174927 -0.2516842186450958 -0.3448518216609955 0.06609859317541122 
0 0 0 1 

0.5297408699989319 0.4652048945426941 0.7091957926750183 -0.2472598552703857 
-0.008958114311099052 -0.8330429792404175 0.5531352162361145 -0.193761482834816 
0.8481120467185974 -0.2993713617324829 -0.4371294379234314 0.09833216667175293 
0 0 0 1 

0.562947154045105 0.354758232831955 0.7464830279350281 -0.2592571973800659 
-0.04075786098837852 -0.8901784420013428 0.453784853219986 -0.1564306020736694 
0.8254872560501099 -0.2858819663524628 -0.4866642355918884 0.1160983070731163 
0 0 0 1 

0.629701554775238 0.2450339645147324 0.7371798753738403 -0.2579637765884399 
-0.07005308568477631 -0.9271727204322815 0.3680260181427002 -0.1247981414198875 
0.7736719846725464 -0.2833882570266724 -0.5666768550872803 0.144850417971611 
0 0 0 1 

0.6371217370033264 0.160626158118248 0.7538402676582336 -0.2611769437789917 
-0.07234853506088257 -0.9612630605697632 0.2659697830677032 -0.08858873695135117 
0.7673602104187012 -0.2239944040775299 -0.6008205413818359 0.1565067172050476 
0 0 0 1 

0.6356104612350464 0.1268988996744156 0.7615086436271667 -0.2627415657043457 
-0.08615630865097046 -0.9685764908790588 0.2333172410726547 -0.07642152905464172 
0.7671870589256287 -0.2139078080654144 -0.604704737663269 0.1582093387842178 
0 0 0 1 

