499 90 457 73
505 90 463 70
511 90 470 67
517 90 476 65
499 102 460 78
474 109 420 117
480 109 427 115
486 109 432 113
535 115 490 76
480 121 430 124
529 127 504 134
535 127 510 132
541 133 520 135
548 133 526 133
432 139 412 121
529 139 502 151
541 139 517 146
548 139 525 142
426 145 408 129
432 145 414 127
438 145 406 149
444 145 416 153
548 145 525 147
554 145 533 145
426 151 410 136
438 151 412 162
493 151 471 170
499 151 477 168
407 157 380 165
426 157 399 166
432 157 408 171
438 157 414 168
511 157 486 171
523 157 501 167
395 164 369 170
419 164 395 175
426 164 405 181
432 164 410 179
444 164 419 173
468 164 446 185
474 164 452 184
493 164 480 171
548 164 529 156
383 170 357 180
389 170 365 179
401 170 379 181
413 170 391 186
419 170 400 188
426 170 406 188
432 170 412 186
450 170 433 191
456 170 439 191
480 170 461 189
486 170 469 186
541 170 520 156
554 170 536 153
377 176 352 186
383 176 362 190
389 176 374 186
395 176 376 190
401 176 382 189
407 176 387 195
413 176 394 194
419 176 400 196
426 176 407 195
432 176 415 193
444 176 426 195
456 176 439 197
541 176 521 165
548 176 530 160
554 176 538 158
364 182 345 193
377 182 353 191
383 182 367 202
389 182 373 198
395 182 380 198
413 182 399 204
419 182 405 203
426 182 411 202
438 182 423 205
444 182 429 204
450 182 436 206
456 182 443 203
511 182 477 200
541 182 521 173
548 182 527 170
364 188 349 202
377 188 361 205
383 188 369 207
389 188 376 206
395 188 383 211
407 188 394 210
413 188 401 211
419 188 407 211
426 188 414 210
438 188 426 211
444 188 431 211
499 188 493 186
535 188 479 215
352 194 339 212
358 194 346 210
364 194 353 216
383 194 373 216
389 194 379 216
395 194 386 218
401 194 393 216
407 194 397 219
413 194 404 219
419 194 409 219
438 194 427 218
499 194 495 192
523 194 485 206
340 200 329 218
352 200 342 219
358 200 348 219
364 200 355 223
377 200 368 225
383 200 375 225
389 200 382 224
395 200 389 225
407 200 399 227
413 200 405 226
419 200 411 224
517 200 507 186
523 200 487 210
340 206 332 226
352 206 344 228
358 206 352 231
371 206 364 233
377 206 370 233
383 206 377 233
389 206 384 233
395 206 391 232
480 206 446 145
499 206 491 200
505 206 497 197
517 206 509 191
334 212 329 234
340 212 334 232
346 212 341 236
352 212 348 240
358 212 354 239
371 212 367 241
377 212 373 241
383 212 379 240
389 212 386 241
401 212 396 240
322 218 320 244
328 218 326 243
334 218 331 242
346 218 345 248
352 218 350 247
358 218 356 246
371 218 369 248
377 218 376 248
383 218 381 249
505 218 493 208
316 224 316 254
322 224 322 252
328 224 329 250
334 224 337 252
346 224 348 255
352 224 353 255
358 224 359 254
371 224 372 256
377 224 378 255
419 224 469 201
316 231 319 261
322 231 325 258
328 231 331 256
334 231 339 261
346 231 350 264
352 231 356 263
358 231 362 262
371 231 374 262
377 231 380 261
383 231 385 259
395 231 447 213
450 231 443 157
304 237 310 262
316 237 322 268
322 237 328 266
328 237 336 270
334 237 342 269
340 237 346 272
346 237 352 271
352 237 358 270
358 237 365 268
389 237 409 248
456 237 451 161
468 237 464 229
474 237 470 227
480 237 477 224
297 243 306 272
304 243 313 271
316 243 325 275
322 243 332 278
328 243 338 277
346 243 354 276
352 243 360 275
468 243 465 235
474 243 472 233
480 243 477 230
291 249 303 281
297 249 309 280
304 249 315 280
316 249 327 283
322 249 335 284
328 249 340 285
340 249 350 282
358 249 411 241
364 249 419 237
389 249 410 257
468 249 467 241
480 249 476 238
291 255 305 290
297 255 311 289
304 255 317 286
316 255 330 290
328 255 342 290
340 255 353 287
346 255 358 285
352 255 364 283
364 255 414 249
450 255 453 247
462 255 463 246
480 255 478 245
291 261 308 297
297 261 314 295
304 261 323 299
316 261 332 297
322 261 338 296
334 261 348 295
340 261 354 292
346 261 360 290
377 261 393 271
383 261 401 269
456 261 462 252
468 261 471 250
285 267 307 306
291 267 310 304
297 267 316 302
310 267 328 305
316 267 334 303
322 267 340 300
334 267 401 253
371 267 382 283
383 267 403 275
291 273 313 310
291 279 316 315
297 279 322 314
358 279 373 286
371 279 386 290
377 279 393 288
383 279 399 287
389 279 404 284
304 286 337 310
340 286 441 237
352 286 370 295
358 286 376 294
377 286 395 294
383 286 400 292
389 286 406 290
297 292 326 322
304 292 339 316
371 292 388 299
383 292 402 298
389 292 407 297
358 298 374 302
364 298 381 300
371 298 390 305
377 298 397 304
346 304 360 308
316 310 348 322
358 310 368 314
358 322 389 320
