379 178 340 205
388 178 351 204
397 178 365 200
402 178 376 197
370 183 332 208
374 183 336 210
370 188 331 214
374 192 335 217
356 196 316 219
415 210 371 239
438 210 396 244
446 210 401 245
366 214 329 233
370 214 335 234
424 214 378 246
428 214 383 247
438 214 394 250
366 219 328 238
370 219 334 239
374 228 339 250
330 232 257 279
469 237 421 278
460 242 410 277
464 242 416 278
420 250 373 271
420 255 371 278
424 260 377 284
424 264 375 291
338 268 283 315
343 268 282 323
428 268 377 298
428 273 375 304
433 273 381 303
312 278 248 298
325 282 261 300
320 286 258 312
374 286 295 324
374 291 294 330
379 291 298 331
406 322 321 353
402 327 314 359
406 327 319 360
406 332 318 364
406 340 320 373
410 340 326 373
420 340 331 375
424 340 337 376
415 345 330 379
