504 132 444 88
509 132 451 86
537 143 465 81
531 154 461 91
537 154 467 90
526 165 457 105
531 165 463 103
537 165 469 97
553 165 490 98
526 170 458 111
537 170 470 105
548 170 486 107
553 170 492 104
449 176 435 111
454 176 442 110
531 176 464 112
537 176 470 111
548 176 487 112
564 176 530 120
437 181 401 159
443 181 430 118
564 181 533 131
432 187 397 167
515 187 454 135
526 187 461 132
564 187 534 138
426 192 392 174
443 192 394 183
471 192 512 166
504 192 447 136
537 192 489 169
509 198 455 141
415 203 386 184
553 203 530 154
415 214 384 198
449 214 447 243
498 214 462 162
542 214 525 164
437 225 401 187
504 225 477 208
426 231 395 197
493 231 472 188
460 236 425 192
471 236 431 189
476 236 436 188
504 236 496 195
454 242 418 199
460 242 424 198
471 242 432 195
476 242 437 194
504 242 497 203
460 247 425 203
465 247 432 203
498 247 492 210
504 247 499 209
443 253 408 215
449 253 415 214
454 253 421 212
460 253 429 211
471 253 450 214
476 253 455 214
493 253 503 196
443 259 446 157
449 259 417 220
465 259 444 221
471 259 450 220
482 259 481 230
493 259 493 221
443 264 417 227
449 264 423 226
454 264 430 225
460 264 438 225
465 264 445 227
471 264 453 227
476 264 471 239
482 264 442 307
437 270 412 230
443 270 418 233
449 270 425 233
454 270 432 232
476 270 472 246
349 275 343 279
355 275 349 277
437 275 412 242
443 275 420 241
355 281 351 284
449 281 437 251
355 286 352 290
338 292 348 272
421 292 403 264
437 292 433 267
415 297 400 271
421 297 412 273
426 297 421 275
432 297 426 273
437 297 454 270
449 297 462 269
399 303 384 279
404 303 392 280
410 303 398 280
415 303 406 279
426 303 422 281
432 303 428 280
437 303 456 276
344 308 381 321
393 308 380 286
399 308 386 285
404 308 394 287
410 308 400 286
415 308 408 286
421 308 422 289
426 308 429 289
437 308 457 281
344 314 382 329
393 314 381 293
399 314 390 296
404 314 397 295
410 314 404 294
415 314 411 293
421 314 424 297
388 319 384 306
399 319 392 303
404 319 398 302
410 319 405 301
415 319 412 301
371 325 409 257
393 325 393 311
399 325 398 309
327 330 330 331
393 330 394 318
399 330 424 327
404 330 430 325
360 336 414 249
333 341 334 337
366 341 421 254
333 347 335 343
333 352 336 350
338 352 342 348
360 352 364 345
366 352 402 360
338 358 344 356
349 358 350 355
355 358 358 355
360 358 365 353
