542 165 451 97
548 170 461 103
520 181 447 105
564 181 516 123
564 187 517 129
504 198 442 121
542 209 513 144
504 214 449 155
493 220 442 164
493 242 480 200
498 242 486 199
509 242 492 198
476 247 452 205
482 247 459 206
487 247 465 205
482 253 460 212
487 253 481 214
482 259 470 224
471 264 456 242
482 264 471 232
443 270 402 223
426 275 408 243
432 275 392 231
437 275 397 231
443 275 404 231
443 281 414 243
449 281 420 242
443 286 414 249
421 292 386 253
432 292 410 257
437 292 416 256
449 292 454 257
404 297 376 262
421 297 398 266
426 297 405 266
432 297 411 265
404 303 375 269
410 303 383 269
415 303 392 273
426 303 422 282
432 303 427 282
399 308 370 277
404 308 376 277
410 308 402 286
421 308 422 289
421 314 426 297
415 319 420 305
366 352 360 345
