414 169 418 178
425 174 421 185
403 180 404 183
414 180 407 189
414 185 406 195
408 190 398 202
386 201 372 215
392 201 377 218
408 201 393 214
457 201 450 210
386 207 370 222
430 207 417 219
436 207 424 218
392 212 371 228
441 212 436 219
468 212 454 226
386 218 361 234
392 218 367 234
397 218 375 232
403 218 381 232
408 218 387 232
430 218 415 230
381 223 354 239
386 223 360 240
392 223 367 242
397 223 376 244
403 223 381 238
408 223 385 239
441 223 434 233
457 223 439 236
463 223 446 235
408 229 380 245
414 229 386 244
419 229 398 242
430 229 415 235
397 234 365 248
408 234 378 251
414 234 386 250
408 240 376 258
414 240 383 258
419 240 391 259
294 245 279 247
305 245 288 248
316 250 302 252
321 250 307 252
430 250 396 266
425 256 390 271
441 256 400 274
