521 132 398 107
533 132 402 100
508 144 400 117
521 144 404 111
502 150 400 126
539 150 419 102
478 156 394 140
521 156 411 126
527 156 415 119
539 156 425 105
387 163 315 284
472 163 396 150
478 163 398 143
472 169 401 153
277 175 292 322
362 175 345 241
369 175 348 233
454 175 394 167
472 175 407 158
514 175 414 134
533 175 427 116
326 181 330 276
338 181 335 269
454 181 401 171
466 181 406 164
472 181 414 162
533 181 443 120
265 187 294 332
271 187 297 326
277 187 301 319
362 187 352 246
369 187 359 242
466 187 411 168
478 187 423 160
490 187 428 152
502 187 427 145
271 193 303 330
277 193 307 323
283 193 350 342
362 193 356 250
466 193 416 172
472 193 423 167
496 193 434 149
508 193 435 143
271 199 309 333
277 199 313 327
362 199 363 254
435 199 409 182
441 199 411 178
472 199 428 171
478 199 432 165
490 199 436 157
496 199 440 152
508 199 442 147
369 205 374 254
435 205 414 189
441 205 418 183
472 205 432 173
478 205 436 169
490 205 442 161
496 205 446 156
271 211 316 340
277 211 320 333
289 211 324 323
296 211 328 319
326 211 379 308
356 211 369 273
362 211 376 264
460 211 430 181
277 217 324 337
289 217 329 329
350 217 374 277
356 217 378 272
362 217 381 267
375 217 387 258
381 217 390 253
448 217 432 190
460 217 435 185
478 217 445 173
277 223 328 344
332 223 411 312
350 223 379 281
362 223 385 273
399 223 407 239
417 223 418 226
435 223 426 214
472 223 446 182
478 223 451 178
277 229 334 348
356 229 386 285
362 229 390 277
369 229 395 270
381 229 402 260
393 229 409 248
399 229 412 243
411 229 419 235
417 229 423 230
423 229 427 225
466 229 447 191
496 229 469 173
508 229 475 166
514 229 479 160
521 229 483 153
277 236 341 353
283 236 345 347
302 236 357 329
320 236 310 307
356 236 391 289
369 236 400 274
411 236 425 239
417 236 428 234
466 236 454 194
514 236 484 164
277 242 348 357
283 242 352 350
289 242 354 344
296 242 358 339
356 242 396 293
362 242 401 287
381 242 408 265
387 242 411 259
393 242 416 253
405 242 420 247
472 242 451 186
496 242 478 178
277 248 352 362
283 248 358 355
289 248 360 350
350 248 391 307
356 248 396 302
362 248 407 292
369 248 408 280
375 248 412 275
381 248 415 268
387 248 419 264
393 248 423 259
411 248 437 248
472 248 458 191
277 254 358 367
283 254 363 359
289 254 365 353
296 254 365 344
302 254 369 338
369 254 415 285
375 254 418 279
381 254 421 273
387 254 425 267
393 254 428 263
277 260 364 372
283 260 368 364
289 260 373 358
320 260 377 323
326 260 380 319
369 260 422 290
375 260 424 284
381 260 427 278
387 260 431 271
393 260 434 266
411 260 452 242
514 260 493 136
289 266 379 362
296 266 383 354
302 266 386 348
332 266 387 322
338 266 391 317
356 266 422 300
369 266 426 294
375 266 429 287
381 266 433 282
387 266 436 277
283 272 381 373
289 272 385 364
332 272 392 327
344 272 410 328
