508 138 359 122
521 138 360 115
527 138 361 109
435 150 358 216
441 150 359 209
533 150 369 104
539 150 376 97
381 156 359 256
387 156 359 249
539 156 383 98
490 163 394 153
539 163 389 98
350 169 362 290
362 169 364 277
320 175 363 324
326 175 364 310
429 175 391 134
350 181 374 292
362 181 375 285
350 187 380 294
362 187 380 285
369 187 381 280
381 187 383 266
399 187 387 246
405 187 387 240
429 187 391 227
435 187 388 194
460 187 391 179
277 193 422 371
283 193 422 366
387 193 389 267
423 193 395 233
429 193 397 228
490 193 414 152
533 193 415 104
381 199 392 274
387 199 396 268
399 199 381 160
405 199 383 154
423 199 401 234
466 199 412 176
478 199 415 165
484 199 416 158
496 199 421 149
369 205 396 282
381 205 397 275
472 205 418 172
478 205 419 165
484 205 421 159
271 211 395 382
326 211 384 320
369 211 402 282
387 211 405 268
271 217 401 384
344 217 411 309
362 217 415 289
369 217 416 283
375 217 417 277
387 217 410 268
271 223 407 384
362 223 421 290
369 223 422 284
375 223 422 279
399 223 428 251
405 223 429 245
271 229 413 385
314 229 364 350
356 229 426 294
369 229 427 285
375 229 428 279
381 229 430 273
277 236 421 380
320 236 441 347
356 236 434 294
369 236 435 285
320 242 448 348
326 242 449 343
350 242 425 218
356 242 440 295
369 242 441 286
375 242 443 280
381 242 443 274
417 242 458 223
429 242 458 230
454 242 464 191
466 242 465 178
356 248 446 296
375 248 448 281
381 248 449 276
399 248 454 244
429 248 463 231
350 254 439 306
399 254 462 244
405 254 464 237
417 254 466 226
277 260 448 383
350 260 445 308
393 260 461 252
411 260 469 232
289 266 455 377
356 266 468 298
362 266 468 293
375 266 469 285
387 266 467 263
393 266 467 258
399 266 468 251
289 272 463 377
296 272 464 372
302 272 465 365
308 272 466 359
314 272 468 352
320 272 468 345
326 272 468 339
344 272 471 312
296 278 469 373
308 278 470 365
314 278 471 352
