265 75 301 83
269 75 304 83
273 75 308 82
276 75 311 82
319 75 359 84
257 79 287 88
265 79 300 87
273 79 308 87
319 79 348 88
358 79 374 84
265 82 296 93
269 82 300 93
362 82 379 88
370 82 389 87
253 86 277 95
261 86 295 97
265 86 299 97
280 86 312 98
308 86 339 96
362 86 382 93
370 86 390 91
253 90 277 99
261 90 296 101
296 90 328 100
300 90 332 100
304 90 336 100
308 90 339 100
370 90 387 94
284 94 317 105
288 94 321 104
300 94 332 104
308 94 339 104
316 94 348 103
370 94 388 97
374 94 392 97
241 98 262 107
253 98 277 107
257 98 280 107
296 98 327 108
304 98 332 109
308 98 340 108
312 98 343 107
316 98 348 108
362 98 379 103
370 98 388 102
245 102 265 108
249 102 268 107
253 102 272 107
257 102 281 110
261 102 284 111
292 102 324 112
296 102 328 112
308 102 340 112
312 102 344 112
316 102 348 112
319 102 352 112
354 102 374 103
241 106 261 112
249 106 268 111
288 106 320 117
292 106 325 116
296 106 329 116
300 106 333 116
304 106 336 116
308 106 340 116
312 106 344 116
316 106 348 115
319 106 352 116
351 106 371 107
354 106 374 107
241 110 261 116
245 110 264 115
249 110 269 114
292 110 324 121
296 110 329 120
300 110 333 120
304 110 336 119
308 110 339 119
312 110 344 119
316 110 347 119
319 110 352 119
327 110 356 120
331 110 360 119
351 110 372 111
241 114 261 123
245 114 265 122
296 114 328 124
312 114 343 123
316 114 348 122
319 114 352 122
327 114 357 123
331 114 360 123
354 114 372 119
358 114 377 118
362 114 380 117
366 114 384 117
261 118 291 129
296 118 328 128
300 118 332 127
304 118 335 127
308 118 339 126
312 118 343 126
316 118 348 126
319 118 352 126
327 118 357 126
331 118 360 126
351 118 373 123
354 118 376 123
362 118 380 122
245 122 266 130
265 122 296 131
269 122 300 130
276 122 306 130
280 122 309 130
284 122 313 129
351 122 373 126
354 122 376 126
358 122 380 126
257 125 286 134
269 125 298 134
273 125 302 134
276 125 305 134
280 125 310 134
284 125 313 133
288 125 317 132
292 125 324 132
296 125 329 133
300 125 333 132
308 125 337 133
312 125 344 133
319 125 348 132
323 125 352 132
327 125 356 132
331 125 360 132
339 125 365 131
362 125 383 130
269 129 310 149
280 129 309 138
284 129 313 137
288 129 317 137
292 129 321 137
296 129 328 137
300 129 333 136
312 129 345 138
316 129 348 136
327 129 356 136
331 129 360 136
343 129 369 136
354 129 380 136
370 129 389 135
241 133 262 142
245 133 267 139
253 133 278 142
261 133 285 137
265 133 289 137
304 133 337 140
312 133 342 140
319 133 349 139
327 133 357 140
331 133 360 140
335 133 363 140
343 133 369 140
347 133 374 139
351 133 377 139
354 133 380 139
362 133 383 138
370 133 389 139
245 137 267 143
249 137 274 146
261 137 285 141
265 137 289 141
269 137 293 141
308 137 338 144
312 137 342 143
316 137 345 143
319 137 350 143
323 137 353 144
327 137 358 144
331 137 360 144
335 137 363 144
343 137 369 143
347 137 373 143
351 137 377 143
354 137 381 142
362 137 384 142
366 137 385 145
245 141 270 150
249 141 274 149
253 141 281 150
257 141 286 150
261 141 286 146
269 141 299 149
273 141 302 149
304 141 334 148
308 141 338 147
312 141 342 147
316 141 345 147
319 141 350 147
323 141 353 148
327 141 357 148
331 141 360 148
339 141 366 147
343 141 370 147
347 141 374 147
351 141 377 147
354 141 381 146
362 141 382 149
366 141 385 148
245 145 270 154
253 145 281 154
257 145 286 153
261 145 291 154
265 145 296 155
269 145 299 154
273 145 302 153
308 145 339 152
312 145 342 152
316 145 346 151
319 145 349 152
323 145 353 152
327 145 357 152
331 145 360 152
339 145 367 151
343 145 370 151
347 145 374 150
351 145 378 151
249 149 274 155
253 149 282 158
257 149 287 158
261 149 292 159
265 149 296 159
269 149 300 158
273 149 304 158
276 149 307 157
308 149 339 156
312 149 343 155
316 149 346 155
319 149 349 156
323 149 353 156
327 149 357 156
331 149 360 156
339 149 367 155
343 149 371 154
347 149 374 154
351 149 377 158
245 153 267 158
249 153 275 158
253 153 282 163
257 153 287 162
261 153 292 162
265 153 296 162
269 153 300 162
273 153 304 162
276 153 307 161
280 153 310 160
304 153 337 160
312 153 345 159
319 153 350 160
323 153 353 160
327 153 357 160
331 153 361 159
335 153 364 159
343 153 371 159
358 153 380 158
241 157 262 163
245 157 266 163
249 157 274 162
253 157 283 166
257 157 287 166
261 157 290 165
265 157 295 166
269 157 299 166
273 157 303 166
276 157 306 166
304 157 337 164
312 157 345 164
319 157 350 164
323 157 354 164
327 157 358 164
331 157 361 164
335 157 365 163
343 157 370 162
347 157 374 162
241 160 262 167
245 160 271 166
249 160 275 166
253 160 283 170
257 160 287 170
261 160 291 169
265 160 295 169
269 160 299 170
273 160 303 169
276 160 306 169
280 160 311 168
288 160 323 172
300 160 334 171
304 160 338 171
316 160 347 168
319 160 350 168
323 160 354 168
327 160 358 167
331 160 361 167
339 160 367 167
343 160 371 167
347 160 374 166
351 160 378 166
358 160 381 166
245 164 271 170
249 164 279 174
253 164 283 174
257 164 287 173
261 164 291 173
265 164 296 173
269 164 299 173
273 164 302 172
276 164 306 172
280 164 311 172
300 164 335 175
312 164 343 172
316 164 346 172
319 164 351 172
323 164 354 171
327 164 357 171
331 164 361 171
339 164 367 171
343 164 371 171
347 164 374 171
351 164 378 170
245 168 272 177
249 168 279 178
253 168 283 178
257 168 288 178
261 168 292 178
265 168 296 178
269 168 299 177
273 168 303 177
276 168 307 177
284 168 315 172
304 168 338 179
312 168 343 176
316 168 346 175
319 168 351 175
323 168 354 175
327 168 357 175
331 168 361 174
339 168 367 174
343 168 370 174
347 168 374 174
351 168 378 174
245 172 275 182
249 172 279 182
253 172 283 182
257 172 288 182
261 172 292 181
265 172 296 182
269 172 299 181
273 172 303 180
284 172 316 185
304 172 338 182
312 172 342 180
316 172 346 179
319 172 351 179
323 172 354 179
327 172 358 178
331 172 362 178
339 172 367 178
343 172 370 177
347 172 374 177
351 172 378 177
241 176 268 186
245 176 275 185
249 176 279 185
253 176 284 184
257 176 288 186
261 176 292 186
265 176 296 186
269 176 299 185
280 176 308 184
304 176 339 186
316 176 346 183
319 176 350 183
323 176 354 182
327 176 358 182
335 176 363 182
339 176 366 183
343 176 370 182
347 176 373 181
351 176 377 181
249 180 279 188
253 180 284 188
257 180 288 188
261 180 292 189
265 180 296 188
269 180 300 188
273 180 304 188
280 180 307 188
288 180 315 187
319 180 351 187
323 180 354 187
327 180 358 187
331 180 361 187
339 180 367 186
343 180 370 186
347 180 374 185
351 180 377 185
238 184 264 193
241 184 268 193
245 184 276 190
253 184 285 192
265 184 297 192
288 184 310 193
304 184 339 192
316 184 343 191
319 184 351 191
323 184 354 190
327 184 358 190
331 184 362 190
335 184 366 190
343 184 371 190
347 184 375 190
351 184 378 189
241 188 268 198
245 188 276 193
249 188 280 193
292 188 328 196
296 188 332 196
300 188 335 195
304 188 339 195
316 188 348 194
319 188 351 194
323 188 355 194
327 188 358 194
331 188 362 194
335 188 366 194
343 188 371 194
347 188 375 193
351 188 379 193
366 188 386 191
234 192 258 203
241 192 269 201
245 192 276 201
249 192 284 201
265 192 292 201
288 192 315 199
292 192 329 200
319 192 351 197
323 192 355 198
327 192 358 197
331 192 362 198
335 192 367 197
343 192 371 197
347 192 375 197
351 192 379 196
362 192 384 196
366 192 387 196
241 196 272 205
245 196 277 205
249 196 282 205
253 196 286 205
265 196 292 205
276 196 308 205
280 196 311 204
284 196 315 203
304 196 340 203
319 196 352 202
323 196 356 202
327 196 358 201
331 196 362 202
339 196 369 201
343 196 372 201
347 196 375 201
351 196 379 201
354 196 383 201
366 196 387 200
370 196 391 200
234 200 261 209
238 200 264 210
241 200 272 209
245 200 277 208
249 200 281 209
253 200 285 209
257 200 288 209
261 200 292 210
265 200 296 209
269 200 300 208
276 200 308 208
280 200 312 208
284 200 316 208
288 200 320 208
304 200 339 207
323 200 356 207
327 200 359 206
331 200 363 205
335 200 367 205
339 200 370 205
347 200 376 204
351 200 380 205
354 200 384 204
370 200 391 204
241 203 272 213
245 203 277 212
249 203 282 213
253 203 285 213
261 203 292 213
265 203 296 212
269 203 300 212
273 203 308 212
280 203 313 212
284 203 317 212
288 203 324 211
300 203 336 211
316 203 349 211
319 203 353 210
323 203 356 211
327 203 360 210
331 203 364 209
335 203 367 210
343 203 372 209
347 203 375 208
351 203 380 209
354 203 384 208
370 203 391 208
238 207 265 217
241 207 272 217
245 207 277 216
249 207 282 217
261 207 293 216
265 207 296 216
269 207 305 216
273 207 308 216
276 207 312 215
280 207 316 216
284 207 320 215
288 207 324 215
300 207 336 214
304 207 340 214
308 207 343 214
312 207 347 214
319 207 352 214
327 207 360 214
331 207 364 213
343 207 372 213
347 207 376 213
351 207 379 213
354 207 383 213
370 207 391 213
241 211 270 222
245 211 278 220
249 211 282 221
253 211 286 221
257 211 289 221
261 211 293 221
265 211 300 220
269 211 304 219
273 211 308 219
276 211 312 219
280 211 316 219
284 211 321 219
288 211 324 218
292 211 328 218
296 211 332 218
312 211 347 218
319 211 353 218
323 211 357 218
343 211 372 217
347 211 376 217
351 211 380 216
354 211 383 216
370 211 391 221
234 215 261 226
238 215 265 225
241 215 270 225
245 215 277 224
249 215 282 224
253 215 286 224
257 215 290 225
261 215 294 225
265 215 300 224
269 215 305 223
273 215 308 223
276 215 312 223
280 215 317 224
284 215 321 223
288 215 324 222
292 215 329 221
300 215 335 220
316 215 350 222
319 215 353 221
323 215 357 221
331 215 361 222
335 215 365 222
339 215 369 221
343 215 372 221
347 215 376 221
351 215 380 220
358 215 384 221
234 219 261 230
238 219 266 230
241 219 270 229
249 219 281 228
253 219 286 228
257 219 290 228
261 219 293 228
265 219 300 227
269 219 305 227
273 219 308 227
276 219 313 227
280 219 317 227
284 219 320 226
288 219 324 226
292 219 328 225
296 219 332 223
300 219 336 223
308 219 341 223
312 219 344 223
319 219 353 225
331 219 360 226
335 219 365 226
339 219 369 225
343 219 373 224
347 219 376 225
366 219 388 224
249 223 278 232
257 223 290 232
261 223 293 231
265 223 297 232
269 223 305 231
273 223 310 231
276 223 313 231
280 223 317 231
284 223 321 230
288 223 324 230
296 223 332 228
300 223 336 227
308 223 341 227
316 223 349 227
351 223 364 230
354 223 367 229
358 223 371 230
257 227 290 235
261 227 294 235
273 227 310 236
276 227 314 236
280 227 317 235
284 227 321 234
288 227 325 233
292 227 328 232
296 227 332 232
300 227 336 231
308 227 341 231
316 227 346 234
319 227 353 231
351 227 364 233
354 227 368 233
358 227 372 233
362 227 385 229
273 231 310 240
276 231 314 240
280 231 318 240
292 231 329 236
296 231 332 235
300 231 336 235
316 231 345 238
331 231 360 238
351 231 365 237
354 231 368 237
362 231 384 233
273 235 310 244
276 235 314 244
280 235 318 244
296 235 333 242
300 235 337 242
319 235 352 242
351 235 364 241
358 235 376 240
292 239 329 246
296 239 333 246
319 239 349 244
323 239 352 244
343 239 360 245
347 239 364 244
265 242 306 250
284 242 314 250
343 242 357 249
284 246 314 253
288 246 317 254
308 246 326 253
319 246 341 253
327 246 345 253
331 246 349 252
335 246 353 252
