294 116 344 141
298 116 351 137
301 116 355 137
298 119 352 142
305 119 380 142
309 119 385 142
305 123 381 146
309 123 386 146
313 123 390 145
313 127 391 150
294 131 353 154
313 131 391 153
286 134 348 158
301 134 375 156
305 134 379 155
313 134 391 157
346 134 402 145
290 138 353 162
305 138 379 160
324 138 400 161
305 142 379 163
309 142 386 163
320 142 396 163
328 142 405 166
305 146 380 167
313 146 390 167
320 146 396 167
294 149 363 170
301 149 374 169
309 149 386 171
316 149 393 171
320 149 397 172
324 149 400 171
301 153 375 173
305 153 379 173
324 153 400 175
298 157 371 177
301 157 375 177
305 157 379 176
309 157 383 176
313 157 386 175
324 157 395 174
298 161 368 181
301 161 374 180
309 161 384 180
313 161 388 179
316 161 391 179
320 161 397 183
324 161 396 179
331 161 405 182
335 161 409 182
313 164 389 184
316 164 393 183
331 164 406 187
335 164 409 186
313 168 390 188
316 168 393 187
320 168 397 187
328 168 402 188
331 168 405 190
343 168 414 189
320 172 398 192
298 176 369 194
301 176 378 194
309 176 390 196
316 176 394 196
328 176 403 194
298 179 369 198
301 179 376 197
331 179 406 199
339 179 411 199
346 179 416 199
350 179 418 199
301 183 376 201
305 183 381 202
298 187 372 205
301 187 377 205
305 187 381 206
294 190 369 210
298 190 373 210
301 190 377 209
305 194 388 213
301 213 388 230
301 224 390 242
339 224 417 241
301 228 385 247
331 228 415 241
339 228 418 244
324 232 407 246
328 232 411 246
331 232 415 246
324 235 407 250
328 235 411 249
331 235 414 249
328 250 395 266
335 258 400 272
339 258 404 272
