399 97 409 128
402 97 413 127
406 97 417 127
283 104 313 135
290 104 330 131
294 104 338 130
283 108 314 140
290 108 330 134
402 108 417 132
301 112 354 134
294 116 344 141
298 116 351 137
301 116 355 137
410 116 428 142
298 119 352 142
305 119 380 142
309 119 385 142
320 119 371 135
410 119 428 146
305 123 381 146
309 123 386 146
313 123 390 145
406 123 424 148
410 123 428 152
313 127 391 150
406 127 425 152
294 131 353 154
313 131 391 153
395 131 412 136
399 131 417 136
406 131 425 155
286 134 348 158
301 134 375 156
305 134 379 155
313 134 391 157
346 134 402 145
395 134 413 141
286 138 349 162
290 138 353 162
294 138 360 161
305 138 379 160
324 138 400 161
294 142 361 165
305 142 379 163
309 142 386 163
320 142 396 163
328 142 405 166
305 146 380 167
313 146 390 167
320 146 396 167
290 149 358 170
294 149 363 170
301 149 374 169
309 149 386 171
316 149 393 171
320 149 397 172
324 149 400 171
286 153 337 184
290 153 359 175
298 153 371 174
301 153 375 173
305 153 379 173
324 153 400 175
402 153 421 156
286 157 355 177
290 157 359 178
298 157 371 177
301 157 375 177
305 157 379 176
309 157 383 176
313 157 386 175
324 157 395 174
298 161 368 181
301 161 374 180
309 161 384 180
313 161 388 179
316 161 391 179
320 161 397 183
324 161 396 179
331 161 405 182
335 161 409 182
313 164 389 184
316 164 393 183
331 164 406 187
335 164 409 186
357 164 413 169
283 168 343 197
298 168 372 189
313 168 390 188
316 168 393 187
320 168 397 187
328 168 402 188
331 168 405 190
343 168 414 189
298 172 368 190
320 172 398 192
365 172 417 173
406 172 426 193
298 176 369 194
301 176 378 194
309 176 390 196
316 176 394 196
328 176 403 194
406 176 427 201
294 179 365 198
298 179 369 198
301 179 376 197
331 179 406 199
339 179 411 199
346 179 416 199
350 179 418 199
365 179 417 178
406 179 427 206
298 183 370 201
301 183 376 201
305 183 381 202
298 187 372 205
301 187 377 205
305 187 381 206
406 187 428 214
294 190 369 210
298 190 373 210
301 190 377 209
406 190 429 217
294 194 370 215
305 194 388 213
283 202 310 245
331 202 353 222
376 209 405 225
380 209 408 225
391 209 416 228
301 213 388 230
324 213 350 229
391 213 417 231
301 217 389 235
343 217 419 235
384 217 410 232
301 220 390 238
380 220 406 236
301 224 390 242
339 224 417 241
301 228 385 247
331 228 415 241
339 228 418 244
324 232 407 246
328 232 411 246
331 232 415 246
298 235 382 256
324 235 407 250
328 235 411 249
331 235 414 249
402 235 416 261
298 239 381 260
305 239 386 259
309 239 394 255
384 247 408 266
328 250 395 266
387 250 416 267
335 258 400 272
339 258 404 272
