447 81 445 73
452 81 450 73
435 87 433 79
447 87 446 79
452 87 452 79
458 87 458 79
464 87 463 79
469 87 470 79
441 92 439 82
447 92 446 86
452 92 452 85
475 92 476 86
435 98 433 88
441 98 439 87
464 98 458 87
475 98 470 87
486 98 488 90
396 104 366 124
441 104 439 93
396 109 365 130
402 109 371 130
441 109 439 99
469 109 474 103
475 109 474 100
481 109 480 99
486 109 485 98
396 115 365 136
402 115 385 122
407 115 390 122
418 115 418 106
441 115 439 104
464 115 464 109
481 115 480 105
486 115 486 104
492 115 492 104
424 121 424 111
430 121 428 110
447 121 446 108
469 121 470 115
481 121 481 111
486 121 486 110
492 121 492 108
503 121 502 109
407 126 408 118
413 126 412 122
418 126 418 122
424 126 423 116
430 126 428 116
441 126 440 115
447 126 445 115
458 126 458 123
464 126 464 122
469 126 464 114
486 126 483 113
492 126 492 115
402 132 399 129
407 132 406 129
413 132 412 129
418 132 418 128
424 132 422 121
435 132 434 121
441 132 440 120
458 132 459 128
464 132 464 128
469 132 471 127
475 132 475 127
492 132 491 121
503 132 504 121
509 132 517 132
515 132 521 131
368 138 378 121
373 138 354 148
396 138 395 129
407 138 406 134
413 138 412 134
430 138 428 134
435 138 435 134
447 138 447 133
452 138 452 132
458 138 458 133
464 138 464 134
469 138 471 133
475 138 475 132
515 138 511 120
520 138 516 120
390 143 390 136
396 143 395 136
418 143 417 140
424 143 424 140
430 143 430 140
435 143 435 140
441 143 442 140
447 143 447 139
452 143 452 138
458 143 458 138
469 143 470 142
475 143 477 139
503 143 503 131
515 143 512 125
520 143 516 125
390 149 390 141
396 149 395 142
407 149 412 140
413 149 412 145
418 149 418 144
424 149 424 145
430 149 430 146
435 149 435 146
441 149 442 146
447 149 447 144
464 149 465 145
509 149 516 149
526 149 528 142
339 155 338 151
385 155 385 147
390 155 390 147
402 155 401 146
407 155 407 147
413 155 412 150
418 155 418 150
424 155 423 150
441 155 442 151
447 155 447 150
520 155 523 148
373 160 373 158
379 160 379 158
385 160 385 156
390 160 391 156
396 160 396 156
402 160 402 157
407 160 407 156
413 160 412 155
418 160 418 155
424 160 423 156
447 160 447 155
452 160 453 154
458 160 459 154
464 160 465 155
469 160 470 156
509 160 506 144
515 160 511 143
526 160 527 150
368 166 367 164
373 166 374 164
379 166 379 163
385 166 384 163
390 166 390 163
396 166 396 163
402 166 401 162
407 166 406 161
452 166 453 160
458 166 459 160
464 166 464 160
469 166 471 162
475 166 475 160
515 166 512 150
520 166 522 154
526 166 527 155
339 172 344 163
362 172 357 170
368 172 366 171
385 172 385 169
390 172 391 168
413 172 412 164
452 172 453 166
469 172 470 166
492 172 493 167
509 172 506 159
520 172 522 160
526 172 528 159
322 177 331 164
328 177 337 164
356 177 355 175
368 177 366 176
402 177 402 169
413 177 412 169
464 177 461 169
469 177 470 172
475 177 476 172
515 177 513 162
520 177 521 172
526 177 528 165
351 183 350 180
356 183 355 181
390 183 390 175
396 183 395 175
407 183 408 173
413 183 412 181
452 183 453 178
464 183 461 175
515 183 517 173
305 189 305 187
311 189 311 186
317 189 316 185
339 189 344 180
351 189 349 185
356 189 355 185
385 189 386 181
390 189 390 181
413 189 412 186
464 189 464 180
469 189 470 180
475 189 475 180
515 189 517 178
520 189 521 178
526 189 527 178
294 194 293 193
300 194 299 193
305 194 304 193
311 194 310 192
322 194 326 187
328 194 332 186
390 194 391 187
396 194 397 187
402 194 402 180
424 194 425 186
430 194 430 187
435 194 437 186
441 194 443 185
447 194 448 185
458 194 459 186
464 194 465 186
469 194 471 185
475 194 476 185
486 194 484 185
492 194 490 185
498 194 499 185
515 194 516 183
520 194 522 183
288 200 289 198
294 200 293 198
300 200 299 198
305 200 305 197
334 200 338 187
339 200 343 186
362 200 369 187
396 200 397 192
402 200 404 191
407 200 410 191
413 200 415 192
441 200 443 190
447 200 449 190
458 200 459 191
464 200 465 192
469 200 472 191
475 200 477 191
498 200 499 190
277 206 277 205
283 206 283 204
288 206 289 203
317 206 320 199
334 206 339 192
362 206 368 192
368 206 375 191
373 206 381 191
379 206 385 192
396 206 397 199
402 206 403 198
413 206 415 198
418 206 420 198
441 206 443 196
447 206 450 197
452 206 454 197
458 206 459 197
475 206 478 196
481 206 484 195
486 206 488 196
492 206 493 196
498 206 499 196
503 206 504 196
509 206 511 195
277 211 278 210
294 211 295 207
300 211 300 207
317 211 320 205
328 211 327 204
345 211 344 204
351 211 349 203
356 211 362 198
368 211 375 197
373 211 381 197
413 211 414 204
418 211 420 204
424 211 425 204
441 211 444 203
447 211 448 201
452 211 453 202
475 211 478 202
481 211 484 200
486 211 488 202
492 211 494 202
498 211 501 201
503 211 506 200
277 217 278 216
283 217 285 215
288 217 292 215
294 217 295 212
300 217 300 212
305 217 306 212
322 217 323 211
334 217 329 210
339 217 334 211
345 217 344 209
351 217 351 209
418 217 415 213
424 217 425 210
435 217 432 209
441 217 442 212
452 217 438 225
458 217 459 212
469 217 471 208
481 217 484 206
486 217 488 208
492 217 495 206
498 217 501 206
288 222 292 221
305 222 307 217
311 222 314 218
322 222 323 217
334 222 328 217
356 222 362 214
362 222 369 209
396 222 392 225
441 222 442 218
452 222 453 219
458 222 460 218
475 222 477 213
481 222 482 214
492 222 494 214
288 228 293 227
300 228 301 223
305 228 306 223
322 228 324 223
328 228 328 223
334 228 334 223
339 228 339 222
345 228 346 221
413 228 408 227
418 228 413 226
424 228 427 221
447 228 448 220
464 228 443 243
481 228 481 221
486 228 488 220
288 234 288 228
294 234 300 233
311 234 315 229
334 234 334 229
339 234 339 229
345 234 345 227
351 234 351 227
407 234 404 233
418 234 421 226
424 234 427 225
430 234 431 226
475 234 478 225
305 239 313 240
311 239 315 234
322 239 324 234
334 239 335 234
339 239 340 234
345 239 347 233
351 239 351 232
356 239 357 232
418 239 422 230
424 239 426 230
430 239 432 232
435 239 439 232
475 239 477 231
300 245 300 240
305 245 313 245
311 245 317 244
322 245 324 239
334 245 338 239
345 245 347 238
351 245 352 238
356 245 357 240
362 245 362 244
368 245 369 245
373 245 374 246
390 245 393 238
396 245 398 238
435 245 439 237
447 245 449 239
452 245 455 237
458 245 461 237
464 245 467 236
469 245 473 237
305 251 306 246
322 251 324 246
328 251 335 250
334 251 341 249
339 251 344 246
351 251 353 243
356 251 357 245
362 251 362 249
368 251 370 250
373 251 375 251
379 251 379 250
390 251 394 245
396 251 398 243
407 251 415 238
447 251 449 244
458 251 460 244
317 256 321 253
328 256 337 256
339 256 344 251
351 256 355 251
368 256 369 254
373 256 375 256
379 256 379 257
390 256 393 250
396 256 398 249
402 256 405 248
430 256 433 249
435 256 440 249
441 256 445 249
447 256 449 249
317 262 322 259
322 262 327 258
334 262 339 257
345 262 348 256
351 262 354 256
356 262 358 257
362 262 362 257
368 262 369 260
373 262 375 261
379 262 380 262
396 262 399 254
413 262 420 249
322 268 325 263
334 268 339 263
345 268 348 263
356 268 358 262
362 268 364 262
373 268 375 266
379 268 380 267
385 268 386 267
396 268 399 260
402 268 404 261
407 268 415 255
413 268 421 255
418 268 417 267
424 268 421 267
430 268 426 268
435 268 433 267
328 273 330 268
334 273 336 268
345 273 348 268
351 273 354 268
362 273 367 268
379 273 380 272
390 273 391 272
396 273 399 266
402 273 403 266
413 273 411 273
334 279 336 274
339 279 344 273
345 279 350 273
351 279 355 272
356 279 361 272
373 279 374 273
385 279 387 277
390 279 392 277
413 279 411 278
339 285 344 279
345 285 350 278
351 285 356 278
356 285 361 278
362 285 367 278
368 285 374 279
373 285 381 282
385 285 386 283
390 285 393 283
396 285 399 279
418 285 418 283
339 290 342 284
345 290 350 285
351 290 356 285
356 290 362 284
362 290 368 284
373 290 377 283
379 290 388 290
390 290 394 289
345 296 348 289
351 296 357 290
356 296 363 291
402 296 404 294
351 302 353 295
356 302 365 300
362 302 371 300
368 302 375 297
402 302 404 299
368 307 375 303
379 307 385 302
385 307 391 302
396 307 400 302
356 313 363 309
362 313 369 309
368 313 375 308
373 313 381 308
379 313 386 308
385 313 391 308
390 313 397 307
362 319 369 315
379 319 387 313
385 319 391 313
368 324 375 320
373 324 380 320
379 324 387 318
373 330 380 325
