447 81 358 107
452 81 363 104
447 87 363 112
452 87 368 108
458 87 372 106
469 87 376 100
430 92 354 128
435 92 359 123
447 92 366 117
452 92 373 114
458 92 376 111
481 92 384 97
418 98 348 136
424 98 353 136
475 98 382 106
481 98 388 101
486 98 394 98
464 104 381 116
481 104 392 106
486 104 397 102
469 109 389 116
481 109 394 111
486 109 398 107
498 109 412 99
498 115 406 103
413 138 365 171
424 138 370 166
475 138 424 139
486 138 436 130
481 149 435 142
334 160 317 236
390 166 363 198
396 166 368 195
402 166 374 191
407 166 368 185
390 172 367 204
396 172 373 199
402 172 378 196
390 177 370 208
413 177 398 189
396 183 375 205
407 183 397 197
447 183 410 195
447 189 415 199
452 189 420 196
441 194 414 208
447 194 418 203
300 200 325 301
288 211 324 318
294 211 328 315
288 217 328 323
300 217 334 317
356 217 357 275
294 222 337 325
300 222 342 321
305 222 347 317
305 228 351 322
402 228 406 252
305 234 354 326
339 234 363 302
379 234 396 258
418 234 427 225
424 234 425 252
339 239 366 307
379 239 400 263
390 239 405 259
396 239 411 254
418 239 427 233
396 245 415 261
402 245 421 257
424 245 435 235
317 251 380 334
322 251 384 331
402 251 424 262
413 251 432 250
322 256 387 335
328 256 393 331
362 256 395 302
368 256 400 297
379 256 406 284
413 256 436 254
418 256 440 251
328 262 397 335
345 262 408 325
379 262 410 289
413 262 439 261
345 268 412 330
413 268 442 274
334 279 411 344
339 279 416 339
351 279 423 334
356 279 427 330
351 285 427 338
356 285 431 334
362 285 435 329
362 290 439 333
356 296 437 340
356 302 440 344
379 302 448 326
373 307 448 334
373 330 461 349
