467 161 405 146
473 161 410 141
467 167 410 151
436 174 389 191
442 174 395 173
448 174 399 168
454 174 404 162
329 180 325 259
367 180 345 241
373 180 350 235
442 180 401 178
448 180 405 172
454 180 410 166
467 180 418 159
367 186 349 245
373 186 354 240
379 186 359 234
392 186 366 229
423 186 389 203
429 186 399 190
442 186 410 176
454 186 417 169
273 192 283 325
335 192 335 270
367 192 353 250
373 192 359 245
379 192 365 238
392 192 371 233
404 192 377 227
410 192 384 222
498 192 454 135
504 192 457 128
523 192 463 121
410 199 390 226
417 199 395 219
429 199 409 196
436 199 414 191
442 199 419 185
454 199 423 175
461 199 429 172
498 199 459 140
504 199 463 133
354 205 352 269
367 205 362 259
379 205 372 246
392 205 379 237
410 205 398 225
417 205 407 209
429 205 414 203
436 205 419 198
448 205 426 190
454 205 430 184
461 205 435 177
473 205 441 169
498 205 464 144
504 205 469 138
511 205 475 132
329 211 348 293
348 211 349 282
367 211 369 264
379 211 377 252
385 211 382 245
398 211 392 238
404 211 398 234
417 211 408 221
429 211 419 211
436 211 424 204
448 211 432 196
454 211 436 189
461 211 440 182
498 211 466 158
317 217 316 317
360 217 370 274
367 217 376 269
373 217 379 263
379 217 382 256
385 217 388 250
398 217 398 243
410 217 408 232
417 217 413 228
423 217 419 221
429 217 424 216
442 217 432 206
448 217 436 202
454 217 441 194
498 217 472 163
504 217 478 158
348 224 368 285
360 224 375 279
367 224 380 275
373 224 384 269
379 224 389 263
392 224 397 253
398 224 401 249
404 224 407 245
410 224 413 238
417 224 418 232
423 224 423 225
442 224 436 211
448 224 442 208
461 224 450 199
392 230 402 260
398 230 406 254
404 230 412 249
410 230 418 242
310 236 333 334
404 236 419 253
423 236 427 237
392 242 409 267
398 242 413 261
279 249 331 363
285 249 334 358
354 249 386 302
360 249 392 296
398 249 420 266
285 255 340 363
304 255 352 350
342 255 374 327
398 255 425 271
292 261 350 362
323 261 367 344
285 268 351 373
292 268 356 369
304 268 360 357
