536 130 369 100
498 142 389 154
442 149 361 321
511 149 400 115
467 155 378 173
398 161 359 259
410 161 360 334
436 161 374 206
442 161 376 200
473 161 385 169
448 167 383 201
536 167 396 107
436 174 383 208
442 174 385 195
448 174 386 190
536 174 401 109
542 174 403 101
354 180 372 296
373 180 378 276
379 180 380 269
385 180 382 264
423 180 388 217
436 180 390 209
448 180 391 190
486 180 410 160
529 180 415 188
542 180 408 102
304 186 360 348
367 186 378 283
410 186 390 258
417 186 392 217
429 186 395 213
442 186 397 205
448 186 399 199
454 186 400 193
486 186 414 161
273 192 358 375
292 192 363 362
304 192 366 356
310 192 367 350
354 192 381 292
367 192 383 285
385 192 392 266
392 192 394 260
398 192 396 253
423 192 400 221
429 192 401 213
448 192 406 193
504 192 426 198
304 199 371 357
310 199 372 351
354 199 385 293
367 199 389 286
373 199 392 281
392 199 401 262
398 199 403 255
423 199 406 222
442 199 410 208
279 205 367 371
373 205 399 281
379 205 400 275
385 205 403 270
392 205 406 265
398 205 409 257
404 205 408 249
410 205 410 243
423 205 413 223
436 205 407 215
442 205 417 210
448 205 419 204
354 211 393 300
379 211 407 277
385 211 409 271
404 211 414 251
410 211 416 245
423 211 420 224
436 211 423 219
442 211 424 211
542 211 441 111
285 217 429 372
298 217 376 360
329 217 390 337
379 217 414 278
385 217 414 272
392 217 417 267
398 217 418 260
404 217 420 254
410 217 423 247
417 217 424 240
423 217 426 234
429 217 427 226
436 217 429 221
442 217 431 214
448 217 432 207
298 224 383 361
360 224 416 295
373 224 419 287
379 224 421 281
404 224 426 257
410 224 428 249
417 224 430 242
423 224 431 234
429 224 432 227
436 224 434 222
536 224 447 120
542 224 463 112
348 230 416 315
354 230 419 302
367 230 422 294
373 230 424 288
379 230 426 283
410 230 434 250
285 236 441 376
304 236 447 365
348 236 423 310
373 236 429 289
379 236 430 284
473 236 457 214
279 242 412 383
329 242 422 352
486 242 467 176
348 249 381 319
354 249 383 313
367 249 436 294
379 249 439 287
461 249 466 232
285 255 426 381
342 255 386 328
348 255 389 320
354 255 438 313
367 255 441 295
385 255 446 282
448 255 470 245
454 255 470 240
317 261 432 360
329 261 434 353
335 261 435 347
342 261 433 326
385 261 452 282
329 268 439 355
360 268 446 308
379 268 464 292
385 268 465 287
285 274 440 384
310 274 439 364
335 274 443 350
342 274 443 342
335 280 447 328
373 280 471 295
379 280 473 288
348 286 455 323
298 293 462 382
310 293 456 373
