380 117 320 311
374 123 345 324
368 128 351 321
391 140 480 181
397 146 481 188
351 174 407 304
420 174 413 111
340 180 416 306
402 186 476 126
402 197 428 128
334 203 426 191
340 208 515 204
357 214 459 180
368 214 456 175
374 214 480 159
397 220 453 120
374 225 493 183
414 225 437 117
340 242 527 220
345 242 526 214
340 248 533 218
345 248 531 212
363 248 513 177
385 248 510 165
351 254 526 200
357 254 532 192
340 260 541 217
345 260 540 196
351 260 532 198
368 260 519 167
357 265 537 189
368 265 523 165
562 265 505 130
568 265 462 103
562 271 470 107
545 288 485 116
551 288 483 110
