397 97 464 138
407 97 471 142
473 108 568 241
463 128 424 198
443 133 393 168
448 138 384 212
453 138 388 218
468 138 429 203
443 143 383 178
422 153 401 244
514 199 582 248
468 204 491 223
509 204 572 245
468 209 486 228
473 209 491 232
478 209 496 238
519 209 570 267
402 214 477 173
519 214 566 271
392 219 462 166
448 219 473 230
509 219 395 240
519 224 560 275
453 229 452 218
524 229 555 280
371 240 401 135
417 240 376 182
443 245 374 202
443 250 370 206
361 255 370 132
524 255 534 297
361 260 366 137
366 260 371 142
371 260 375 147
498 260 527 276
361 265 355 143
463 265 379 174
493 265 520 271
361 270 350 149
458 270 374 168
493 270 514 276
371 275 339 210
503 275 518 290
427 280 346 232
488 290 462 276
488 296 456 279
392 301 335 242
473 301 354 262
458 311 431 279
