0.116278201341629 0.9807443618774414 -0.1569075733423233 0.05423654988408089 
-0.9706685543060303 0.1456824988126755 0.1912569254636765 -0.03429671749472618 
0.2104328274726868 0.1300662308931351 0.9689173102378845 -0.2988602221012115 
0 0 0 1 

0.1892782598733902 0.9714555740356445 -0.1429957747459412 0.04909373074769974 
-0.9536956548690796 0.2165441960096359 0.2087419182062149 -0.03926961496472359 
0.2337484061717987 0.09686415642499924 0.9674600958824158 -0.296439528465271 
0 0 0 1 

0.8967907428741455 0.4423263370990753 -0.01066667586565018 -0.02602427639067173 
-0.4251258671283722 0.8680977821350098 0.2562698125839233 -0.05414297059178352 
0.1226146146655083 -0.2252856940031052 0.9665464162826538 -0.2630103230476379 
0 0 0 1 

0.8997179269790649 0.4362144470214844 -0.01498290244489908 -0.02437098324298859 
-0.4003276824951172 0.8384041786193848 0.3698864579200745 -0.091575987637043 
0.1739116609096527 -0.3267953991889954 0.9289560914039612 -0.2534542977809906 
0 0 0 1 

0.9047271609306335 0.4258962869644165 -0.008998826146125793 -0.02746782638132572 
-0.3751049041748047 0.8064881563186646 0.4570260047912598 -0.1205000504851341 
0.2019033133983612 -0.4101082682609558 0.8894076943397522 -0.2436702251434326 
0 0 0 1 

0.9138963222503662 0.4057817459106445 -0.01159997470676899 -0.02962519600987434 
-0.3338431715965271 0.7675208449363708 0.5472296476364136 -0.1504554152488708 
0.2309591174125671 -0.4962385892868042 0.8369020223617554 -0.2310763299465179 
0 0 0 1 

0.908952534198761 0.4166844189167023 0.01339223328977823 -0.03788091614842415 
-0.3318754136562347 0.7037619352340698 0.6281540989875793 -0.1748031228780746 
0.2523171901702881 -0.5754067301750183 0.7779735922813416 -0.2167460918426514 
0 0 0 1 

0.9151977300643921 0.4019325971603394 0.0293823815882206 -0.0448911115527153 
-0.2967545390129089 0.6227868795394897 0.7239289879798889 -0.2052621841430664 
0.2726717591285706 -0.6712574362754822 0.6892484426498413 -0.1923620104789734 
0 0 0 1 

0.9233781695365906 0.3806708753108978 0.04962248727679253 -0.05245276540517807 
-0.2682549059391022 0.5473571419715881 0.792741596698761 -0.2279030382633209 
0.2746125161647797 -0.7453117966651917 0.6075344681739807 -0.1678555309772491 
0 0 0 1 

0.9320396780967712 0.3580046594142914 0.05598825588822365 -0.05535892024636269 
-0.2334750443696976 0.475161224603653 0.8483578562736511 -0.2457155287265778 
0.2771126627922058 -0.8037750124931335 0.5264542698860168 -0.1448904871940613 
0 0 0 1 

