411 144 396 139
415 144 401 139
420 144 406 139
430 144 413 137
415 149 402 143
425 149 409 142
430 149 415 141
468 149 451 136
473 149 457 134
478 149 463 133
439 154 425 146
478 154 464 138
482 154 469 137
492 154 479 137
502 154 484 136
506 154 490 135
435 159 421 147
444 159 432 149
449 159 437 147
478 159 464 143
482 159 469 143
487 159 475 143
492 159 480 142
506 159 492 141
530 159 512 137
535 159 517 136
564 159 552 136
420 163 407 154
430 163 417 152
435 163 422 152
439 163 426 152
473 163 465 150
492 163 482 147
521 163 503 145
430 168 420 158
435 168 426 155
444 168 437 153
454 168 443 154
549 168 514 142
435 173 427 161
439 173 432 160
444 173 437 158
454 173 445 158
458 173 450 157
554 173 531 146
559 173 536 145
578 173 557 142
435 178 429 167
439 178 434 165
454 178 445 163
458 178 451 162
502 178 498 150
583 178 576 154
583 187 565 156
588 187 571 155
597 197 591 168
602 197 595 168
592 202 583 169
602 202 596 174
468 206 455 196
592 206 584 175
597 206 590 174
592 221 587 186
597 221 591 184
449 254 454 217
468 254 476 220
588 259 587 223
549 269 565 223
554 269 570 221
568 269 571 226
492 273 500 232
568 273 572 232
454 278 464 249
473 278 492 246
478 278 478 236
554 278 567 232
564 278 567 237
430 283 441 265
435 283 445 265
439 283 450 262
444 283 460 262
449 283 465 260
516 283 536 242
568 283 573 243
435 288 446 270
439 288 451 268
449 288 466 266
454 288 473 265
458 288 472 260
463 288 477 258
468 288 482 258
482 288 499 255
487 288 509 253
492 288 514 253
511 288 536 248
530 288 547 248
535 288 552 246
430 293 441 275
435 293 446 274
439 293 451 274
444 293 457 272
449 293 467 271
454 293 473 270
463 293 478 264
468 293 483 263
473 293 489 262
478 293 494 261
482 293 499 260
487 293 504 259
506 293 525 256
511 293 531 255
516 293 536 254
521 293 541 255
530 293 548 253
535 293 553 250
430 297 441 280
435 297 447 280
439 297 452 279
444 297 457 278
449 297 464 277
463 297 478 269
468 297 483 268
473 297 490 268
478 297 496 267
482 297 500 265
487 297 505 264
492 297 512 263
497 297 516 263
502 297 520 262
506 297 525 262
511 297 531 260
516 297 537 259
530 297 548 258
430 302 441 287
435 302 447 285
439 302 452 285
444 302 458 284
449 302 465 283
454 302 470 282
463 302 480 275
468 302 484 274
473 302 490 272
478 302 496 272
482 302 501 271
487 302 507 270
492 302 514 269
497 302 518 268
502 302 522 267
516 302 534 266
535 302 543 259
430 307 442 292
435 307 448 291
439 307 453 289
444 307 459 289
449 307 465 288
454 307 471 288
463 307 481 281
468 307 485 280
473 307 491 278
478 307 497 277
482 307 501 276
492 307 513 274
497 307 518 273
516 307 535 271
535 307 543 264
430 312 439 298
435 312 445 296
439 312 455 294
444 312 459 294
449 312 465 293
454 312 470 292
458 312 476 292
463 312 481 286
468 312 487 285
473 312 490 283
478 312 497 282
482 312 501 281
487 312 507 281
497 312 514 280
506 312 525 279
535 312 544 269
435 316 446 302
439 316 451 300
444 316 461 298
449 316 465 298
454 316 471 297
463 316 482 291
468 316 487 291
473 316 492 290
482 316 500 288
487 316 505 287
492 316 510 286
497 316 515 285
502 316 520 285
506 316 526 284
525 316 535 276
535 316 545 275
439 321 452 307
444 321 462 305
449 321 465 304
454 321 472 302
463 321 483 297
468 321 488 297
478 321 496 295
482 321 501 294
487 321 504 294
492 321 510 293
497 321 515 291
502 321 520 290
506 321 526 290
516 321 530 284
521 321 536 287
439 326 453 313
444 326 458 311
449 326 466 309
468 326 488 302
478 326 496 301
482 326 501 300
487 326 505 299
492 326 510 298
497 326 516 296
502 326 521 295
516 326 532 290
521 326 536 292
525 326 541 287
535 326 548 292
554 326 559 296
444 331 459 317
449 331 464 315
454 331 469 314
458 331 475 313
473 331 491 307
478 331 497 306
482 331 501 305
487 331 505 303
492 331 510 302
497 331 516 301
502 331 522 301
511 331 529 299
516 331 533 299
521 331 537 298
530 331 544 300
535 331 548 298
439 336 450 323
444 336 458 323
449 336 464 321
454 336 470 319
458 336 475 318
468 336 487 314
473 336 493 311
478 336 497 311
482 336 501 311
487 336 506 309
492 336 511 307
497 336 517 307
502 336 522 305
511 336 528 307
516 336 533 304
525 336 540 305
530 336 545 304
535 336 549 304
545 336 555 303
449 340 464 326
454 340 470 325
458 340 476 324
468 340 488 320
473 340 494 318
478 340 498 317
482 340 502 316
487 340 506 315
492 340 512 314
502 340 519 312
506 340 523 312
511 340 528 311
516 340 533 310
525 340 541 310
530 340 545 309
535 340 549 308
545 340 555 307
458 345 476 329
463 345 482 326
468 345 488 325
473 345 493 324
478 345 498 322
482 345 503 321
487 345 507 321
497 345 515 319
502 345 520 318
506 345 524 317
511 345 529 317
521 345 536 317
525 345 541 315
530 345 545 315
458 350 473 335
473 350 494 329
478 350 498 328
482 350 503 327
487 350 508 326
497 350 516 325
502 350 520 325
506 350 525 324
511 350 530 322
521 350 536 322
525 350 541 321
530 350 547 318
482 355 500 334
487 355 504 333
492 355 511 332
497 355 516 331
502 355 521 331
506 355 526 330
511 355 531 328
