406 149 357 4
420 149 367 10
439 154 380 18
444 154 391 22
420 159 361 18
482 159 418 59
454 168 396 46
435 173 372 29
449 187 389 73
602 206 531 175
430 216 357 54
439 221 375 83
602 221 525 184
449 250 364 98
444 254 351 101
444 264 346 109
535 269 465 170
444 273 339 137
482 273 382 118
530 273 453 170
554 273 473 185
449 278 339 143
468 278 362 137
516 278 430 159
521 278 437 164
554 278 469 192
573 278 485 220
449 283 334 150
482 283 370 123
568 283 490 213
444 288 322 156
449 288 330 160
468 288 354 153
492 288 390 174
511 288 394 148
425 293 290 156
430 293 297 158
439 293 307 163
444 293 318 163
449 293 326 166
454 293 334 170
458 293 337 163
468 293 349 160
478 293 369 173
487 293 378 178
492 293 384 181
497 293 391 186
511 293 390 155
516 293 397 159
521 293 408 175
425 297 286 162
430 297 291 167
435 297 298 170
444 297 311 170
449 297 320 175
454 297 327 177
473 297 352 173
478 297 359 177
482 297 366 180
487 297 372 183
497 297 382 190
535 297 422 204
425 302 281 170
435 302 290 176
439 302 298 179
444 302 306 177
449 302 314 182
454 302 322 186
468 302 339 176
473 302 348 180
478 302 354 184
482 302 360 187
492 302 372 193
497 302 378 197
502 302 385 201
506 302 391 206
516 302 399 211
420 307 267 182
425 307 271 184
435 307 287 182
439 307 293 186
444 307 302 186
449 307 309 190
454 307 316 193
463 307 331 190
473 307 344 187
478 307 350 191
487 307 360 196
492 307 368 200
497 307 374 205
502 307 380 210
511 307 388 214
516 307 394 218
535 307 413 238
420 312 258 188
425 312 266 192
435 312 281 190
439 312 290 193
444 312 299 193
449 312 306 196
454 312 312 199
463 312 326 197
478 312 344 199
502 312 372 222
511 312 383 221
516 312 386 232
521 312 392 236
530 312 402 241
535 312 408 245
545 312 407 266
549 312 414 271
425 316 262 198
439 316 284 201
449 316 301 203
454 316 308 206
468 316 328 208
478 316 339 207
482 316 346 211
492 316 357 217
497 316 364 223
502 316 368 229
506 316 374 233
516 316 382 238
521 316 387 242
545 316 404 272
439 321 277 210
449 321 296 211
458 321 306 215
463 321 313 217
468 321 324 217
478 321 334 222
492 321 352 224
497 321 360 229
506 321 370 244
516 321 377 245
521 321 384 250
530 321 390 257
540 321 394 271
545 321 398 279
559 321 411 291
435 326 267 215
454 326 295 218
458 326 300 221
463 326 307 225
478 326 328 229
482 326 335 233
487 326 341 236
502 326 359 246
506 326 365 250
516 326 373 255
535 326 384 273
540 326 391 278
545 326 394 286
554 326 395 297
439 331 263 218
449 331 280 222
454 331 289 225
458 331 296 228
468 331 306 234
478 331 322 238
482 331 328 241
487 331 337 244
497 331 345 249
516 331 369 262
521 331 374 266
530 331 378 276
540 331 387 285
554 331 390 307
454 336 285 234
458 336 292 235
463 336 300 239
478 336 316 246
482 336 323 250
492 336 335 251
497 336 340 256
502 336 347 260
516 336 363 270
521 336 369 275
530 336 374 283
444 340 258 229
449 340 265 233
454 340 271 237
473 340 307 249
478 340 312 253
482 340 318 256
492 340 330 261
497 340 337 264
502 340 343 268
511 340 350 273
516 340 357 277
525 340 367 285
535 340 365 300
540 340 371 304
449 345 260 240
454 345 267 244
458 345 275 248
463 345 282 253
468 345 291 256
473 345 303 256
478 345 310 261
492 345 324 269
497 345 332 272
502 345 339 276
511 345 346 280
516 345 352 285
521 345 344 300
535 345 359 309
458 350 269 256
463 350 277 261
468 350 285 263
478 350 305 267
492 350 320 276
497 350 327 279
502 350 334 284
511 350 342 287
516 350 348 291
521 350 340 307
530 350 348 313
473 355 288 276
478 355 299 275
487 355 308 281
492 355 315 284
497 355 324 286
502 355 331 290
