421 86 550 178
440 92 542 205
440 98 533 203
446 98 536 209
453 98 540 215
421 111 523 199
395 124 491 160
395 130 485 164
382 143 465 159
389 143 468 165
421 143 481 190
389 150 461 169
395 150 464 175
427 150 477 195
389 156 455 172
408 156 463 185
421 156 467 192
427 156 471 198
434 156 476 204
440 156 479 210
446 156 481 215
453 156 483 222
459 156 487 229
408 162 458 188
421 162 460 194
427 162 465 202
434 162 468 207
440 162 470 213
446 162 474 219
453 162 477 225
472 162 485 237
414 169 455 197
434 169 460 210
440 169 464 216
446 169 467 221
459 169 473 231
466 169 475 236
472 169 478 239
414 175 448 201
427 175 452 208
434 175 454 214
440 175 458 219
466 175 469 238
478 175 472 245
395 182 453 180
414 182 442 204
427 182 446 212
434 182 447 217
440 182 451 222
453 182 458 231
459 182 461 236
434 188 443 220
440 188 446 226
453 188 452 234
459 188 456 238
472 188 456 245
421 194 438 213
427 201 433 217
434 201 436 223
414 207 420 208
427 207 429 221
434 207 431 226
440 207 434 232
453 207 437 241
414 214 414 212
434 214 425 230
446 214 429 238
453 214 433 243
434 220 417 234
446 220 423 241
453 220 426 245
414 226 407 216
446 226 418 244
453 226 419 249
466 226 423 257
414 233 401 220
421 233 404 226
370 239 378 190
421 239 398 229
446 239 408 249
453 239 411 252
370 246 373 193
376 246 375 199
382 246 378 205
389 246 381 213
402 246 384 219
414 246 387 226
421 246 392 233
434 246 398 244
440 246 402 249
459 246 405 258
466 246 408 264
382 252 374 208
414 252 384 228
427 252 390 240
446 252 397 254
453 252 399 259
472 252 407 273
421 258 382 237
427 258 385 242
453 258 394 263
472 258 400 275
427 271 378 249
472 303 370 292
357 322 309 214
363 322 313 219
389 335 315 242
395 335 320 248
466 335 338 296
357 342 301 218
389 342 311 245
459 342 331 300
453 348 321 297
363 354 294 230
