395 79 486 128
402 79 489 136
395 86 480 130
472 86 507 193
485 92 508 216
395 98 473 133
395 105 465 137
485 105 495 222
395 111 459 140
414 111 400 186
402 118 457 150
395 130 425 151
478 130 374 251
382 137 419 145
402 137 425 160
427 137 438 185
434 137 443 190
446 137 444 208
453 137 447 215
382 143 412 150
389 143 414 155
402 143 419 170
408 143 422 175
421 143 426 183
427 143 432 187
434 143 430 195
453 143 441 218
459 143 445 225
389 150 409 158
395 150 412 166
434 150 423 199
440 150 427 206
446 150 431 214
453 150 435 221
478 150 441 234
485 150 451 239
389 156 404 161
395 156 406 168
402 156 410 174
408 156 413 182
421 156 415 188
453 156 495 181
466 156 500 203
402 162 405 178
421 162 410 190
427 162 413 198
395 169 393 174
402 169 398 181
376 175 380 162
395 175 388 177
402 175 392 183
453 175 412 224
472 175 420 229
427 182 395 208
434 182 398 215
446 182 400 222
427 188 389 211
434 188 392 218
446 188 394 224
402 194 375 186
408 194 378 193
434 194 386 221
446 194 388 228
478 194 417 237
395 201 365 180
402 201 369 189
478 201 392 251
408 207 364 197
427 207 375 220
434 207 376 224
478 207 386 254
402 214 273 228
427 214 369 223
427 226 358 235
408 233 337 212
427 233 352 238
376 239 321 196
402 239 329 210
408 239 330 216
421 239 341 235
440 239 349 248
472 239 270 287
370 246 312 184
376 246 315 198
389 246 320 205
402 246 324 212
434 246 343 242
370 252 307 186
376 252 310 193
395 252 317 213
408 252 322 220
414 252 325 225
421 252 328 231
370 258 303 188
421 258 321 231
427 258 324 237
472 258 336 270
363 265 292 187
427 265 319 239
472 265 336 278
363 271 286 190
376 271 300 204
363 278 280 193
370 278 290 202
376 278 294 208
382 278 298 215
389 278 301 222
459 278 324 269
370 284 285 205
376 284 290 212
363 290 274 197
363 297 268 200
376 297 282 217
363 310 259 205
357 316 251 202
357 322 245 205
363 322 254 212
408 322 264 248
357 335 238 211
363 335 240 219
357 342 232 214
363 342 236 222
376 342 240 229
408 342 250 254
357 348 227 212
376 348 232 232
395 348 239 248
402 348 243 252
408 348 245 257
414 348 248 264
363 354 224 221
370 354 228 226
459 354 260 300
395 361 233 251
402 361 236 257
408 361 239 262
