395 86 479 130
472 86 512 194
446 98 486 193
395 111 458 140
427 118 470 183
446 118 478 198
459 118 483 205
427 124 464 186
434 124 468 193
446 124 469 200
459 124 476 208
402 130 441 159
440 130 459 197
459 130 469 211
402 137 435 162
453 137 459 208
453 143 451 211
395 150 418 162
414 150 425 176
421 150 427 183
427 150 430 188
421 156 422 185
427 156 423 191
440 156 430 204
446 156 435 210
395 162 406 167
402 162 410 174
414 162 412 181
421 162 415 188
427 162 418 195
434 162 420 201
440 162 425 207
453 162 429 216
395 169 399 171
402 169 402 177
421 169 409 191
427 169 412 198
434 169 415 204
453 169 423 218
421 175 403 196
434 175 410 208
453 175 417 221
402 182 394 182
446 188 406 218
472 188 421 226
402 201 381 189
408 214 368 197
414 214 372 204
421 214 374 209
408 220 361 199
402 226 352 197
408 226 355 203
414 226 359 210
427 226 365 222
402 233 346 200
408 233 348 205
434 233 359 228
440 233 362 234
402 239 340 203
434 239 353 230
440 239 357 237
446 239 361 243
402 246 335 206
408 246 338 211
427 246 345 228
434 246 347 233
446 246 356 245
472 246 359 260
389 252 325 201
408 252 332 214
472 252 352 261
472 258 349 266
389 265 318 208
363 271 291 189
395 284 300 224
389 290 298 220
389 310 277 227
389 329 264 234
395 335 260 240
408 335 264 252
376 342 244 228
395 342 253 242
363 354 231 219
370 354 234 226
376 354 237 232
382 354 240 238
395 354 244 246
402 361 243 256
459 361 265 302
