395 86 479 130
402 86 482 136
472 86 512 194
478 92 508 204
485 92 511 211
446 98 486 193
478 98 503 209
485 98 504 215
395 105 463 137
472 105 497 211
485 105 500 219
395 111 458 140
472 111 490 215
427 118 470 183
446 118 478 198
459 118 483 205
395 124 448 144
408 124 404 201
427 124 464 186
434 124 468 193
446 124 469 200
459 124 476 208
395 130 438 150
402 130 441 159
440 130 459 197
459 130 469 211
389 137 370 169
395 137 430 155
402 137 435 162
427 137 445 181
434 137 447 187
440 137 451 194
453 137 459 208
459 137 462 215
466 137 466 219
382 143 418 145
389 143 421 151
402 143 427 165
427 143 437 183
446 143 447 204
453 143 451 211
459 143 455 218
485 143 464 230
395 150 418 162
414 150 425 176
421 150 427 183
427 150 430 188
434 150 433 194
440 150 437 200
446 150 441 207
453 150 444 214
459 150 447 221
478 150 452 228
485 150 455 235
421 156 422 185
427 156 423 191
434 156 427 197
440 156 430 204
446 156 435 210
453 156 438 217
485 156 449 238
395 162 406 167
402 162 410 174
414 162 412 181
421 162 415 188
427 162 418 195
434 162 420 201
440 162 425 207
453 162 429 216
395 169 399 171
402 169 402 177
414 169 405 185
421 169 409 191
427 169 412 198
434 169 415 204
446 169 419 212
453 169 423 218
421 175 403 196
434 175 410 208
453 175 417 221
402 182 394 182
446 188 406 218
472 188 421 226
478 188 424 234
402 201 381 189
408 214 368 197
414 214 372 204
421 214 374 209
408 220 361 199
402 226 352 197
408 226 355 203
414 226 359 210
427 226 365 222
402 233 346 200
408 233 348 205
434 233 359 228
440 233 362 234
370 239 326 178
402 239 340 203
434 239 353 230
440 239 357 237
446 239 361 243
478 239 298 296
402 246 335 206
408 246 338 211
427 246 345 228
434 246 347 233
440 246 352 241
446 246 356 245
472 246 359 260
389 252 325 201
408 252 332 214
472 252 352 261
414 258 331 223
427 258 335 233
472 258 349 266
376 265 313 199
389 265 318 208
395 265 321 213
414 265 327 225
427 265 330 236
434 265 332 240
440 265 337 248
446 265 341 255
453 265 344 260
363 271 291 189
414 271 320 229
440 271 331 251
453 271 339 263
459 271 342 268
376 278 307 205
421 278 324 236
472 278 321 282
395 284 300 224
402 284 304 231
389 290 298 220
472 290 301 292
389 310 277 227
402 322 275 240
408 322 276 244
389 329 264 234
402 329 268 242
376 335 251 225
395 335 260 240
402 335 263 246
408 335 264 252
376 342 244 228
395 342 253 242
402 342 256 250
408 342 258 256
414 342 262 260
357 348 233 211
414 348 256 264
363 354 231 219
370 354 234 226
376 354 237 232
382 354 240 238
395 354 244 246
402 354 246 253
408 354 249 259
402 361 243 256
408 361 245 262
414 361 248 269
459 361 265 302
466 361 268 306
