521 106 515 198
437 113 452 160
501 113 498 195
501 119 495 200
404 126 416 147
411 126 423 149
450 126 460 174
411 132 418 155
417 132 424 158
450 132 455 179
411 138 414 160
417 138 420 163
456 138 450 186
411 145 410 165
417 145 415 168
430 145 420 180
411 151 405 171
417 151 411 173
437 151 421 188
443 151 429 188
450 151 435 191
411 158 402 175
424 158 410 180
430 158 415 185
443 158 425 193
450 158 431 196
456 158 437 201
398 164 392 167
404 164 397 170
424 171 405 187
488 171 447 225
424 177 400 193
482 177 431 225
398 184 376 184
404 184 381 189
411 184 381 196
417 184 386 199
424 184 391 202
430 184 401 203
437 184 406 206
404 190 369 198
430 190 396 208
411 197 371 207
482 197 437 239
391 203 358 196
398 203 364 202
424 203 384 215
430 203 389 219
398 210 359 207
404 210 365 212
411 210 371 216
417 210 377 220
379 216 343 196
385 216 349 200
366 222 333 193
372 222 338 198
411 222 362 219
417 222 367 224
424 222 373 227
430 222 379 232
469 222 406 253
366 229 329 199
379 229 339 209
385 229 345 214
398 229 349 219
417 229 363 230
424 229 369 234
398 235 346 223
417 235 359 235
424 235 364 239
430 235 370 242
359 242 317 205
366 242 322 209
372 242 328 213
385 242 336 218
385 248 333 223
404 248 344 233
411 248 349 238
417 248 354 242
424 248 360 246
430 248 365 249
404 255 340 239
417 255 351 247
424 255 356 252
443 255 369 259
411 261 344 251
424 261 352 258
430 261 356 261
450 261 368 271
417 268 346 261
359 274 300 228
366 274 305 231
398 274 330 248
430 274 350 271
359 281 296 232
398 281 327 254
411 281 332 260
417 281 337 264
437 281 352 276
359 287 292 237
411 287 331 268
366 293 293 248
391 293 310 261
411 293 328 274
353 300 278 244
359 300 283 248
385 300 299 263
404 300 317 276
346 306 272 242
385 306 296 268
404 306 314 281
417 306 322 287
346 313 268 246
391 313 297 276
340 319 257 248
346 319 263 252
391 319 293 284
398 319 302 283
404 319 308 288
333 326 247 248
340 326 253 253
353 326 261 259
398 326 299 290
404 326 307 293
353 332 259 266
366 332 270 278
