427 72 447 76
434 72 453 77
440 72 459 79
421 79 440 82
427 79 445 83
512 98 526 116
519 98 532 117
506 105 519 120
512 105 526 122
519 105 532 121
512 111 524 128
499 118 508 141
506 118 517 135
408 124 418 129
408 131 418 135
414 131 425 138
421 131 431 138
427 131 437 139
414 137 424 144
421 137 430 144
427 137 437 146
434 137 443 146
473 137 486 156
499 137 506 154
421 144 428 155
427 144 437 153
434 144 443 153
440 144 449 154
512 144 519 163
421 150 428 162
427 150 435 163
434 150 441 160
440 150 448 160
453 150 462 163
506 150 511 169
512 150 518 170
408 157 408 167
414 157 419 169
421 157 425 170
427 157 433 170
440 157 446 168
447 157 453 168
460 157 469 169
499 157 503 175
388 163 392 167
401 163 398 182
414 163 417 177
421 163 424 177
440 163 446 174
460 163 468 175
499 163 502 181
506 163 509 181
512 163 514 182
388 170 392 173
408 170 411 181
414 170 418 182
427 170 428 183
453 170 460 181
460 170 467 182
499 170 502 187
506 170 508 187
375 176 379 177
382 176 385 177
401 176 398 186
408 176 410 189
421 176 419 190
453 176 454 189
460 176 460 189
486 176 486 192
493 176 494 193
506 176 507 193
382 183 383 183
414 183 410 196
421 183 418 195
427 183 426 197
453 183 457 197
480 183 479 197
486 183 487 198
369 189 370 190
388 189 388 191
421 189 415 203
369 196 369 198
375 196 375 199
382 196 380 199
388 196 387 200
395 196 395 201
408 196 408 204
434 196 430 212
447 196 443 207
473 196 469 218
369 202 368 205
375 202 374 205
388 202 387 206
395 202 394 207
408 202 407 210
414 202 414 210
473 202 468 224
369 209 367 211
375 209 374 210
382 209 379 213
388 209 385 214
395 209 391 215
408 209 406 217
414 209 413 216
427 209 429 218
447 209 441 222
480 209 473 227
486 209 482 224
362 216 360 216
369 216 367 217
375 216 373 218
382 216 379 219
388 216 385 220
395 216 392 222
401 216 397 223
408 216 405 223
427 216 426 225
447 216 441 228
466 216 461 231
499 216 498 228
362 222 359 222
369 222 366 223
382 222 378 225
388 222 386 227
395 222 391 228
401 222 397 229
408 222 404 230
414 222 410 230
421 222 418 230
427 222 425 231
466 222 460 237
395 229 390 234
401 229 396 234
408 229 402 235
414 229 409 237
421 229 417 238
434 229 426 239
460 229 452 242
466 229 459 242
401 235 395 241
408 235 402 242
414 235 408 243
421 235 414 244
427 235 422 245
460 235 452 249
466 235 458 250
414 242 408 249
427 242 421 252
434 242 428 252
440 242 438 249
453 242 446 249
460 242 451 256
466 242 458 256
375 248 368 245
382 248 375 246
453 248 444 255
460 248 449 263
466 248 458 263
369 255 361 250
375 255 369 253
382 255 375 254
395 255 388 256
414 255 406 259
434 255 423 262
440 255 430 263
447 255 435 263
460 255 448 269
466 255 456 270
362 261 354 256
369 261 362 257
375 261 368 259
382 261 374 260
434 261 423 268
440 261 430 269
362 268 354 264
369 268 360 265
421 268 408 272
434 268 422 274
362 274 353 271
369 274 359 273
375 274 366 273
421 274 406 278
414 281 399 284
336 287 321 288
453 287 441 291
330 294 317 288
330 300 316 295
323 307 309 300
323 313 310 306
323 320 310 311
343 326 330 322
362 326 344 324
375 326 356 326
434 333 410 341
369 339 349 335
427 339 403 346
388 352 369 352
395 352 375 352
401 352 381 353
421 352 396 355
