372 98 368 105
427 98 419 105
433 98 425 104
446 98 438 104
366 105 361 112
372 105 367 111
378 105 373 111
384 105 379 111
415 105 404 112
421 105 411 112
427 105 419 111
433 105 426 111
440 105 432 111
446 105 438 111
452 105 445 111
366 111 361 118
378 111 369 118
384 111 379 118
409 111 399 119
415 111 406 117
421 111 412 117
427 111 420 117
433 111 425 117
440 111 432 118
446 111 440 118
452 111 445 118
458 111 451 117
366 117 360 124
372 117 367 124
378 117 370 130
384 117 380 125
409 117 400 124
415 117 407 123
421 117 412 123
427 117 419 122
433 117 426 122
440 117 433 125
446 117 440 125
452 117 446 125
458 117 452 124
366 123 360 138
372 123 367 135
403 123 399 131
415 123 407 130
421 123 413 129
433 123 426 129
440 123 433 131
446 123 439 131
452 123 446 131
458 123 452 130
366 129 359 144
372 129 367 142
403 129 399 137
409 129 405 136
433 129 425 136
440 129 432 136
446 129 439 137
452 129 446 136
458 129 452 138
372 135 368 147
403 135 398 143
409 135 405 143
427 135 419 136
440 135 432 142
446 135 438 143
452 135 445 143
458 135 450 144
464 135 457 144
390 142 383 148
403 142 394 155
409 142 400 155
415 142 406 155
427 142 414 155
433 142 419 155
440 142 432 149
446 142 438 149
458 142 451 150
372 148 368 156
378 148 370 161
390 148 383 162
403 148 395 160
409 148 400 160
415 148 406 160
421 148 412 161
427 148 417 161
440 148 432 156
446 148 438 155
452 148 446 155
458 148 452 157
464 148 458 155
470 148 464 155
366 154 361 161
378 154 370 168
384 154 376 168
390 154 382 167
421 154 413 167
433 154 425 163
440 154 431 166
446 154 438 166
464 154 457 167
470 154 463 161
366 160 360 167
396 160 392 168
403 160 398 168
409 160 404 168
427 160 419 168
433 160 425 168
452 160 445 168
458 160 451 169
470 160 464 168
366 166 361 174
372 166 367 174
396 166 393 175
409 166 405 174
415 166 411 174
427 166 420 175
433 166 425 174
458 166 452 174
470 166 464 174
366 172 361 180
372 172 367 180
378 172 373 181
390 172 382 182
403 172 394 182
409 172 400 182
427 172 419 181
433 172 425 180
446 172 440 180
452 172 446 178
458 172 452 180
464 172 458 179
470 172 464 180
366 179 362 186
372 179 367 186
378 179 373 187
390 179 381 189
403 179 394 188
409 179 400 188
427 179 419 188
433 179 425 187
446 179 439 187
452 179 445 187
458 179 452 186
464 179 458 185
477 179 468 188
372 185 367 193
378 185 374 199
390 185 381 199
396 185 389 199
403 185 394 198
409 185 401 198
415 185 407 199
421 185 412 199
427 185 418 198
433 185 424 199
440 185 432 198
446 185 439 198
452 185 444 197
458 185 451 194
464 185 458 193
470 185 465 192
359 191 355 199
366 191 362 201
372 191 367 204
378 191 374 204
390 191 381 205
396 191 387 205
403 191 394 205
409 191 402 205
415 191 408 205
421 191 413 206
427 191 419 205
433 191 425 204
440 191 432 204
446 191 438 204
452 191 444 205
458 191 451 204
464 191 459 199
359 197 356 206
366 197 361 207
372 197 366 210
378 197 372 210
390 197 381 212
396 197 386 211
403 197 395 211
409 197 402 210
415 197 408 210
421 197 413 211
427 197 418 211
433 197 425 211
440 197 433 211
446 197 438 211
452 197 444 211
458 197 451 211
464 197 458 206
359 203 355 212
366 203 362 214
390 203 381 218
396 203 386 218
409 203 401 217
415 203 407 218
421 203 413 218
427 203 418 219
446 203 439 217
452 203 444 216
458 203 450 217
464 203 457 213
477 203 469 212
483 203 481 212
359 209 355 218
366 209 362 219
372 209 368 218
378 209 373 219
390 209 382 225
396 209 387 224
409 209 401 223
415 209 407 223
421 209 413 224
427 209 418 225
433 209 424 226
446 209 438 223
452 209 444 223
464 209 458 217
470 209 465 218
477 209 469 219
483 209 482 219
359 216 355 225
366 216 362 224
372 216 367 224
378 216 373 225
396 216 393 225
415 216 406 229
421 216 414 229
427 216 419 230
433 216 424 230
440 216 432 230
446 216 438 230
452 216 444 229
464 216 458 225
470 216 465 225
477 216 470 224
359 222 355 230
366 222 362 230
372 222 368 230
378 222 374 231
384 222 380 231
415 222 407 235
421 222 414 236
470 222 467 229
359 228 355 236
366 228 362 236
372 228 369 235
378 228 374 236
384 228 380 236
390 228 385 238
403 228 399 235
421 228 417 244
427 228 423 237
433 228 429 237
446 228 439 238
452 228 445 236
464 228 459 235
470 228 465 236
477 228 471 236
359 234 355 242
366 234 362 241
372 234 368 242
378 234 374 242
384 234 380 242
390 234 385 243
403 234 399 241
427 234 422 245
433 234 429 244
446 234 439 244
452 234 445 243
464 234 458 242
470 234 465 242
359 240 356 248
366 240 362 248
372 240 368 248
378 240 374 248
384 240 380 249
390 240 385 251
396 240 393 251
403 240 399 249
409 240 404 249
415 240 410 248
427 240 422 254
433 240 430 251
440 240 435 250
452 240 446 249
458 240 453 248
464 240 459 248
470 240 465 248
359 246 356 255
366 246 362 255
372 246 368 256
378 246 373 255
384 246 380 256
390 246 386 257
396 246 393 257
403 246 398 257
409 246 404 256
415 246 410 255
433 246 429 257
440 246 435 254
452 246 448 255
458 246 454 255
470 246 464 254
359 252 356 262
366 252 362 262
372 252 368 262
378 252 374 262
384 252 379 263
390 252 385 264
396 252 392 264
403 252 398 263
409 252 404 262
415 252 410 262
427 252 419 262
433 252 427 262
440 252 435 261
452 252 448 261
464 252 460 261
359 259 355 269
366 259 362 269
372 259 368 268
378 259 373 270
403 259 398 269
415 259 408 268
427 259 419 269
440 259 436 267
446 259 442 267
452 259 448 268
464 259 461 267
359 265 355 275
366 265 361 275
372 265 368 275
378 265 373 275
390 265 386 276
396 265 393 275
403 265 398 276
433 265 429 274
440 265 436 274
446 265 442 273
452 265 448 273
464 265 461 273
359 271 355 280
366 271 361 282
372 271 367 282
378 271 374 281
384 271 380 282
390 271 386 282
396 271 393 282
403 271 398 283
433 271 430 282
440 271 436 281
446 271 442 281
458 271 453 281
470 271 464 281
359 277 355 285
366 277 361 286
372 277 368 287
384 277 381 287
390 277 388 287
396 277 393 288
403 277 398 288
409 277 404 288
415 277 410 287
421 277 417 287
427 277 424 286
433 277 430 287
440 277 436 287
446 277 442 287
452 277 448 287
458 277 454 286
470 277 464 288
477 277 469 288
359 283 355 292
366 283 361 293
378 283 376 294
384 283 382 293
390 283 388 293
396 283 393 293
403 283 398 293
409 283 404 293
415 283 410 293
446 283 441 293
452 283 448 292
477 283 468 293
359 289 356 300
366 289 362 300
372 289 369 300
378 289 377 299
384 289 383 299
390 289 387 298
403 289 398 299
409 289 405 299
415 289 410 299
421 289 418 299
427 289 424 299
433 289 429 298
440 289 436 298
458 289 454 299
359 296 356 307
366 296 362 306
372 296 370 306
378 296 376 306
384 296 383 304
390 296 388 304
396 296 393 304
403 296 399 304
409 296 405 304
415 296 411 305
427 296 420 306
433 296 430 305
440 296 436 304
446 296 442 304
458 296 454 305
464 296 460 304
359 302 355 317
366 302 362 313
372 302 369 313
378 302 376 313
384 302 381 311
390 302 387 311
396 302 392 310
403 302 399 311
409 302 406 310
421 302 416 313
427 302 423 312
433 302 431 311
440 302 437 311
446 302 443 310
458 302 455 310
464 302 461 310
359 308 356 323
366 308 363 320
372 308 370 320
378 308 376 318
403 308 399 317
409 308 406 317
415 308 411 318
421 308 417 320
427 308 424 320
433 308 431 318
440 308 438 318
446 308 443 318
458 308 455 316
359 314 356 330
384 314 381 319
390 314 387 319
396 314 392 319
403 314 399 324
409 314 405 324
415 314 411 325
421 314 417 326
427 314 424 326
433 314 430 325
440 314 438 324
446 314 441 323
458 314 455 323
464 314 461 320
353 320 349 336
366 320 362 333
372 320 368 324
378 320 374 325
384 320 381 325
390 320 386 324
396 320 392 325
403 320 399 330
409 320 405 331
415 320 411 331
421 320 417 331
427 320 424 331
433 320 430 330
440 320 437 330
446 320 442 330
452 320 448 329
458 320 455 330
464 320 460 330
353 326 349 343
359 326 356 339
372 326 369 330
378 326 375 330
384 326 381 330
390 326 386 330
403 326 399 337
409 326 405 337
415 326 411 337
421 326 418 338
427 326 424 338
433 326 430 337
446 326 442 338
458 326 455 337
464 326 460 338
359 333 356 345
366 333 362 345
378 333 375 337
396 333 392 337
403 333 399 343
409 333 405 343
415 333 412 343
421 333 419 343
427 333 424 343
433 333 430 343
440 333 436 343
446 333 442 343
458 333 455 344
353 339 350 351
359 339 356 350
366 339 362 351
384 339 380 336
390 339 387 338
403 339 399 350
409 339 405 350
415 339 412 350
421 339 419 350
427 339 425 350
433 339 430 348
440 339 436 349
446 339 442 350
458 339 455 350
353 345 350 360
359 345 356 361
366 345 363 357
372 345 368 357
384 345 381 343
403 345 400 357
409 345 406 357
415 345 412 357
421 345 419 356
427 345 425 357
433 345 430 358
440 345 436 357
446 345 443 357
458 345 455 355
464 345 461 356
353 351 350 367
359 351 356 367
366 351 362 368
372 351 369 367
396 351 394 368
403 351 399 368
409 351 406 368
415 351 412 363
421 351 419 363
427 351 426 364
440 351 437 365
446 351 444 364
452 351 449 363
458 351 455 362
464 351 461 362
353 357 350 373
359 357 357 374
366 357 363 374
372 357 369 374
378 357 376 374
384 357 381 374
409 357 406 374
415 357 412 370
421 357 418 371
427 357 426 371
433 357 431 371
440 357 436 371
446 357 443 370
452 357 449 369
458 357 455 369
464 357 461 367
366 363 364 381
372 363 369 381
390 363 387 377
403 363 400 377
415 363 412 377
421 363 418 377
427 363 426 378
433 363 431 377
440 363 437 377
446 363 443 376
452 363 449 376
458 363 455 375
464 363 461 374
353 370 349 382
390 370 388 380
396 370 395 381
403 370 400 383
409 370 406 383
415 370 412 383
421 370 419 382
427 370 426 382
433 370 432 382
440 370 437 382
446 370 443 381
452 370 449 382
458 370 455 382
464 370 461 381
