300 156 301 154
312 156 307 153
319 156 313 153
325 156 319 152
300 162 299 171
306 162 306 178
312 162 312 178
319 162 319 178
332 162 327 179
402 162 456 160
300 169 299 184
306 169 305 185
312 169 310 186
319 169 317 186
332 169 327 185
338 169 334 185
344 169 340 186
357 169 354 187
364 169 361 186
370 169 367 186
376 169 373 185
383 169 380 185
440 169 441 180
447 169 448 180
453 169 454 180
460 169 462 179
472 169 474 179
479 169 481 180
300 175 300 192
306 175 305 193
312 175 312 192
325 175 322 193
332 175 327 192
338 175 334 191
344 175 345 192
351 175 350 192
364 175 360 191
370 175 365 191
376 175 372 191
383 175 379 191
434 175 431 191
447 175 447 190
460 175 457 188
466 175 468 187
472 175 474 187
479 175 480 188
485 175 488 187
492 175 493 188
498 175 500 188
524 175 469 166
543 175 573 186
300 181 299 199
306 181 305 199
319 181 319 198
332 181 327 198
338 181 339 198
351 181 351 198
364 181 360 198
370 181 366 197
421 181 476 198
440 181 441 197
447 181 448 197
453 181 455 194
466 181 463 194
485 181 487 194
492 181 493 195
498 181 499 194
504 181 507 194
549 181 552 195
556 181 558 194
562 181 565 193
568 181 572 193
575 181 579 192
293 188 293 206
300 188 298 206
312 188 307 204
319 188 313 204
332 188 332 204
396 188 404 205
415 188 345 203
498 188 501 201
504 188 506 201
549 188 552 201
556 188 559 200
562 188 564 199
568 188 572 199
575 188 578 200
293 194 285 171
300 194 297 211
524 194 416 204
556 194 560 207
562 194 565 207
568 194 571 206
575 194 577 206
370 201 371 217
472 201 344 212
562 201 566 213
568 201 571 214
575 201 578 213
472 207 344 218
504 207 501 226
517 207 468 223
575 207 578 220
300 213 297 229
306 213 306 229
312 213 306 226
376 213 371 231
383 213 377 231
402 213 404 226
517 213 468 230
306 220 306 235
332 220 339 236
370 220 365 237
389 220 384 238
396 220 390 238
402 220 403 231
408 220 409 231
447 220 435 230
453 220 441 230
504 220 500 237
319 226 312 237
364 226 359 242
389 226 385 245
396 226 391 244
421 226 416 236
428 226 422 237
434 226 428 238
447 226 435 236
453 226 440 236
466 226 461 238
492 226 489 240
524 226 513 240
536 226 525 238
338 233 327 243
344 233 332 243
351 233 338 243
357 233 352 245
402 233 402 244
408 233 409 244
421 233 415 244
428 233 422 245
453 233 442 244
460 233 455 245
466 233 460 246
472 233 469 246
479 233 477 245
485 233 484 246
492 233 488 245
504 233 494 245
524 233 520 244
396 239 390 250
402 239 397 250
408 239 403 250
415 239 409 250
453 239 444 250
460 239 454 252
466 239 461 251
472 239 469 250
479 239 477 251
485 239 482 250
492 239 488 250
498 239 495 251
504 239 502 251
511 239 508 252
517 239 514 250
524 239 521 249
402 245 398 256
415 245 403 257
453 245 444 255
460 245 453 255
466 245 462 255
472 245 469 255
479 245 476 255
485 245 482 255
492 245 489 256
498 245 496 257
504 245 503 257
511 245 509 258
517 245 515 257
402 252 402 263
421 252 410 263
447 252 430 258
466 252 461 262
472 252 470 261
485 252 483 261
492 252 489 262
498 252 496 263
504 252 502 264
511 252 509 264
447 258 442 264
453 258 447 265
460 258 454 265
498 258 496 269
504 258 506 270
492 265 487 271
