471 155 457 138
478 155 468 134
484 155 476 133
496 155 488 131
496 162 486 138
422 168 433 150
409 174 421 159
422 174 434 156
459 174 454 157
298 180 316 186
403 180 415 167
416 180 428 164
304 186 324 191
310 186 331 190
335 186 365 182
403 186 417 173
416 186 428 170
434 186 442 167
440 186 455 164
465 186 467 162
471 186 472 161
261 193 280 205
285 193 298 202
316 193 338 195
323 193 344 194
329 193 351 192
335 193 363 190
360 193 375 188
366 193 383 186
372 193 390 185
378 193 396 183
391 193 410 180
403 193 417 179
409 193 423 177
416 193 429 175
434 193 450 172
465 193 464 171
248 199 260 217
304 199 327 203
316 199 339 200
323 199 345 200
329 199 352 198
335 199 359 197
341 199 365 196
347 199 371 194
360 199 378 193
366 199 385 192
372 199 391 191
385 199 399 190
391 199 411 186
440 199 451 178
465 199 465 177
471 199 471 176
478 199 477 174
248 205 261 223
254 205 267 222
304 205 328 207
316 205 341 206
323 205 347 205
329 205 352 204
335 205 358 203
341 205 365 202
354 205 379 199
366 205 387 198
372 205 393 197
385 205 401 195
391 205 412 194
397 205 419 191
428 205 444 187
440 205 452 184
478 205 478 180
316 211 342 212
323 211 349 211
329 211 354 211
335 211 359 210
341 211 365 208
360 211 382 205
366 211 389 204
372 211 394 203
378 211 400 202
385 211 406 200
391 211 413 199
440 211 454 191
447 211 460 190
478 211 479 188
236 217 252 236
316 217 344 218
323 217 351 217
329 217 356 217
341 217 365 215
347 217 371 214
354 217 378 213
360 217 383 211
366 217 389 210
378 217 400 208
385 217 407 207
391 217 414 205
409 217 426 195
422 217 441 201
428 217 447 199
465 217 473 186
478 217 480 194
484 217 487 192
230 224 250 244
242 224 259 242
248 224 264 242
254 224 270 240
316 224 345 224
323 224 351 224
329 224 357 224
341 224 366 221
347 224 373 220
354 224 379 219
360 224 385 217
366 224 390 217
378 224 401 214
385 224 407 213
391 224 414 212
403 224 422 210
236 230 260 250
323 230 353 231
329 230 357 231
341 230 367 228
347 230 374 225
354 230 380 224
360 230 385 223
366 230 390 223
372 230 396 222
378 230 402 220
385 230 409 220
428 230 450 213
236 236 262 257
267 236 287 251
316 236 347 240
323 236 354 239
341 236 368 234
347 236 375 232
360 236 386 229
366 236 391 229
378 236 403 226
385 236 410 226
397 236 419 223
403 236 424 222
409 236 431 218
416 236 438 217
422 236 444 214
230 242 251 266
242 242 264 263
310 242 341 246
316 242 348 247
323 242 355 246
335 242 362 244
341 242 369 242
347 242 376 239
385 242 407 233
397 242 420 230
409 242 431 225
428 242 451 219
242 248 266 268
248 248 270 268
273 248 292 264
279 248 297 262
310 248 342 252
323 248 357 251
329 248 362 250
341 248 370 248
347 248 375 246
403 248 425 230
409 248 433 229
416 248 439 229
428 248 453 227
434 248 458 224
279 255 298 268
285 255 304 267
316 255 350 255
329 255 364 256
403 255 422 238
409 255 434 237
440 255 466 230
447 255 473 229
273 261 292 278
279 261 298 275
298 261 323 267
310 261 345 261
323 261 358 259
335 261 370 258
422 261 450 241
447 261 474 235
261 267 282 287
273 267 293 285
310 267 347 267
341 267 378 261
261 273 288 292
267 273 295 291
279 273 301 289
285 273 307 286
292 273 314 284
254 279 284 300
335 279 368 276
236 286 266 304
