1 0 0 -0.04542167112231255 
0 1 0 0.0009935460984706879 
0 0 1 -0.2875000238418579 
0 0 0 1 

0.9968447685241699 0.07815509289503098 0.01386619545519352 -0.04813256114721298 
-0.07790901511907578 0.9968072175979614 -0.01747863739728928 0.009495564736425877 
-0.01518797408789396 0.01634318009018898 0.999751091003418 -0.2933506667613983 
0 0 0 1 

0.6489044427871704 0.7601538896560669 -0.03299747034907341 -0.007275673560798168 
-0.7562648057937622 0.639606237411499 -0.1377208530902863 0.07802736759185791 
-0.08358369767665863 0.1143224835395813 0.9899212718009949 -0.293438732624054 
0 0 0 1 

0.5514363050460815 0.8330796957015991 -0.04354259371757507 0.002093556569889188 
-0.83244788646698 0.5461194515228271 -0.09372223168611526 0.06609504669904709 
-0.05429866164922714 0.08792877942323685 0.9946457743644714 -0.2984519302845001 
0 0 0 1 

0.4579769670963287 0.8837116956710815 -0.09649202227592468 0.02486012689769268 
-0.8889493942260742 0.4546408653259277 -0.05541304126381874 0.05476300418376923 
-0.005099946167320013 0.1111544221639633 0.9937900900840759 -0.3019965887069702 
0 0 0 1 

0.3506266176700592 0.9309403896331787 -0.1020344868302345 0.03113614208996296 
-0.936316967010498 0.3507078289985657 -0.01773514039814472 0.04049358144402504 
0.01927393674850464 0.1017550379037857 0.9946227669715881 -0.3037020564079285 
0 0 0 1 

0.2699925899505615 0.9544698596000671 -0.1268510222434998 0.04152781143784523 
-0.9594621062278748 0.2777560949325562 0.04778950661420822 0.01625500805675983 
0.08084728568792343 0.1088059619069099 0.9907698631286621 -0.3031910955905914 
0 0 0 1 

0.1945696026086807 0.9673635363578796 -0.1623278707265854 0.05398117378354073 
-0.9718702435493469 0.2125119268894196 0.1015220955014229 -0.003628598526120186 
0.1327053755521774 0.1380085349082947 0.9815003275871277 -0.3013703525066376 
0 0 0 1 

0.1147873923182487 0.979849636554718 -0.163458064198494 0.05618001893162727 
-0.971007764339447 0.145404040813446 0.1897409707307816 -0.03350985795259476 
0.2096850872039795 0.1369391828775406 0.9681321382522583 -0.2984806299209595 
0 0 0 1 

0.1314374655485153 0.9780231118202209 -0.1618499904870987 0.05505649745464325 
-0.9638705849647522 0.1642401218414307 0.2097118049860001 -0.03925457969307899 
0.2316851913928986 0.1284383833408356 0.9642746448516846 -0.29742032289505 
0 0 0 1 

