0.9676793217658997 0.06929652392864227 -0.242475837469101 0.08207488805055618 
-0.07572869956493378 0.9969784021377563 -0.01729633286595345 0.02663170360028744 
0.2405446022748947 0.03509973734617233 0.9700031876564026 -0.3680601716041565 
0 0 0 1 

0.5821726322174072 0.7869554758071899 -0.2043917179107666 0.07341061532497406 
-0.5727378129959106 0.5753526091575623 0.5839012265205383 -0.1299440264701843 
0.5771015882492065 -0.2228683978319168 0.7856737971305847 -0.1952871531248093 
0 0 0 1 

0.5792275071144104 0.7941914200782776 -0.1837263852357864 0.06386203318834305 
-0.6654879450798035 0.5908669829368591 0.4560722708702087 -0.09435616433620453 
0.470766544342041 -0.1419018656015396 0.8707712888717651 -0.213183581829071 
0 0 0 1 

0.5739321708679199 0.7917420268058777 -0.2091556787490845 0.06602436304092407 
-0.7128881812095642 0.6087462306022644 0.3481638729572296 -0.06366805732250214 
0.402978777885437 -0.05071773380041122 0.9138029217720032 -0.220000684261322 
0 0 0 1 

0.5661506056785583 0.7824614644050598 -0.2592821717262268 0.07473000138998032 
-0.7534139752388 0.6188121438026428 0.2223480641841888 -0.02642806619405746 
0.3344257771968842 0.06946440786123276 0.9398584961891174 -0.2220306545495987 
0 0 0 1 

0.5566715002059937 0.7876185178756714 -0.2641468346118927 0.07430057972669601 
-0.7825230360031128 0.6038958430290222 0.1515491604804993 -0.007088033482432365 
0.2788801193237305 0.1223379895091057 0.9525015950202942 -0.2231726497411728 
0 0 0 1 

0.5360860824584961 0.7977569699287415 -0.2760351300239563 0.07408016920089722 
-0.8265693187713623 0.5624687671661377 0.02029109559953213 0.02744208090007305 
0.1714484840631485 0.2172844558954239 0.9609333872795105 -0.2232778072357178 
0 0 0 1 

0.6995276808738708 0.6014297008514404 -0.3859316408634186 0.100652851164341 
-0.2225813716650009 0.6965743899345398 0.6820862293243408 -0.2027303576469421 
0.6790570616722107 -0.3912369906902313 0.6211401224136353 -0.1668078899383545 
0 0 0 1 

0.7039669156074524 0.556685745716095 -0.4410571157932281 0.1153628975152969 
-0.2666119635105133 0.7827175855636597 0.5623798966407776 -0.1635009497404099 
0.6582920551300049 -0.27830570936203 0.6994264125823975 -0.1876125186681747 
0 0 0 1 

0.7233611345291138 0.5160006284713745 -0.4587937891483307 0.1195482462644577 
-0.325385719537735 0.8408085107803345 0.4326260685920715 -0.1207733824849129 
0.6089931130409241 -0.1636598259210587 0.7761076092720032 -0.2083176374435425 
0 0 0 1 

