412 148 376 171
418 148 379 166
418 153 381 174
460 153 392 141
418 159 385 180
424 159 385 170
454 159 392 150
412 165 386 189
418 165 390 184
430 171 399 172
406 177 392 195
424 177 401 182
430 177 405 177
448 177 418 162
412 183 400 194
442 183 420 172
448 183 423 167
454 183 425 161
335 189 359 264
388 189 386 242
400 189 400 211
406 189 402 203
412 189 406 198
436 189 413 177
460 189 431 166
513 189 462 113
406 195 406 207
412 195 410 203
418 195 413 198
347 201 373 265
353 201 376 261
388 201 399 229
394 201 403 224
400 201 407 218
406 201 410 212
412 201 414 207
418 201 418 202
442 201 434 184
460 201 438 171
466 201 441 166
472 201 442 157
329 207 363 278
377 207 397 240
382 207 401 236
388 207 404 232
394 207 408 227
400 207 411 221
412 207 419 211
418 207 423 207
472 207 446 160
347 213 382 268
353 213 385 263
365 213 392 256
371 213 396 250
377 213 402 245
382 213 406 240
388 213 409 235
394 213 413 230
400 213 416 225
406 213 420 220
412 213 424 215
418 213 428 210
424 213 434 205
466 213 448 170
359 219 392 264
365 219 398 260
377 219 407 249
382 219 410 244
388 219 414 240
394 219 417 234
400 219 421 229
412 219 429 219
424 219 439 208
436 219 445 214
282 225 344 329
341 225 387 279
347 225 390 275
353 225 396 270
359 225 401 264
365 225 404 260
377 225 411 253
382 225 414 248
388 225 418 244
400 225 425 234
418 225 436 224
329 231 379 290
347 231 396 279
359 231 405 269
365 231 409 264
371 231 412 258
382 231 418 252
388 231 422 248
430 231 446 223
436 231 451 219
454 231 462 193
460 231 466 189
252 237 331 357
282 237 349 344
317 237 375 303
329 237 383 294
347 237 399 283
359 237 409 275
365 237 413 269
371 237 418 263
400 237 433 240
246 243 332 365
252 243 335 360
276 243 349 351
341 243 401 291
365 243 420 274
371 243 424 269
382 243 424 258
246 248 336 367
252 248 340 364
293 248 363 339
365 248 423 278
371 248 428 272
424 248 455 232
252 254 346 368
258 254 351 364
282 254 360 352
293 254 368 343
365 254 429 283
252 260 352 371
258 260 356 368
305 260 393 326
311 260 396 322
317 260 399 315
365 260 434 286
377 260 440 281
394 260 450 270
258 266 360 371
264 266 363 367
311 266 399 326
299 272 393 355
317 272 406 329
377 272 447 285
382 272 451 281
317 278 410 334
371 278 446 293
382 278 454 285
270 284 385 375
282 284 392 365
293 284 399 360
323 284 416 329
276 290 395 374
282 290 397 369
293 290 403 364
299 296 408 360
311 296 412 356
311 302 416 359
287 308 419 377
311 308 432 362
323 308 443 336
