434 101 379 97
472 114 402 100
478 120 413 104
485 120 419 102
409 127 382 192
478 133 432 185
497 133 448 104
510 133 461 99
504 146 456 107
383 152 364 134
516 152 462 104
390 164 380 222
396 164 388 218
447 164 396 134
453 164 403 132
459 164 408 130
390 171 383 227
396 171 389 223
453 171 403 137
459 171 410 135
453 177 400 146
459 183 409 149
472 183 429 148
497 183 463 120
497 190 466 130
383 196 392 160
478 202 456 137
485 202 462 135
453 215 417 155
466 215 450 163
377 221 387 182
383 221 394 181
453 221 415 161
466 228 427 159
377 234 391 195
377 240 394 201
440 240 415 177
364 266 394 253
383 266 408 248
371 272 406 261
383 272 414 259
352 278 390 256
440 278 465 222
447 278 469 220
320 285 363 265
352 285 392 262
440 285 468 228
320 291 366 271
339 291 382 273
358 291 401 265
314 297 364 278
320 297 373 282
327 297 378 281
339 297 386 277
346 297 391 276
358 297 399 273
320 304 375 289
327 304 380 286
339 304 389 283
346 304 393 281
358 304 401 278
415 304 444 245
308 310 370 299
364 310 416 280
371 310 421 277
358 316 417 286
371 316 424 283
377 316 418 204
301 322 366 315
327 322 384 308
333 322 387 301
352 322 399 295
371 322 428 288
377 322 432 286
301 329 366 352
333 329 389 305
352 329 400 301
371 329 429 294
295 335 364 362
301 335 369 359
314 335 378 347
289 341 360 372
308 341 375 358
320 341 382 355
390 341 452 294
289 348 362 376
301 348 374 370
308 348 381 369
327 348 402 369
301 354 382 375
314 354 390 372
320 354 399 376
327 354 405 373
314 360 395 384
346 360 423 365
352 360 378 364
358 360 383 360
327 367 415 385
339 373 425 385
371 373 462 370
383 373 469 366
