438 83 424 52
443 83 431 53
448 83 437 54
454 83 443 56
470 83 449 58
480 83 456 57
427 88 410 56
438 88 417 58
443 88 423 59
459 88 434 62
470 88 447 64
480 88 455 64
486 88 461 65
416 94 395 63
438 94 416 64
443 94 422 65
448 94 426 66
454 94 432 67
470 94 447 70
480 94 454 70
486 94 459 71
496 94 486 77
502 94 491 78
507 94 499 78
416 99 400 64
427 99 409 66
443 99 420 71
448 99 426 72
454 99 433 73
459 99 442 74
464 99 448 76
475 99 459 77
507 99 497 85
512 99 505 85
416 104 396 69
427 104 408 71
432 104 415 73
438 104 406 78
454 104 433 80
459 104 438 80
475 104 463 85
507 104 496 90
512 104 503 92
406 110 380 80
416 110 387 82
422 110 392 82
432 110 400 84
496 110 482 96
518 110 513 105
502 115 487 101
518 115 508 104
438 120 424 98
443 120 429 99
480 120 469 99
491 120 486 108
512 120 499 109
518 120 505 110
427 126 404 98
480 126 469 104
486 126 481 115
491 126 486 114
518 126 506 116
523 126 513 117
422 131 396 104
427 131 403 104
486 131 480 120
427 136 402 109
432 136 433 119
438 136 439 119
486 136 479 126
432 142 389 102
448 142 439 127
454 142 444 128
459 152 434 160
427 158 373 126
432 163 385 134
448 163 398 136
454 163 404 137
518 168 370 151
523 168 382 153
523 179 374 160
470 184 343 154
475 184 349 155
427 195 364 243
470 195 342 160
475 195 349 162
486 195 355 163
512 195 355 168
518 195 362 170
523 195 368 170
438 200 323 158
448 200 329 160
454 200 335 160
539 200 390 186
545 200 399 181
571 200 454 208
577 200 459 209
454 206 329 165
539 206 390 195
550 206 415 197
566 206 441 206
571 206 454 216
577 206 459 215
432 211 315 163
443 211 324 164
454 211 336 165
459 211 342 167
582 217 469 238
438 222 315 170
464 222 333 184
582 222 469 244
438 227 313 175
486 227 326 197
577 227 461 248
539 233 419 218
422 238 300 182
432 238 308 183
491 238 355 216
545 238 420 224
582 238 466 263
432 243 306 187
438 243 312 189
475 243 340 226
486 243 346 226
491 243 352 228
523 243 388 225
534 243 393 225
454 249 329 204
475 249 339 232
491 249 351 234
534 249 392 231
539 249 396 233
464 254 342 213
555 254 453 255
464 259 406 275
502 259 474 211
443 265 317 242
470 265 345 234
507 265 376 256
512 265 381 257
545 265 407 261
470 270 336 251
475 270 342 252
491 270 361 254
496 270 368 256
507 270 375 263
512 270 381 265
523 270 392 273
427 275 299 245
438 275 305 253
459 275 334 226
496 275 362 260
512 275 380 270
566 275 456 287
577 275 465 276
427 281 297 251
448 281 327 265
496 281 367 270
502 281 373 270
566 281 456 293
448 286 326 271
512 286 392 280
448 291 326 276
454 291 332 278
523 291 398 287
518 297 391 294
427 302 301 274
432 302 312 281
438 302 318 283
464 302 373 302
512 302 386 305
518 302 390 300
432 307 324 296
438 307 318 288
443 307 323 290
470 307 381 305
486 307 367 302
523 307 398 314
539 307 424 318
545 307 418 323
443 313 335 305
448 313 342 306
464 313 375 310
470 313 381 312
523 313 406 321
534 313 432 318
486 318 380 318
