317 159 306 199
348 165 313 198
354 165 320 198
360 165 326 198
348 171 312 207
354 171 319 205
385 171 374 200
391 171 379 200
398 171 388 199
404 171 399 198
410 171 407 198
385 177 374 208
391 177 381 208
398 177 388 207
404 177 399 206
410 177 407 205
342 184 349 218
385 184 374 215
391 184 381 214
398 184 387 214
410 184 407 212
317 190 309 227
342 190 348 225
385 190 374 222
391 190 382 221
398 190 389 220
416 190 394 215
509 190 502 203
342 196 348 231
385 196 374 230
391 196 381 229
534 196 529 206
540 196 535 204
546 196 541 203
553 196 549 203
559 196 559 202
317 202 308 233
398 202 383 236
404 202 389 235
509 202 508 214
515 202 515 213
528 202 522 211
534 202 528 211
565 202 562 208
571 202 569 207
577 202 577 206
398 208 384 242
404 208 389 240
577 208 576 213
460 215 462 242
509 215 503 227
577 215 576 221
509 221 502 233
515 221 509 232
540 221 536 230
509 227 501 239
522 227 516 232
546 227 556 228
509 233 501 245
522 233 515 239
528 233 522 237
553 233 556 234
503 239 497 252
509 239 504 252
515 239 510 251
528 239 523 244
534 239 531 243
497 246 491 258
503 246 498 258
509 246 505 258
515 246 511 258
484 252 482 261
