382 117 374 72
372 126 364 121
367 131 361 130
363 140 365 105
386 140 391 77
363 145 368 96
372 145 375 93
377 145 380 90
363 150 372 102
367 150 378 100
382 159 405 195
448 164 417 66
452 169 455 66
348 173 364 227
485 173 473 74
372 178 391 216
396 183 411 192
400 187 398 198
344 192 362 277
400 192 400 205
405 192 407 202
471 197 471 141
400 202 412 215
358 225 388 265
367 225 390 232
400 235 420 319
400 239 423 324
424 239 454 303
462 239 458 179
358 244 401 290
386 244 380 276
448 244 459 110
363 253 414 305
367 253 421 303
457 253 468 282
367 258 425 309
396 258 446 200
334 263 379 346
372 263 434 312
391 263 443 209
396 263 448 206
391 268 445 215
448 268 466 260
320 272 364 344
334 272 385 358
438 272 464 107
448 272 469 265
334 277 387 364
320 282 376 375
367 287 398 353
377 287 410 346
382 287 414 339
382 291 420 350
