405 69 395 61
418 69 405 61
424 69 413 59
430 69 420 59
436 69 428 58
442 69 433 58
448 69 438 58
454 69 446 57
460 69 452 57
466 69 457 56
399 75 389 68
405 75 395 67
418 75 415 64
430 75 421 64
436 75 427 64
442 75 432 64
454 75 441 62
460 75 447 62
466 75 457 62
472 75 464 62
478 75 472 63
387 81 377 77
393 81 383 75
399 81 390 74
405 81 395 74
412 81 402 73
424 81 414 72
442 81 433 70
460 81 453 69
466 81 459 69
472 81 464 68
478 81 471 68
484 81 479 69
381 87 372 83
387 87 378 82
393 87 384 81
399 87 390 80
412 87 403 78
418 87 409 78
424 87 415 77
454 87 448 76
460 87 453 75
466 87 458 74
472 87 465 74
478 87 471 74
484 87 478 75
490 87 484 74
381 93 373 88
387 93 379 88
393 93 384 88
399 93 395 86
424 93 415 84
460 93 453 83
466 93 459 81
472 93 465 80
478 93 472 80
484 93 479 80
490 93 485 81
399 99 396 92
454 99 428 92
460 99 454 90
466 99 461 89
472 99 467 87
484 99 479 86
369 105 365 98
375 105 371 97
387 105 379 102
405 105 404 95
460 105 455 96
466 105 461 95
472 105 468 95
484 105 472 87
363 111 358 106
369 111 365 104
375 111 371 103
412 111 407 107
466 111 463 99
472 111 468 100
357 117 354 111
363 117 359 112
369 117 364 112
375 117 371 110
484 117 476 101
490 117 482 100
496 117 489 100
351 123 349 118
357 123 355 118
363 123 360 118
369 123 365 118
375 123 371 116
405 123 404 113
418 123 412 111
424 123 418 112
490 123 482 105
496 123 488 104
502 123 494 103
357 129 353 129
363 129 360 128
369 129 365 124
375 129 372 123
387 129 380 121
490 129 483 111
502 129 494 109
508 129 501 109
514 129 508 110
339 135 340 129
345 135 348 125
363 135 361 134
369 135 366 130
375 135 372 129
387 135 381 126
393 135 387 126
399 135 395 127
424 135 413 125
484 135 469 120
490 135 483 117
502 135 495 115
339 141 340 136
369 141 366 136
375 141 372 135
393 141 388 133
399 141 396 133
405 141 402 132
412 141 408 131
424 141 413 132
478 141 464 127
496 141 489 122
508 141 504 119
514 141 509 118
345 147 342 149
357 147 355 142
363 147 361 141
369 147 367 141
375 147 373 141
381 147 380 141
393 147 389 139
399 147 396 140
405 147 403 139
460 147 453 129
466 147 458 128
502 147 498 125
508 147 504 124
514 147 509 123
333 153 333 153
345 153 343 155
369 153 368 149
375 153 375 148
393 153 389 146
399 153 395 148
405 153 402 146
412 153 409 145
448 153 442 140
454 153 448 135
460 153 454 135
466 153 459 135
472 153 465 134
508 153 504 130
321 159 324 158
333 159 333 160
357 159 355 157
369 159 365 156
454 159 449 141
460 159 455 140
466 159 460 141
472 159 466 140
478 159 473 140
514 159 509 130
315 165 317 166
321 165 324 165
327 165 332 165
345 165 346 164
363 165 363 163
448 165 441 150
472 165 467 146
315 171 319 173
321 171 327 172
327 171 334 172
333 171 334 176
339 171 340 175
345 171 347 171
357 171 357 170
363 171 365 170
442 171 435 156
448 171 441 157
321 177 327 180
327 177 328 183
333 177 335 182
339 177 340 182
345 177 346 181
357 177 359 176
363 177 365 175
369 177 370 175
381 177 382 173
393 177 393 173
399 177 403 175
430 177 428 163
442 177 436 164
496 177 488 176
315 183 321 190
327 183 327 190
333 183 334 188
339 183 341 187
345 183 347 186
351 183 352 184
357 183 358 183
363 183 364 182
369 183 371 181
381 183 380 185
393 183 398 183
399 183 406 183
412 183 420 182
442 183 435 169
448 183 442 167
454 183 449 167
496 183 492 170
291 189 298 192
297 189 303 192
303 189 309 193
309 189 315 193
327 189 329 196
351 189 352 190
363 189 364 188
375 189 375 186
381 189 384 185
393 189 391 185
399 189 406 190
405 189 413 189
412 189 419 188
418 189 427 188
442 189 436 174
448 189 442 172
454 189 450 172
490 189 482 190
285 195 292 199
291 195 299 198
297 195 304 199
303 195 309 199
333 195 337 197
339 195 343 196
345 195 348 196
351 195 353 195
375 195 376 200
381 195 381 193
387 195 386 191
393 195 392 190
412 195 420 195
430 195 425 183
285 202 292 206
291 202 298 206
297 202 304 205
303 202 310 205
363 202 366 193
375 202 376 206
381 202 383 205
387 202 389 204
412 202 414 197
442 202 436 185
478 202 480 178
496 202 496 181
279 208 286 214
285 208 293 212
321 208 305 223
363 208 367 198
369 208 371 212
375 208 376 212
418 208 419 203
424 208 427 202
279 214 286 220
291 214 300 218
297 214 306 217
345 214 351 221
351 214 357 222
369 214 372 219
375 214 377 218
418 214 421 209
424 214 427 208
442 214 439 201
273 220 282 226
279 220 287 227
285 220 295 226
291 220 301 225
309 220 318 216
333 220 326 229
339 220 350 227
345 220 344 215
357 220 362 218
375 220 378 224
381 220 389 224
387 220 396 225
405 220 415 222
412 220 423 233
418 220 421 215
424 220 427 214
442 220 441 207
478 220 481 197
490 220 495 190
279 226 288 233
351 226 357 226
357 226 363 225
363 226 368 224
405 226 415 229
454 226 454 212
472 226 473 210
351 232 358 233
357 232 363 233
442 232 442 220
448 232 448 219
454 232 454 218
460 232 461 217
472 232 474 215
478 232 480 215
484 232 487 213
279 238 289 240
285 238 294 233
363 238 369 233
369 238 375 232
430 238 429 228
442 238 442 225
448 238 449 225
454 238 456 225
460 238 462 224
466 238 468 224
472 238 473 223
478 238 481 221
484 238 487 219
273 244 282 239
285 244 295 238
333 244 338 236
351 244 359 240
357 244 364 240
363 244 370 239
369 244 375 239
375 244 383 237
412 244 413 215
448 244 455 236
454 244 456 231
460 244 463 231
466 244 468 230
472 244 474 229
478 244 481 228
303 250 314 256
309 250 321 255
321 250 333 255
327 250 331 234
345 250 353 255
351 250 359 246
357 250 365 246
363 250 371 246
369 250 376 246
375 250 383 244
381 250 390 243
448 250 455 242
460 250 464 237
466 250 469 236
472 250 475 235
478 250 482 235
303 256 316 262
309 256 322 262
321 256 326 240
339 256 340 246
345 256 355 260
351 256 360 260
357 256 366 252
363 256 371 251
369 256 377 252
375 256 383 251
381 256 390 250
387 256 397 249
393 256 411 261
460 256 463 242
279 262 289 259
297 262 310 269
303 262 317 269
327 262 342 260
351 262 361 265
357 262 367 258
363 262 372 256
369 262 378 256
381 262 391 256
387 262 399 256
399 262 397 242
466 262 470 247
472 262 476 246
279 268 290 265
297 268 311 275
303 268 316 274
327 268 342 266
357 268 367 264
363 268 373 263
369 268 379 263
381 268 392 262
387 268 399 262
454 268 463 262
466 268 470 253
472 268 477 255
309 274 322 276
339 274 348 279
351 274 362 272
357 274 368 270
363 274 373 270
369 274 379 270
381 274 392 268
466 274 471 261
309 280 324 283
315 280 330 282
327 280 348 272
333 280 353 272
345 280 355 278
351 280 362 278
357 280 369 277
363 280 375 278
369 280 380 277
375 280 387 275
466 280 472 274
291 286 302 283
351 286 363 284
357 286 369 284
363 286 377 284
375 286 388 283
387 286 394 289
399 286 409 236
303 292 323 293
309 292 325 288
315 292 330 287
339 292 357 292
399 292 410 241
448 292 451 274
303 298 323 299
315 298 331 295
321 298 337 294
436 298 440 283
442 298 446 281
448 298 453 280
315 304 332 301
327 304 351 305
399 304 408 300
405 304 414 299
430 304 434 291
436 304 440 290
442 304 447 289
315 310 341 311
321 310 346 311
333 310 359 310
399 310 409 306
405 310 415 305
418 310 423 298
430 310 435 297
436 310 442 296
333 316 360 316
375 316 372 315
399 316 409 313
405 316 416 311
418 316 428 305
424 316 435 305
430 316 442 305
399 322 409 318
412 322 422 313
418 322 428 312
424 322 435 311
430 322 442 310
436 322 448 310
345 328 367 322
381 328 393 320
387 328 403 319
399 328 417 317
405 328 423 317
369 334 385 326
393 334 411 324
405 334 400 324
418 334 423 325
