405 69 429 51
418 69 435 53
424 69 442 55
430 69 450 56
436 69 456 57
448 69 464 58
454 69 470 58
399 75 420 57
405 75 426 57
418 75 439 61
466 75 475 64
472 75 482 65
478 75 490 64
430 81 452 69
448 81 460 70
454 81 467 72
460 81 474 73
472 81 481 72
478 81 487 71
484 81 495 72
381 87 408 62
393 87 419 65
399 87 424 67
405 87 430 69
424 87 437 72
430 87 452 76
448 87 459 75
454 87 466 77
466 87 484 83
478 87 499 89
484 87 493 79
490 87 501 80
496 87 520 93
375 93 403 66
381 93 407 68
387 93 414 69
393 93 420 71
405 93 427 75
412 93 434 77
418 93 441 79
430 93 450 81
442 93 471 88
454 93 465 84
466 93 483 89
472 93 489 91
478 93 497 95
405 99 426 82
412 99 432 82
418 99 439 86
442 99 469 95
448 99 475 96
472 99 489 98
478 99 496 101
490 99 503 97
496 99 509 99
502 99 518 100
375 105 401 77
381 105 407 78
387 105 413 81
393 105 419 82
412 105 431 88
418 105 438 93
448 105 452 97
454 105 461 92
472 105 481 98
490 105 502 103
496 105 509 104
363 111 388 80
369 111 395 81
375 111 402 83
381 111 410 84
393 111 421 87
466 111 473 103
478 111 486 107
484 111 495 108
490 111 501 108
496 111 507 109
369 117 395 88
375 117 403 89
381 117 409 91
424 117 462 116
478 117 485 112
484 117 493 113
490 117 500 115
496 117 514 120
357 123 371 98
363 123 386 96
369 123 394 97
387 123 414 95
399 123 424 97
405 123 429 98
418 123 435 100
478 123 482 120
484 123 489 121
490 123 499 122
496 123 512 126
508 123 527 131
514 123 532 133
351 129 362 104
357 129 370 105
363 129 383 107
369 129 397 104
381 129 408 101
387 129 412 102
405 129 428 105
460 129 476 117
484 129 489 128
496 129 504 126
508 129 518 136
514 129 525 138
339 135 336 118
345 135 334 125
351 135 361 110
369 135 391 110
381 135 407 106
387 135 412 108
399 135 425 112
490 135 495 132
496 135 501 139
502 135 507 141
508 135 517 143
333 141 328 123
345 141 340 125
387 141 411 115
424 141 445 124
460 141 475 125
496 141 499 146
327 147 318 130
327 153 317 136
339 153 321 146
387 153 408 124
393 153 414 126
405 153 430 128
424 153 445 132
496 153 508 147
502 153 511 151
321 159 304 145
333 159 313 150
339 159 320 152
345 159 334 156
393 159 413 132
399 159 419 134
412 159 433 135
424 159 443 138
442 159 460 135
448 159 466 135
466 159 475 145
496 159 504 154
315 165 295 151
327 165 306 154
333 165 312 156
363 165 338 163
412 165 432 141
424 165 441 145
460 165 468 145
472 165 484 150
502 165 502 169
351 171 308 164
430 171 446 147
454 171 460 152
460 171 467 153
466 171 475 155
333 177 293 167
339 177 299 169
351 177 307 171
357 177 314 172
363 177 321 174
387 177 357 182
454 177 460 159
460 177 466 160
466 177 474 161
303 183 284 165
327 183 284 173
333 183 290 174
339 183 298 176
351 183 306 178
357 183 313 180
454 183 459 164
460 183 464 165
484 183 485 172
291 189 270 167
297 189 277 169
333 189 289 180
339 189 295 183
478 189 475 177
333 195 287 188
339 195 294 189
490 195 496 175
285 201 268 175
357 201 314 204
363 201 320 204
279 208 260 180
285 208 266 183
291 208 273 184
357 208 313 210
478 208 455 209
285 214 266 188
291 214 272 191
357 214 312 216
381 214 347 217
315 220 361 251
387 220 352 228
490 220 493 196
273 226 259 186
297 226 347 249
327 226 298 204
333 226 306 209
279 232 266 211
369 232 337 229
460 232 405 249
478 232 432 257
484 232 441 257
460 238 403 255
466 238 421 251
484 238 438 265
466 244 420 258
327 250 298 229
418 250 365 253
291 256 272 219
315 256 289 233
327 256 298 234
430 256 372 269
327 262 296 242
333 262 302 244
351 262 312 232
466 262 413 272
472 262 422 274
297 268 270 198
327 268 294 249
333 268 300 251
357 274 322 256
363 274 328 258
369 274 335 259
430 280 379 264
436 280 386 266
297 292 266 235
303 292 274 236
303 298 273 243
357 298 355 271
309 304 278 252
315 304 285 254
333 304 299 258
315 310 283 261
321 310 292 264
327 310 298 265
442 310 392 297
321 316 289 271
327 316 307 283
339 316 341 298
369 316 367 290
442 316 392 303
333 322 311 291
339 322 340 306
436 322 384 304
375 328 355 303
381 328 314 282
375 334 353 309
381 334 359 310
418 334 381 315
