362 96 385 64
385 114 410 79
385 120 410 85
397 120 423 84
350 126 365 107
409 126 434 88
380 131 398 97
427 131 448 94
350 137 365 113
350 143 364 119
356 143 369 119
469 143 496 109
481 143 505 110
493 143 508 110
517 143 528 118
523 143 534 121
368 149 381 122
469 149 490 117
475 149 496 116
481 149 502 116
487 149 507 117
350 155 364 127
356 155 368 128
481 155 501 123
487 155 506 124
493 155 513 125
350 161 361 138
505 161 522 133
511 161 528 133
350 167 360 144
368 167 373 152
374 167 379 153
505 167 521 139
511 167 527 138
344 173 355 149
362 173 367 158
368 173 372 159
374 173 379 159
511 173 527 145
344 179 354 155
350 179 359 156
362 179 366 164
374 179 378 171
499 179 518 144
511 179 526 151
338 185 348 163
350 185 359 164
368 185 372 177
374 185 377 177
380 185 386 173
493 185 512 150
499 185 517 151
511 185 525 157
338 191 347 170
344 191 353 170
368 191 371 182
374 191 377 183
493 191 511 156
338 197 346 177
344 197 351 175
493 197 511 162
374 215 371 214
380 215 377 214
403 215 399 217
356 221 350 219
362 221 357 220
368 221 364 220
374 221 371 220
380 221 376 220
385 221 382 221
397 221 394 221
356 227 350 227
362 227 357 226
368 227 362 226
374 227 370 226
380 227 375 227
385 227 382 227
391 227 387 227
397 227 392 228
332 233 331 232
350 233 341 234
356 233 350 233
362 233 356 233
368 233 360 232
380 233 374 234
338 239 334 237
356 239 349 238
362 239 355 238
356 245 348 244
362 245 354 244
368 245 360 245
374 245 366 245
397 245 392 249
338 251 334 245
415 251 410 255
332 257 329 250
338 257 334 251
344 257 341 251
362 257 360 252
374 257 367 253
380 257 372 254
391 257 385 254
403 257 398 256
409 257 403 256
427 257 429 265
368 263 365 259
380 263 373 259
397 263 393 262
403 263 399 261
409 263 403 261
415 263 409 262
427 263 429 271
320 269 319 256
326 269 326 257
332 269 331 258
356 269 353 259
362 269 361 260
380 269 377 265
391 269 384 267
403 269 399 268
409 269 404 267
415 269 416 270
326 275 328 263
344 275 339 264
356 275 351 266
362 275 360 266
368 275 367 267
374 275 372 267
391 275 389 273
403 275 396 272
409 275 404 273
415 275 413 274
320 280 319 269
326 280 328 269
332 280 334 268
344 280 347 269
362 280 360 271
368 280 367 272
380 280 379 273
385 280 384 275
326 286 328 275
332 286 334 275
338 286 338 270
356 286 353 277
391 286 389 280
403 286 401 281
415 286 413 283
421 286 419 282
457 286 459 279
463 286 465 279
326 292 326 280
338 292 339 277
344 292 345 276
362 292 358 278
368 292 365 280
409 292 409 287
415 292 414 288
421 292 419 287
457 292 459 285
326 298 326 288
332 298 331 282
338 298 338 282
344 298 345 282
350 298 350 282
356 298 357 282
380 298 376 291
385 298 382 290
391 298 388 291
427 298 429 288
451 298 453 291
350 304 351 287
356 304 357 288
362 304 363 290
385 304 382 298
415 304 419 295
421 304 425 295
451 304 451 299
457 304 457 299
350 310 351 294
356 310 357 294
362 310 363 294
403 310 413 301
421 310 424 300
350 316 351 301
356 316 357 301
362 316 364 301
368 316 370 299
374 316 375 299
350 322 350 308
356 322 356 308
362 322 364 308
368 322 370 308
374 322 373 305
380 322 380 305
385 322 387 305
421 322 425 309
362 328 363 313
368 328 369 314
374 328 373 312
380 328 379 312
385 328 388 313
409 328 407 313
415 328 417 314
421 328 425 315
427 328 430 316
439 328 441 318
445 328 445 320
380 334 380 321
403 334 405 320
409 334 411 320
415 334 416 321
421 334 422 321
427 334 430 322
439 334 438 326
