423 247 424 163
438 247 435 163
357 252 356 172
373 252 368 171
383 252 383 170
393 252 389 170
418 252 418 169
423 252 424 169
428 252 430 169
438 252 435 169
443 252 440 170
357 257 357 178
363 257 362 179
443 257 440 175
448 257 446 175
357 262 357 185
393 262 390 188
408 262 408 177
413 262 413 177
418 262 418 177
423 262 424 177
443 262 441 180
458 262 457 179
322 267 316 192
327 267 323 193
332 267 328 192
363 267 363 183
368 267 367 184
413 267 408 183
418 272 418 194
438 272 435 187
443 272 440 187
448 272 443 191
332 277 329 215
337 277 333 202
342 277 339 202
433 277 432 199
438 277 436 192
448 277 448 198
332 282 329 220
418 282 420 205
428 282 426 204
433 282 432 204
438 282 437 203
443 282 441 202
448 282 447 202
332 287 329 226
337 287 336 226
438 287 437 209
443 287 442 209
448 287 447 208
332 292 329 231
408 292 408 211
448 292 448 216
453 292 456 238
332 297 324 238
428 297 427 216
433 297 433 215
453 297 457 244
413 303 410 222
418 303 416 222
423 303 422 221
428 303 427 220
433 303 432 221
453 303 457 250
342 308 338 260
413 308 410 227
418 308 415 227
428 308 427 225
342 313 338 266
393 313 393 251
418 313 420 232
433 313 432 228
347 318 348 243
428 318 427 240
448 318 451 266
332 323 332 269
403 323 404 240
408 323 409 240
428 323 427 244
433 328 435 277
443 328 441 277
463 328 464 277
433 338 435 289
352 343 354 287
403 343 412 295
433 343 435 294
352 348 355 292
352 353 355 298
448 358 451 277
448 363 451 283
453 363 456 283
448 368 453 289
453 368 457 288
352 373 355 310
438 373 442 295
443 373 447 294
448 373 452 295
403 378 402 308
433 378 435 300
438 378 442 301
443 378 447 301
468 378 471 304
403 383 403 314
408 383 409 313
413 383 414 314
433 383 434 307
438 383 441 307
443 383 447 306
453 383 458 307
413 388 414 319
438 388 440 317
443 388 447 316
453 388 458 312
468 388 472 315
332 393 336 357
408 393 413 325
428 393 426 324
448 393 453 316
463 393 465 317
332 398 335 362
448 398 453 322
458 403 460 328
463 408 467 334
468 408 472 333
403 413 405 369
448 413 450 339
453 413 455 339
458 413 461 338
463 413 466 340
468 413 473 340
403 418 411 352
468 418 473 346
408 423 417 363
443 423 449 351
468 423 473 351
357 429 365 373
373 429 381 381
443 429 449 355
357 434 365 378
428 434 428 368
357 439 366 382
463 439 467 367
468 439 474 367
463 444 468 372
438 449 444 381
443 449 450 381
448 449 455 380
453 449 461 379
463 449 471 374
433 454 440 385
438 454 444 386
443 454 450 386
448 454 455 385
458 454 466 380
332 459 348 391
342 459 358 388
357 459 377 387
433 459 440 391
438 459 445 390
463 459 473 377
423 464 430 397
433 464 440 396
438 464 446 396
453 464 457 389
458 464 463 389
463 464 474 395
473 464 480 390
373 469 394 404
433 469 440 402
458 469 462 394
463 469 469 395
342 474 366 412
347 474 355 411
368 474 389 410
373 474 394 410
453 474 461 400
463 474 469 400
