420 252 407 164
430 252 419 163
464 252 448 164
331 257 322 182
395 257 379 171
400 257 385 171
405 257 390 171
415 257 402 169
420 257 407 168
425 257 413 169
430 257 420 168
444 257 432 168
395 262 380 176
400 262 385 175
405 262 391 175
415 262 403 174
420 262 409 173
425 262 414 174
469 262 455 175
350 267 344 191
395 267 379 180
420 267 409 179
346 272 340 198
400 272 385 182
405 272 390 182
336 277 329 208
395 277 380 187
459 277 444 183
464 277 449 182
464 282 449 188
331 301 319 232
336 301 326 232
331 306 319 238
336 306 326 237
346 311 342 238
415 311 405 228
420 311 410 227
341 316 337 244
420 316 412 231
415 321 407 233
385 326 376 230
410 326 401 233
420 326 413 238
370 331 360 236
375 331 367 236
380 331 372 235
390 331 379 235
410 331 401 238
380 336 374 241
420 336 414 261
370 341 364 265
341 361 333 268
346 361 339 268
336 366 328 272
341 366 332 273
346 366 340 273
360 370 360 311
331 375 325 296
336 375 330 295
365 375 370 299
385 375 384 314
360 380 358 293
385 380 384 319
430 390 424 301
454 390 449 323
420 395 413 306
400 420 405 360
405 425 402 335
370 430 371 369
395 435 392 355
395 440 393 361
400 440 397 360
385 445 386 374
390 445 392 373
395 445 398 371
360 449 366 387
430 449 430 387
336 454 336 382
355 454 359 387
410 454 412 382
415 454 418 381
331 459 332 389
336 459 337 389
469 459 475 380
469 464 476 397
350 469 355 404
355 469 372 404
459 469 471 401
464 469 471 389
336 474 338 405
350 474 367 409
449 474 455 398
454 474 459 396
464 474 470 394
