112 3 113 2
116 3 116 3
120 3 121 3
124 3 125 3
129 3 129 2
133 3 134 2
137 3 138 2
150 3 143 2
162 3 164 2
167 3 168 2
171 3 173 2
188 3 199 2
196 3 210 3
116 7 117 7
120 7 121 7
124 7 126 7
129 7 130 7
133 7 134 7
158 7 161 3
167 7 168 6
171 7 173 7
200 7 203 2
205 7 207 2
116 11 117 12
120 11 121 12
124 11 126 12
129 11 130 11
137 11 139 6
141 11 143 7
146 11 147 7
150 11 152 6
154 11 156 6
158 11 160 6
162 11 164 7
175 11 177 8
179 11 182 7
196 11 198 7
205 11 207 7
209 11 211 7
213 11 216 7
112 15 112 16
120 15 122 16
124 15 126 16
133 15 134 10
137 15 139 11
141 15 143 11
146 15 147 10
150 15 152 10
154 15 156 10
158 15 160 10
162 15 164 11
167 15 168 11
171 15 172 12
175 15 177 11
179 15 182 10
184 15 186 10
196 15 198 11
200 15 202 10
209 15 211 11
213 15 215 12
217 15 220 12
221 15 225 12
137 20 138 15
141 20 143 14
146 20 148 14
150 20 152 14
154 20 156 14
158 20 160 14
162 20 164 15
167 20 168 15
171 20 172 15
175 20 176 15
179 20 181 15
184 20 185 15
188 20 190 15
200 20 202 15
209 20 211 15
213 20 215 15
217 20 219 15
221 20 223 15
226 20 228 16
230 20 233 17
112 24 113 19
116 24 118 19
120 24 122 19
124 24 126 19
129 24 130 16
133 24 135 16
150 24 152 18
154 24 156 18
158 24 160 18
162 24 164 18
167 24 168 19
171 24 173 20
175 24 176 20
179 24 181 20
184 24 185 19
188 24 190 19
192 24 194 19
196 24 197 16
205 24 206 19
209 24 210 19
213 24 215 19
221 24 223 19
226 24 227 20
230 24 232 21
238 24 238 20
243 24 242 20
112 28 113 23
116 28 118 23
120 28 122 23
133 28 135 20
146 28 148 21
158 28 160 23
162 28 164 22
171 28 173 23
175 28 176 23
184 28 183 24
188 28 187 24
192 28 191 24
196 28 197 23
205 28 204 23
213 28 214 23
217 28 219 23
226 28 227 24
234 28 233 24
238 28 238 24
243 28 242 24
146 32 148 25
150 32 152 25
154 32 156 25
158 32 160 27
162 32 164 27
167 32 169 28
171 32 173 28
175 32 177 28
179 32 181 28
188 32 187 28
196 32 196 28
200 32 200 28
205 32 204 28
209 32 208 28
213 32 215 28
217 32 219 28
234 32 234 29
238 32 238 29
243 32 243 28
247 32 247 28
112 36 113 29
116 36 117 30
120 36 121 29
124 36 126 29
129 36 130 29
137 36 135 30
141 36 143 29
146 36 147 29
150 36 153 28
154 36 155 33
158 36 159 32
167 36 169 32
171 36 174 31
175 36 178 32
179 36 181 32
188 36 187 33
192 36 193 32
200 36 200 32
205 36 204 32
209 36 208 32
238 36 238 36
243 36 241 36
116 41 117 33
120 41 121 33
124 41 126 33
129 41 130 33
141 41 143 33
146 41 147 33
150 41 152 33
162 41 163 33
167 41 169 37
171 41 173 36
175 41 177 36
192 41 194 36
196 41 198 36
200 41 202 37
209 41 208 36
226 41 224 33
238 41 238 40
116 45 117 37
120 45 121 37
124 45 125 37
129 45 130 38
133 45 135 37
137 45 139 37
141 45 143 37
146 45 147 38
150 45 152 37
154 45 155 37
158 45 159 37
162 45 163 38
175 45 177 40
179 45 182 38
192 45 195 40
196 45 198 40
200 45 201 41
205 45 205 41
213 45 212 37
217 45 219 42
221 45 220 38
226 45 225 37
243 45 242 42
120 49 121 42
124 49 125 42
129 49 129 41
133 49 135 42
137 49 139 41
141 49 143 41
146 49 147 41
150 49 151 41
154 49 155 42
162 49 163 43
167 49 168 42
171 49 174 42
175 49 177 44
184 49 186 42
192 49 195 44
230 49 229 45
234 49 234 46
238 49 238 46
243 49 243 46
247 49 246 46
251 49 250 45
255 49 254 46
259 49 258 46
116 53 118 45
120 53 121 45
124 53 125 46
129 53 130 46
133 53 135 46
137 53 139 45
141 53 143 45
146 53 147 45
150 53 151 49
154 53 155 49
158 53 159 47
167 53 168 49
213 53 213 48
217 53 217 49
221 53 221 49
226 53 225 49
230 53 229 49
238 53 238 50
243 53 242 51
247 53 246 50
251 53 249 50
255 53 254 51
259 53 258 50
112 58 112 50
116 58 116 50
120 58 121 50
124 58 125 50
129 58 129 49
133 58 135 49
137 58 138 49
141 58 142 49
146 58 147 50
154 58 155 53
158 58 159 50
184 58 186 53
196 58 196 54
200 58 202 49
205 58 204 54
209 58 208 53
213 58 213 53
217 58 217 53
221 58 221 53
234 58 234 54
238 58 237 58
247 58 245 55
251 58 249 55
255 58 253 56
116 62 115 54
120 62 121 54
124 62 125 54
129 62 130 54
133 62 134 54
137 62 138 53
141 62 142 53
146 62 147 53
150 62 151 54
158 62 160 58
167 62 168 54
179 62 178 57
188 62 189 58
200 62 200 58
205 62 204 58
209 62 208 57
213 62 213 57
217 62 217 58
221 62 221 58
230 62 230 58
234 62 234 59
247 62 246 59
112 66 112 58
116 66 118 58
120 66 121 57
124 66 125 58
129 66 129 59
133 66 134 59
137 66 138 58
141 66 142 58
146 66 146 58
150 66 151 59
154 66 155 59
167 66 165 63
171 66 168 63
192 66 193 61
205 66 204 62
217 66 217 62
230 66 230 64
234 66 234 64
238 66 238 63
112 70 112 63
116 70 117 63
120 70 121 62
124 70 125 62
129 70 129 63
133 70 134 64
141 70 142 63
146 70 146 63
150 70 151 63
154 70 155 63
171 70 172 62
179 70 180 64
200 70 201 66
217 70 217 67
221 70 221 67
226 70 224 68
230 70 229 68
234 70 234 68
238 70 237 67
112 74 112 68
116 74 116 67
120 74 120 66
124 74 125 66
129 74 130 67
133 74 134 67
137 74 138 68
146 74 146 67
150 74 151 67
154 74 155 67
158 74 159 68
171 74 172 68
179 74 180 68
192 74 191 67
196 74 195 67
217 74 217 71
221 74 221 72
226 74 225 72
230 74 229 72
234 74 233 71
108 79 108 71
112 79 112 71
116 79 116 71
124 79 125 70
129 79 130 71
133 79 134 71
137 79 138 71
141 79 142 71
146 79 146 71
150 79 151 70
154 79 155 71
158 79 159 72
162 79 163 72
171 79 170 72
175 79 176 72
192 79 191 72
196 79 195 72
200 79 198 72
205 79 202 71
209 79 207 71
217 79 217 75
221 79 221 75
226 79 224 75
230 79 229 75
234 79 233 75
120 83 121 72
129 83 129 74
133 83 134 75
137 83 139 74
141 83 142 75
150 83 151 75
154 83 155 75
158 83 159 76
162 83 163 76
167 83 167 76
175 83 176 76
192 83 191 76
196 83 195 78
200 83 198 76
205 83 202 75
209 83 207 76
213 83 212 76
217 83 217 78
221 83 221 78
226 83 225 78
230 83 229 78
234 83 233 80
108 87 108 77
112 87 113 76
116 87 117 76
120 87 120 76
124 87 125 76
129 87 129 78
137 87 139 78
141 87 142 78
150 87 150 79
154 87 155 80
167 87 166 80
171 87 170 80
175 87 174 80
179 87 178 80
184 87 182 80
188 87 186 80
192 87 191 80
209 87 207 80
234 87 232 85
103 91 102 82
108 91 108 80
112 91 113 80
116 91 117 80
120 91 120 80
124 91 124 80
133 91 133 83
137 91 138 82
141 91 142 82
150 91 150 84
158 91 158 85
167 91 166 84
175 91 174 84
179 91 178 84
184 91 183 84
188 91 187 84
192 91 191 85
196 91 196 85
200 91 200 85
205 91 203 85
213 91 212 85
217 91 216 85
221 91 220 85
226 91 225 85
230 91 229 85
103 96 102 87
108 96 107 85
112 96 112 85
116 96 116 84
120 96 120 84
129 96 129 87
154 96 153 89
158 96 157 88
162 96 161 88
167 96 166 88
175 96 174 88
179 96 178 88
184 96 183 88
188 96 187 88
192 96 192 89
196 96 196 88
200 96 200 89
205 96 203 88
209 96 207 89
213 96 212 88
217 96 216 89
221 96 220 89
226 96 224 89
230 96 229 89
112 100 110 89
154 100 153 92
158 100 157 92
162 100 161 92
171 100 170 92
175 100 175 92
179 100 179 93
184 100 183 93
188 100 187 93
192 100 191 93
196 100 196 93
200 100 200 94
205 100 204 93
209 100 207 92
213 100 211 92
217 100 216 92
221 100 221 93
226 100 225 93
230 100 229 92
120 104 118 92
129 104 128 92
137 104 135 93
141 104 139 93
158 104 157 96
162 104 164 97
171 104 170 96
175 104 174 97
179 104 178 98
184 104 183 98
188 104 187 97
192 104 192 98
196 104 196 99
205 104 203 100
209 104 208 97
213 104 213 101
217 104 216 97
221 104 221 97
226 104 225 98
230 104 228 97
99 108 98 99
103 108 102 99
108 108 105 100
112 108 110 101
120 108 118 101
124 108 123 101
129 108 128 96
133 108 132 96
137 108 135 96
141 108 140 97
146 108 143 97
154 108 153 101
162 108 165 101
171 108 170 101
175 108 174 101
179 108 178 102
184 108 183 102
188 108 187 102
192 108 191 102
205 108 203 104
209 108 208 105
213 108 212 105
217 108 216 101
221 108 221 102
226 108 225 102
230 108 228 102
91 112 89 104
95 112 94 102
103 112 102 104
108 112 106 106
112 112 110 106
116 112 114 106
120 112 118 106
124 112 122 106
129 112 126 105
133 112 131 101
137 112 135 100
141 112 139 101
146 112 143 102
150 112 148 105
154 112 153 105
158 112 157 105
162 112 164 105
171 112 169 106
175 112 173 106
184 112 182 106
192 112 191 107
196 112 195 107
205 112 204 108
209 112 208 109
213 112 212 109
217 112 216 106
221 112 220 106
226 112 224 106
230 112 228 106
95 117 93 109
99 117 98 108
103 117 102 109
108 117 106 110
112 117 110 110
116 117 114 110
120 117 117 110
124 117 121 109
129 117 126 110
133 117 131 108
137 117 135 106
141 117 138 105
146 117 143 109
150 117 146 110
154 117 153 110
171 117 170 109
175 117 173 109
179 117 178 110
184 117 182 110
188 117 187 110
192 117 191 110
196 117 194 110
200 117 200 110
209 117 208 113
213 117 212 113
217 117 216 110
221 117 219 110
226 117 224 110
230 117 228 110
91 121 88 111
95 121 93 113
99 121 97 114
103 121 102 114
108 121 105 115
112 121 109 114
116 121 113 113
120 121 118 113
124 121 121 114
133 121 131 113
137 121 135 112
141 121 139 113
146 121 143 113
150 121 148 115
154 121 153 115
162 121 161 114
167 121 166 114
171 121 170 114
175 121 173 113
179 121 177 113
184 121 182 113
188 121 187 114
192 121 191 114
196 121 195 115
200 121 199 114
213 121 212 116
226 121 224 114
91 125 88 117
95 125 93 117
99 125 97 118
103 125 101 118
108 125 105 118
112 125 109 117
116 125 113 117
124 125 123 117
129 125 128 117
133 125 131 117
137 125 135 117
141 125 139 117
146 125 143 118
150 125 148 118
154 125 152 118
162 125 161 118
167 125 164 118
171 125 168 117
175 125 173 118
179 125 177 118
184 125 182 119
188 125 187 119
192 125 191 118
196 125 195 118
200 125 199 119
217 125 216 119
221 125 220 119
226 125 224 120
230 125 227 121
95 129 93 121
103 129 101 122
108 129 105 122
112 129 109 121
116 129 113 122
133 129 131 121
137 129 135 122
141 129 139 122
146 129 143 122
150 129 147 123
154 129 152 122
158 129 157 122
162 129 161 122
167 129 165 122
171 129 168 122
175 129 173 122
179 129 177 122
184 129 181 123
188 129 186 123
192 129 190 122
196 129 194 122
205 129 203 122
209 129 207 123
213 129 212 124
217 129 216 124
226 129 224 125
230 129 227 125
91 133 89 126
99 133 95 122
112 133 108 126
116 133 113 127
124 133 123 125
129 133 127 123
133 133 131 126
137 133 135 126
141 133 139 126
146 133 143 127
150 133 148 126
154 133 153 126
158 133 157 127
162 133 161 127
167 133 165 126
171 133 168 126
175 133 173 126
179 133 177 127
184 133 182 127
188 133 185 126
192 133 190 126
196 133 195 126
200 133 199 127
205 133 203 127
209 133 207 128
213 133 211 128
217 133 215 128
221 133 220 129
226 133 224 129
230 133 227 129
99 138 95 127
108 138 105 131
112 138 108 131
116 138 113 131
120 138 117 130
124 138 123 130
129 138 127 130
133 138 130 130
137 138 135 130
141 138 139 130
146 138 143 130
150 138 148 130
154 138 153 131
158 138 157 131
162 138 161 131
167 138 164 130
171 138 168 129
175 138 173 130
179 138 178 131
184 138 182 131
188 138 186 131
192 138 190 131
196 138 195 131
200 138 199 131
205 138 203 132
209 138 207 132
213 138 211 132
217 138 215 132
221 138 219 133
226 138 224 134
230 138 227 134
108 142 105 135
112 142 108 135
116 142 112 135
120 142 118 134
129 142 126 134
141 142 139 134
146 142 143 135
150 142 149 134
154 142 153 135
158 142 157 134
162 142 161 134
167 142 165 134
171 142 170 135
175 142 174 135
179 142 178 135
184 142 182 135
188 142 186 135
192 142 190 136
196 142 195 136
200 142 199 136
205 142 203 136
209 142 207 136
213 142 211 136
217 142 215 136
221 142 219 138
230 142 227 138
99 146 93 135
103 146 97 135
108 146 105 139
112 146 108 139
124 146 118 139
146 146 144 138
150 146 149 139
154 146 153 138
158 146 157 139
162 146 161 139
167 146 165 139
171 146 170 139
175 146 175 139
179 146 178 139
184 146 182 139
188 146 186 140
192 146 190 140
196 146 195 140
200 146 199 139
205 146 203 140
209 146 207 140
213 146 211 140
217 146 215 140
226 146 223 142
230 146 227 142
234 146 231 142
108 150 104 143
133 150 135 143
146 150 143 143
150 150 148 143
154 150 153 143
158 150 157 143
162 150 161 143
167 150 166 144
171 150 170 144
175 150 174 143
179 150 179 144
184 150 182 144
188 150 186 143
192 150 190 143
196 150 194 144
200 150 199 144
205 150 203 144
209 150 207 144
213 150 211 144
217 150 215 144
221 150 219 145
226 150 223 147
230 150 227 146
234 150 231 146
108 155 105 147
124 155 130 151
133 155 134 147
162 155 161 147
167 155 166 148
171 155 170 148
175 155 174 147
179 155 179 147
184 155 183 147
188 155 187 147
192 155 190 148
196 155 194 148
200 155 198 148
205 155 203 148
209 155 207 148
213 155 211 149
217 155 215 149
221 155 219 149
112 159 109 151
116 159 113 151
120 159 123 153
167 159 166 152
171 159 169 152
175 159 173 152
179 159 178 151
184 159 183 151
192 159 191 152
196 159 194 151
200 159 198 152
205 159 202 152
213 159 211 153
217 159 215 153
221 159 219 153
230 159 225 155
116 163 114 155
120 163 118 155
124 163 122 155
129 163 126 155
137 163 134 156
167 163 165 156
171 163 168 156
175 163 172 156
192 163 190 156
209 163 206 156
213 163 210 157
217 163 215 157
221 163 219 157
137 167 134 160
146 167 139 159
167 167 165 161
188 167 187 161
192 167 190 160
217 167 216 160
133 171 127 161
179 171 173 164
188 171 186 165
192 171 190 165
192 176 190 170
196 176 194 170
200 176 198 170
205 176 202 170
