401 214 402 214
405 214 406 214
409 214 410 215
433 214 433 215
437 214 437 215
441 214 441 215
445 214 444 215
449 214 448 215
453 214 453 215
397 218 398 219
401 218 402 219
405 218 406 219
409 218 410 219
417 218 418 219
421 218 422 219
425 218 426 219
433 218 433 219
437 218 437 219
441 218 441 219
445 218 445 219
449 218 449 219
453 218 454 219
457 218 460 219
469 218 468 219
473 218 471 219
477 218 476 220
481 218 480 220
397 222 398 223
401 222 402 222
405 222 406 222
409 222 410 223
417 222 419 223
421 222 422 223
425 222 426 223
433 222 433 223
437 222 437 223
441 222 441 223
445 222 445 223
449 222 449 223
453 222 455 223
457 222 459 223
489 222 489 223
493 222 493 224
497 222 496 224
501 222 501 224
505 222 505 224
509 222 509 224
513 222 512 223
397 226 398 227
401 226 402 227
405 226 406 227
413 226 413 227
417 226 416 227
421 226 420 227
425 226 424 227
429 226 429 227
433 226 433 227
437 226 437 227
441 226 441 227
445 226 446 227
453 226 455 227
457 226 459 227
485 226 484 227
489 226 489 227
497 226 497 228
501 226 501 228
505 226 505 227
509 226 509 227
513 226 513 227
517 226 517 227
397 230 397 231
405 230 406 231
409 230 410 231
417 230 417 231
421 230 421 231
425 230 425 231
429 230 429 231
433 230 433 231
437 230 436 231
441 230 440 231
445 230 447 231
453 230 453 231
457 230 457 231
461 230 461 231
473 230 463 231
481 230 480 232
485 230 484 232
489 230 489 232
493 230 493 232
497 230 497 232
505 230 504 231
509 230 508 231
513 230 512 232
517 230 517 232
397 234 397 235
405 234 406 235
409 234 411 235
413 234 414 235
421 234 422 235
425 234 426 235
437 234 436 235
449 234 449 235
453 234 453 235
457 234 457 235
461 234 461 235
473 234 464 235
477 234 477 237
485 234 485 236
489 234 489 236
493 234 493 236
501 234 500 236
505 234 503 235
509 234 507 235
513 234 511 235
517 234 517 236
393 238 393 239
397 238 397 239
405 238 405 239
409 238 410 239
413 238 414 239
417 238 418 239
421 238 422 239
425 238 426 239
433 238 434 239
437 238 440 239
445 238 444 239
449 238 448 239
453 238 452 239
457 238 457 239
461 238 461 239
469 238 467 242
477 238 476 241
481 238 481 241
485 238 485 241
489 238 489 241
493 238 493 241
505 238 503 239
509 238 507 239
513 238 512 240
517 238 517 240
393 242 393 243
397 242 397 243
405 242 406 243
409 242 410 243
413 242 414 243
417 242 418 243
421 242 422 243
425 242 427 243
445 242 444 243
449 242 448 243
453 242 452 243
457 242 457 243
461 242 461 243
469 242 467 245
485 242 485 245
489 242 489 245
505 242 503 243
509 242 508 243
513 242 512 244
517 242 517 246
393 246 393 247
397 246 397 247
401 246 401 247
405 246 405 247
409 246 410 247
413 246 414 247
421 246 422 247
425 246 427 247
445 246 443 247
449 246 447 247
453 246 453 247
481 246 481 248
493 246 492 248
497 246 495 248
509 246 508 247
513 246 512 249
517 246 517 250
393 250 393 251
397 250 397 251
401 250 401 251
405 250 405 251
409 250 409 251
413 250 413 251
417 250 416 251
421 250 420 251
425 250 424 251
429 250 428 251
437 250 435 251
441 250 439 251
449 250 445 251
453 250 456 254
457 250 459 253
469 250 472 252
481 250 481 252
485 250 485 252
489 250 488 252
493 250 492 252
497 250 496 252
501 250 500 253
505 250 505 253
509 250 509 252
513 250 513 254
517 250 517 254
393 254 393 255
397 254 397 255
405 254 405 255
409 254 408 256
413 254 413 255
421 254 420 255
425 254 424 255
429 254 429 255
433 254 433 255
437 254 436 255
441 254 439 255
481 254 484 256
485 254 484 258
493 254 491 256
497 254 496 256
509 254 508 257
513 254 513 258
517 254 517 259
393 258 393 258
397 258 397 259
405 258 405 259
409 258 409 259
413 258 412 259
421 258 420 260
425 258 424 259
429 258 428 259
461 258 460 259
465 258 464 259
485 258 483 262
489 258 487 261
493 258 491 259
497 258 496 260
501 258 500 260
505 258 503 261
509 258 508 262
513 258 512 263
517 258 517 263
393 262 393 263
397 262 397 263
401 262 401 263
405 262 405 263
409 262 409 262
421 262 419 264
465 262 464 263
469 262 467 262
473 262 472 266
477 262 476 266
481 262 479 265
489 262 487 265
493 262 491 265
501 262 500 265
505 262 504 266
509 262 508 265
513 262 513 267
517 262 517 268
393 266 393 267
397 266 397 267
401 266 401 267
405 266 405 267
409 266 409 267
417 266 416 267
421 266 420 268
425 266 425 268
429 266 429 267
433 266 433 267
437 266 436 268
441 266 441 267
465 266 464 266
469 266 468 266
489 266 488 269
497 266 497 270
501 266 500 270
505 266 504 269
509 266 508 269
513 266 514 271
517 266 517 271
393 270 393 271
397 270 397 271
401 270 401 272
405 270 405 272
409 270 409 271
413 270 412 271
417 270 416 271
421 270 420 271
425 270 424 271
429 270 429 272
433 270 433 272
437 270 436 271
457 270 457 272
461 270 460 271
465 270 464 271
477 270 475 271
481 270 480 271
505 270 503 274
509 270 508 273
513 270 513 273
517 270 517 274
401 274 400 276
405 274 405 275
413 274 413 275
417 274 416 275
421 274 420 275
425 274 424 275
429 274 429 276
433 274 433 275
437 274 436 275
445 274 447 275
461 274 460 275
469 274 468 275
473 274 472 275
505 274 503 278
509 274 508 277
513 274 513 277
517 274 517 278
393 278 394 277
405 278 405 278
413 278 413 279
417 278 417 278
421 278 420 279
425 278 424 279
429 278 429 280
433 278 433 279
441 278 439 279
445 278 444 279
449 278 448 279
505 278 503 283
509 278 507 281
389 282 390 282
401 282 401 283
405 282 405 283
417 282 417 283
421 282 420 283
425 282 425 283
429 282 429 283
433 282 433 283
437 282 436 283
441 282 439 283
445 282 443 284
505 282 503 286
513 282 512 283
389 286 390 285
397 286 397 287
401 286 400 286
405 286 404 286
409 286 408 286
413 286 412 286
417 286 417 287
421 286 420 287
425 286 425 287
429 286 429 287
433 286 432 287
437 286 436 287
445 286 442 289
389 290 388 291
393 290 394 290
401 290 400 290
405 290 406 290
417 290 417 290
421 290 420 291
425 290 425 291
429 290 429 291
433 290 432 291
437 290 436 291
389 294 388 295
393 294 392 295
397 294 396 295
401 294 400 295
405 294 407 294
413 294 412 294
417 294 416 295
421 294 420 294
425 294 424 294
429 294 429 296
437 294 435 295
441 294 438 297
397 298 396 299
401 298 399 298
409 298 407 298
417 298 416 298
421 298 420 299
425 298 424 298
429 298 428 299
433 298 432 300
441 298 439 302
497 298 499 298
373 302 372 303
377 302 377 303
381 302 380 303
385 302 384 303
417 302 416 303
421 302 420 303
425 302 425 303
429 302 428 303
433 302 432 303
437 302 436 304
465 302 464 303
469 302 468 303
473 302 472 303
477 302 477 303
373 306 372 307
377 306 376 307
381 306 380 307
385 306 384 307
417 306 416 307
421 306 420 307
425 306 424 307
429 306 428 307
433 306 432 307
437 306 436 307
461 306 460 307
465 306 464 307
469 306 468 307
473 306 472 308
477 306 476 308
481 306 481 308
373 310 372 311
377 310 376 311
381 310 380 311
385 310 384 311
417 310 416 311
421 310 420 311
425 310 424 312
429 310 428 312
433 310 432 312
457 310 456 312
461 310 460 312
465 310 464 311
469 310 468 312
473 310 472 312
477 310 476 312
377 314 376 315
381 314 380 315
385 314 384 315
417 314 416 315
421 314 420 315
425 314 424 316
429 314 428 315
433 314 432 316
457 314 456 315
461 314 460 315
465 314 464 316
469 314 468 316
473 314 471 316
421 318 420 319
425 318 424 319
429 318 427 320
