518 108 527 123
524 108 533 122
518 114 526 130
524 114 533 129
506 120 517 135
518 120 526 136
524 120 532 136
500 132 517 146
512 132 523 149
524 132 531 151
531 132 538 151
456 139 461 148
518 139 522 157
531 139 536 157
444 145 447 153
450 145 453 154
456 145 460 154
469 145 470 156
506 145 509 160
512 145 515 162
537 145 542 165
425 151 414 161
469 151 469 163
487 151 488 164
431 157 419 167
450 157 446 167
462 157 460 168
469 157 468 168
506 157 506 167
531 157 533 177
450 163 446 174
456 163 452 174
462 163 460 174
469 163 466 175
493 163 493 178
512 163 520 177
518 163 527 177
382 170 378 170
388 170 385 171
400 170 388 177
419 170 424 170
431 170 423 178
438 170 437 177
444 170 443 178
456 170 453 179
462 170 459 181
469 170 466 182
475 170 473 182
493 170 492 184
500 170 498 181
518 170 526 183
382 176 377 179
431 176 421 185
438 176 429 186
450 176 445 186
456 176 451 186
469 176 464 188
475 176 472 189
481 176 479 190
487 176 485 189
506 176 507 186
363 182 361 180
369 182 366 181
382 182 377 184
388 182 382 186
394 182 404 182
425 182 415 191
431 182 421 191
438 182 429 191
444 182 437 191
450 182 445 192
456 182 451 192
462 182 458 193
469 182 464 195
475 182 471 195
481 182 477 196
500 182 497 194
506 182 505 194
555 182 553 203
369 188 366 188
382 188 380 189
394 188 403 188
400 188 410 188
419 188 409 196
425 188 415 197
431 188 422 197
438 188 430 196
450 188 444 198
456 188 451 199
462 188 457 200
469 188 463 201
481 188 476 203
493 188 489 201
500 188 498 201
506 188 504 201
555 188 551 209
376 194 373 195
388 194 395 195
407 194 395 200
413 194 407 201
425 194 416 202
431 194 423 202
438 194 431 202
444 194 437 203
450 194 444 204
456 194 451 205
462 194 457 206
469 194 462 208
475 194 468 209
481 194 475 210
500 194 495 207
506 194 502 208
512 194 510 209
555 194 550 215
382 201 378 199
388 201 385 201
400 201 401 201
413 201 406 207
419 201 412 206
431 201 423 208
438 201 430 208
444 201 436 210
456 201 450 212
462 201 456 212
469 201 461 215
475 201 468 215
481 201 475 216
506 201 500 215
512 201 508 216
332 207 326 199
357 207 352 200
363 207 358 202
376 207 368 203
382 207 378 207
394 207 393 207
400 207 400 207
444 207 434 216
450 207 440 218
456 207 448 218
469 207 460 220
475 207 466 220
481 207 474 222
512 207 507 223
295 213 290 201
307 213 298 203
320 213 312 204
326 213 319 205
363 213 358 209
394 213 392 213
400 213 399 214
413 213 406 217
419 213 411 218
425 213 418 219
431 213 424 219
438 213 425 223
444 213 432 224
450 213 439 224
462 213 454 222
487 213 478 226
289 219 284 205
295 219 289 207
301 219 298 207
314 219 310 210
326 219 317 212
332 219 323 213
351 219 344 219
357 219 351 219
363 219 357 217
413 219 405 226
419 219 410 224
425 219 417 225
469 219 458 229
481 219 472 231
487 219 477 232
493 219 483 233
289 225 282 212
301 225 296 214
314 225 309 215
332 225 323 220
363 225 357 223
369 225 363 223
388 225 379 226
419 225 409 231
431 225 417 232
438 225 423 233
444 225 430 234
456 225 445 235
462 225 452 235
475 225 465 237
487 225 472 238
493 225 478 239
314 232 309 222
332 232 323 226
357 232 350 226
363 232 356 228
369 232 361 229
388 232 378 232
394 232 383 233
407 232 396 236
413 232 402 235
419 232 408 238
438 232 423 240
469 232 457 242
475 232 464 244
295 238 286 226
301 238 294 226
314 238 307 228
320 238 315 229
351 238 343 232
357 238 350 232
394 238 382 239
400 238 388 240
413 238 401 242
419 238 408 244
425 238 415 245
431 238 422 244
456 238 443 248
462 238 449 248
314 244 306 234
357 244 349 239
382 244 367 244
394 244 382 245
400 244 387 246
407 244 396 247
413 244 401 249
419 244 407 250
438 244 422 252
444 244 428 253
450 244 435 253
456 244 442 253
462 244 448 255
295 250 285 239
301 250 291 239
320 250 313 239
338 250 333 241
376 250 362 249
407 250 395 253
419 250 407 255
438 250 420 258
444 250 429 258
450 250 436 258
295 256 284 245
338 256 334 247
363 256 352 250
400 256 386 258
413 256 400 261
419 256 405 261
320 263 311 251
326 263 318 251
369 263 351 264
388 263 374 260
413 263 398 266
314 269 302 258
320 269 310 258
326 269 318 257
419 269 406 272
314 275 299 263
320 275 305 264
407 275 390 276
320 281 304 270
369 281 356 277
320 287 303 276
326 287 314 278
320 294 303 283
326 294 314 284
345 294 329 286
351 294 335 287
369 294 355 289
326 300 308 290
332 300 315 291
338 300 321 291
345 300 328 292
351 300 334 292
314 306 297 295
332 306 314 297
338 306 321 298
345 306 327 298
351 306 334 298
320 312 303 302
332 312 313 303
