468 50 356 53
480 67 371 63
480 79 393 85
362 97 335 94
480 97 396 108
356 103 331 105
362 103 338 102
415 120 347 105
516 120 487 117
451 132 429 133
404 138 335 149
433 138 404 145
392 144 324 178
433 144 404 150
474 150 456 154
486 150 408 118
398 156 351 167
404 156 356 165
427 156 470 171
504 156 472 154
398 162 354 173
427 162 472 179
433 162 480 176
439 162 487 173
533 162 473 123
362 168 317 182
433 168 482 182
439 168 489 180
457 168 379 107
433 173 486 189
439 173 492 186
545 179 530 148
421 191 409 142
527 191 476 202
563 191 536 137
433 197 412 188
539 197 498 157
563 197 538 142
569 197 545 140
404 209 357 187
457 209 394 156
575 209 548 146
404 215 458 233
439 215 428 180
492 215 427 204
575 215 552 152
398 221 395 234
404 221 461 239
433 221 423 190
439 221 430 186
492 221 431 210
404 238 381 240
445 238 424 230
569 238 551 176
421 244 411 236
439 244 421 240
445 244 428 238
480 244 389 206
551 244 520 213
563 244 545 178
480 250 392 211
533 250 514 175
539 250 521 173
563 250 549 185
451 256 439 249
457 256 445 244
463 256 453 243
533 256 517 182
539 256 524 180
563 256 554 199
457 262 449 254
463 262 454 249
468 262 461 247
533 262 519 191
551 262 540 207
463 268 459 255
468 268 465 253
474 268 471 251
480 268 477 247
522 268 519 244
527 268 504 230
468 274 469 258
474 274 474 256
480 286 485 261
486 286 490 257
