491 83 498 87
497 83 505 88
485 89 493 92
497 89 505 93
503 94 510 99
468 100 468 108
485 100 492 100
480 106 486 106
468 112 468 119
474 112 474 120
474 118 479 118
497 118 504 112
444 130 450 131
462 130 467 136
438 136 444 137
444 136 450 137
450 136 455 136
420 142 424 141
426 142 430 141
432 142 436 142
438 142 442 143
444 142 447 144
450 142 454 143
456 142 460 143
468 142 475 149
474 142 480 149
415 148 418 146
420 148 425 146
426 148 432 146
432 148 438 147
438 148 443 149
444 148 448 149
450 148 454 149
456 148 460 149
462 148 466 149
480 148 486 152
432 154 438 153
438 154 443 154
444 154 449 154
450 154 454 155
456 154 461 154
462 154 467 155
544 154 547 161
415 159 421 156
420 159 426 156
426 159 433 158
432 159 438 159
438 159 443 160
444 159 448 160
450 159 454 160
456 159 460 162
462 159 466 161
480 159 481 162
509 159 509 172
533 159 534 167
538 159 540 166
544 159 547 167
550 159 554 167
391 165 396 160
403 165 408 161
409 165 414 162
415 165 421 161
438 165 444 164
444 165 448 164
450 165 455 165
456 165 460 167
474 165 476 167
497 165 498 172
503 165 503 174
521 165 523 172
527 165 528 173
538 165 535 178
544 165 541 177
385 171 389 166
397 171 402 167
403 171 409 166
415 171 420 167
426 171 426 172
432 171 432 173
438 171 444 170
444 171 448 170
450 171 455 171
456 171 461 172
474 171 476 174
497 171 499 178
503 171 505 179
509 171 510 179
515 171 517 178
521 171 523 178
544 171 541 182
379 177 382 173
385 177 388 173
391 177 397 171
397 177 401 172
403 177 407 172
415 177 421 172
432 177 432 178
456 177 458 178
462 177 462 179
468 177 468 179
474 177 476 179
480 177 482 179
485 177 486 180
491 177 493 183
497 177 500 183
509 177 510 184
515 177 516 184
521 177 522 184
527 177 527 185
379 183 381 179
385 183 389 178
391 183 395 178
397 183 401 178
403 183 408 179
409 183 414 179
415 183 424 177
432 183 437 180
438 183 439 183
444 183 446 183
450 183 451 184
456 183 457 184
462 183 462 185
468 183 468 185
480 183 481 185
485 183 487 189
497 183 499 189
503 183 504 189
509 183 509 190
521 183 521 190
379 189 381 185
385 189 388 184
391 189 396 183
397 189 402 183
403 189 409 184
409 189 415 184
415 189 421 184
420 189 426 185
432 189 433 189
438 189 439 189
444 189 445 190
450 189 451 189
456 189 456 190
462 189 462 190
468 189 468 191
474 189 475 191
480 189 480 190
521 189 517 198
527 189 527 197
356 195 355 189
362 195 362 190
367 195 368 190
379 195 379 191
385 195 390 190
391 195 396 189
397 195 401 190
403 195 407 190
409 195 413 190
415 195 419 190
420 195 425 191
426 195 427 195
432 195 433 195
438 195 439 195
444 195 445 195
450 195 451 196
456 195 457 196
462 195 463 196
468 195 469 197
474 195 475 198
480 195 480 198
485 195 486 198
515 195 514 202
521 195 520 202
527 195 526 202
356 201 356 195
362 201 362 195
373 201 372 196
385 201 390 195
391 201 397 195
403 201 403 196
409 201 411 196
426 201 427 200
432 201 432 201
438 201 438 201
444 201 445 201
450 201 451 201
456 201 457 202
462 201 463 202
468 201 469 202
474 201 475 202
480 201 480 203
485 201 486 203
509 201 508 207
515 201 514 207
527 201 524 209
385 207 383 204
391 207 388 202
397 207 397 203
403 207 402 202
409 207 409 203
415 207 414 205
420 207 420 206
426 207 426 207
432 207 432 206
438 207 438 207
444 207 444 207
450 207 451 207
456 207 457 208
462 207 462 208
468 207 468 208
480 207 481 208
485 207 486 209
491 207 491 210
497 207 497 211
509 207 508 213
521 207 518 214
385 212 383 209
391 212 388 209
397 212 395 208
403 212 402 209
409 212 408 210
415 212 414 211
432 212 432 212
438 212 438 213
444 212 444 213
450 212 451 213
462 212 460 215
468 212 467 215
474 212 475 214
480 212 480 214
485 212 485 215
491 212 491 215
497 212 499 216
356 218 355 213
373 218 373 214
385 218 383 213
403 218 401 215
409 218 409 216
415 218 414 216
420 218 420 216
426 218 426 217
432 218 432 218
438 218 437 220
450 218 451 219
462 218 461 220
468 218 467 220
474 218 473 220
480 218 479 221
485 218 484 221
491 218 491 222
509 218 508 224
356 224 355 219
403 224 402 221
409 224 408 221
415 224 414 222
420 224 419 222
426 224 425 222
432 224 431 225
438 224 436 226
444 224 442 226
462 224 461 226
468 224 466 226
474 224 473 226
480 224 479 226
485 224 484 228
491 224 490 228
338 230 334 225
344 230 342 226
350 230 349 225
356 230 354 226
362 230 360 226
367 230 366 226
391 230 388 226
397 230 395 227
403 230 401 227
409 230 408 227
415 230 414 228
420 230 420 227
426 230 425 228
432 230 431 232
438 230 437 233
462 230 461 232
468 230 467 232
480 230 472 239
308 236 299 233
344 236 342 231
350 236 349 231
356 236 354 232
362 236 360 232
373 236 372 233
379 236 377 232
391 236 388 232
397 236 394 233
403 236 400 233
409 236 407 232
415 236 412 233
420 236 419 233
426 236 425 233
438 236 438 239
462 236 456 240
468 236 463 239
338 242 337 237
344 242 342 237
350 242 348 238
356 242 354 238
362 242 360 238
367 242 366 238
373 242 371 238
391 242 388 238
397 242 394 238
403 242 399 238
415 242 412 238
420 242 419 239
426 242 425 239
432 242 432 240
438 242 436 244
326 248 323 240
332 248 329 240
344 248 340 244
356 248 353 244
403 248 399 245
415 248 409 244
420 248 418 244
426 248 424 245
432 248 432 249
450 248 445 250
456 248 451 250
326 254 323 245
338 254 336 245
379 254 373 251
415 254 409 251
420 254 418 251
450 254 445 256
314 260 311 251
320 260 317 251
326 260 323 251
391 260 389 258
420 260 418 259
426 260 424 258
432 260 430 259
297 266 293 255
308 266 305 257
314 266 311 257
326 266 322 258
362 266 355 261
391 266 388 263
397 266 393 263
420 266 416 265
426 266 422 265
432 266 430 264
438 266 437 263
320 272 316 264
356 272 349 267
373 272 367 269
379 272 373 270
385 272 383 268
391 272 388 268
403 272 398 269
420 272 415 270
426 272 421 270
320 277 316 269
326 277 321 270
332 277 327 270
350 277 342 273
367 277 361 273
373 277 367 274
379 277 373 275
385 277 383 275
409 277 403 275
302 283 298 275
308 283 304 275
320 283 316 274
326 283 322 275
344 283 337 277
367 283 360 280
385 283 377 281
356 289 347 285
362 289 354 285
367 289 360 285
373 289 367 285
385 289 377 286
332 295 325 287
338 295 331 288
344 295 337 288
350 295 342 288
356 295 347 290
362 295 353 291
367 295 360 292
373 295 366 291
379 295 372 291
385 295 378 291
397 295 389 292
320 301 313 292
326 301 319 293
332 301 325 293
344 301 337 294
350 301 341 293
362 301 353 297
367 301 360 298
373 301 365 298
379 301 371 298
385 301 378 297
326 307 319 298
332 307 324 298
338 307 330 299
344 307 336 300
350 307 342 299
356 307 348 300
367 307 359 304
373 307 365 304
379 307 371 303
385 307 379 303
326 313 319 305
332 313 324 304
338 313 330 304
344 313 336 305
350 313 342 305
356 313 349 306
362 313 354 306
367 313 358 309
379 313 371 309
332 319 324 311
338 319 329 309
344 319 334 310
350 319 341 312
356 319 348 312
332 325 323 316
338 325 329 316
344 325 334 316
350 325 341 317
356 325 347 318
362 325 353 318
338 330 329 322
344 330 334 322
350 330 341 323
356 330 346 324
367 330 359 323
350 336 340 328
356 336 346 329
362 336 353 328
