493 160 510 121
511 160 522 117
505 166 514 122
517 166 529 123
433 172 453 129
505 172 513 127
517 183 522 140
522 183 528 137
528 183 535 135
469 189 471 149
475 189 476 148
481 189 483 147
522 189 528 144
528 189 534 143
534 189 552 154
463 195 464 154
475 195 476 155
481 195 482 155
487 195 490 153
517 195 522 150
522 195 529 150
534 195 552 160
463 201 462 159
469 201 470 160
475 201 476 161
487 201 489 159
463 207 460 165
481 207 483 166
499 207 496 155
427 213 421 173
433 213 426 174
463 213 460 173
475 213 472 168
481 213 479 166
487 213 488 168
546 213 558 167
552 213 564 166
344 219 339 187
356 219 348 185
481 219 479 174
487 219 489 178
517 219 521 173
522 219 527 172
546 219 559 175
552 219 566 173
350 225 347 192
469 225 466 180
475 225 472 181
481 225 482 184
487 225 489 184
517 225 521 180
522 225 528 179
534 225 546 181
540 225 552 181
552 225 566 179
344 231 346 198
368 231 365 196
451 231 447 180
457 231 452 179
481 231 482 192
487 231 490 193
499 231 501 191
505 231 507 191
511 231 515 186
517 231 521 186
522 231 529 185
528 231 537 185
534 231 546 185
540 231 553 185
338 237 340 203
457 237 453 186
463 237 458 186
469 237 465 192
475 237 471 193
481 237 483 199
487 237 489 199
493 237 495 198
499 237 501 197
511 237 515 192
517 237 522 192
522 237 529 190
528 237 538 192
540 237 553 191
552 237 567 191
368 243 366 210
439 243 433 199
445 243 439 198
451 243 446 197
463 243 459 192
469 243 465 197
481 243 478 206
487 243 488 205
511 243 515 199
517 243 521 200
522 243 528 196
528 243 538 198
534 243 546 196
540 243 553 197
321 249 316 215
332 249 333 215
398 249 389 204
421 249 416 210
463 249 458 205
493 249 497 203
499 249 502 204
505 249 508 205
511 249 514 205
517 249 521 206
522 249 529 206
528 249 537 204
534 249 545 203
540 249 554 211
309 255 311 216
321 255 322 221
326 255 327 221
332 255 332 221
356 255 358 222
398 255 388 210
404 255 395 211
493 255 498 210
499 255 502 210
505 255 508 210
511 255 514 210
517 255 522 211
522 255 531 211
528 255 539 216
534 255 547 218
540 255 554 218
321 261 322 227
326 261 327 227
350 261 352 228
398 261 389 216
404 261 396 216
416 261 403 215
427 261 415 215
469 261 464 215
475 261 471 216
481 261 479 218
487 261 489 218
493 261 496 216
499 261 503 216
505 261 509 217
511 261 515 217
517 261 523 217
528 261 540 223
534 261 547 224
540 261 554 224
350 267 352 234
392 267 384 222
427 267 414 221
469 267 464 222
475 267 471 222
481 267 478 223
487 267 490 224
493 267 496 223
499 267 503 223
505 267 510 223
511 267 516 224
517 267 522 224
528 267 539 230
416 272 402 228
439 272 426 223
457 272 452 224
469 272 465 228
475 272 472 228
481 272 478 228
487 272 489 230
493 272 496 230
499 272 503 229
505 272 503 243
511 272 509 242
517 272 522 236
522 272 533 236
528 272 539 235
410 278 395 236
416 278 402 236
421 278 407 229
433 278 420 229
439 278 427 229
445 278 435 230
457 278 452 228
463 278 460 234
469 278 466 233
475 278 471 234
481 278 482 235
487 278 488 237
505 278 503 249
511 278 510 248
522 278 532 241
528 278 540 241
427 284 415 235
433 284 421 235
439 284 427 235
451 284 441 235
463 284 458 241
469 284 465 239
475 284 471 239
493 284 490 249
505 284 503 254
517 284 525 246
522 284 533 247
528 284 539 246
344 290 338 254
392 290 391 254
421 290 414 241
433 290 422 240
451 290 440 240
457 290 451 240
469 290 465 246
475 290 471 249
511 290 514 255
517 290 526 252
522 290 533 252
528 290 541 253
534 290 551 253
540 290 558 254
344 296 332 253
386 296 384 260
433 296 422 248
439 296 428 247
451 296 440 246
457 296 450 247
463 296 458 247
505 296 509 261
511 296 516 261
517 296 527 258
522 296 535 259
528 296 542 259
534 296 551 259
540 296 558 261
368 302 352 255
374 302 358 255
433 302 421 254
439 302 427 254
451 302 441 253
457 302 450 253
469 302 466 260
475 302 473 260
481 302 483 260
487 302 489 262
493 302 494 265
499 302 502 266
505 302 510 267
511 302 516 267
517 302 528 266
522 302 535 266
528 302 544 266
534 302 552 266
356 308 341 260
362 308 347 261
368 308 353 261
374 308 359 260
386 308 371 261
427 308 410 261
433 308 420 261
439 308 427 259
445 308 434 260
451 308 444 260
457 308 450 261
463 308 458 261
469 308 466 268
475 308 477 268
481 308 484 268
487 308 490 268
493 308 495 271
499 308 502 273
505 308 509 274
511 308 515 274
517 308 529 278
368 314 353 267
374 314 360 267
380 314 365 266
386 314 371 266
410 314 395 267
416 314 401 268
427 314 414 268
433 314 420 266
439 314 427 266
445 314 435 266
451 314 444 267
457 314 451 268
475 314 477 274
481 314 484 274
487 314 490 274
499 314 502 280
505 314 515 279
362 320 346 278
368 320 352 277
380 320 365 273
392 320 377 273
416 320 401 274
427 320 414 273
433 320 420 273
439 320 432 273
445 320 439 272
457 320 451 274
475 320 477 280
481 320 483 281
380 326 365 283
386 326 372 279
392 326 378 280
421 326 408 283
427 326 414 280
439 326 432 279
445 326 440 278
451 326 447 278
457 326 453 279
487 326 483 298
374 332 361 285
386 332 372 286
392 332 378 286
398 332 384 286
427 332 414 285
445 332 439 285
451 332 446 285
457 332 453 285
309 338 313 305
362 338 350 296
368 338 357 291
386 338 372 292
392 338 378 293
398 338 384 292
404 338 390 290
410 338 396 285
433 338 421 292
439 338 431 292
445 338 438 290
451 338 445 291
457 338 452 292
463 338 463 298
368 344 358 298
374 344 363 298
386 344 373 297
392 344 377 296
398 344 384 297
404 344 390 297
410 344 396 296
416 344 401 297
421 344 408 298
427 344 414 298
433 344 422 298
439 344 432 299
445 344 438 297
451 344 445 297
457 344 457 305
368 350 357 305
380 350 367 304
386 350 373 303
392 350 377 303
398 350 384 304
404 350 391 304
427 350 414 304
433 350 425 304
439 350 432 303
457 350 458 312
315 356 317 322
321 356 323 322
392 356 378 311
404 356 395 304
427 356 420 309
433 356 426 310
439 356 431 311
445 356 438 311
321 362 322 328
386 362 376 321
427 362 420 315
433 362 426 317
439 362 432 318
445 362 439 318
386 368 376 327
392 368 382 324
398 368 388 324
404 368 396 322
410 368 403 321
421 368 409 321
433 368 429 323
439 368 433 324
380 373 371 334
386 373 378 333
392 373 383 332
398 373 389 333
404 373 395 329
410 373 402 329
421 373 413 329
427 373 422 329
433 373 428 330
380 379 371 341
386 379 379 341
392 379 385 341
398 379 391 340
410 379 403 336
421 379 416 336
427 379 422 336
380 385 372 348
386 385 378 347
392 385 385 347
398 385 391 346
427 385 426 353
398 391 394 354
404 391 403 358
416 391 414 360
421 391 420 359
