411 148 414 149
416 148 418 149
411 153 413 153
416 153 417 153
422 153 422 153
427 153 427 156
406 158 408 157
411 158 413 157
416 158 418 157
422 158 422 158
432 158 432 161
401 163 402 163
406 163 408 162
411 163 413 163
416 163 417 163
422 163 422 164
427 163 427 164
437 163 438 166
396 168 398 166
401 168 402 167
406 168 408 167
411 168 413 167
416 168 417 168
422 168 423 168
427 168 428 168
432 168 432 168
437 168 437 171
442 168 442 171
396 173 397 172
401 173 403 172
406 173 408 172
411 173 408 176
416 173 413 176
422 173 423 172
427 173 427 173
432 173 433 173
437 173 437 176
442 173 442 176
447 173 446 176
391 178 392 177
396 178 397 177
401 178 402 177
411 178 408 180
416 178 413 181
422 178 420 181
427 178 427 178
437 178 437 181
442 178 441 180
452 178 452 181
457 178 457 181
391 183 392 182
396 183 398 182
406 183 405 183
416 183 414 185
422 183 419 185
427 183 428 183
432 183 432 183
447 183 447 185
452 183 452 186
457 183 457 186
462 183 462 186
381 188 382 187
386 188 386 187
391 188 391 186
396 188 397 187
401 188 402 188
411 188 410 189
416 188 415 190
422 188 423 190
427 188 429 191
432 188 433 188
437 188 437 188
447 188 447 190
452 188 452 190
457 188 456 190
462 188 462 191
467 188 467 191
381 193 380 192
386 193 386 193
391 193 391 192
396 193 397 192
401 193 402 193
406 193 407 192
422 193 420 193
432 193 432 193
437 193 437 193
442 193 442 193
447 193 447 195
452 193 452 195
457 193 457 195
462 193 462 196
467 193 466 196
472 193 472 196
391 198 392 197
396 198 398 197
401 198 402 197
406 198 407 198
411 198 412 197
427 198 426 198
432 198 432 198
437 198 437 199
442 198 442 199
452 198 452 200
457 198 457 200
462 198 462 200
467 198 467 201
472 198 471 202
477 198 476 202
371 203 371 202
376 203 375 202
381 203 381 202
386 203 388 201
391 203 394 201
401 203 403 202
406 203 408 203
411 203 412 203
416 203 417 202
422 203 422 203
427 203 427 203
432 203 432 203
437 203 437 203
442 203 441 204
447 203 447 204
452 203 452 205
457 203 457 205
462 203 462 206
472 203 469 208
477 203 476 207
482 203 482 206
371 208 370 207
376 208 375 207
381 208 381 206
386 208 388 205
391 208 394 206
411 208 412 207
416 208 417 208
422 208 423 208
427 208 427 208
432 208 432 208
437 208 437 208
442 208 441 208
447 208 447 209
457 208 457 210
462 208 462 211
472 208 468 213
477 208 477 212
482 208 482 211
487 208 487 211
371 213 370 212
376 213 376 212
386 213 386 212
391 213 390 212
396 213 395 212
411 213 413 212
416 213 417 212
422 213 423 213
427 213 427 213
432 213 432 213
437 213 437 212
442 213 442 213
447 213 446 214
452 213 451 213
462 213 461 215
472 213 471 216
482 213 482 216
487 213 486 216
366 218 365 217
371 218 370 217
376 218 376 216
381 218 381 217
401 218 403 217
416 218 418 217
422 218 422 217
427 218 426 217
432 218 432 218
437 218 437 217
442 218 442 217
447 218 446 219
452 218 451 218
467 218 466 221
472 218 471 221
477 218 476 222
482 218 481 222
487 218 486 222
356 223 356 222
361 223 361 223
366 223 366 222
371 223 371 222
376 223 376 222
381 223 381 222
396 223 396 226
401 223 400 226
406 223 404 225
416 223 417 222
422 223 421 222
427 223 426 222
432 223 431 223
437 223 436 223
442 223 441 222
452 223 452 224
462 223 462 225
472 223 469 231
477 223 477 227
482 223 482 226
487 223 487 227
361 228 361 226
366 228 366 226
371 228 370 226
376 228 376 227
381 228 381 227
396 228 395 230
422 228 421 227
427 228 426 227
432 228 431 227
442 228 442 229
447 228 447 229
457 228 457 230
462 228 462 229
472 228 469 236
477 228 478 231
482 228 482 232
341 233 341 231
361 233 361 231
366 233 368 231
371 233 373 231
381 233 381 232
386 233 386 232
411 233 413 231
422 233 421 232
427 233 426 232
442 233 442 235
447 233 447 234
452 233 452 234
457 233 457 235
462 233 461 235
472 233 471 235
336 238 336 236
341 238 342 236
346 238 346 236
351 238 351 236
356 238 356 236
361 238 363 235
366 238 368 235
371 238 373 236
376 238 378 236
386 238 386 237
391 238 390 237
396 238 396 237
411 238 413 236
416 238 414 241
422 238 421 237
427 238 427 237
432 238 432 237
447 238 448 239
452 238 452 239
457 238 457 239
462 238 462 239
467 238 466 240
472 238 471 240
477 238 476 240
331 243 330 241
336 243 336 241
341 243 341 241
346 243 346 240
351 243 351 240
361 243 363 241
371 243 371 240
376 243 378 241
381 243 383 242
391 243 391 242
416 243 414 245
422 243 422 242
427 243 427 242
452 243 452 244
457 243 457 244
462 243 462 244
467 243 466 244
472 243 471 244
477 243 476 246
326 248 325 246
331 248 331 246
336 248 336 246
341 248 341 245
346 248 346 245
351 248 351 245
356 248 357 245
361 248 362 246
371 248 371 245
381 248 381 246
386 248 386 246
391 248 390 247
416 248 414 250
422 248 422 246
427 248 427 247
432 248 433 245
437 248 438 246
442 248 442 250
457 248 457 249
462 248 462 249
467 248 467 249
472 248 472 249
321 254 320 251
326 254 325 251
331 254 331 250
336 254 336 250
341 254 340 249
346 254 346 250
361 254 362 251
381 254 381 250
416 254 414 255
422 254 420 255
427 254 428 256
432 254 433 255
437 254 437 256
442 254 442 256
462 254 462 254
467 254 466 254
472 254 471 254
477 254 477 252
321 259 321 256
326 259 326 255
331 259 331 255
336 259 336 255
341 259 340 254
381 259 381 256
416 259 415 259
427 259 428 260
437 259 437 260
442 259 442 260
467 259 466 259
472 259 471 259
316 264 315 261
321 264 321 260
326 264 325 260
331 264 330 260
336 264 336 260
371 264 370 260
376 264 376 260
411 264 410 264
416 264 415 264
422 264 419 262
427 264 424 261
432 264 432 264
437 264 436 264
442 264 442 264
311 269 311 266
316 269 316 266
321 269 320 266
326 269 326 265
331 269 330 264
336 269 334 264
351 269 345 261
361 269 364 267
371 269 371 266
376 269 376 265
381 269 381 265
386 269 386 265
391 269 391 266
406 269 405 269
422 269 422 269
427 269 427 269
432 269 431 269
437 269 437 269
442 269 442 269
311 274 311 271
316 274 316 271
321 274 321 271
326 274 326 270
331 274 330 270
346 274 342 267
351 274 345 266
361 274 365 271
366 274 369 271
376 274 376 270
381 274 380 271
386 274 386 271
391 274 391 271
396 274 395 271
411 274 410 272
416 274 414 271
427 274 427 274
432 274 431 274
437 274 437 275
442 274 441 274
306 279 306 275
311 279 311 275
316 279 316 275
321 279 321 276
326 279 326 276
331 279 329 275
366 279 366 275
371 279 371 274
376 279 375 275
381 279 380 275
386 279 385 276
391 279 390 276
411 279 410 276
416 279 414 276
422 279 423 279
427 279 427 279
432 279 432 279
437 279 436 279
311 284 311 280
316 284 316 280
321 284 321 280
331 284 326 279
336 284 331 279
341 284 336 279
356 284 356 281
361 284 360 280
366 284 365 280
371 284 370 278
376 284 375 279
381 284 380 280
386 284 386 281
396 284 396 281
401 284 401 281
406 284 405 281
411 284 410 281
416 284 414 280
422 284 423 284
427 284 427 284
432 284 431 284
437 284 436 284
316 289 315 285
321 289 320 285
331 289 331 285
336 289 334 285
356 289 355 285
361 289 359 285
366 289 364 284
371 289 369 284
376 289 374 284
381 289 379 284
386 289 385 286
391 289 391 285
396 289 396 285
401 289 400 285
411 289 410 285
416 289 418 289
422 289 423 289
427 289 427 288
432 289 431 288
437 289 437 288
331 294 330 290
336 294 334 289
356 294 355 290
361 294 360 291
366 294 364 289
371 294 370 290
376 294 374 290
381 294 378 290
386 294 384 290
391 294 389 290
396 294 395 291
401 294 401 290
406 294 405 290
411 294 410 290
427 294 426 293
437 294 437 294
336 299 336 299
346 299 344 295
351 299 349 294
366 299 364 295
371 299 370 295
376 299 374 295
381 299 378 295
386 299 383 295
391 299 389 295
396 299 395 295
401 299 400 295
406 299 408 298
411 299 414 299
416 299 419 298
422 299 423 298
427 299 426 298
432 299 431 298
442 299 439 299
457 299 454 300
341 304 339 299
346 304 344 299
351 304 349 299
356 304 354 299
361 304 360 300
366 304 365 300
371 304 370 300
376 304 374 300
381 304 378 300
386 304 383 299
391 304 390 300
396 304 395 301
401 304 403 304
406 304 408 304
411 304 415 304
416 304 418 303
422 304 423 303
427 304 426 303
442 304 442 303
447 304 448 301
452 304 448 309
331 309 332 309
341 309 340 305
346 309 344 305
351 309 349 305
356 309 354 305
361 309 360 305
366 309 366 306
371 309 370 305
376 309 374 305
381 309 378 304
396 309 395 306
401 309 400 305
406 309 409 309
411 309 414 309
416 309 417 308
422 309 423 308
427 309 427 307
432 309 432 307
336 314 336 313
341 314 339 310
346 314 345 310
351 314 350 310
356 314 354 310
361 314 361 310
366 314 366 311
371 314 370 311
376 314 375 309
381 314 380 315
386 314 383 309
391 314 390 314
401 314 399 310
406 314 409 316
416 314 418 313
422 314 423 313
427 314 428 313
432 314 432 312
437 314 437 313
442 314 442 313
447 314 447 314
341 319 341 318
346 319 344 315
351 319 350 318
356 319 355 315
361 319 360 316
366 319 365 316
371 319 370 315
376 319 374 314
381 319 380 319
386 319 384 318
391 319 390 319
416 319 418 319
422 319 423 318
427 319 428 318
432 319 432 318
437 319 437 318
442 319 441 320
346 324 345 323
351 324 350 323
356 324 356 323
361 324 360 320
366 324 365 320
371 324 370 320
386 324 385 324
391 324 390 324
416 324 417 323
422 324 422 323
427 324 428 323
432 324 432 322
437 324 437 322
442 324 442 324
351 329 351 328
356 329 356 329
361 329 361 328
366 329 365 325
371 329 370 325
376 329 374 325
386 329 385 329
391 329 389 329
422 329 423 328
427 329 428 328
432 329 432 327
437 329 437 327
356 334 357 334
361 334 361 333
366 334 366 333
386 334 385 334
391 334 389 334
432 334 430 334
361 339 361 338
366 339 365 338
371 339 370 338
381 339 380 338
386 339 385 338
391 339 394 339
422 339 418 337
371 344 370 342
376 344 375 343
381 344 381 343
386 344 385 343
391 344 390 342
396 344 395 343
401 344 403 343
411 344 409 344
416 344 414 344
376 349 376 349
381 349 381 349
386 349 385 348
391 349 390 348
396 349 395 347
401 349 400 347
411 349 410 348
381 354 381 353
386 354 386 353
391 354 391 353
396 354 396 353
401 354 403 354
406 354 407 353
386 359 387 358
391 359 392 358
396 359 398 358
