416 143 438 130
411 153 395 155
422 153 413 152
422 163 409 160
427 163 415 161
422 168 408 165
427 168 412 166
406 173 358 189
427 173 408 172
437 173 411 183
416 178 366 191
422 178 374 192
432 178 403 187
391 183 336 193
396 183 342 193
416 183 364 197
437 183 403 192
442 183 411 192
447 183 417 192
452 183 424 192
381 188 412 147
391 188 335 198
401 188 343 199
427 188 377 202
432 188 393 197
437 188 400 198
442 188 407 198
447 188 415 198
452 188 422 199
457 188 428 200
391 193 333 205
396 193 341 207
411 193 354 208
442 193 399 205
447 193 412 203
452 193 418 203
457 193 426 205
462 193 432 207
406 198 345 209
411 198 375 245
416 198 360 214
422 198 367 214
427 198 375 209
432 198 382 210
437 198 389 211
442 198 397 211
447 198 402 212
457 198 424 210
406 203 346 215
422 203 366 221
432 203 381 216
437 203 386 217
452 203 411 215
457 203 419 216
472 203 440 216
477 203 451 219
416 208 352 221
422 208 357 222
432 208 374 221
437 208 382 222
442 208 388 223
447 208 395 224
452 208 407 222
457 208 416 223
462 208 424 221
467 208 430 222
472 208 442 222
432 213 370 227
437 213 379 228
452 213 399 229
462 213 422 225
472 213 443 231
477 213 450 232
376 218 317 221
401 218 336 225
406 218 342 228
416 218 350 230
422 218 355 231
432 218 364 235
437 218 370 235
442 218 383 232
447 218 389 234
452 218 397 235
457 218 403 234
472 218 442 237
376 223 316 227
381 223 322 230
432 223 362 240
437 223 367 241
447 223 388 239
457 223 396 240
462 223 404 241
371 228 323 223
376 228 355 267
427 228 354 239
346 233 254 242
351 233 261 243
356 233 270 240
381 233 359 275
386 233 319 237
427 233 353 244
432 233 360 246
462 233 394 253
356 238 268 245
376 238 351 280
462 238 387 260
467 238 393 261
351 243 260 251
356 243 268 253
411 243 329 252
427 243 353 252
432 243 359 254
472 243 474 211
326 248 321 195
331 248 330 197
336 248 252 254
361 248 273 259
371 248 344 278
422 248 333 263
462 248 382 268
472 248 473 218
351 254 258 256
366 254 277 263
462 254 382 273
321 259 271 232
366 259 270 267
331 269 306 289
391 279 284 293
391 289 278 290
396 294 283 299
422 299 299 295
452 299 370 291
437 304 317 313
452 304 335 319
396 309 468 174
422 309 301 315
437 309 315 319
452 309 335 324
437 314 313 326
442 314 319 328
341 319 261 300
361 339 272 323
391 359 302 338
