413 132 325 190
460 148 420 143
418 169 344 205
513 169 331 203
571 169 332 121
586 190 337 124
586 195 343 125
597 195 368 88
413 200 407 237
597 200 372 87
413 205 413 238
423 205 403 222
597 205 363 96
413 211 421 242
602 211 397 78
513 216 406 104
513 221 387 117
518 221 387 112
586 221 377 112
602 221 412 79
592 226 402 88
597 226 402 84
602 226 402 79
486 232 463 160
492 232 464 155
592 232 421 85
597 232 422 80
602 232 422 75
486 237 468 160
502 237 424 203
581 242 479 146
497 253 469 155
586 253 476 121
586 263 465 105
592 269 490 120
565 274 381 108
571 274 475 131
576 274 475 126
581 274 472 107
576 279 480 127
523 284 444 184
581 284 484 121
465 305 466 219
476 305 478 200
492 305 477 189
471 311 472 210
560 311 496 126
523 316 494 165
544 316 498 151
502 321 499 177
513 321 498 170
518 321 499 166
539 321 505 152
481 326 502 191
492 326 504 171
518 326 504 166
539 326 508 151
