0.487857311964035 0.4272391498088837 -0.7612239718437195 0.2849082350730896 
0.1639637351036072 0.8116687536239624 0.5606333613395691 -0.168242871761322 
0.8573862314224243 -0.398322194814682 0.325926810503006 -0.0348002053797245 
0 0 0 1 

0.5040469169616699 0.4685446321964264 -0.725536048412323 0.2671645283699036 
0.1851477324962616 0.7619071006774902 0.6206592321395874 -0.1884013414382935 
0.8435976505279541 -0.4471727609634399 0.2972869277000427 -0.02780802734196186 
0 0 0 1 

0.5496705770492554 0.4681620597839355 -0.6918716430664062 0.2511870861053467 
0.1860338300466537 0.7388134598731995 0.6477237343788147 -0.1977008432149887 
0.814403772354126 -0.4847461879253387 0.3190100789070129 -0.03713718801736832 
0 0 0 1 

0.5710071921348572 0.4684973061084747 -0.6741371750831604 0.2393950521945953 
0.2051527947187424 0.7136856317520142 0.6697499752044678 -0.2041544020175934 
0.7948980927467346 -0.520733118057251 0.3114061057567596 -0.03682805597782135 
0 0 0 1 

0.5623487830162048 0.505420982837677 -0.654456615447998 0.2263953387737274 
0.2127636820077896 0.676369845867157 0.7051633596420288 -0.2141505032777786 
0.7990590929985046 -0.535792350769043 0.2728205025196075 -0.02767737954854965 
0 0 0 1 

0.56097412109375 0.5570987462997437 -0.6123307347297668 0.2023108303546906 
0.1801118552684784 0.6398239731788635 0.7471177577972412 -0.225147932767868 
0.8080022931098938 -0.5294017791748047 0.2585846185684204 -0.03026510402560234 
0 0 0 1 

0.5662568807601929 0.573943555355072 -0.5915589332580566 0.1918473988771439 
0.1737195998430252 0.6184830069541931 0.7663551568984985 -0.2287532985210419 
0.8057137131690979 -0.5367192029953003 0.2505150735378265 -0.03185049444437027 
0 0 0 1 

0.6274182200431824 0.5763010382652283 -0.5236635804176331 0.1646938621997833 
0.1670656651258469 0.5572130680084229 0.8133896589279175 -0.2390087246894836 
0.7605494260787964 -0.5978217124938965 0.2533255219459534 -0.0408691018819809 
0 0 0 1 

0.7358348965644836 0.5082545876502991 -0.447464257478714 0.1363470852375031 
0.1655133366584778 0.5057589411735535 0.8466482162475586 -0.2450456768274307 
0.6566219329833984 -0.6970546245574951 0.288032203912735 -0.05695126950740814 
0 0 0 1 

0.772023618221283 0.495074599981308 -0.3985982239246368 0.1178803741931915 
0.1377085298299789 0.4819439053535461 0.8653127551078796 -0.2454498559236526 
0.620496392250061 -0.7229322791099548 0.3038962185382843 -0.06287990510463715 
0 0 0 1 

