440 256 331 159
440 261 332 164
449 261 340 159
493 261 362 138
498 261 366 138
435 266 328 169
440 266 333 168
449 266 341 163
488 266 354 144
493 266 362 143
444 271 333 176
459 271 344 167
483 271 355 153
498 271 373 154
513 271 385 152
517 271 389 152
420 276 314 192
440 276 330 186
444 276 334 181
454 276 342 175
459 276 346 174
503 276 374 158
508 276 381 158
513 276 386 160
444 280 332 189
459 280 346 178
488 280 361 164
435 285 327 198
440 285 327 194
444 285 332 193
449 285 336 192
469 285 352 179
493 285 365 168
513 285 383 169
537 285 412 192
449 290 336 197
464 290 353 192
474 290 356 185
488 290 368 181
513 290 384 174
420 295 314 226
440 295 329 207
449 295 337 202
459 295 345 197
488 295 369 185
517 295 394 186
420 300 314 230
425 300 318 229
440 300 330 211
478 300 366 198
493 300 373 193
503 300 382 192
478 305 367 202
488 305 374 201
517 305 400 206
542 305 427 241
508 310 393 215
498 314 386 222
503 314 390 221
508 314 394 221
513 314 398 220
498 319 387 225
503 319 390 225
508 319 394 225
513 319 399 226
517 319 403 226
498 324 387 230
503 324 390 229
508 324 395 232
513 324 400 231
498 329 387 237
503 329 391 237
508 329 396 237
513 329 402 239
493 334 384 242
508 334 397 241
