448 190 485 179
437 194 480 180
441 194 483 181
454 194 492 182
434 197 475 184
437 197 479 184
454 197 492 186
390 200 429 183
431 200 472 187
434 200 475 187
437 200 479 188
356 204 389 184
363 204 403 183
386 204 426 186
390 204 429 187
397 204 406 190
400 204 409 190
437 204 479 191
458 204 495 191
352 207 386 187
356 207 390 187
359 207 395 187
380 207 418 188
383 207 422 189
349 211 382 190
352 211 386 191
393 211 433 193
434 211 475 196
437 211 479 196
448 211 487 198
359 214 398 194
363 214 401 194
437 214 479 200
448 214 486 202
454 214 494 203
352 217 393 197
359 217 397 197
363 217 401 198
366 217 404 198
400 217 440 200
403 217 444 201
448 217 486 205
451 217 490 206
454 217 495 206
458 217 497 206
352 221 393 200
359 221 397 201
363 221 401 201
366 221 404 201
393 221 435 203
403 221 444 204
427 221 459 206
444 221 485 208
451 221 490 210
352 224 385 203
403 224 443 208
407 224 447 208
427 224 459 210
434 224 467 211
437 224 470 211
451 224 490 213
454 224 494 214
346 228 381 207
349 228 384 207
363 228 396 207
403 228 443 211
390 231 415 214
431 231 462 218
349 234 384 215
352 234 388 215
349 238 384 219
376 238 407 218
352 241 388 219
376 241 403 224
380 241 410 222
369 245 398 228
380 245 410 225
400 245 417 233
407 245 424 233
373 248 401 229
403 248 420 238
407 248 424 238
400 251 416 241
403 251 420 241
407 251 424 242
414 251 428 238
397 258 411 248
410 258 428 248
417 258 432 247
397 262 411 251
393 265 407 253
424 265 442 256
397 272 410 261
397 275 410 264
407 289 422 280
410 289 427 280
414 289 431 280
461 289 476 282
461 292 476 286
465 292 480 286
407 296 421 286
410 296 424 286
417 296 431 287
420 296 436 287
424 296 439 287
427 296 443 287
434 296 451 288
441 296 455 288
444 296 458 289
448 296 462 289
458 296 470 290
461 296 475 290
465 296 479 290
414 299 428 290
417 299 431 290
420 299 435 290
424 299 439 291
431 299 443 291
434 299 451 292
444 299 459 293
448 299 463 293
454 299 467 293
461 299 473 294
380 302 392 292
407 302 420 295
410 302 423 293
414 302 426 294
454 302 466 296
414 306 426 297
420 306 426 300
434 306 438 298
437 306 442 298
444 306 446 303
448 306 449 304
417 309 422 301
420 309 425 303
427 309 431 304
434 309 438 302
444 309 445 307
448 309 449 307
390 313 395 303
393 313 399 302
397 313 403 302
400 313 406 302
407 313 411 303
410 313 414 303
414 313 418 304
424 313 427 307
427 313 431 308
431 313 434 308
434 313 437 309
444 313 445 310
448 313 448 311
376 316 384 308
390 316 394 306
393 316 398 307
397 316 402 306
400 316 405 306
407 316 410 306
410 316 413 307
414 316 417 307
420 316 423 311
424 316 426 311
427 316 430 311
434 316 437 312
437 316 441 309
441 316 442 313
444 316 445 313
451 316 449 314
454 316 453 315
458 316 457 314
386 319 390 310
397 319 399 309
400 319 405 310
407 319 410 310
410 319 413 311
417 319 419 312
427 319 428 315
461 319 459 316
390 323 390 313
397 323 397 314
400 323 402 314
414 323 415 316
417 323 418 317
458 323 455 320
393 326 390 320
397 326 397 318
