336 165 244 116
342 165 249 117
347 170 254 125
357 170 259 125
331 175 232 124
367 175 270 132
342 186 243 143
382 221 275 169
398 221 290 172
388 227 280 175
377 242 268 182
398 242 284 199
413 242 293 217
418 242 298 221
393 247 278 204
398 247 283 205
403 247 289 205
393 252 276 209
398 252 282 211
377 257 266 196
393 257 276 215
398 257 282 215
367 262 255 199
372 262 262 199
398 262 276 226
342 267 216 201
352 267 228 202
357 267 238 203
372 267 262 204
377 267 267 204
388 267 272 214
393 267 270 227
408 267 285 242
413 267 291 242
342 273 212 206
357 273 237 209
362 273 244 209
377 273 267 209
408 273 285 247
429 273 302 260
434 273 308 256
347 278 221 213
352 278 228 214
357 278 237 214
362 278 254 208
377 278 261 220
429 278 301 265
434 278 307 266
347 283 221 219
352 283 228 219
398 283 270 258
439 283 312 266
362 288 237 236
377 288 248 248
382 288 254 248
398 288 270 264
403 288 275 265
413 288 286 265
439 288 312 271
326 293 206 222
362 293 232 239
372 293 242 253
377 293 248 252
382 293 254 253
388 293 259 256
403 293 275 269
413 293 285 271
429 293 301 277
434 293 307 272
439 293 311 282
326 298 188 232
331 298 193 232
372 298 243 257
377 298 247 258
382 298 252 259
388 298 258 261
403 298 278 275
413 298 284 276
418 298 289 277
423 298 296 278
429 298 301 282
434 298 306 282
439 298 310 287
444 298 315 289
301 303 156 231
316 303 178 236
326 303 193 237
377 303 247 263
382 303 252 267
388 303 257 267
403 303 278 280
408 303 284 282
413 303 289 281
429 303 301 286
434 303 306 287
311 308 171 242
316 308 177 243
321 308 187 244
326 308 192 244
347 308 208 260
362 308 235 274
382 308 257 279
393 308 267 285
403 308 279 286
408 308 283 287
429 308 301 292
434 308 306 293
439 308 311 294
331 314 191 260
403 314 279 291
408 314 284 293
429 314 299 298
367 319 235 284
372 319 240 284
398 319 268 297
403 319 272 297
408 319 284 299
423 319 288 303
429 319 295 305
342 324 196 277
393 324 261 300
398 324 267 301
403 324 271 303
418 324 283 307
423 324 287 309
429 324 293 310
336 329 191 282
342 329 196 282
357 329 212 287
393 329 260 306
398 329 266 308
403 329 271 308
418 329 282 312
423 329 287 313
342 334 195 291
347 334 200 293
408 334 270 314
413 334 277 315
423 334 287 318
439 334 298 320
357 339 206 299
367 339 223 305
377 339 233 310
398 339 254 317
408 339 270 320
413 339 276 320
357 344 211 310
377 344 233 315
408 344 270 324
413 344 275 326
352 349 201 315
357 349 209 316
367 349 217 317
377 349 232 322
352 355 199 322
357 355 206 323
362 355 215 326
398 360 264 340
