536 137 484 134
542 137 491 133
517 143 465 139
542 143 490 140
511 150 457 145
523 150 471 144
542 150 489 145
486 156 431 149
517 156 457 152
536 156 477 150
542 156 485 151
468 162 410 157
492 162 438 155
499 162 442 156
505 162 449 156
536 162 478 157
542 162 484 157
468 168 410 163
505 168 445 163
523 168 470 165
536 168 477 164
542 168 484 165
548 168 490 165
468 174 411 170
542 174 484 172
548 174 489 171
554 174 497 167
468 180 409 176
474 180 416 176
511 180 457 177
517 180 464 178
536 180 476 178
542 180 481 177
548 180 487 177
554 180 495 178
382 187 319 177
388 187 324 178
455 187 397 185
474 187 414 186
505 187 449 184
511 187 456 183
536 187 476 184
542 187 483 183
375 193 310 184
382 193 318 184
425 193 365 187
431 193 371 187
437 193 377 188
468 193 409 193
474 193 413 193
492 193 432 193
511 193 455 191
517 193 463 192
536 193 477 192
542 193 482 191
554 193 495 192
560 193 500 190
351 199 286 188
375 199 311 190
382 199 318 191
462 199 402 199
468 199 409 199
486 199 425 200
492 199 432 199
499 199 437 200
511 199 455 197
517 199 463 197
529 199 473 198
548 199 489 198
554 199 495 198
560 199 500 198
566 199 507 198
382 205 319 198
419 205 371 198
425 205 377 198
462 205 402 206
468 205 409 206
474 205 415 207
486 205 424 207
523 205 474 203
548 205 487 204
554 205 495 205
560 205 499 205
566 205 508 206
326 211 259 199
332 211 264 199
338 211 272 199
363 211 296 202
382 211 317 204
388 211 326 205
394 211 333 205
400 211 337 207
419 211 371 206
468 211 408 214
474 211 414 215
492 211 431 209
548 211 487 212
301 217 227 207
320 217 253 206
345 217 277 208
375 217 309 209
388 217 324 211
400 217 336 213
455 217 389 218
468 217 409 222
474 217 416 222
511 217 454 216
517 217 461 210
536 217 475 223
542 217 481 223
295 224 222 212
382 224 315 219
388 224 323 219
394 224 328 219
400 224 335 219
474 224 414 227
480 224 421 227
499 224 433 223
511 224 454 223
517 224 460 223
523 224 467 224
536 224 472 229
542 224 479 230
560 224 492 230
295 230 222 218
308 230 234 219
369 230 304 225
382 230 315 227
394 230 328 226
431 230 376 225
499 230 433 229
523 230 467 231
345 236 277 228
351 236 283 228
388 236 321 235
394 236 327 236
406 236 337 238
431 236 374 231
486 236 421 234
499 236 433 240
326 242 257 232
332 242 265 233
388 242 320 243
394 242 327 243
406 242 341 243
486 242 414 242
326 248 256 240
431 248 374 238
437 248 373 245
443 248 381 245
308 254 237 251
363 254 296 248
419 254 347 249
437 254 374 252
443 254 382 251
369 261 301 255
412 261 340 257
419 261 347 257
425 261 356 259
437 261 368 259
443 261 374 260
308 267 236 264
314 267 242 264
320 267 249 261
326 267 257 261
431 267 360 264
437 267 367 265
314 273 243 271
320 273 250 271
357 273 287 274
375 273 308 269
314 279 242 277
320 279 249 277
345 279 274 279
351 279 281 279
357 279 287 279
382 279 316 281
314 285 242 283
320 285 248 283
332 285 261 285
338 285 267 285
345 285 274 285
351 285 281 285
357 285 288 285
338 291 269 291
363 291 295 289
388 291 320 287
