336 73 488 181
343 86 489 193
350 93 494 208
356 93 500 214
323 113 461 195
329 113 466 203
343 113 474 210
323 120 454 201
343 120 468 215
350 120 472 219
383 120 459 263
329 133 454 215
350 140 477 246
336 147 465 237
458 147 406 240
343 154 465 246
323 160 453 235
323 167 449 240
329 167 455 245
323 181 443 247
323 187 437 251
390 187 411 234
329 194 437 263
397 194 470 309
323 201 431 256
329 201 432 268
336 201 437 273
512 201 484 324
323 208 426 262
505 208 475 326
336 215 436 286
350 221 426 297
356 221 431 303
370 228 424 329
329 235 421 293
350 242 414 307
498 262 446 352
498 275 441 358
519 275 435 387
519 282 429 391
323 289 396 323
471 329 401 353
512 329 400 397
505 336 389 396
