364 142 353 194
356 149 352 199
375 149 366 198
352 153 345 205
356 153 351 204
352 157 346 209
356 157 351 209
344 165 330 227
340 169 328 232
352 169 344 221
352 173 345 223
367 177 390 244
402 177 405 227
333 180 320 244
402 180 406 232
406 180 410 230
406 184 409 236
414 184 416 234
344 188 334 245
414 188 418 238
387 192 401 246
422 192 426 237
364 196 370 262
367 196 374 261
433 196 432 241
472 196 452 205
340 200 333 264
364 200 371 266
371 200 379 264
375 200 384 263
379 200 388 262
430 200 432 245
468 200 448 208
472 200 454 209
360 204 368 271
364 204 373 271
367 204 377 270
371 204 380 270
379 204 387 268
383 204 390 266
422 204 428 249
426 204 432 249
468 204 449 214
472 204 455 213
348 208 350 275
371 208 381 274
379 208 387 272
383 208 391 271
468 208 449 218
371 211 383 278
375 211 387 277
387 211 406 274
422 211 430 256
437 211 400 218
371 215 385 283
375 215 389 282
383 215 402 279
387 215 407 278
426 215 435 258
360 219 366 287
371 219 386 287
375 219 390 286
379 219 394 285
387 219 408 282
391 219 417 286
395 219 422 285
433 219 452 270
437 219 455 269
445 219 410 226
356 223 362 292
364 223 377 295
367 223 381 294
371 223 386 291
375 223 391 290
379 223 394 289
356 227 363 295
371 227 386 296
375 227 391 294
379 227 395 294
395 227 422 288
371 231 387 300
426 231 434 277
430 231 439 277
406 235 437 291
433 235 439 281
383 239 398 303
402 239 433 296
406 239 438 295
371 243 385 311
375 243 390 310
379 243 394 309
383 243 399 307
398 243 404 289
402 243 434 301
468 243 441 289
480 243 455 287
371 246 386 316
375 246 390 314
379 246 393 314
402 246 435 306
371 250 387 321
375 250 391 319
379 250 394 318
383 250 402 321
387 250 408 320
391 250 414 319
375 254 392 324
383 254 402 325
387 254 406 325
391 254 416 324
383 258 403 330
387 258 407 329
383 262 404 334
387 262 408 334
395 270 414 338
398 270 418 338
