388 131 362 192
391 131 366 191
385 134 358 197
362 150 326 227
366 150 334 220
362 156 329 233
366 156 333 232
416 156 393 213
422 156 398 212
362 159 330 237
416 159 395 219
419 159 400 217
445 162 444 212
350 166 325 255
419 166 403 227
448 166 450 216
347 169 321 256
429 169 408 229
407 172 372 210
426 172 406 235
407 175 374 214
413 181 380 218
375 185 364 268
378 185 369 266
397 185 388 259
410 185 377 224
413 185 381 223
435 185 416 236
400 188 370 235
410 188 378 229
413 188 382 227
388 191 379 268
394 191 385 267
397 191 389 266
407 191 404 265
410 191 409 263
419 191 391 223
432 191 417 240
381 194 371 274
385 194 375 273
388 194 380 273
394 194 387 271
410 194 430 283
429 194 414 247
432 194 418 245
378 197 372 280
385 197 378 278
388 197 381 277
394 197 363 248
397 197 387 277
432 197 420 249
385 200 379 282
388 200 384 281
391 200 388 279
394 200 366 252
404 200 421 291
416 200 416 272
366 203 341 274
372 203 360 284
388 203 386 285
391 203 390 284
394 203 366 256
410 203 422 270
366 207 356 290
369 207 376 304
372 207 362 288
429 207 435 265
369 210 378 309
381 210 384 297
404 210 400 286
410 210 407 285
369 213 364 298
404 213 402 291
422 216 413 278
394 222 397 303
429 222 435 283
432 226 443 288
435 238 450 298
438 238 454 297
394 241 402 322
391 245 399 327
394 245 403 326
404 245 413 324
394 248 404 331
419 248 432 322
397 251 411 334
407 251 419 327
410 251 423 325
416 251 429 328
419 251 434 326
404 254 415 333
407 254 420 332
397 257 411 338
407 257 421 336
