398 182 409 73
402 185 417 78
453 192 430 70
456 192 437 69
464 203 421 91
377 207 400 96
362 211 362 124
435 214 394 111
398 218 409 216
431 218 418 155
453 225 453 151
445 229 439 160
449 229 447 159
464 229 416 221
445 232 441 167
445 236 442 173
359 247 369 266
471 247 468 261
377 250 396 296
380 250 404 294
377 254 396 302
380 254 405 301
384 254 411 299
427 254 394 282
380 258 405 307
384 258 412 306
380 261 407 316
384 261 412 315
380 265 408 322
384 265 414 322
402 265 401 287
442 268 446 236
431 276 408 236
359 287 381 256
362 287 387 256
398 287 422 241
427 287 456 312
431 287 463 303
359 290 382 264
395 290 416 249
424 290 452 321
427 290 458 318
388 294 421 318
395 294 422 255
427 294 459 326
431 294 464 317
402 301 445 288
355 305 378 348
359 305 384 347
377 305 449 348
402 305 446 294
