477 54 439 49
417 60 414 68
417 66 413 77
435 66 426 75
441 66 433 72
465 66 446 63
477 66 442 58
483 66 450 54
495 66 463 49
405 72 402 92
411 72 409 86
417 72 415 82
441 72 438 76
483 72 453 59
489 72 459 56
501 72 474 52
387 78 392 99
393 78 398 93
411 78 412 94
417 78 418 88
435 78 433 82
459 78 463 78
483 78 458 66
489 78 464 62
495 78 470 59
393 84 396 106
399 84 401 102
405 84 407 98
411 84 416 99
423 84 425 93
429 84 431 89
483 84 462 70
489 84 469 67
495 84 475 64
375 90 387 109
405 90 411 104
465 90 473 89
489 90 472 73
495 90 477 70
369 96 379 122
375 96 385 118
393 96 399 113
399 96 405 109
483 96 469 83
519 96 514 71
387 102 395 121
393 102 401 117
399 102 407 113
405 102 414 110
423 102 433 109
507 102 503 80
519 102 518 78
423 108 437 114
489 108 478 87
507 108 506 86
513 108 512 83
351 114 361 160
357 114 367 157
501 114 499 91
513 114 515 87
519 114 519 85
363 120 373 164
399 120 413 120
465 120 463 104
471 120 468 100
513 120 517 93
519 120 524 89
327 126 358 156
471 126 472 107
483 126 490 116
489 126 495 112
495 126 503 107
513 126 523 101
519 126 529 96
321 132 341 185
327 132 351 177
369 132 374 170
411 132 437 131
423 132 444 128
429 132 449 124
471 132 477 113
489 132 493 121
501 132 512 109
507 132 518 105
369 138 380 176
483 138 490 131
489 138 496 127
507 138 520 110
519 138 528 109
303 144 333 197
417 144 447 133
501 144 516 114
513 144 525 116
519 144 531 115
525 144 537 112
333 150 361 189
483 150 494 137
489 150 500 132
501 150 519 121
513 150 528 122
525 150 537 119
291 156 330 207
297 156 336 204
315 156 351 198
369 156 384 183
375 156 388 178
501 156 513 140
519 156 533 130
525 156 539 126
291 162 332 214
297 162 341 211
309 162 348 208
339 162 365 197
363 162 380 191
369 162 387 188
381 162 403 188
453 162 475 132
459 162 482 128
279 168 322 222
285 168 326 220
303 168 344 217
327 168 366 210
339 168 374 205
369 168 392 195
375 168 402 196
387 168 409 194
405 168 424 165
453 168 477 138
489 168 506 154
279 174 325 228
285 174 331 225
303 174 347 223
309 174 354 220
315 174 361 217
339 174 378 213
345 174 382 210
357 174 391 206
369 174 397 201
381 174 412 199
393 174 417 195
399 174 425 191
405 174 431 188
441 174 455 144
453 174 483 145
303 180 352 229
309 180 359 225
315 180 364 223
327 180 373 219
351 180 388 215
357 180 393 212
369 180 408 210
393 180 421 200
399 180 427 197
405 180 435 194
411 180 441 190
501 180 512 177
309 186 362 231
327 186 375 226
363 186 408 220
393 186 427 207
399 186 433 203
501 186 529 150
507 186 534 146
255 192 317 244
267 192 324 239
309 192 371 245
363 192 413 227
369 192 417 224
483 192 491 211
489 192 497 210
255 198 320 251
363 198 416 233
489 198 522 163
495 198 527 160
255 204 324 256
417 204 448 202
429 204 458 187
453 204 499 170
477 204 505 194
261 210 339 264
483 210 519 176
471 222 489 237
309 228 363 258
273 234 366 282
315 234 373 261
327 234 378 258
393 234 429 240
315 240 376 266
327 240 381 263
423 240 466 242
429 240 470 239
315 246 379 271
327 246 384 267
393 246 442 259
399 246 448 256
405 246 454 252
417 246 460 249
291 252 364 275
399 252 451 262
411 252 459 257
417 252 464 253
315 258 383 279
333 258 390 274
405 258 456 266
411 258 461 264
441 264 487 247
321 282 414 296
315 294 419 309
363 294 423 298
369 294 430 295
369 300 433 301
375 300 438 299
369 306 437 307
387 312 462 291
393 312 468 288
381 318 459 301
387 318 465 296
