421 28 554 196
410 34 543 182
416 34 543 190
421 34 546 196
443 34 558 223
454 34 558 233
443 39 541 219
465 39 557 246
421 44 527 198
454 44 535 238
460 44 525 260
470 44 531 275
438 50 517 212
454 50 529 233
460 50 530 240
470 50 524 275
432 56 508 204
438 56 508 212
448 56 515 226
454 56 518 233
350 61 453 98
443 61 501 219
448 61 502 228
454 61 509 234
448 66 487 228
465 66 508 248
470 66 509 256
476 83 484 263
465 88 461 250
306 94 392 72
498 100 479 297
333 110 385 100
504 110 465 302
328 116 381 93
300 160 348 80
306 160 350 89
338 160 349 119
344 160 349 125
350 160 349 131
460 160 359 248
300 166 342 82
306 166 342 89
311 166 342 97
316 166 344 102
333 166 345 116
344 166 343 126
350 166 343 132
454 166 351 241
460 166 352 249
465 166 352 254
306 171 336 90
311 171 336 97
328 171 340 111
338 171 339 123
344 171 337 130
350 171 337 137
421 171 341 206
300 176 333 85
328 176 335 112
333 176 334 118
355 176 331 145
448 176 337 236
454 176 341 243
344 182 329 132
350 182 329 138
306 188 327 91
322 188 329 106
360 188 326 150
372 188 325 161
438 188 335 228
382 193 323 173
438 193 326 228
355 198 316 148
360 198 316 154
366 198 316 160
382 198 318 174
410 198 312 202
416 198 313 208
421 198 314 215
426 198 314 221
443 198 317 237
360 204 311 156
372 204 310 167
377 204 313 172
382 204 317 168
416 204 307 210
426 204 309 223
432 204 322 228
438 204 321 236
388 210 310 181
388 215 303 184
432 215 314 232
344 232 295 125
