416 57 427 47
422 57 434 47
428 57 439 46
428 63 438 51
440 63 449 51
422 68 431 56
428 68 437 56
434 68 442 56
440 68 449 56
410 74 420 62
416 74 431 63
422 74 438 63
434 74 445 62
440 74 450 62
457 74 457 59
469 74 470 59
475 74 476 59
416 80 431 68
422 80 437 68
457 80 457 63
481 80 481 65
416 86 431 74
422 86 436 73
428 86 443 74
469 86 472 72
499 86 499 72
505 86 504 72
392 92 400 84
398 92 406 84
404 92 411 85
410 92 417 86
499 92 499 77
375 98 382 89
392 98 399 91
398 98 405 91
404 98 411 92
410 98 416 92
416 98 423 93
510 98 517 88
516 98 523 88
522 98 528 91
528 98 534 91
375 104 382 95
392 104 399 97
398 104 404 98
404 104 411 98
410 104 415 98
416 104 422 99
510 104 515 94
516 104 523 94
522 104 528 97
392 110 398 103
398 110 404 103
404 110 410 103
422 110 430 99
428 110 436 100
540 110 541 105
410 116 417 104
416 116 424 104
422 116 430 104
428 116 435 106
434 116 442 107
528 116 532 110
534 116 539 111
404 122 411 111
410 122 417 112
416 122 424 111
422 122 430 112
428 122 436 112
434 122 442 112
522 122 527 112
363 128 371 115
369 128 377 115
410 128 417 118
416 128 424 118
422 128 429 118
428 128 436 118
440 128 451 120
522 128 528 118
528 128 533 119
398 133 407 123
416 133 423 124
422 133 429 125
428 133 436 123
434 133 441 124
440 133 450 125
516 133 521 124
522 133 527 124
528 133 532 125
357 139 364 126
363 139 371 126
369 139 378 121
375 139 383 121
428 139 438 130
469 139 476 127
475 139 481 126
516 139 522 129
522 139 526 130
528 139 531 131
357 145 364 132
387 145 396 122
422 145 428 137
440 145 446 131
446 145 452 132
452 145 458 132
457 145 464 133
463 145 469 134
469 145 475 134
475 145 482 133
481 145 489 129
381 151 389 129
387 151 396 129
392 151 402 130
440 151 445 136
446 151 451 136
452 151 457 137
457 151 462 138
463 151 468 138
469 151 475 140
475 151 480 140
481 151 489 139
375 157 382 133
381 157 389 134
387 157 395 135
392 157 401 135
398 157 408 135
440 157 445 142
446 157 450 142
452 157 457 143
457 157 463 144
463 157 470 144
469 157 475 145
475 157 480 145
516 157 520 149
369 163 377 139
375 163 383 139
381 163 389 140
387 163 395 141
392 163 400 141
398 163 407 141
404 163 413 142
410 163 419 143
446 163 450 149
452 163 457 150
457 163 464 151
463 163 471 150
469 163 476 150
475 163 481 150
375 169 382 145
381 169 388 145
446 169 450 156
452 169 456 157
457 169 464 159
463 169 470 156
469 169 476 156
499 169 505 154
416 175 419 161
422 175 425 160
428 175 437 157
446 175 450 163
452 175 455 163
457 175 463 164
475 175 482 160
499 175 505 160
387 181 395 158
392 181 401 158
410 181 413 167
416 181 420 166
422 181 425 166
428 181 437 161
434 181 443 162
446 181 450 169
452 181 454 169
457 181 462 170
475 181 479 171
516 181 517 179
387 187 395 164
428 187 430 168
493 187 499 172
428 192 430 173
440 192 442 179
452 192 457 177
493 192 498 178
505 192 504 191
510 192 511 192
357 198 368 165
375 198 387 171
434 198 435 181
457 198 461 183
493 198 498 184
499 198 497 202
505 198 504 197
345 204 355 177
351 204 360 176
357 204 368 171
363 204 373 171
446 204 449 188
505 204 504 203
357 210 367 176
398 210 406 184
499 210 498 209
505 210 503 209
440 216 448 195
487 216 486 215
434 222 440 200
440 222 448 200
446 222 454 201
475 222 478 209
440 228 448 205
446 228 455 206
334 234 333 229
369 234 370 231
410 234 409 234
428 234 421 236
434 234 427 237
440 234 432 236
322 240 321 230
328 240 327 230
428 240 421 242
434 240 427 242
440 240 434 241
322 246 321 236
328 246 326 237
375 246 370 246
434 246 427 248
422 251 414 253
428 251 421 254
434 251 427 254
469 251 469 245
328 257 327 247
392 257 389 258
404 257 400 260
410 257 405 260
422 257 414 259
428 257 420 259
434 257 426 260
469 257 469 251
328 263 328 252
398 263 394 262
404 263 399 264
410 263 406 265
416 263 412 266
322 269 321 258
334 269 333 256
428 269 419 270
457 269 454 269
463 269 460 269
328 275 327 262
428 275 419 277
452 275 447 276
328 281 325 268
334 281 332 268
339 281 337 266
345 281 345 266
452 281 447 282
469 281 469 276
339 287 336 272
345 287 343 272
351 287 350 273
357 287 357 273
452 287 447 287
469 287 468 282
339 293 336 279
357 293 357 279
457 293 453 293
463 293 460 293
351 299 350 287
357 299 356 287
363 299 362 287
369 299 369 286
381 299 380 284
416 299 418 289
422 299 424 291
452 299 449 294
457 299 453 298
463 299 459 299
369 305 367 293
381 305 380 290
392 305 405 296
422 305 423 296
428 305 428 298
434 305 434 298
440 305 439 298
452 305 449 299
457 305 453 305
410 310 416 301
416 310 422 302
434 310 434 303
440 310 439 303
446 310 445 304
457 310 453 310
410 316 417 308
416 316 423 308
446 316 445 310
