416 57 512 139
410 63 505 135
416 63 506 140
440 63 513 171
446 63 516 176
440 68 507 173
446 68 509 178
457 74 504 185
381 80 474 125
457 80 500 186
463 80 500 190
392 86 479 142
457 86 493 190
499 86 509 197
392 92 473 144
499 92 502 199
392 98 468 146
540 104 494 270
546 104 495 276
381 110 464 133
528 110 488 259
534 110 489 264
534 116 484 266
546 116 475 281
522 128 477 262
528 128 477 268
534 128 480 274
522 133 472 263
528 133 471 271
534 133 474 276
510 151 418 253
404 157 445 202
505 157 454 256
363 163 454 143
369 163 455 149
375 163 457 155
381 163 459 160
398 163 436 141
404 163 437 147
375 169 453 156
398 169 347 167
440 169 469 152
499 169 442 253
375 181 454 162
345 186 379 120
351 186 381 126
369 186 420 152
422 186 387 195
499 186 411 256
375 192 416 161
381 192 417 166
493 192 403 252
510 192 462 280
369 198 412 155
375 198 411 162
381 198 413 167
387 198 439 171
392 198 440 176
398 198 441 182
392 204 434 179
398 204 436 185
457 204 353 141
375 210 404 164
392 210 427 180
398 210 430 187
404 210 430 191
334 216 339 118
392 216 422 184
398 216 424 189
404 216 425 194
434 216 431 213
446 216 427 221
328 222 334 115
334 222 334 120
398 222 418 190
334 228 328 121
339 228 330 126
446 228 457 231
452 228 456 236
328 234 327 117
357 234 326 154
322 240 320 113
328 240 323 119
345 240 319 150
322 246 314 114
328 246 316 119
363 246 320 162
369 246 322 167
375 246 323 175
316 251 307 111
322 251 309 115
328 251 310 122
375 251 319 174
381 251 320 183
387 251 321 187
392 251 322 192
463 251 377 246
475 251 387 258
322 257 303 116
375 257 314 176
381 257 315 183
387 257 316 188
398 257 318 196
404 257 319 201
410 257 321 207
416 257 322 212
457 257 370 242
463 257 371 248
481 257 382 265
316 263 301 112
363 263 308 161
369 263 310 167
387 263 312 189
410 263 316 208
416 263 317 214
422 263 318 219
434 263 321 227
316 269 295 113
398 269 311 196
404 269 312 201
416 269 313 215
422 269 314 222
351 275 299 150
357 275 300 155
369 275 303 167
375 275 305 173
392 275 305 192
398 275 307 198
404 275 308 203
446 275 316 233
345 281 293 146
375 281 301 174
381 281 302 180
392 281 301 200
446 281 312 234
457 281 315 246
357 287 289 154
363 287 291 160
369 287 294 166
375 287 295 171
381 287 297 182
357 293 283 156
363 293 285 161
369 293 288 170
446 293 306 238
369 299 282 172
381 299 287 178
446 299 305 242
452 299 307 247
457 299 309 253
463 299 310 259
381 304 282 180
387 304 284 185
392 304 282 198
398 304 282 205
410 304 291 209
416 304 293 220
422 304 296 225
434 304 297 232
440 304 297 237
446 304 300 243
452 304 302 249
457 304 303 255
387 310 278 187
398 310 279 207
428 310 290 227
434 310 290 234
440 310 291 239
446 310 293 245
457 310 299 257
422 316 283 224
428 316 284 229
434 316 285 235
440 316 287 242
446 316 284 248
452 316 285 253
