401 184 401 181
405 184 405 181
409 184 409 181
414 184 413 181
418 184 418 181
405 188 405 185
418 188 417 185
427 188 427 185
431 188 432 185
401 193 400 189
405 193 405 189
409 193 409 189
414 193 413 189
422 193 422 189
427 193 426 189
431 193 431 189
436 193 436 189
440 193 439 189
444 193 444 190
449 193 448 190
453 193 452 190
457 193 456 190
462 193 461 190
466 193 466 190
470 193 470 190
479 193 478 190
405 197 405 194
409 197 409 193
414 197 413 193
418 197 418 193
422 197 422 193
431 197 431 194
436 197 435 194
440 197 440 194
444 197 445 194
449 197 449 194
453 197 452 194
457 197 457 194
462 197 461 194
466 197 466 194
470 197 471 194
475 197 474 194
479 197 479 194
483 197 483 195
488 197 487 195
492 197 491 195
501 197 501 195
405 201 405 198
414 201 414 198
418 201 418 198
422 201 422 198
431 201 431 198
436 201 435 198
440 201 439 198
444 201 444 198
449 201 448 198
453 201 453 198
457 201 457 198
462 201 461 198
470 201 469 198
475 201 474 198
479 201 479 198
488 201 487 199
492 201 491 199
496 201 496 199
501 201 500 199
505 201 504 199
509 201 509 199
518 201 518 201
405 206 405 204
409 206 409 203
414 206 413 202
418 206 417 202
422 206 421 202
427 206 426 202
440 206 440 202
444 206 443 202
449 206 448 202
453 206 452 203
457 206 457 203
462 206 461 203
466 206 465 202
470 206 469 202
475 206 474 203
479 206 479 203
483 206 484 203
488 206 487 203
492 206 491 203
496 206 496 203
501 206 500 203
505 206 505 203
509 206 508 203
514 206 513 203
401 210 400 207
405 210 405 209
409 210 409 207
414 210 413 206
418 210 417 206
422 210 421 206
427 210 426 206
440 210 440 206
457 210 457 207
462 210 461 207
466 210 465 207
470 210 469 207
475 210 474 207
479 210 479 207
483 210 484 207
488 210 487 207
492 210 492 207
496 210 496 207
501 210 500 207
505 210 505 207
509 210 509 207
514 210 513 207
409 214 409 211
414 214 413 211
418 214 418 211
422 214 423 211
436 214 435 211
440 214 440 211
457 214 457 211
466 214 466 211
488 214 487 212
492 214 491 212
496 214 497 211
501 214 501 212
505 214 504 212
509 214 509 212
514 214 514 212
518 214 518 212
405 219 405 215
409 219 409 215
414 219 414 215
418 219 418 216
422 219 423 216
427 219 426 216
457 219 457 215
496 219 496 216
501 219 501 216
505 219 504 216
509 219 509 216
514 219 513 216
518 219 517 216
396 223 396 219
401 223 400 219
405 223 404 220
409 223 409 219
414 223 414 220
418 223 418 220
422 223 422 220
427 223 426 221
431 223 430 221
462 223 457 219
470 223 466 220
475 223 469 222
479 223 474 220
496 223 496 221
514 223 513 220
518 223 517 220
396 227 396 224
401 227 400 224
414 227 414 223
418 227 418 224
427 227 426 227
436 227 434 224
444 227 452 227
453 227 444 224
509 227 509 225
514 227 512 225
396 232 396 229
401 232 400 228
405 232 405 228
409 232 409 228
422 232 422 228
431 232 430 231
453 232 444 228
462 232 456 228
470 232 469 231
496 232 496 228
509 232 509 229
514 232 513 229
518 232 517 229
353 236 352 235
401 236 400 233
405 236 404 232
409 236 409 232
466 236 466 232
470 236 470 236
475 236 474 237
479 236 478 237
483 236 482 236
488 236 486 235
492 236 491 235
509 236 508 235
514 236 513 234
518 236 517 233
357 240 356 239
396 240 395 239
409 240 409 236
418 240 417 237
427 240 427 237
431 240 430 236
462 240 461 232
466 240 466 236
470 240 470 241
475 240 474 241
479 240 478 241
483 240 482 241
492 240 490 239
509 240 508 239
514 240 513 239
518 240 517 237
396 245 395 244
401 245 400 241
405 245 405 242
431 245 431 243
436 245 435 244
440 245 440 245
466 245 466 240
475 245 474 245
479 245 478 245
483 245 482 245
488 245 486 244
509 245 508 244
362 249 361 248
396 249 395 248
401 249 400 246
405 249 405 246
427 249 426 248
431 249 430 248
436 249 436 248
440 249 440 249
453 249 452 240
457 249 457 240
470 249 471 249
475 249 474 249
479 249 478 249
488 249 487 248
518 249 517 246
401 253 400 250
414 253 413 252
422 253 421 252
427 253 426 252
431 253 430 252
436 253 435 252
440 253 440 252
444 253 445 250
453 253 452 245
457 253 456 245
466 253 465 253
475 253 474 253
501 253 501 250
509 253 509 251
518 253 517 251
427 258 426 257
436 258 435 257
453 258 453 253
457 258 457 249
470 258 470 257
475 258 474 257
509 258 509 255
401 262 400 261
409 262 409 260
422 262 421 262
431 262 430 262
449 262 449 258
453 262 453 257
457 262 458 258
466 262 465 262
470 262 470 262
492 262 492 258
505 262 504 259
509 262 509 259
514 262 514 258
362 266 361 264
414 266 413 264
444 266 444 262
449 266 448 262
453 266 453 262
457 266 456 263
362 271 361 269
405 271 405 267
422 271 422 267
427 271 426 267
444 271 444 267
449 271 449 266
453 271 452 268
457 271 456 270
462 271 460 270
362 275 360 273
396 275 398 270
418 275 417 272
422 275 422 272
427 275 426 272
444 275 443 276
453 275 452 272
466 275 465 275
383 280 384 275
396 280 397 276
401 280 401 276
405 280 405 276
418 280 417 277
422 280 422 276
431 280 430 276
444 280 444 279
449 280 448 279
462 280 460 276
483 280 483 277
336 284 335 283
366 284 365 281
370 284 370 281
375 284 373 281
427 284 426 281
431 284 430 281
444 284 444 283
449 284 448 283
344 288 343 286
349 288 347 286
353 288 352 287
362 288 360 286
366 288 365 286
370 288 369 285
375 288 373 285
379 288 378 285
383 288 382 285
388 288 387 286
418 288 417 285
422 288 421 285
427 288 426 287
431 288 430 286
436 288 434 286
488 288 487 285
375 293 374 291
379 293 378 291
383 293 382 290
388 293 386 291
401 293 400 291
409 293 409 291
414 293 413 291
418 293 417 289
422 293 422 291
427 293 426 291
431 293 430 291
436 293 435 291
375 297 373 295
388 297 386 296
392 297 391 295
401 297 404 296
409 297 409 295
414 297 413 295
418 297 417 294
422 297 422 295
427 297 426 295
431 297 430 295
436 297 435 295
440 297 440 295
449 297 447 294
453 297 452 294
466 297 465 296
470 297 469 295
383 301 382 300
388 301 387 300
392 301 391 300
396 301 396 300
401 301 401 300
409 301 409 300
414 301 412 300
418 301 417 299
449 301 447 299
453 301 452 299
466 301 464 300
470 301 469 300
366 306 365 304
370 306 369 304
375 306 373 304
379 306 377 305
383 306 382 304
388 306 387 304
392 306 391 304
396 306 396 304
401 306 400 304
405 306 405 304
409 306 408 304
414 306 412 304
418 306 417 304
422 306 421 302
427 306 426 302
431 306 430 302
444 306 443 305
449 306 447 304
453 306 452 304
457 306 456 304
462 306 461 304
470 306 469 304
349 310 347 309
353 310 352 309
357 310 356 308
362 310 361 308
366 310 364 309
370 310 369 309
375 310 373 309
379 310 377 309
383 310 382 309
392 310 391 309
396 310 395 309
401 310 399 309
405 310 404 308
409 310 408 308
414 310 412 309
418 310 417 309
422 310 420 309
427 310 426 309
431 310 430 306
444 310 444 310
449 310 448 309
453 310 452 309
457 310 455 309
462 310 460 308
353 314 352 313
357 314 356 312
362 314 361 312
366 314 365 313
370 314 369 312
375 314 374 312
379 314 378 313
383 314 382 313
388 314 387 313
392 314 391 313
396 314 395 313
401 314 399 313
405 314 404 313
409 314 408 313
414 314 412 313
418 314 417 313
422 314 421 314
427 314 425 313
431 314 430 314
444 314 443 314
349 319 347 317
353 319 352 317
362 319 360 317
366 319 365 317
370 319 370 317
375 319 375 317
379 319 379 317
383 319 382 318
388 319 386 318
392 319 391 317
396 319 395 317
401 319 399 317
405 319 404 317
414 319 413 317
418 319 417 317
422 319 421 317
427 319 426 317
431 319 430 317
449 319 447 317
375 323 374 321
379 323 379 321
383 323 382 322
388 323 385 322
401 323 399 322
405 323 405 322
409 323 409 320
427 323 425 322
431 323 430 322
436 323 434 322
366 327 365 326
383 327 382 327
388 327 386 326
436 327 434 326
