343 250 462 284
374 250 433 281
386 250 424 276
400 250 404 278
343 253 462 280
374 253 433 276
395 253 409 274
400 253 400 273
332 256 481 274
340 256 466 277
343 256 462 276
354 256 444 273
374 256 434 271
352 259 444 270
334 261 476 235
337 261 481 263
380 261 429 262
383 261 425 261
435 261 358 248
380 264 430 258
383 264 425 257
435 264 359 245
383 267 425 252
334 270 472 230
354 270 450 263
357 270 444 259
354 273 450 259
354 276 450 256
357 276 446 255
389 276 416 256
389 279 417 247
395 279 408 250
392 281 412 246
423 281 401 225
380 284 427 209
392 284 416 208
397 284 408 207
377 287 432 205
392 287 418 204
377 290 432 201
380 290 427 200
329 293 500 199
349 293 440 215
352 293 436 215
374 293 438 197
377 293 432 196
386 293 423 198
320 296 505 199
386 296 423 193
389 296 414 192
392 296 411 189
334 299 496 183
386 299 424 189
392 299 411 184
432 299 399 187
354 302 474 175
389 302 419 184
412 302 428 166
357 313 478 187
380 313 443 186
314 316 513 209
366 316 468 184
372 316 464 184
346 319 488 181
366 319 469 180
417 319 412 169
314 322 518 181
346 322 488 176
369 322 464 175
412 322 423 170
329 324 489 173
412 324 422 166
317 327 517 176
326 327 499 174
320 330 513 172
423 339 410 153
420 342 414 150
423 342 410 150
