340 253 463 284
346 259 455 283
380 264 419 272
389 279 409 268
423 281 370 250
389 284 408 263
340 302 458 211
383 310 393 218
386 313 388 216
369 319 412 207
389 319 387 211
406 319 381 217
409 319 377 218
412 319 373 219
369 322 411 204
372 322 407 205
374 322 402 206
377 322 398 207
403 322 383 212
406 322 379 213
409 322 376 214
417 322 367 214
340 324 442 195
374 324 401 203
377 324 397 204
406 324 378 209
409 324 374 211
412 324 371 211
346 330 435 192
349 333 430 190
352 333 426 191
412 333 369 205
426 336 359 219
400 339 382 195
406 339 371 198
412 339 366 199
