405 171 405 169
409 171 409 169
414 171 418 169
401 175 401 173
405 175 405 173
409 175 409 173
414 175 414 173
418 175 419 172
422 175 423 173
427 175 427 173
436 175 436 172
401 180 401 177
405 180 405 176
409 180 410 177
414 180 414 177
422 180 422 177
427 180 427 177
431 180 431 177
436 180 436 177
440 180 440 177
444 180 445 177
449 180 449 177
401 184 401 181
405 184 405 181
409 184 410 181
414 184 414 181
418 184 419 181
422 184 423 181
440 184 441 181
444 184 445 181
449 184 449 181
470 184 471 182
475 184 475 181
483 184 483 181
488 184 488 182
401 188 401 186
405 188 405 186
409 188 409 186
414 188 414 186
418 188 419 185
422 188 423 185
427 188 427 185
431 188 431 185
436 188 435 185
440 188 440 186
444 188 445 186
449 188 448 186
453 188 453 185
470 188 471 186
475 188 475 186
479 188 479 186
483 188 483 186
488 188 488 186
492 188 493 186
496 188 496 186
501 188 501 186
505 188 505 186
401 193 401 190
405 193 406 190
409 193 409 190
414 193 415 190
418 193 419 190
427 193 422 190
431 193 432 190
436 193 436 190
440 193 441 190
444 193 445 190
449 193 449 190
453 193 453 190
457 193 457 189
462 193 463 190
466 193 466 190
470 193 470 190
475 193 475 190
479 193 479 190
488 193 488 190
492 193 492 190
496 193 496 190
501 193 501 190
505 193 505 190
509 193 509 191
514 193 514 190
401 197 401 194
405 197 406 194
409 197 410 194
414 197 414 194
418 197 419 195
427 197 427 194
431 197 432 194
436 197 436 195
440 197 441 194
444 197 445 194
449 197 448 194
453 197 453 194
457 197 458 194
462 197 462 194
466 197 466 194
470 197 470 194
475 197 475 194
479 197 480 195
483 197 484 195
488 197 488 194
492 197 492 194
496 197 497 195
501 197 501 195
505 197 505 195
509 197 510 195
514 197 514 195
518 197 518 195
414 201 414 198
418 201 419 198
431 201 431 198
436 201 435 199
440 201 440 199
444 201 444 198
449 201 448 198
453 201 452 198
457 201 457 199
462 201 462 198
466 201 466 199
470 201 471 198
475 201 475 199
479 201 479 199
488 201 488 199
492 201 492 199
496 201 497 199
505 201 504 199
509 201 509 199
514 201 514 199
518 201 518 199
405 206 405 201
409 206 410 201
418 206 418 203
422 206 423 204
431 206 427 203
436 206 435 203
440 206 440 203
457 206 458 203
462 206 462 203
470 206 471 203
475 206 475 203
479 206 479 203
483 206 484 203
488 206 489 203
492 206 492 203
496 206 497 204
501 206 500 203
505 206 504 204
509 206 509 204
514 206 514 204
518 206 518 203
405 210 405 206
409 210 410 207
414 210 413 208
418 210 417 208
422 210 423 208
427 210 428 209
431 210 432 208
440 210 439 207
449 210 448 208
453 210 452 208
457 210 457 208
462 210 462 207
466 210 467 207
475 210 475 208
483 210 484 208
488 210 489 208
492 210 493 208
496 210 497 208
501 210 501 208
505 210 505 208
509 210 509 209
514 210 514 208
518 210 519 208
405 214 405 211
414 214 414 213
422 214 423 213
427 214 428 213
436 214 435 212
440 214 440 212
444 214 445 212
449 214 448 212
453 214 452 212
457 214 457 212
462 214 462 212
466 214 467 211
470 214 471 212
483 214 484 212
488 214 488 212
492 214 493 212
496 214 496 212
501 214 500 213
505 214 505 213
509 214 509 213
514 214 513 212
518 214 519 212
414 219 414 216
418 219 419 217
422 219 424 217
431 219 432 217
449 219 449 216
457 219 457 216
462 219 462 217
475 219 475 217
479 219 480 217
483 219 484 217
488 219 488 217
492 219 492 217
496 219 496 217
501 219 500 216
505 219 505 217
509 219 509 217
514 219 513 216
518 219 519 216
409 223 410 221
418 223 418 225
422 223 422 226
440 223 444 221
453 223 453 221
462 223 462 222
470 223 471 221
475 223 475 221
479 223 479 222
483 223 483 221
488 223 487 221
492 223 492 221
496 223 496 221
501 223 500 221
505 223 505 221
509 223 510 221
514 223 514 221
518 223 518 221
405 227 405 225
409 227 409 225
414 227 414 226
431 227 432 221
466 227 466 226
475 227 476 226
483 227 483 225
496 227 496 225
501 227 500 225
505 227 504 225
509 227 509 225
514 227 514 225
518 227 518 225
353 232 354 230
357 232 358 231
362 232 362 231
405 232 405 230
409 232 408 231
414 232 413 231
418 232 418 230
431 232 432 226
475 232 479 229
496 232 496 230
501 232 500 230
505 232 505 229
509 232 509 229
514 232 514 229
518 232 518 229
353 236 353 235
357 236 357 235
362 236 361 235
405 236 405 234
409 236 409 235
414 236 413 235
418 236 418 234
422 236 422 234
431 236 431 231
479 236 480 234
501 236 500 234
505 236 504 234
509 236 509 234
514 236 514 234
518 236 518 234
357 240 357 239
362 240 361 239
405 240 405 238
409 240 409 239
414 240 414 239
418 240 418 239
422 240 422 238
427 240 428 237
431 240 432 237
449 240 453 242
470 240 470 239
475 240 475 238
479 240 479 239
483 240 484 239
488 240 488 238
492 240 491 239
496 240 495 239
501 240 500 239
505 240 505 239
509 240 509 238
514 240 514 238
518 240 518 238
357 245 357 243
362 245 361 243
392 245 391 243
401 245 400 243
405 245 405 242
409 245 409 243
414 245 414 243
418 245 418 244
422 245 422 244
427 245 427 243
431 245 431 242
436 245 436 242
475 245 474 243
479 245 479 242
483 245 484 242
488 245 488 243
492 245 492 243
496 245 495 244
505 245 505 243
509 245 509 243
514 245 514 243
362 249 361 247
383 249 383 247
392 249 391 248
401 249 401 246
405 249 405 246
409 249 410 247
414 249 414 247
422 249 423 248
427 249 427 248
431 249 431 247
436 249 435 246
462 249 462 248
466 249 465 248
470 249 470 248
475 249 475 247
479 249 479 247
483 249 484 247
488 249 489 247
492 249 492 248
496 249 496 247
505 249 505 247
509 249 509 247
514 249 514 247
362 253 362 251
379 253 378 252
383 253 383 251
388 253 387 252
396 253 396 251
405 253 405 251
409 253 410 251
414 253 415 251
418 253 418 252
422 253 423 252
436 253 435 252
444 253 444 247
457 253 453 251
462 253 462 252
466 253 465 252
475 253 474 252
479 253 479 251
483 253 484 251
488 253 488 251
492 253 492 251
496 253 496 252
362 258 361 256
375 258 374 257
379 258 378 257
383 258 382 257
388 258 387 256
405 258 405 254
414 258 414 255
422 258 423 257
427 258 427 256
431 258 431 257
449 258 448 252
457 258 457 256
462 258 462 256
466 258 466 256
470 258 470 256
475 258 474 256
375 262 374 261
379 262 378 262
383 262 382 261
401 262 405 259
414 262 414 261
418 262 418 261
422 262 422 261
427 262 427 262
444 262 444 256
449 262 449 257
453 262 453 260
457 262 457 260
462 262 462 260
466 262 466 261
470 262 470 261
475 262 474 260
357 266 357 263
366 266 365 265
370 266 370 266
375 266 374 266
379 266 378 266
383 266 382 266
392 266 396 260
396 266 400 261
401 266 405 264
414 266 414 264
418 266 418 265
422 266 422 265
427 266 427 266
431 266 431 266
436 266 435 265
440 266 440 260
444 266 444 260
449 266 448 264
453 266 453 264
457 266 457 265
462 266 462 265
466 266 466 266
470 266 471 265
475 266 476 264
357 271 357 268
366 271 365 270
370 271 370 269
375 271 374 269
379 271 379 269
388 271 391 265
392 271 396 265
401 271 404 268
414 271 414 269
418 271 418 269
422 271 422 270
427 271 427 270
431 271 431 270
444 271 444 268
449 271 448 269
453 271 453 269
457 271 457 269
462 271 462 269
466 271 467 270
470 271 471 270
357 275 356 274
362 275 361 274
366 275 366 274
370 275 370 273
375 275 375 273
379 275 379 273
388 275 392 273
396 275 398 273
401 275 402 273
414 275 414 274
418 275 418 273
422 275 422 273
427 275 427 274
431 275 431 274
444 275 445 274
453 275 454 272
457 275 457 273
462 275 462 273
475 275 474 275
353 280 353 279
366 280 366 278
370 280 370 278
375 280 375 277
379 280 379 277
383 280 383 278
392 280 393 278
396 280 397 278
405 280 405 278
409 280 410 278
414 280 414 278
418 280 418 278
422 280 422 278
427 280 427 278
431 280 431 278
444 280 445 278
449 280 449 278
453 280 454 277
457 280 457 278
462 280 462 278
475 280 474 279
483 280 487 273
362 284 361 282
366 284 366 282
370 284 370 282
375 284 375 282
379 284 379 282
383 284 383 282
388 284 388 282
392 284 392 282
396 284 396 282
401 284 401 282
405 284 405 282
409 284 409 282
414 284 413 282
418 284 418 283
422 284 422 283
427 284 427 282
431 284 431 282
440 284 440 283
444 284 445 282
449 284 449 282
466 284 466 282
470 284 470 283
475 284 475 283
366 288 366 287
370 288 370 287
375 288 375 287
379 288 379 287
383 288 383 287
388 288 387 287
392 288 391 286
396 288 396 286
401 288 401 286
409 288 409 286
414 288 413 286
418 288 418 287
422 288 423 287
427 288 427 287
431 288 431 287
436 288 435 287
440 288 439 287
449 288 449 286
453 288 453 287
457 288 457 286
462 288 462 286
466 288 466 286
475 288 474 287
357 293 357 292
362 293 361 291
366 293 366 291
370 293 370 291
375 293 375 291
379 293 379 291
383 293 383 291
388 293 387 291
392 293 391 291
401 293 405 291
409 293 409 291
414 293 414 291
418 293 418 291
422 293 422 291
427 293 427 291
431 293 431 291
436 293 435 291
440 293 439 291
444 293 444 291
449 293 449 291
453 293 452 291
457 293 457 291
462 293 462 291
466 293 466 291
470 293 470 291
475 293 474 291
353 297 352 296
357 297 357 296
366 297 366 295
375 297 375 295
379 297 379 296
383 297 383 295
388 297 387 295
396 297 393 295
401 297 397 295
405 297 404 295
409 297 409 294
414 297 414 296
418 297 418 295
422 297 423 296
427 297 427 296
431 297 431 296
436 297 439 296
440 297 444 296
449 297 449 296
453 297 452 295
457 297 457 296
462 297 462 296
466 297 466 295
470 297 470 296
353 301 352 301
362 301 361 299
366 301 366 299
370 301 371 299
383 301 383 301
388 301 387 300
405 301 404 299
409 301 408 300
414 301 413 300
418 301 417 300
422 301 422 300
431 301 430 300
436 301 440 300
453 301 453 300
462 301 461 300
466 301 465 300
470 301 470 299
349 306 348 304
357 306 357 304
362 306 361 303
366 306 366 303
370 306 371 303
375 306 375 304
379 306 379 305
383 306 383 305
388 306 388 304
392 306 392 304
405 306 404 305
409 306 408 305
414 306 413 304
418 306 417 305
422 306 423 304
436 306 440 304
462 306 461 305
344 310 344 309
349 310 349 309
353 310 353 309
357 310 358 308
362 310 362 308
366 310 366 308
370 310 370 309
375 310 375 308
379 310 379 308
383 310 383 308
388 310 388 308
392 310 392 308
405 310 405 308
409 310 409 309
414 310 414 309
422 310 423 312
427 310 427 312
436 310 430 312
440 310 436 312
444 310 441 312
453 310 453 309
344 314 344 313
349 314 349 313
353 314 353 313
357 314 358 313
362 314 362 313
370 314 370 314
375 314 375 313
379 314 379 313
383 314 383 313
388 314 388 312
392 314 393 312
396 314 396 313
401 314 400 313
414 314 413 316
418 314 417 317
422 314 423 317
427 314 427 317
436 314 430 317
440 314 435 317
444 314 441 316
349 319 348 318
353 319 352 319
362 319 362 318
366 319 365 318
370 319 370 318
375 319 374 318
379 319 379 318
383 319 383 317
388 319 388 317
392 319 393 317
396 319 397 317
401 319 401 317
405 319 404 320
422 319 423 321
427 319 427 320
436 319 431 321
440 319 436 321
349 323 347 323
357 323 357 323
362 323 361 323
366 323 366 323
370 323 370 323
375 323 375 323
383 323 383 323
388 323 388 323
396 323 397 324
401 323 400 324
409 323 410 322
414 323 414 321
396 327 396 328
414 327 414 327
