450 62 456 86
456 62 460 86
461 62 466 86
478 67 482 92
428 73 438 92
439 73 442 95
450 73 455 95
456 73 458 95
472 73 483 99
478 73 488 100
494 73 493 97
428 78 437 97
439 78 448 99
472 78 482 104
478 78 488 105
511 78 510 104
517 78 515 106
411 84 418 102
433 84 440 105
450 84 454 102
461 84 469 104
478 84 487 110
483 84 492 111
494 84 492 107
411 89 417 108
417 89 423 108
456 89 463 108
483 89 491 116
500 89 497 112
517 89 514 115
400 95 406 112
406 95 410 113
411 95 415 113
417 95 422 114
428 95 428 114
450 95 451 118
522 95 523 128
533 95 528 123
400 100 400 122
406 100 409 118
411 100 415 118
428 100 428 121
450 100 450 127
494 100 495 124
500 100 501 126
533 100 528 129
406 106 408 124
428 106 427 125
494 106 494 134
500 106 500 132
505 106 504 135
533 106 529 135
400 111 403 128
411 111 410 131
417 111 420 131
428 111 427 131
433 111 431 130
467 111 466 138
517 111 514 143
395 117 397 128
406 117 405 133
411 117 410 134
472 117 474 148
478 117 480 146
522 117 519 146
528 117 524 146
389 123 392 131
395 123 397 134
472 123 474 154
522 123 518 151
528 123 524 152
533 123 529 153
500 128 495 158
511 128 505 159
528 128 523 157
533 128 530 156
406 134 402 145
444 134 441 140
494 134 484 167
522 134 516 163
528 134 523 162
533 134 529 162
433 139 436 144
444 139 441 144
450 139 446 146
494 139 480 150
522 139 516 168
539 139 533 164
461 145 452 152
517 145 511 172
522 145 516 173
528 145 522 173
533 145 527 174
517 150 510 177
522 150 515 178
528 150 521 178
533 150 526 180
511 156 504 181
517 156 509 182
522 156 515 183
533 156 525 185
356 178 367 156
372 178 383 154
389 178 400 156
395 178 407 158
511 178 501 202
356 184 377 159
372 184 382 160
378 184 387 159
389 184 400 161
395 184 406 163
400 184 411 164
411 184 422 164
417 184 428 165
361 189 370 163
367 189 376 163
372 189 382 164
378 189 388 165
389 189 400 167
395 189 405 168
400 189 410 169
411 189 421 169
428 189 447 179
345 195 358 166
361 195 370 168
367 195 375 168
395 195 405 173
417 195 426 173
428 195 432 173
328 200 341 170
334 200 348 171
339 200 352 171
372 200 386 170
384 200 393 171
444 200 453 186
323 206 321 190
334 206 347 176
345 206 352 178
350 206 358 179
356 206 362 179
384 206 391 176
395 206 402 191
444 206 451 191
334 211 346 181
339 211 350 182
350 211 357 184
395 211 401 195
406 211 418 188
500 211 502 210
395 217 400 201
406 217 417 193
411 217 423 193
433 217 445 197
500 217 501 215
372 222 376 198
378 222 381 200
384 222 388 200
389 222 394 200
400 222 405 208
406 222 417 198
411 222 423 198
417 222 432 200
428 222 440 202
433 222 444 202
456 222 461 209
467 222 470 212
489 222 488 221
494 222 494 221
500 222 500 221
323 228 318 213
378 228 381 205
384 228 387 205
411 228 415 210
428 228 439 207
433 228 444 209
467 228 470 218
472 228 475 218
489 228 487 225
328 233 322 235
334 233 326 235
361 233 356 217
367 233 364 219
372 233 370 220
378 233 378 215
384 233 386 211
389 233 390 217
395 233 398 218
411 233 415 216
417 233 419 216
428 233 436 218
433 233 443 218
439 233 450 214
456 233 460 216
461 233 464 217
467 233 470 222
472 233 475 223
361 239 355 223
367 239 363 224
372 239 369 225
378 239 378 227
384 239 383 227
389 239 389 223
395 239 397 223
422 239 430 224
428 239 436 224
433 239 442 224
439 239 448 219
467 239 469 226
472 239 475 229
478 239 480 229
361 244 356 228
367 244 362 229
372 244 369 230
378 244 374 231
384 244 382 233
389 244 387 232
395 244 394 234
411 244 414 226
417 244 418 227
422 244 429 229
428 244 434 230
433 244 440 230
444 244 457 238
472 244 474 233
478 244 479 235
483 244 485 236
328 250 325 248
356 250 351 233
361 250 357 234
367 250 362 235
372 250 367 236
378 250 376 236
384 250 381 238
389 250 386 239
395 250 392 240
406 250 402 234
411 250 412 231
417 250 417 232
422 250 429 234
433 250 438 235
328 256 324 253
367 256 359 240
395 256 391 245
406 256 404 242
417 256 417 237
422 256 422 238
439 256 443 242
450 256 460 250
378 261 372 247
384 261 377 248
389 261 383 249
395 261 391 250
400 261 397 247
406 261 403 248
417 261 416 243
422 261 422 245
444 261 450 248
361 267 354 273
378 267 369 253
384 267 376 253
389 267 385 255
395 267 390 256
400 267 396 257
406 267 402 252
411 267 409 247
417 267 415 249
422 267 421 251
356 272 347 277
367 272 359 276
395 272 390 261
400 272 395 263
406 272 401 263
411 272 408 259
417 272 415 254
456 272 447 275
461 272 452 276
472 272 470 250
356 278 339 265
406 278 401 269
433 278 428 273
356 283 338 271
461 283 451 283
467 283 464 268
472 283 469 273
372 289 369 288
411 289 387 290
417 289 392 291
422 289 398 292
433 289 410 293
444 289 420 294
456 289 444 286
461 289 449 286
467 289 464 273
417 294 392 296
444 294 432 285
406 300 379 299
411 300 385 301
417 300 391 301
422 300 403 303
444 300 432 291
411 305 385 306
417 305 390 306
439 305 424 307
450 305 430 307
456 305 436 309
