355 8 351 16
362 8 358 16
355 15 350 24
362 15 357 24
362 22 357 31
369 22 364 31
375 22 371 30
362 28 357 41
369 28 364 37
375 28 372 40
382 28 378 37
362 35 357 49
375 35 370 47
382 35 377 43
362 42 357 56
375 42 370 55
362 48 357 62
375 48 372 63
382 48 378 63
415 48 419 61
382 55 377 69
389 55 384 69
395 55 392 69
402 55 397 69
415 55 419 69
349 62 345 76
362 62 358 77
369 62 366 76
375 62 370 76
382 62 378 76
389 62 385 76
395 62 391 76
402 62 398 76
408 62 412 76
415 62 418 75
428 62 423 73
362 68 359 82
369 68 365 81
402 68 398 83
415 68 419 82
422 68 425 82
435 68 429 79
342 75 333 95
349 75 340 95
355 75 353 87
382 75 377 87
389 75 384 87
395 75 392 88
402 75 399 88
408 75 404 88
415 75 409 89
422 75 415 88
428 75 431 88
442 75 436 85
455 75 444 82
349 82 341 101
375 82 370 92
382 82 376 93
389 82 383 93
395 82 392 95
402 82 399 95
408 82 405 95
415 82 411 94
422 82 418 93
428 82 431 94
375 88 369 98
415 88 412 100
422 88 419 100
428 88 429 100
435 88 435 100
442 88 442 99
455 88 444 93
375 95 367 105
382 95 374 105
389 95 383 106
428 95 429 106
462 95 457 106
468 95 464 106
382 102 372 121
462 102 457 112
468 102 464 112
422 108 419 127
435 108 431 127
448 108 445 127
455 108 450 126
462 108 458 119
468 108 464 118
475 108 470 114
482 108 475 114
342 115 332 133
349 115 339 134
369 115 367 135
375 115 373 135
382 115 379 133
475 115 470 120
495 115 495 132
369 122 367 141
408 122 411 139
415 122 416 140
448 122 445 133
455 122 451 132
462 122 456 132
468 122 461 128
475 122 468 127
495 122 495 140
408 128 411 145
468 128 463 134
375 135 373 138
395 135 391 141
428 135 423 138
462 135 458 141
488 135 482 144
375 142 374 145
395 142 392 146
422 142 417 153
428 142 424 152
462 142 458 147
515 142 507 145
395 148 393 152
495 148 491 167
508 148 505 165
402 155 399 157
415 155 413 165
448 155 444 165
502 155 498 173
508 155 504 173
515 155 511 173
422 162 424 186
442 162 437 172
448 162 443 171
502 162 497 180
515 162 511 178
435 168 432 178
448 168 443 178
502 168 496 186
508 168 503 186
515 168 508 186
508 175 502 194
349 181 340 205
355 181 346 206
362 181 351 206
442 181 438 198
342 188 333 206
355 188 346 212
515 188 506 206
522 188 515 199
262 195 261 204
269 195 267 204
275 195 273 205
282 195 279 206
329 195 320 210
335 195 328 212
342 195 333 211
502 195 495 211
508 195 501 211
515 195 506 211
269 201 267 212
275 201 274 212
282 201 280 211
289 201 286 213
309 201 302 213
322 201 316 217
329 201 321 218
335 201 327 218
342 201 333 218
349 201 341 218
395 201 380 223
502 201 494 218
508 201 500 217
255 208 255 216
262 208 260 218
269 208 267 219
275 208 273 219
282 208 279 218
315 208 308 219
329 208 321 224
335 208 327 224
342 208 333 224
349 208 340 224
369 208 359 230
375 208 365 231
382 208 372 231
262 215 261 224
269 215 267 225
275 215 273 226
282 215 280 226
302 215 298 229
309 215 305 231
335 215 327 230
342 215 333 230
349 215 340 231
355 215 347 232
375 215 367 237
382 215 372 237
502 215 493 231
275 221 273 231
282 221 280 231
289 221 286 233
295 221 292 232
309 221 305 237
335 221 328 237
342 221 334 237
349 221 342 236
355 221 348 238
362 221 354 239
369 221 360 239
375 221 366 243
382 221 373 243
389 221 379 243
395 221 384 243
495 221 487 238
262 228 261 237
269 228 268 238
275 228 273 239
282 228 281 239
289 228 286 239
309 228 305 243
342 228 335 243
349 228 342 243
355 228 348 244
362 228 354 245
369 228 361 246
415 228 403 250
255 235 256 244
275 235 274 245
282 235 280 245
289 235 286 245
295 235 292 244
302 235 298 244
322 235 318 249
369 235 361 252
382 235 373 251
395 235 386 250
269 241 269 250
275 241 274 251
282 241 279 251
289 241 286 251
295 241 293 251
302 241 300 251
309 241 305 251
322 241 318 256
329 241 325 256
342 241 335 256
369 241 361 259
382 241 373 257
389 241 380 257
395 241 387 256
402 241 394 257
408 241 400 257
422 241 411 257
269 248 270 257
275 248 276 256
282 248 279 256
289 248 286 256
295 248 293 258
302 248 299 257
309 248 306 258
315 248 312 258
322 248 319 261
329 248 324 262
349 248 344 262
355 248 351 263
362 248 357 264
375 248 366 263
415 248 407 263
422 248 413 262
428 248 417 263
262 255 263 262
269 255 269 263
275 255 274 262
282 255 280 262
289 255 287 263
295 255 293 263
302 255 300 264
309 255 305 265
315 255 312 264
369 255 361 269
375 255 367 269
389 255 384 268
395 255 390 268
402 255 396 268
408 255 402 269
422 255 413 268
269 261 268 268
275 261 274 268
282 261 280 269
289 261 287 269
295 261 294 270
302 261 299 270
309 261 306 270
315 261 312 270
322 261 320 270
369 261 361 275
389 261 384 275
269 268 269 275
275 268 274 275
282 268 281 275
289 268 288 276
295 268 293 277
302 268 300 276
309 268 306 275
315 268 312 275
322 268 320 275
402 268 398 276
408 268 405 276
282 275 282 282
289 275 288 282
295 275 294 283
302 275 300 282
309 275 306 282
315 275 312 282
322 275 319 282
329 275 325 283
335 275 332 283
342 275 339 283
349 275 346 283
355 275 352 284
362 275 358 283
369 275 365 283
375 275 371 283
382 275 378 284
282 281 282 288
289 281 288 288
295 281 294 288
302 281 300 289
309 281 306 289
315 281 312 289
322 281 318 289
329 281 325 289
335 281 332 289
342 281 339 290
349 281 345 289
355 281 352 288
362 281 358 288
369 281 365 289
375 281 372 289
382 281 378 290
389 281 385 289
395 281 392 287
289 288 288 293
295 288 295 295
302 288 301 295
309 288 306 295
315 288 312 295
322 288 319 295
329 288 325 295
335 288 332 296
342 288 339 295
349 288 346 295
355 288 351 295
362 288 359 294
369 288 365 295
375 288 372 295
302 295 301 301
309 295 307 301
315 295 313 301
322 295 320 301
329 295 327 300
335 295 333 301
342 295 339 301
349 295 346 301
355 295 351 301
362 295 358 301
369 295 365 301
375 295 372 300
315 301 314 306
322 301 320 306
329 301 327 306
335 301 334 306
342 301 339 307
349 301 346 307
355 301 352 307
362 301 358 307
389 301 385 304
375 308 373 310
