387 165 384 165
391 165 388 166
383 169 381 170
387 169 384 170
391 169 387 170
383 173 380 174
387 173 383 174
391 173 387 174
383 177 380 178
387 177 383 178
391 177 387 178
372 181 372 180
376 181 372 183
379 181 375 183
383 181 380 182
387 181 384 181
391 181 387 181
376 184 371 187
379 184 375 187
383 184 378 187
387 184 383 187
391 184 387 185
368 188 367 188
376 188 371 191
379 188 374 191
383 188 378 191
387 188 382 191
391 188 387 191
368 192 366 192
379 192 374 195
383 192 378 195
387 192 382 195
391 192 387 196
372 196 368 196
387 196 382 200
391 196 387 200
368 200 365 199
372 200 368 200
383 200 378 204
387 200 382 202
395 200 391 203
364 203 361 204
368 203 365 203
372 203 369 203
376 203 372 203
379 203 376 204
387 203 382 206
391 203 387 206
395 203 391 206
398 203 394 206
402 203 398 206
406 203 401 206
410 203 406 206
360 207 357 208
364 207 360 208
368 207 365 207
372 207 369 206
376 207 372 207
379 207 376 208
383 207 380 208
391 207 390 211
402 207 398 210
406 207 401 211
364 211 360 212
368 211 365 211
372 211 369 210
376 211 372 209
383 211 380 211
387 211 383 211
391 211 386 211
398 211 394 211
402 211 398 214
406 211 401 214
410 211 406 214
357 215 352 217
360 215 357 215
364 215 360 215
368 215 364 214
372 215 369 214
383 215 380 214
387 215 383 215
391 215 391 218
398 215 394 215
402 215 398 218
406 215 401 218
410 215 405 219
414 215 409 218
417 215 413 218
353 219 348 221
357 219 352 221
360 219 357 219
364 219 361 219
368 219 365 218
391 219 391 222
395 219 394 222
402 219 398 221
406 219 402 221
410 219 405 222
414 219 409 222
417 219 413 222
421 219 416 222
425 219 420 222
429 219 424 221
433 219 429 221
436 219 432 221
349 222 344 225
353 222 348 226
357 222 351 226
360 222 356 224
364 222 361 222
387 222 387 223
391 222 391 225
395 222 395 226
398 222 399 226
406 222 402 225
410 222 406 226
414 222 409 226
417 222 412 225
421 222 416 225
425 222 421 225
429 222 424 225
433 222 428 225
436 222 432 225
440 222 436 225
349 226 344 229
353 226 348 229
357 226 351 230
360 226 355 229
376 226 379 222
379 226 382 222
383 226 383 226
387 226 387 227
398 226 399 230
402 226 402 230
406 226 405 230
414 226 410 230
417 226 412 229
421 226 416 229
425 226 420 229
429 226 424 229
433 226 428 228
436 226 432 229
440 226 436 229
345 230 340 233
349 230 344 233
353 230 348 233
357 230 351 233
372 230 375 226
376 230 379 226
383 230 383 230
387 230 387 230
398 230 399 236
402 230 402 236
406 230 405 235
410 230 409 234
417 230 413 233
421 230 416 232
425 230 420 233
429 230 424 232
433 230 428 233
436 230 433 232
440 230 436 232
444 230 439 232
341 234 337 237
345 234 341 237
349 234 344 237
353 234 347 237
357 234 351 237
364 234 356 237
372 234 374 230
387 234 387 234
395 234 398 241
398 234 402 241
402 234 406 241
410 234 413 241
421 234 417 237
444 234 439 237
448 234 447 238
341 238 337 241
345 238 341 241
349 238 345 240
353 238 348 240
357 238 351 240
376 238 383 237
383 238 383 244
391 238 394 245
395 238 398 245
398 238 402 245
402 238 406 246
410 238 413 244
425 238 421 241
448 238 443 241
341 241 337 245
345 241 341 245
349 241 344 244
353 241 348 245
357 241 352 244
360 241 356 244
383 241 382 248
391 241 394 248
395 241 398 249
398 241 404 252
417 241 421 245
440 241 439 244
341 245 337 249
345 245 340 249
349 245 344 248
353 245 348 249
357 245 352 249
360 245 356 248
383 245 383 252
395 245 401 256
398 245 405 256
402 245 409 256
406 245 413 248
440 245 439 248
444 245 443 248
345 249 340 252
349 249 344 252
353 249 349 253
357 249 352 253
360 249 356 252
379 249 376 253
391 249 395 259
395 249 398 259
459 249 457 252
349 253 345 257
353 253 349 257
357 253 352 257
360 253 357 256
368 253 360 256
395 253 398 263
417 253 413 256
440 253 454 268
444 253 458 268
452 253 462 268
455 253 453 257
357 257 352 261
360 257 356 260
364 257 359 260
417 257 412 260
421 257 416 260
436 257 452 271
440 257 455 271
444 257 458 271
452 257 448 261
459 257 455 260
482 257 478 260
486 257 482 259
364 260 357 263
372 260 368 264
391 260 394 267
395 260 397 267
417 260 413 263
421 260 416 263
444 260 458 275
455 260 450 264
459 260 455 264
478 260 473 264
482 260 478 264
486 260 482 263
490 260 486 263
368 264 364 268
372 264 368 268
414 264 408 268
417 264 413 267
421 264 417 267
429 264 446 279
436 264 451 276
440 264 454 276
478 264 474 268
482 264 478 267
486 264 482 268
490 264 485 267
493 264 489 266
368 268 365 272
372 268 369 272
376 268 372 271
410 268 405 272
417 268 413 271
421 268 417 271
429 268 447 282
436 268 450 279
478 268 473 275
482 268 477 271
486 268 481 271
490 268 485 271
493 268 488 271
497 268 491 272
391 272 386 276
395 272 390 276
402 272 397 275
406 272 402 275
410 272 406 276
417 272 412 275
421 272 417 275
425 272 424 276
467 272 469 275
478 272 473 279
482 272 476 275
486 272 480 275
490 272 484 274
493 272 488 275
387 276 382 279
391 276 385 280
395 276 390 280
402 276 398 279
406 276 402 279
410 276 405 279
421 276 417 279
429 276 428 279
436 276 451 290
467 276 469 279
482 276 477 280
486 276 481 279
490 276 485 278
493 276 488 279
387 279 382 282
391 279 385 283
395 279 390 284
398 279 394 283
402 279 398 282
406 279 402 282
417 279 413 283
448 279 458 291
452 279 462 293
459 279 461 279
463 279 465 278
482 279 477 283
486 279 481 283
490 279 486 282
387 283 381 286
391 283 385 286
395 283 390 287
398 283 394 287
402 283 398 286
406 283 402 286
414 283 409 286
417 283 412 286
421 283 417 287
425 283 421 287
448 283 458 294
459 283 462 283
463 283 466 282
467 283 470 283
471 283 473 283
478 283 474 286
482 283 478 287
486 283 482 286
391 287 385 290
395 287 390 290
398 287 394 290
402 287 397 289
406 287 401 290
410 287 406 290
414 287 409 290
417 287 413 290
421 287 417 290
425 287 421 290
429 287 424 290
459 287 462 286
463 287 466 286
471 287 470 287
474 287 469 290
478 287 474 290
482 287 478 290
395 291 390 294
398 291 394 294
402 291 398 294
417 291 413 294
421 291 417 294
425 291 421 294
429 291 424 294
433 291 427 293
459 291 462 290
463 291 465 290
474 291 470 294
478 291 474 293
482 291 481 290
402 295 398 298
406 295 402 299
417 295 413 298
421 295 417 297
425 295 421 298
429 295 424 298
433 295 427 298
436 295 432 298
440 295 437 298
474 295 467 301
406 298 402 302
410 298 406 301
414 298 409 301
417 298 413 301
421 298 417 301
425 298 421 302
429 298 424 302
433 298 427 302
436 298 432 302
474 298 471 301
410 302 405 305
414 302 409 305
417 302 413 305
421 302 417 306
425 302 420 306
429 302 424 306
433 302 428 306
436 302 431 305
471 302 466 305
474 302 470 305
417 306 413 310
421 306 417 310
425 306 420 309
429 306 424 309
433 306 428 309
436 306 431 309
444 306 435 309
448 306 439 309
452 306 443 309
455 306 451 310
471 306 466 310
421 310 417 313
425 310 421 313
429 310 424 313
433 310 427 313
436 310 431 313
440 310 434 313
448 310 440 313
452 310 447 313
455 310 451 314
459 310 455 314
463 310 459 314
467 310 462 314
429 314 425 317
433 314 428 317
436 314 431 317
440 314 434 317
448 314 440 317
452 314 446 316
455 314 450 316
459 314 455 317
463 314 458 317
433 317 429 321
436 317 432 321
440 317 435 321
444 317 439 321
448 317 443 321
452 317 446 320
455 317 451 320
459 317 455 320
436 321 432 324
440 321 435 324
444 321 439 324
448 321 443 324
452 321 446 324
455 321 451 323
440 325 435 327
444 329 439 328
440 333 439 332
444 333 443 332
