488 165 446 65
484 169 438 69
488 169 444 71
449 187 392 79
488 187 430 86
449 191 391 85
352 204 337 79
344 208 320 87
348 208 329 82
462 213 410 85
344 217 317 94
514 217 441 81
514 222 439 86
431 235 376 87
400 239 348 85
414 239 361 88
431 239 372 99
436 239 378 102
440 239 383 104
444 239 387 111
400 244 346 90
436 244 376 106
440 244 380 110
400 248 346 96
414 248 360 94
427 248 364 103
431 248 370 106
436 248 374 112
440 248 379 115
409 252 349 105
414 252 355 107
427 252 363 109
431 252 368 112
414 257 357 123
422 257 357 115
431 257 366 119
436 257 371 120
440 257 377 122
427 261 363 125
