322 74 297 103
322 104 284 103
328 104 290 106
304 123 245 113
268 129 189 109
310 129 247 120
255 135 143 120
268 135 154 124
304 135 242 124
310 135 247 125
316 135 252 128
255 141 141 127
268 141 153 129
243 147 136 124
425 147 301 177
237 153 128 127
243 153 134 129
255 153 132 140
255 171 127 153
225 177 121 132
231 177 117 144
219 183 106 140
225 183 119 138
219 189 105 145
413 232 255 139
395 244 250 137
407 244 260 140
413 244 266 142
395 250 248 142
401 250 253 144
407 250 259 145
413 250 265 148
395 256 242 147
413 256 264 155
377 262 180 162
346 268 151 158
383 268 188 177
389 268 193 177
395 268 202 179
401 268 214 178
340 280 204 317
262 286 149 271
425 286 289 281
407 292 210 270
413 292 243 286
401 298 203 273
407 298 208 276
401 304 201 279
407 304 207 281
395 317 193 285
