1.000000000000000000e+00 0.000000000000000000e+00 0.000000000000000000e+00 -3.619798645377159119e-02
0.000000000000000000e+00 1.000000000000000000e+00 0.000000000000000000e+00 -1.327119767665863037e-03
0.000000000000000000e+00 0.000000000000000000e+00 1.000000000000000000e+00 -2.960163652896881104e-01
0.000000000000000000e+00 0.000000000000000000e+00 0.000000000000000000e+00 1.000000000000000000e+00
9.903384447097778320e-01 1.381114274263381958e-01 1.244808454066514969e-02 -4.322665929794311523e-02
-1.371754258871078491e-01 9.888501167297363281e-01 -5.795136466622352600e-02 2.794750407338142395e-02
-2.031304314732551575e-02 5.568389222025871277e-02 9.982417821884155273e-01 -2.968447208404541016e-01
0.000000000000000000e+00 0.000000000000000000e+00 0.000000000000000000e+00 1.000000000000000000e+00
9.713522195816040039e-01 2.355153858661651611e-01 3.173593804240226746e-02 -4.932229965925216675e-02
-2.312037944793701172e-01 9.674426913261413574e-01 -1.029525026679039001e-01 5.217871442437171936e-02
-5.494966357946395874e-02 9.266564995050430298e-02 9.941798448562622070e-01 -2.946267724037170410e-01
0.000000000000000000e+00 0.000000000000000000e+00 0.000000000000000000e+00 1.000000000000000000e+00
9.412720203399658203e-01 3.365084230899810791e-01 2.773020230233669281e-02 -4.699935764074325562e-02
-3.294299542903900146e-01 9.332674741744995117e-01 -1.431349366903305054e-01 7.351119071245193481e-02
-7.404586672782897949e-02 1.255937367677688599e-01 9.893146157264709473e-01 -2.920501232147216797e-01
0.000000000000000000e+00 0.000000000000000000e+00 0.000000000000000000e+00 1.000000000000000000e+00
8.943589329719543457e-01 4.473451077938079834e-01 2.103605307638645172e-03 -3.371183946728706360e-02
-4.409941732883453369e-01 8.824321031570434570e-01 -1.638222038745880127e-01 8.666434139013290405e-02
-7.514136284589767456e-02 1.455881595611572266e-01 9.864876270294189453e-01 -2.911506295204162598e-01
0.000000000000000000e+00 0.000000000000000000e+00 0.000000000000000000e+00 1.000000000000000000e+00
8.309799432754516602e-01 5.562255978584289551e-01 -9.235592558979988098e-03 -2.447187155485153198e-02
-5.479366183280944824e-01 8.155026435852050781e-01 -1.863348335027694702e-01 9.997063875198364258e-02
-9.611260890960693359e-02 1.599010080099105835e-01 9.824428558349609375e-01 -2.896197438240051270e-01
0.000000000000000000e+00 0.000000000000000000e+00 0.000000000000000000e+00 1.000000000000000000e+00
7.537801861763000488e-01 6.560198068618774414e-01 -3.811948746442794800e-02 -8.663566783070564270e-03
-6.517890691757202148e-01 7.390202879905700684e-01 -1.703516244888305664e-01 9.890600293874740601e-02
-8.358305692672729492e-02 1.532535254955291748e-01 9.846457242965698242e-01 -2.925545275211334229e-01
0.000000000000000000e+00 0.000000000000000000e+00 0.000000000000000000e+00 1.000000000000000000e+00
6.921112537384033203e-01 7.176321744918823242e-01 -7.736804336309432983e-02 7.254898082464933395e-03
-7.211509943008422852e-01 6.830024123191833496e-01 -1.159681677818298340e-01 8.139588683843612671e-02
-3.037997335195541382e-02 1.360569298267364502e-01 9.902350902557373047e-01 -2.992176413536071777e-01
0.000000000000000000e+00 0.000000000000000000e+00 0.000000000000000000e+00 1.000000000000000000e+00
5.947763919830322266e-01 8.027702569961547852e-01 -4.243431612849235535e-02 4.176388611085712910e-04
-8.030953407287597656e-01 5.910112261772155762e-01 -7.578516006469726562e-02 6.950575113296508789e-02
-3.575893864035606384e-02 7.915402948856353760e-02 9.962208271026611328e-01 -3.067496418952941895e-01
0.000000000000000000e+00 0.000000000000000000e+00 0.000000000000000000e+00 1.000000000000000000e+00
