445 74 476 111
410 80 440 107
486 85 509 130
451 91 479 123
457 91 473 121
481 91 498 127
492 91 512 135
481 115 496 143
481 121 495 148
486 121 500 149
504 121 516 145
492 132 500 153
504 132 515 157
492 138 499 157
498 138 508 161
504 138 514 161
498 144 508 165
339 162 405 105
345 162 410 105
334 168 398 109
345 168 404 111
351 168 409 111
363 168 419 113
381 168 430 115
328 174 388 116
334 174 398 115
392 174 442 118
398 174 448 118
416 174 459 120
310 179 382 117
334 179 393 119
381 179 433 120
386 179 437 120
392 179 442 122
398 179 447 122
428 179 467 125
304 185 377 120
357 185 411 126
369 185 421 128
386 185 437 125
392 185 443 126
404 185 454 124
304 191 365 128
322 191 375 131
381 191 433 125
392 191 442 132
363 197 414 137
381 197 429 136
392 197 440 141
428 197 472 136
434 197 476 138
457 197 503 158
281 203 337 145
287 203 354 133
292 203 354 137
298 203 359 138
381 203 429 145
434 203 474 142
451 203 494 161
281 209 336 150
287 209 348 141
292 209 353 142
386 209 432 150
404 209 351 183
439 209 475 147
445 209 481 149
451 209 492 166
457 209 496 167
469 209 501 170
287 215 341 151
381 215 426 156
386 215 432 156
392 215 436 157
398 215 442 157
457 215 496 172
469 215 500 173
281 221 335 159
328 221 369 190
334 221 374 191
416 221 477 194
281 227 334 164
322 227 368 232
328 227 368 196
363 227 414 148
398 227 339 197
469 227 501 178
275 232 322 193
310 232 340 182
357 232 406 152
404 232 442 189
410 232 449 148
428 232 460 170
469 232 500 183
481 232 508 189
310 238 340 186
316 238 344 188
398 238 337 206
469 238 498 188
357 244 397 192
386 244 415 199
287 250 334 211
351 250 389 194
357 250 395 196
392 250 419 205
398 250 430 201
416 250 376 218
434 250 435 233
439 250 439 234
287 256 334 216
351 256 389 199
357 256 394 201
363 256 399 203
422 256 450 196
287 262 333 221
292 262 337 221
339 262 382 209
422 262 449 202
428 262 455 202
469 262 466 255
363 268 400 213
439 268 435 224
457 268 481 232
298 274 337 225
304 274 343 226
334 274 366 237
363 274 401 217
451 274 467 250
457 274 480 236
463 274 485 237
298 279 336 231
304 279 341 232
445 279 460 254
451 279 440 260
304 285 345 240
310 285 351 241
339 285 370 248
428 285 427 237
304 291 344 247
310 291 350 245
316 291 355 246
339 291 369 253
345 291 374 253
410 291 382 230
451 291 438 265
469 291 482 257
310 297 332 230
339 297 369 257
345 297 373 257
351 297 378 258
410 297 382 239
445 297 458 264
351 303 378 263
375 303 423 237
410 303 419 262
334 309 361 262
339 309 366 263
345 309 373 265
357 309 393 266
398 309 403 267
404 309 414 265
410 309 419 266
451 309 463 265
328 315 357 267
334 315 361 267
339 315 366 268
345 315 371 268
392 315 398 272
398 315 402 272
404 315 412 271
434 315 443 269
445 315 457 268
451 315 462 269
339 321 364 272
345 321 370 272
392 321 396 277
404 321 411 275
410 321 416 276
434 321 443 275
345 326 368 278
392 326 395 283
398 326 405 280
404 326 410 280
410 326 416 280
416 326 419 281
422 326 425 281
428 326 431 283
398 332 405 285
404 332 411 286
410 332 416 286
416 332 420 286
428 332 430 288
