447 81 476 112
475 92 494 125
498 144 512 161
338 155 384 111
333 161 394 113
321 166 384 116
327 166 376 120
361 166 407 120
373 166 419 118
298 172 357 122
304 172 371 115
356 172 402 124
298 178 361 122
304 178 366 123
321 178 374 130
356 178 402 129
373 178 410 131
418 178 455 135
424 178 462 136
430 178 461 130
293 183 349 131
298 183 360 128
304 183 359 133
321 183 380 131
373 183 415 137
395 183 421 155
418 183 455 141
424 183 461 140
435 183 465 136
304 189 358 137
373 189 414 142
424 189 460 145
430 189 465 146
435 189 466 141
287 195 342 140
293 195 347 140
310 195 363 140
367 195 407 151
373 195 412 151
441 195 474 148
452 195 490 167
304 200 356 146
310 200 343 171
435 200 469 151
441 200 475 153
447 200 485 171
293 206 334 179
424 206 462 156
441 206 474 157
470 206 495 172
447 212 481 166
287 218 328 189
316 218 350 178
281 223 322 194
418 223 453 212
430 223 464 208
281 229 321 198
418 229 453 216
424 229 458 216
350 252 382 208
361 252 392 206
338 269 368 227
395 269 423 241
464 269 459 258
338 275 367 232
395 275 422 246
447 275 462 244
452 275 467 245
458 275 475 231
321 280 347 237
470 280 466 255
475 280 464 265
407 286 428 232
470 286 457 269
475 286 462 269
356 292 369 252
447 292 439 260
458 292 444 270
464 292 449 271
470 292 456 274
475 292 462 275
447 297 438 265
424 303 421 271
435 303 444 260
333 309 356 266
344 309 366 267
435 309 443 266
344 314 365 273
350 314 370 272
356 314 375 272
390 314 390 276
395 314 395 276
356 320 374 279
390 320 389 281
395 320 394 281
407 326 414 285
