401 66 340 203
377 78 338 217
383 78 342 213
389 78 345 208
466 78 387 151
383 84 348 203
371 89 343 230
478 89 422 140
360 95 338 246
371 95 348 233
466 95 452 159
484 95 431 138
484 101 437 141
489 101 439 137
407 107 350 241
413 107 353 235
407 113 356 244
413 113 358 240
419 113 374 186
448 113 368 197
389 119 349 254
395 119 357 260
401 119 361 255
407 119 364 252
424 119 363 236
478 119 407 151
407 125 368 246
401 131 367 260
419 131 393 212
424 131 397 204
419 137 398 215
424 137 400 209
424 142 405 214
430 148 414 207
436 213 473 263
466 225 416 150
424 231 399 255
330 243 430 303
442 249 491 209
442 255 495 212
448 255 497 207
484 255 479 159
330 260 430 284
442 260 500 215
454 260 502 204
306 266 430 311
442 266 496 220
454 266 480 232
478 266 487 163
442 272 482 249
454 272 486 236
306 278 452 323
478 278 509 202
466 284 514 204
324 290 472 305
472 290 515 215
324 296 476 309
330 296 455 310
354 296 445 311
448 296 513 240
454 296 513 226
460 296 516 219
466 296 520 216
478 296 523 211
484 296 526 198
312 302 482 321
318 302 477 317
324 302 479 312
360 302 479 296
366 302 479 285
377 302 454 300
454 302 518 229
460 302 521 224
478 302 529 215
324 308 485 316
371 308 486 286
377 308 459 303
424 308 506 257
366 314 488 293
466 314 529 225
366 320 492 298
419 325 521 247
383 331 494 306
395 331 509 295
413 331 523 254
419 331 525 249
