401 75 399 74
407 75 404 73
412 75 410 73
418 75 422 73
424 75 428 73
430 75 433 73
395 81 393 80
401 81 398 80
407 81 410 79
412 81 416 78
418 81 421 79
424 81 427 78
430 81 434 79
447 81 445 78
452 81 452 79
390 86 387 86
395 86 393 87
401 86 397 86
407 86 403 86
412 86 415 84
418 86 421 84
424 86 427 85
430 86 435 85
435 86 440 85
441 86 445 86
452 86 453 85
458 86 459 85
464 86 464 84
470 86 469 84
475 86 476 84
481 86 484 85
378 92 379 91
390 92 388 92
395 92 393 92
401 92 398 92
407 92 403 92
418 92 421 91
424 92 428 90
430 92 434 91
435 92 440 91
441 92 444 91
447 92 450 91
464 92 462 89
470 92 475 92
475 92 480 92
373 98 374 96
378 98 380 96
390 98 387 98
395 98 391 99
401 98 397 99
418 98 415 97
424 98 423 96
430 98 433 98
435 98 440 98
441 98 444 97
447 98 451 98
452 98 456 98
458 98 464 99
464 98 470 99
487 98 486 92
492 98 493 91
373 104 375 101
378 104 380 101
395 104 392 104
424 104 403 109
430 104 433 104
435 104 439 102
441 104 451 109
447 104 451 103
470 104 475 105
487 104 487 98
492 104 493 98
361 109 363 108
441 109 450 115
458 109 464 115
464 109 474 116
470 109 475 110
475 109 479 109
481 109 485 109
487 109 486 103
492 109 494 104
361 115 362 115
412 115 403 128
435 115 421 115
441 115 449 119
447 115 456 119
452 115 458 115
458 115 464 120
475 115 480 115
492 115 493 109
498 115 500 109
350 121 351 121
356 121 356 122
361 121 357 127
384 121 381 127
390 121 387 133
418 121 409 132
441 121 450 125
452 121 459 124
458 121 464 125
487 121 486 114
492 121 493 115
498 121 500 115
350 126 347 131
424 126 416 139
435 126 447 133
487 126 488 122
492 126 493 121
498 126 500 121
367 132 356 151
395 132 379 152
435 132 422 151
492 132 494 126
498 132 500 127
504 132 506 128
395 138 380 157
401 138 386 157
407 138 391 157
412 138 398 157
430 138 416 161
435 138 421 157
447 138 434 160
481 138 480 137
487 138 485 139
492 138 497 138
504 138 508 137
344 144 334 155
350 144 339 156
356 144 345 156
361 144 352 156
367 144 362 156
378 144 369 156
384 144 375 156
407 144 392 161
430 144 417 168
435 144 421 167
441 144 426 166
447 144 433 167
458 144 444 167
481 144 480 144
487 144 486 145
492 144 494 144
498 144 500 144
504 144 505 143
509 144 514 144
327 149 317 161
333 149 322 161
344 149 339 160
356 149 346 161
367 149 356 161
378 149 370 161
384 149 375 161
390 149 381 162
395 149 386 163
441 149 427 172
447 149 434 173
452 149 439 174
487 149 486 152
498 149 498 151
504 149 505 149
321 155 311 168
327 155 317 168
333 155 322 168
344 155 340 166
367 155 363 168
378 155 370 167
384 155 376 167
390 155 381 168
395 155 386 168
401 155 391 167
407 155 398 167
412 155 403 168
441 155 427 178
498 155 497 157
504 155 504 157
321 161 312 173
327 161 316 173
333 161 327 173
338 161 333 173
344 161 339 172
361 161 356 175
373 161 364 174
378 161 370 172
384 161 376 172
390 161 381 173
395 161 386 173
401 161 392 173
407 161 398 173
412 161 404 173
418 161 410 173
424 161 416 173
316 166 311 177
321 166 316 178
327 166 322 180
333 166 328 181
344 166 338 180
350 166 345 180
378 166 370 178
384 166 374 177
390 166 380 179
395 166 386 179
407 166 398 180
412 166 404 180
418 166 409 180
424 166 415 179
475 166 473 174
344 172 338 185
356 172 347 185
361 172 352 181
367 172 357 181
378 172 369 184
395 172 382 185
412 172 403 186
418 172 408 186
424 172 415 185
430 172 421 186
304 178 297 188
338 178 328 191
344 178 334 192
350 178 341 192
356 178 346 192
361 178 351 191
378 178 369 190
395 178 381 190
435 178 423 190
447 178 435 185
481 178 469 204
344 183 333 198
361 183 351 196
373 183 363 196
435 183 423 196
441 183 434 202
356 189 345 203
373 189 362 203
378 189 369 203
390 189 374 203
424 189 420 210
441 189 433 208
447 189 440 207
492 189 481 215
287 195 281 203
293 195 286 203
298 195 291 204
304 195 296 205
373 195 363 210
384 195 370 209
435 195 428 210
441 195 434 213
452 195 445 213
458 195 451 209
481 195 470 214
287 200 281 209
293 200 285 210
298 200 291 210
304 200 296 211
338 200 421 238
373 200 364 215
452 200 444 219
458 200 450 215
464 200 458 220
470 200 463 220
481 200 470 220
281 206 275 215
287 206 280 216
293 206 285 215
304 206 294 221
310 206 317 216
321 206 405 257
452 206 445 226
458 206 450 226
464 206 456 227
470 206 462 227
281 212 274 220
287 212 280 221
304 212 310 220
321 212 321 226
458 212 450 233
464 212 456 233
475 212 467 226
487 212 474 232
281 218 274 225
287 218 280 226
298 218 303 228
356 218 327 215
418 218 321 237
441 218 427 216
475 218 467 233
487 218 474 238
492 218 479 239
281 223 275 233
287 223 281 232
310 223 298 243
327 223 310 244
361 223 352 238
435 223 438 250
281 229 275 239
287 229 281 238
293 229 286 238
327 229 310 250
344 229 341 237
361 229 352 245
470 229 456 244
481 229 470 244
487 229 475 251
281 235 274 246
287 235 281 245
293 235 286 245
298 235 293 245
350 235 346 243
361 235 356 249
373 235 364 245
378 235 369 246
384 235 375 237
418 235 421 286
464 235 446 249
470 235 457 249
281 240 274 251
287 240 280 251
373 240 364 251
378 240 369 252
418 240 422 292
464 240 447 256
470 240 457 256
481 240 469 255
287 246 279 256
367 246 359 256
373 246 364 257
378 246 368 258
384 246 374 258
390 246 381 262
407 246 399 269
412 246 404 269
287 252 280 261
350 252 345 256
367 252 359 262
373 252 364 262
378 252 369 263
384 252 373 263
390 252 379 268
407 252 398 274
481 252 474 256
487 252 480 250
350 258 346 261
367 258 358 268
373 258 364 267
378 258 369 268
384 258 374 269
487 258 480 256
367 263 358 274
395 263 382 274
452 263 427 301
470 263 446 284
481 263 475 262
481 269 474 267
481 275 473 274
298 280 288 279
321 280 306 286
447 280 450 274
464 280 445 308
470 280 463 278
475 280 463 285
298 286 291 286
441 286 446 280
458 286 433 309
475 286 463 292
481 286 468 297
310 292 298 292
321 292 305 293
327 292 311 296
407 292 381 298
412 292 386 297
321 297 305 297
344 297 334 303
384 297 405 302
401 297 374 304
407 297 381 304
412 297 386 303
418 297 391 303
333 303 323 309
338 303 329 309
344 303 335 310
373 303 362 319
407 303 381 308
430 303 398 315
338 309 329 314
350 309 345 316
356 309 351 315
395 309 410 315
407 309 380 314
430 309 428 314
435 309 433 313
338 314 333 322
344 314 340 322
350 314 346 322
356 314 351 321
418 314 414 322
424 314 422 320
430 314 427 319
435 314 433 319
350 320 346 328
384 320 398 331
424 320 421 327
430 320 434 327
441 320 440 325
424 326 429 332
430 326 433 331
