484 96 451 78
478 101 445 84
484 101 452 84
478 107 445 90
524 119 465 84
524 124 464 89
501 130 446 98
513 130 452 97
530 130 499 107
518 136 459 104
530 136 500 113
536 136 513 113
518 142 459 109
536 142 513 120
541 142 521 119
530 147 507 122
490 153 440 104
495 153 447 103
501 153 455 102
536 153 514 126
541 153 521 126
495 159 446 110
478 165 434 118
524 170 503 161
490 176 448 146
530 176 509 167
472 182 412 208
484 182 442 152
490 182 448 152
495 182 483 161
501 182 489 161
495 188 483 169
501 188 490 168
518 188 497 186
472 193 446 118
490 193 478 176
495 193 484 175
501 193 490 176
507 193 497 176
513 193 491 195
484 199 471 182
490 199 477 182
495 199 484 182
501 199 489 181
513 199 492 201
484 205 471 188
490 205 479 189
495 205 485 189
501 205 491 188
455 211 400 228
490 211 480 195
495 211 486 196
397 216 373 216
490 216 480 202
495 216 486 202
478 222 460 204
490 222 480 208
495 222 487 210
478 228 460 210
484 228 466 210
472 234 453 217
449 240 433 234
461 240 456 238
467 240 461 239
472 240 454 223
409 245 367 237
461 245 455 245
467 245 462 245
472 245 467 244
432 251 393 228
467 251 462 251
443 257 416 241
467 257 462 258
443 263 415 247
449 263 455 249
363 268 351 279
403 268 410 173
409 268 417 173
449 268 455 257
363 274 351 285
403 274 400 241
420 274 395 255
426 274 404 260
432 274 410 260
455 274 458 269
403 280 401 248
409 280 383 261
426 280 403 267
432 280 409 266
449 280 450 273
409 286 382 268
420 286 390 270
449 286 452 284
409 291 381 275
415 291 388 276
426 291 419 286
432 291 425 287
409 297 381 282
415 297 389 282
426 297 420 292
432 297 426 293
340 303 337 293
409 303 383 289
426 303 473 223
334 309 331 299
340 309 337 298
357 309 350 291
328 320 326 334
334 320 333 334
340 320 339 334
328 326 328 340
334 326 333 341
340 326 341 340
328 332 328 348
340 332 341 346
392 332 367 323
334 337 335 352
340 337 342 352
386 337 366 331
346 343 383 362
351 343 389 361
380 343 359 337
346 349 388 368
363 349 376 357
374 349 353 345
380 349 362 345
374 355 356 352
380 355 364 352
