445 80 459 127
451 80 466 129
457 80 472 131
445 86 456 132
451 86 461 134
438 93 444 134
445 93 450 137
432 99 434 137
445 99 448 143
451 99 458 144
432 105 441 140
451 105 454 150
451 112 452 155
457 112 457 157
426 118 431 144
438 118 441 156
470 118 468 165
533 118 518 198
420 124 422 146
432 124 436 154
445 124 446 160
457 124 453 164
464 124 458 167
514 124 503 194
520 124 508 197
413 130 413 150
420 130 419 152
426 130 424 154
451 130 443 167
457 130 449 171
464 130 455 174
514 130 500 199
533 130 452 237
407 137 403 152
413 137 409 156
420 137 415 157
438 137 432 168
451 137 440 174
457 137 445 177
464 137 452 179
508 137 492 201
514 137 497 205
520 137 507 202
526 137 493 213
407 143 399 158
413 143 405 160
426 143 419 163
432 143 424 166
445 143 433 174
476 143 459 185
420 149 410 166
426 149 416 168
432 149 422 171
489 149 467 197
508 149 475 210
514 149 482 214
520 149 488 217
426 155 412 173
438 155 421 180
445 155 426 184
451 155 430 187
457 155 437 190
464 155 442 194
482 155 458 200
489 155 463 202
495 155 469 206
508 155 472 216
514 155 479 219
426 162 408 180
438 162 416 185
445 162 423 189
451 162 428 192
457 162 435 196
470 162 442 200
476 162 447 203
482 162 454 206
489 162 459 208
495 162 466 212
407 168 387 176
413 168 393 180
426 168 401 185
432 168 407 187
438 168 413 190
445 168 420 193
451 168 426 197
457 168 431 201
464 168 437 205
476 168 444 208
482 168 450 211
489 168 456 217
495 168 464 223
394 174 375 170
426 174 398 191
432 174 405 192
438 174 411 195
445 174 416 198
451 174 421 202
470 174 432 211
476 174 439 215
482 174 447 219
388 181 364 173
394 181 371 177
401 181 378 181
407 181 384 184
413 181 390 187
426 181 394 196
457 181 427 208
470 181 430 217
495 181 451 227
394 187 368 181
407 187 379 190
413 187 385 193
420 187 382 199
426 187 390 201
432 187 399 202
438 187 405 206
445 187 410 208
451 187 416 211
464 187 425 216
476 187 428 226
482 187 434 227
489 187 440 229
495 187 447 233
401 193 370 192
407 193 376 196
432 193 396 207
438 193 402 210
445 193 407 213
451 193 413 216
457 193 419 218
476 193 423 229
482 193 429 233
394 199 360 194
401 199 368 198
407 199 373 202
420 199 381 206
426 199 387 210
432 199 394 212
438 199 399 215
445 199 404 219
476 199 420 236
489 199 437 239
495 199 443 242
394 206 356 199
401 206 362 203
407 206 370 208
413 206 374 210
426 206 385 215
432 206 391 217
464 206 403 238
470 206 409 240
363 212 331 186
382 212 351 196
401 212 360 208
407 212 366 212
438 212 394 224
445 212 400 227
457 212 395 240
464 212 401 242
357 218 323 188
363 218 329 191
369 218 334 196
376 218 340 199
413 218 369 218
420 218 376 222
432 218 385 227
438 218 391 229
445 218 397 232
451 218 417 228
351 225 312 192
357 225 318 195
363 225 326 198
369 225 331 201
376 225 337 205
382 225 342 209
388 225 348 213
401 225 355 217
407 225 361 220
413 225 367 223
420 225 373 227
432 225 383 233
438 225 389 234
357 231 316 201
363 231 323 204
369 231 329 208
382 231 339 215
388 231 345 219
401 231 352 223
413 231 365 228
420 231 370 233
426 231 377 235
420 237 368 239
388 243 338 224
394 243 341 227
401 243 347 231
407 243 352 234
413 243 361 237
426 243 374 245
451 243 384 256
457 243 390 261
357 250 314 218
376 250 326 226
388 250 336 229
394 250 338 233
401 250 343 235
413 250 352 241
376 256 324 231
382 256 329 234
394 256 335 238
401 256 340 241
413 256 350 246
420 256 355 249
426 256 360 254
438 256 368 257
445 256 372 260
451 256 380 265
351 262 302 226
401 262 338 248
407 262 344 252
420 262 353 256
426 262 357 260
438 262 364 262
445 262 371 267
451 262 377 271
325 269 277 213
338 269 284 226
344 269 290 230
351 269 297 233
407 269 341 258
413 269 346 259
426 269 355 266
432 269 359 268
445 269 368 273
451 269 374 277
319 275 264 216
325 275 273 220
332 275 279 224
394 275 325 258
313 281 256 219
319 281 262 222
325 281 269 225
332 281 274 230
338 281 280 232
351 281 293 240
407 281 336 265
413 281 342 269
313 287 253 225
319 287 260 228
338 287 278 239
344 287 283 243
351 287 289 246
357 287 296 251
394 287 323 265
401 287 329 267
407 287 334 271
413 287 340 275
432 287 356 277
438 287 363 280
388 294 317 270
407 294 331 276
432 294 353 282
438 294 360 286
369 300 299 259
382 300 308 272
307 306 244 238
369 306 296 265
319 312 249 247
376 312 293 271
332 319 256 259
344 319 264 263
351 319 270 266
357 319 276 270
363 319 282 274
376 319 290 278
382 319 296 282
420 319 307 306
332 325 253 264
338 325 259 269
344 325 265 273
357 325 273 278
363 325 279 281
394 325 303 296
344 331 262 279
363 331 275 286
369 331 281 290
388 331 300 302
382 338 287 296
357 344 264 291
369 344 272 294
376 344 278 299
382 344 283 303
388 344 289 305
401 344 295 309
369 350 269 299
376 350 275 303
382 350 280 307
388 350 286 309
401 350 293 313
