327 131 307 156
340 131 313 156
346 131 327 154
321 138 301 163
327 138 314 161
340 138 323 161
346 138 329 160
352 138 335 159
371 138 348 156
321 144 303 170
334 144 317 166
340 144 328 165
346 144 334 164
371 144 350 161
327 150 315 174
340 150 324 172
352 150 339 169
359 150 345 168
365 150 351 167
371 150 358 166
377 150 399 170
334 156 318 179
340 156 324 178
346 156 331 177
352 156 339 176
359 156 346 175
365 156 353 174
371 156 358 173
377 156 401 176
315 163 301 192
321 163 309 191
327 163 314 189
334 163 319 188
340 163 326 185
365 163 395 184
377 163 402 182
384 163 372 177
446 163 420 167
315 169 303 199
321 169 310 198
327 169 316 197
334 169 321 194
352 169 336 189
365 169 396 189
371 169 404 189
377 169 411 188
384 169 374 183
427 169 406 176
434 169 413 175
440 169 418 173
446 169 425 172
458 169 443 172
465 169 449 171
321 175 311 208
327 175 317 202
371 175 405 195
377 175 368 191
384 175 376 189
440 175 421 180
452 175 438 179
465 175 449 177
477 175 458 175
483 175 463 173
490 175 469 172
327 181 319 208
340 181 324 201
346 181 330 199
409 181 374 214
440 181 424 185
446 181 430 184
477 181 458 181
483 181 464 180
490 181 472 179
496 181 477 178
502 181 484 177
508 181 491 176
334 188 326 213
346 188 331 205
390 188 385 201
446 188 432 190
452 188 439 190
471 188 452 190
477 188 459 187
483 188 467 186
490 188 474 185
496 188 479 184
502 188 485 183
508 188 492 182
515 188 498 182
527 188 520 181
334 194 326 220
440 194 432 197
490 194 475 192
496 194 480 191
502 194 486 189
508 194 493 188
515 194 499 188
521 194 520 189
527 194 527 188
396 200 390 218
465 200 482 206
471 200 491 209
477 200 497 208
565 200 543 186
571 200 548 185
452 206 471 215
465 206 485 212
558 206 541 193
571 206 550 190
377 213 373 231
390 213 390 228
402 213 401 229
415 213 416 221
465 213 492 217
471 213 498 215
558 213 543 198
565 213 548 197
371 219 366 238
396 219 394 237
402 219 402 235
465 219 494 223
477 219 473 222
558 219 546 205
390 225 387 243
396 225 395 243
409 225 408 238
477 225 475 229
552 225 546 212
565 225 554 210
377 231 369 250
384 231 375 251
409 231 408 244
483 231 482 233
490 231 487 232
508 231 497 235
552 231 547 218
565 231 555 216
571 231 559 215
402 238 403 252
483 238 484 240
558 238 551 224
577 238 563 221
465 244 473 250
565 244 558 228
571 244 565 227
490 250 516 240
521 250 480 248
546 250 547 239
565 250 560 235
