431 272 432 157
431 277 431 163
435 277 438 163
399 282 371 169
380 286 360 175
399 286 370 176
403 286 376 176
408 286 384 176
417 286 390 174
472 286 480 175
380 291 359 181
399 291 367 183
403 291 373 182
417 291 390 180
426 291 415 181
399 295 367 188
426 295 415 189
445 295 431 188
477 295 495 200
399 300 368 194
422 300 410 194
477 300 505 209
394 305 359 200
477 305 507 216
390 309 354 206
458 309 457 209
390 314 355 212
394 314 360 212
399 314 367 212
413 314 384 212
422 314 397 212
431 314 427 218
463 314 462 212
380 318 348 219
390 318 355 219
394 318 361 219
399 318 367 219
403 318 373 218
408 318 380 219
417 318 389 218
422 318 395 217
449 318 438 217
463 318 462 221
380 323 348 225
390 323 356 225
394 323 362 225
399 323 367 225
403 323 373 224
408 323 380 224
440 323 421 223
449 323 462 252
454 323 446 225
458 323 456 225
463 323 463 228
380 327 348 231
385 327 355 231
394 327 361 231
399 327 367 231
417 327 390 230
422 327 395 230
445 327 432 230
454 327 447 233
458 327 456 234
463 327 465 235
380 332 348 238
385 332 354 238
394 332 361 237
399 332 367 238
408 332 378 237
413 332 383 237
417 332 389 237
422 332 397 237
426 332 403 237
431 332 407 236
445 332 433 237
458 332 456 240
463 332 477 266
380 337 347 245
385 337 354 245
394 337 362 244
399 337 367 244
403 337 372 244
408 337 378 244
417 337 389 244
422 337 397 243
431 337 408 242
435 337 421 246
445 337 432 245
449 337 439 245
454 337 450 248
458 337 457 248
371 341 336 253
390 341 355 250
399 341 367 250
403 341 372 250
408 341 384 249
426 341 403 248
431 341 415 253
435 341 420 253
440 341 426 252
445 341 432 253
449 341 439 253
454 341 451 255
463 341 476 276
371 346 336 260
385 346 349 256
394 346 361 256
399 346 367 256
413 346 391 254
426 346 410 259
431 346 416 260
435 346 421 259
440 346 426 259
445 346 434 260
449 346 440 260
454 346 452 261
463 346 476 281
376 350 343 265
385 350 349 261
426 350 409 266
431 350 416 266
435 350 421 266
440 350 427 265
445 350 434 266
449 350 442 267
454 350 453 269
458 350 470 288
371 355 338 273
376 355 344 274
385 355 350 267
403 355 374 269
426 355 409 272
431 355 416 273
440 355 426 271
445 355 434 272
454 355 452 276
458 355 470 295
463 355 476 295
371 360 338 279
376 360 343 280
385 360 350 273
408 360 380 277
422 360 398 278
426 360 409 278
440 360 427 279
445 360 435 282
449 360 444 282
458 360 471 301
463 360 476 301
367 364 331 287
371 364 337 287
376 364 342 286
426 364 404 284
445 364 435 288
454 364 453 290
371 369 343 290
440 369 428 296
445 369 435 294
454 369 453 296
390 373 361 289
413 373 386 304
426 373 404 296
454 373 452 303
463 373 472 307
390 378 357 296
435 378 422 307
445 378 435 307
449 378 445 308
454 378 456 313
463 378 472 314
380 382 344 301
385 382 349 301
390 382 356 301
426 382 410 309
431 382 417 308
435 382 422 313
440 382 429 313
445 382 434 313
449 382 446 319
454 382 453 319
458 382 464 319
463 382 471 320
380 387 344 307
431 387 416 314
440 387 428 319
449 387 445 325
463 387 470 327
426 392 408 318
431 392 416 319
435 392 423 321
449 392 446 332
454 392 451 330
458 392 463 332
463 392 471 333
362 396 318 322
380 396 343 327
390 396 350 327
394 396 356 327
413 396 398 325
422 396 403 325
435 396 422 331
440 396 428 331
449 396 441 337
454 396 451 337
458 396 458 339
463 396 470 339
353 401 312 332
431 401 409 337
435 401 417 338
440 401 427 337
445 401 432 338
449 401 441 344
454 401 451 343
458 401 458 344
463 401 471 345
362 405 320 338
403 405 368 338
426 405 403 345
431 405 409 344
435 405 416 343
440 405 423 343
445 405 433 344
449 405 442 350
454 405 451 350
458 405 459 350
463 405 471 351
394 410 350 345
399 410 361 344
426 410 403 350
431 410 409 349
435 410 416 350
440 410 423 350
449 410 441 356
454 410 452 355
463 410 471 357
362 414 320 351
380 414 337 346
390 414 345 350
394 414 351 352
399 414 361 350
426 414 403 357
431 414 410 357
435 414 417 358
449 414 440 363
454 414 452 363
458 414 460 363
463 414 471 361
399 419 362 357
417 419 393 357
426 419 404 362
431 419 411 363
435 419 416 364
440 419 427 367
449 419 441 369
454 419 452 369
458 419 460 369
371 424 332 363
385 424 343 362
390 424 350 363
394 424 356 363
413 424 380 363
417 424 392 363
422 424 398 362
426 424 403 369
431 424 409 368
435 424 417 369
445 424 434 374
449 424 441 375
454 424 452 375
390 428 350 369
394 428 356 369
399 428 363 369
422 428 397 375
426 428 403 375
431 428 410 375
435 428 417 376
440 428 428 380
449 428 443 380
417 433 386 380
422 433 397 381
426 433 403 381
431 433 410 381
