441 218 370 122
421 238 340 137
375 244 320 146
406 244 332 144
492 244 420 131
391 254 325 154
426 254 362 151
436 254 356 147
461 254 388 150
396 259 327 157
406 259 335 155
426 259 363 155
375 264 318 164
396 264 327 161
401 264 332 160
406 264 336 159
375 269 319 168
431 269 353 159
436 269 363 160
441 269 367 159
456 269 380 156
466 269 382 152
386 274 324 167
391 274 327 167
401 274 333 167
406 274 337 166
416 274 345 164
431 274 353 162
436 274 363 164
441 274 367 163
375 279 319 172
386 279 324 172
396 279 330 171
401 279 333 170
406 279 337 169
421 279 346 168
426 279 351 167
431 279 355 167
472 279 390 159
375 284 320 177
386 284 325 177
401 284 334 175
406 284 337 173
416 284 343 172
421 284 347 172
426 284 352 172
431 284 356 171
436 284 360 169
370 289 317 183
380 289 322 182
401 289 334 179
406 289 338 178
421 289 348 175
426 289 353 175
431 289 357 175
436 289 361 174
446 289 368 169
451 289 373 171
456 289 377 170
461 289 382 169
380 294 323 186
386 294 326 186
401 294 335 183
406 294 339 182
431 294 358 178
370 299 319 191
380 299 324 191
396 299 333 188
416 299 344 183
436 299 361 180
477 299 401 175
380 304 325 198
386 304 329 193
396 304 334 192
421 304 350 185
426 304 354 184
431 304 358 184
436 304 362 184
441 304 367 183
396 309 334 196
421 309 350 190
436 309 363 187
441 309 367 187
365 314 320 217
401 314 338 197
416 314 347 196
436 314 364 191
441 314 368 191
446 314 373 191
416 319 348 200
441 319 369 195
446 319 373 195
466 319 393 194
396 324 335 206
406 324 344 204
451 324 379 198
472 324 407 205
406 330 346 209
451 330 381 201
456 330 385 201
461 330 390 201
416 335 349 208
426 335 357 206
451 335 381 206
456 335 386 205
461 335 390 205
466 335 398 203
472 335 408 210
380 340 343 227
426 340 359 210
456 340 386 209
461 340 392 209
466 340 398 208
461 345 393 213
466 345 399 212
461 350 395 216
466 350 400 215
472 350 404 216
451 355 383 219
461 355 396 221
466 355 401 220
472 355 406 219
386 365 332 238
396 365 337 237
461 370 396 233
426 375 359 242
472 375 409 236
365 380 320 250
456 380 392 240
456 385 393 244
461 385 398 244
466 385 405 243
391 390 336 255
411 390 350 254
416 390 354 253
421 390 358 252
451 390 388 250
456 390 393 249
396 395 341 258
406 395 346 258
411 395 351 257
416 395 354 256
421 395 359 255
451 395 387 254
456 395 394 254
461 395 399 253
391 400 337 263
436 400 374 261
446 400 382 259
451 400 387 259
456 400 395 257
461 400 400 257
396 405 342 268
451 405 387 264
456 405 396 261
416 411 361 268
426 416 380 270
431 416 384 269
