1 0 0 -0.01792658120393753 
0 1 0 0.02243540808558464 
0 0 1 -0.3816788792610168 
0 0 0 1 

0.9882867932319641 0.04905965551733971 -0.1445069909095764 0.04275307059288025 
-0.05207684263586998 0.9984954595565796 -0.0171686913818121 0.02614429034292698 
0.1434472799301147 0.02449309267103672 0.9893547892570496 -0.3783857226371765 
0 0 0 1 

0.9986052513122559 0.03851734101772308 -0.03610879927873611 -0.0001706956973066553 
-0.03833556920289993 0.9992485642433167 0.005713088437914848 0.01760022155940533 
0.03630172461271286 -0.004320826381444931 0.999331533908844 -0.3693816363811493 
0 0 0 1 

0.9931790828704834 0.04533411934971809 -0.1074251383543015 0.02995721809566021 
-0.04147188737988472 0.9984198808670044 0.03791917860507965 0.00899436604231596 
0.108974426984787 -0.03320540487766266 0.9934898018836975 -0.3666701316833496 
0 0 0 1 

0.6892208456993103 0.7162689566612244 -0.1092384532094002 0.003405318828299642 
-0.7136188149452209 0.6449707746505737 -0.2734237015247345 0.09695941954851151 
-0.1253894567489624 0.2664039433002472 0.9556706547737122 -0.2577812075614929 
0 0 0 1 

0.7250831723213196 0.6874022483825684 -0.04162027686834335 -0.02175900340080261 
-0.6797182559967041 0.7046510577201843 -0.2035919278860092 0.07621213048696518 
-0.1106218621134758 0.1759111434221268 0.9781707525253296 -0.2692488133907318 
0 0 0 1 

0.7611299753189087 0.6485985517501831 -0.0009469659416936338 -0.03791191056370735 
-0.6418319940567017 0.7529774904251099 -0.1451770663261414 0.05729304999113083 
-0.09344861656427383 0.1111064031720161 0.9894052147865295 -0.2760474383831024 
0 0 0 1 

0.7908271551132202 0.6084580421447754 0.0661141574382782 -0.06261303275823593 
-0.6054145097732544 0.7935402989387512 -0.06137464940547943 0.02923861518502235 
-0.08980815857648849 0.008510246872901917 0.9959227442741394 -0.2809248864650726 
0 0 0 1 

0.9781297445297241 0.1853403449058533 -0.0943983793258667 0.003512582741677761 
-0.190779060125351 0.9802438616752625 -0.05220365896821022 0.002399712102487683 
0.08285798132419586 0.0690712034702301 0.9941648244857788 -0.23588927090168 
0 0 0 1 

0.972411036491394 0.2269818186759949 -0.05381325632333755 -0.01862278580665588 
-0.2284372299909592 0.9732968807220459 -0.02256585098803043 -0.02122623845934868 
0.0472542829811573 0.03423619270324707 0.9982960224151611 -0.2943271696567535 
0 0 0 1 

