551 174 554 182
551 181 557 189
512 194 517 187
505 201 510 191
512 201 517 193
518 201 522 196
459 207 464 179
472 207 476 186
512 207 510 204
518 207 515 206
459 214 463 186
466 214 470 188
472 214 470 193
479 214 483 194
485 214 488 197
512 214 507 221
518 214 516 221
525 214 521 228
440 220 437 184
446 220 445 186
459 220 462 193
472 220 476 200
485 220 495 211
518 220 519 234
440 227 420 196
518 227 517 241
440 233 420 203
499 233 511 239
453 240 439 216
459 240 446 219
485 240 497 240
407 246 407 199
414 246 414 202
394 253 393 201
361 259 356 194
387 259 386 205
446 259 450 241
361 266 355 200
368 266 362 203
374 266 371 208
355 272 348 207
361 272 355 209
368 272 362 211
374 272 371 215
355 279 352 214
328 299 317 224
328 312 333 253
335 312 341 254
342 312 348 255
335 318 340 266
342 318 346 267
