383 150 373 145
388 150 378 145
430 150 438 149
436 150 442 149
287 156 304 143
388 156 377 150
446 156 451 154
452 156 456 155
462 161 462 159
287 166 303 153
441 166 437 164
446 166 442 164
478 166 472 165
277 172 294 157
282 172 298 158
287 172 303 158
298 172 313 156
282 177 299 162
303 177 322 162
309 177 327 162
436 177 433 170
441 177 437 170
446 177 443 171
462 177 463 170
293 182 308 166
298 182 317 166
303 182 323 167
309 182 327 167
314 182 332 167
378 182 392 171
383 182 397 171
388 182 403 172
393 182 407 172
441 182 433 179
298 188 312 172
303 188 324 175
309 188 329 174
314 188 334 174
319 188 339 175
367 188 378 176
378 188 392 176
383 188 397 177
388 188 402 176
393 188 408 176
399 188 408 180
409 188 417 176
436 188 427 184
441 188 433 185
446 188 439 185
452 188 443 186
287 193 303 186
293 193 307 187
298 193 318 181
303 193 324 181
378 193 392 181
383 193 398 181
388 193 404 180
399 193 408 186
404 193 413 187
436 193 427 190
441 193 433 190
452 193 442 190
266 198 278 191
272 198 284 191
293 198 307 192
303 198 323 186
314 198 333 186
367 198 373 192
393 198 403 196
415 198 422 194
266 204 279 197
272 204 287 192
277 204 294 193
298 204 318 192
303 204 323 192
309 204 328 191
362 204 368 196
393 204 403 201
415 204 422 198
420 204 426 198
425 204 432 198
266 209 279 203
277 209 294 198
282 209 299 198
303 209 323 196
351 209 363 200
393 209 403 205
404 209 412 206
436 209 442 204
277 214 294 203
282 214 300 203
309 214 328 202
319 214 339 200
356 214 373 206
372 214 384 206
378 214 390 205
399 214 408 209
404 214 413 210
261 219 273 213
272 219 287 208
277 219 294 208
293 219 308 208
319 219 340 208
340 219 354 210
346 219 359 209
372 219 383 212
378 219 389 214
399 219 408 215
404 219 413 215
272 225 287 212
277 225 293 212
293 225 309 213
324 225 339 215
330 225 344 215
335 225 348 215
340 225 354 215
372 225 384 217
388 225 394 225
393 225 399 225
399 225 408 221
404 225 414 220
261 230 271 226
272 230 288 217
277 230 293 221
282 230 298 221
287 230 303 220
293 230 309 220
298 230 315 220
367 230 379 222
372 230 385 221
388 230 393 231
393 230 399 231
399 230 403 231
277 235 293 226
282 235 298 226
287 235 303 226
293 235 309 226
298 235 314 226
319 235 334 227
372 235 383 231
378 235 384 236
383 235 388 236
388 235 393 236
393 235 398 236
399 235 404 235
266 241 274 233
277 241 294 231
282 241 299 231
287 241 304 231
293 241 309 231
314 241 329 235
346 241 355 234
351 241 360 234
362 241 369 234
383 241 385 241
388 241 389 242
399 241 397 241
404 241 402 240
415 241 419 239
420 241 424 230
287 246 303 237
293 246 309 237
324 246 340 238
351 246 359 241
356 246 365 240
362 246 373 241
367 246 377 241
404 246 403 247
409 246 408 246
415 246 414 246
287 251 303 242
293 251 308 243
319 251 335 243
346 251 355 246
351 251 360 246
356 251 367 246
362 251 373 246
309 256 328 248
346 256 348 252
351 256 354 252
282 262 300 256
287 262 305 255
293 262 310 255
298 262 316 255
314 267 324 260
