295 97 284 104
301 97 289 104
307 97 295 105
295 102 284 108
307 102 293 110
312 102 301 109
301 108 285 115
312 114 292 122
278 120 263 119
283 120 269 119
295 120 276 122
249 125 228 119
255 125 234 120
260 125 240 120
266 125 246 122
272 125 253 123
283 125 258 124
289 125 264 124
295 125 269 125
301 125 276 126
243 131 222 124
249 131 227 125
255 131 232 126
260 131 239 126
266 131 246 128
272 131 251 128
278 131 257 129
289 131 263 129
295 131 269 130
301 131 275 131
307 131 281 133
318 131 287 134
324 131 292 136
243 137 221 130
249 137 226 131
255 137 231 132
260 137 239 132
266 137 245 133
272 137 251 134
278 137 256 134
289 137 263 135
295 137 268 135
301 137 273 136
307 137 279 139
260 143 236 139
266 143 243 140
278 143 256 140
283 143 260 140
289 143 266 141
243 148 224 142
249 148 230 138
283 148 260 146
289 148 265 147
301 148 274 149
307 148 279 150
341 148 292 140
347 148 297 141
278 154 253 154
283 154 259 154
289 154 265 154
295 154 270 155
307 154 278 155
347 154 296 148
353 154 301 149
186 160 157 143
191 160 163 145
266 160 246 157
289 160 265 160
283 166 256 165
364 166 307 162
180 171 148 155
186 171 153 157
191 171 161 157
353 171 296 152
358 171 301 152
174 177 144 155
353 177 296 157
358 177 301 158
341 183 279 169
163 194 121 181
168 194 126 181
180 212 139 189
186 212 143 190
186 217 143 196
330 217 258 196
180 223 135 202
191 229 148 204
191 235 148 210
197 235 153 210
335 235 262 214
353 235 294 207
364 235 311 210
341 241 282 210
347 241 287 211
353 241 294 212
358 241 298 214
364 241 310 216
330 246 246 229
347 246 286 217
353 246 292 219
358 246 298 220
289 252 213 221
301 252 218 225
312 252 229 228
318 252 234 230
324 252 240 234
330 252 246 235
341 252 280 219
347 252 285 224
353 252 292 225
358 252 298 226
289 258 206 230
307 258 223 233
353 258 291 232
358 258 300 238
283 264 202 236
289 264 209 236
307 264 222 238
312 264 227 240
324 264 245 244
330 264 251 245
289 269 209 243
330 269 251 252
341 269 266 256
347 269 273 258
370 269 315 272
376 269 321 274
232 275 178 245
237 275 184 246
295 275 220 253
335 275 259 262
341 275 265 263
347 275 273 265
364 275 306 276
370 275 313 277
376 275 324 280
232 281 177 252
237 281 183 253
272 281 196 254
278 281 201 255
335 281 259 270
341 281 265 271
347 281 272 273
364 281 305 282
370 281 312 284
376 281 323 284
381 281 331 281
272 287 195 260
278 287 200 261
283 287 205 261
289 287 210 263
330 287 252 275
335 287 259 276
341 287 265 278
347 287 270 281
353 287 281 283
364 287 304 288
370 287 310 290
376 287 322 289
381 287 331 286
272 292 194 265
278 292 200 267
283 292 204 268
289 292 209 269
335 292 259 283
358 292 291 292
364 292 304 294
370 292 310 296
376 292 323 295
272 298 193 271
278 298 199 273
283 298 204 274
301 298 221 277
307 298 227 278
324 298 251 286
330 298 256 288
364 298 303 301
370 298 309 303
376 298 322 302
255 304 186 277
266 304 191 277
272 304 196 278
283 304 204 280
289 304 214 282
301 304 220 283
307 304 226 284
312 304 233 284
324 304 251 291
330 304 257 293
335 304 262 295
347 304 279 301
364 304 301 307
370 304 308 308
376 304 327 303
255 310 186 283
260 310 190 284
272 310 196 284
278 310 201 285
289 310 213 287
301 310 227 289
324 310 250 297
330 310 256 299
335 310 262 301
364 310 301 311
370 310 309 313
376 310 326 309
260 315 189 290
266 315 194 291
272 315 200 292
278 315 207 293
283 315 213 293
289 315 219 294
312 315 242 302
330 315 255 305
364 315 300 317
370 315 308 319
249 321 187 300
266 321 194 297
272 321 200 298
278 321 206 299
283 321 213 300
289 321 217 301
301 321 229 305
307 321 236 307
312 321 241 308
324 321 247 311
330 321 254 312
358 321 289 321
364 321 300 323
370 321 308 326
249 327 187 306
255 327 192 306
272 327 201 305
278 327 207 305
283 327 212 306
289 327 216 307
295 327 222 310
301 327 228 312
307 327 233 314
312 327 239 315
330 327 258 318
335 327 264 319
341 327 270 321
347 327 275 324
353 327 281 326
358 327 292 327
364 327 300 330
249 333 187 312
255 333 192 312
272 333 201 310
278 333 205 311
283 333 210 312
289 333 215 313
295 333 222 316
301 333 227 318
307 333 233 319
312 333 238 321
318 333 244 321
324 333 250 322
330 333 257 324
335 333 263 326
341 333 268 327
347 333 273 331
353 333 281 333
266 338 199 316
283 338 209 318
289 338 220 322
301 338 228 324
307 338 232 326
312 338 238 327
318 338 243 327
324 338 248 329
330 338 257 331
335 338 262 332
341 338 268 333
347 338 272 336
243 344 186 325
249 344 191 326
266 344 197 321
272 344 203 322
278 344 209 326
283 344 214 327
289 344 219 328
295 344 224 329
307 344 232 332
312 344 238 333
318 344 243 334
324 344 248 335
330 344 254 337
335 344 260 338
353 344 298 337
249 350 189 331
255 350 195 332
266 350 201 332
278 350 208 332
283 350 213 332
289 350 219 333
295 350 224 335
301 350 229 337
307 350 235 339
318 350 243 340
324 350 250 341
330 350 254 343
341 350 265 347
260 356 201 341
289 356 218 340
295 356 224 341
301 356 229 342
307 356 235 344
312 356 241 345
324 356 254 348
