382 80 491 158
382 87 483 159
459 87 498 231
465 87 495 240
376 93 474 155
382 93 477 161
414 93 487 200
376 99 468 155
465 99 487 242
453 112 472 239
459 112 475 247
363 119 441 157
376 119 442 163
453 119 465 242
363 125 435 159
382 125 438 172
453 125 460 244
459 125 462 251
376 131 436 164
433 131 452 238
376 138 429 166
395 138 437 186
421 138 439 213
465 138 441 252
369 144 419 165
376 144 421 169
401 144 426 198
414 144 430 208
421 144 432 215
427 144 434 223
433 144 434 228
369 151 414 166
376 151 414 170
408 151 422 205
414 151 424 210
421 151 425 217
427 151 427 225
433 151 428 231
440 151 429 238
465 151 435 253
395 157 416 200
421 157 418 219
427 157 420 227
433 157 422 234
465 157 428 254
395 163 410 201
401 163 411 208
421 163 413 221
427 163 414 229
433 163 416 236
408 170 406 209
414 170 407 215
433 170 409 239
408 176 399 211
414 176 402 217
408 183 393 214
414 183 396 219
408 189 388 215
414 189 390 220
401 208 352 254
421 215 353 263
465 215 375 262
465 221 371 271
369 227 351 183
421 234 350 235
421 240 344 237
427 240 347 242
369 247 326 198
376 247 328 205
408 247 334 224
414 247 335 231
421 247 337 239
427 247 339 245
357 253 316 187
363 253 318 194
369 253 320 200
376 253 322 206
382 253 323 212
389 253 325 220
408 253 328 227
414 253 329 233
421 253 332 240
427 253 333 245
357 259 310 189
363 259 312 196
369 259 313 202
376 259 315 209
382 259 317 215
389 259 319 223
408 259 321 230
414 259 323 235
421 259 326 241
427 259 327 247
433 259 329 255
408 266 315 232
414 266 317 237
440 266 324 263
459 266 328 278
357 272 301 192
363 272 305 199
369 272 307 204
382 272 309 213
389 272 311 218
395 272 312 224
408 272 308 235
459 272 321 279
357 279 294 193
363 279 298 201
382 279 302 214
389 279 304 219
408 279 303 236
421 279 312 247
427 279 314 253
433 279 316 258
440 279 317 266
414 285 304 250
427 285 308 255
433 285 310 260
369 291 292 203
382 291 297 217
408 291 297 243
427 291 303 258
433 291 305 262
350 298 276 191
357 298 278 201
389 298 292 224
414 298 299 249
459 298 304 284
350 304 268 193
357 304 271 203
382 304 282 220
408 304 290 246
414 304 292 251
350 311 260 196
376 311 273 216
382 311 276 222
414 311 285 254
357 317 258 207
376 317 267 217
382 317 271 223
357 323 271 250
376 323 262 219
382 323 265 225
389 323 266 231
369 330 253 215
376 330 256 221
382 330 258 227
389 330 259 233
363 336 244 211
376 343 249 223
382 343 250 229
401 343 254 244
376 349 242 225
389 349 244 236
427 349 254 271
350 355 228 207
357 355 229 214
376 355 236 227
382 355 238 233
389 355 238 239
421 355 246 266
427 355 248 273
363 362 225 217
369 362 227 223
376 362 228 230
382 362 231 235
389 362 232 240
395 362 234 248
408 362 236 255
427 362 241 275
446 362 245 288
