410 204 415 209
417 204 423 210
441 204 445 212
449 204 453 213
487 204 489 216
491 204 494 217
495 204 498 217
511 204 510 221
394 207 399 212
410 207 415 213
414 207 419 213
421 207 427 215
437 207 441 216
445 207 448 217
449 207 452 217
452 207 457 217
476 207 479 219
480 207 483 222
487 207 490 220
491 207 494 221
495 207 497 221
499 207 501 222
514 207 515 226
402 211 406 216
406 211 410 217
414 211 418 218
417 211 422 218
421 211 426 219
425 211 430 219
433 211 436 219
437 211 439 220
441 211 444 220
445 211 448 221
456 211 458 222
487 211 489 225
491 211 493 225
499 211 501 226
503 211 505 226
507 211 509 226
421 215 425 222
429 215 432 223
433 215 436 223
437 215 439 224
487 215 489 229
491 215 493 229
495 215 496 229
499 215 501 230
507 215 509 230
394 219 397 224
406 219 409 225
414 219 417 226
441 219 444 228
452 219 433 227
464 219 439 228
483 219 456 229
491 219 493 233
511 219 511 234
394 223 397 228
406 223 408 230
445 223 447 232
476 223 451 232
483 223 456 233
491 223 465 234
518 223 518 235
437 231 438 241
417 235 420 241
514 235 514 252
417 238 420 245
394 242 396 252
394 246 396 247
507 250 506 264
394 254 395 256
487 254 484 268
367 258 360 262
402 262 401 269
417 262 413 271
483 262 478 276
507 266 506 278
514 266 510 283
429 269 423 280
433 269 427 280
421 273 415 284
429 273 422 284
433 273 426 284
437 273 430 284
371 277 363 283
371 281 363 288
433 281 426 290
437 281 430 291
499 281 501 288
421 285 414 294
429 285 421 294
421 289 414 297
425 289 417 298
367 293 358 297
421 293 414 302
425 293 417 302
433 293 425 303
437 293 428 304
476 293 466 307
394 297 386 304
398 297 392 304
402 297 397 305
421 297 413 306
425 297 417 306
433 297 425 307
437 297 428 308
441 297 431 308
402 301 396 308
406 301 400 308
421 301 414 310
425 301 417 310
429 301 421 311
437 301 428 311
441 301 431 312
452 301 441 313
456 301 445 313
464 301 453 314
468 301 458 315
421 304 410 314
425 304 415 314
429 304 419 315
433 304 423 315
437 304 428 316
441 304 431 316
445 304 435 317
449 304 440 317
456 304 444 318
460 304 448 318
417 308 405 318
421 308 410 318
425 308 414 318
456 308 443 322
394 312 381 321
456 312 444 328
394 316 380 325
