402 200 410 178
414 200 422 180
417 200 426 180
394 204 402 181
406 204 412 182
410 204 417 182
414 204 421 183
417 204 425 184
445 204 451 188
468 204 441 186
511 204 510 198
390 207 397 184
394 207 401 185
402 207 409 185
406 207 412 185
410 207 417 186
414 207 421 187
417 207 425 187
445 207 450 192
449 207 454 192
468 207 472 195
472 207 477 195
476 207 482 196
480 207 485 197
487 207 492 198
491 207 496 198
499 207 502 199
503 207 506 200
414 211 421 190
417 211 425 191
468 211 471 198
472 211 476 199
476 211 481 200
483 211 488 201
487 211 492 201
491 211 496 202
499 211 501 202
503 211 506 203
507 211 510 203
511 211 514 204
514 211 518 205
402 215 407 191
472 215 476 203
483 215 487 204
487 215 491 205
491 215 495 205
495 215 499 206
503 215 505 207
507 215 509 207
511 215 513 207
514 215 517 208
394 219 401 198
406 219 412 196
414 219 415 200
483 219 487 208
487 219 491 209
495 219 500 210
503 219 504 211
511 219 513 212
514 219 517 212
410 223 419 206
495 223 499 215
507 223 508 214
514 223 517 218
421 227 428 207
495 227 498 219
503 227 504 219
507 227 508 219
511 227 512 219
514 227 516 222
518 227 519 224
394 231 400 208
402 231 409 209
429 231 433 212
456 231 451 214
476 231 476 214
503 231 502 223
507 231 507 223
511 231 512 224
394 235 399 212
402 235 409 213
406 235 413 214
429 235 428 217
460 235 456 220
464 235 460 220
468 235 464 221
495 235 497 226
503 235 502 227
507 235 506 228
511 235 511 228
514 235 515 228
410 238 413 219
414 238 418 220
464 238 459 225
468 238 469 226
476 238 478 227
480 238 482 228
483 238 487 228
495 238 498 230
507 238 505 232
511 238 511 232
514 238 515 232
359 242 351 236
507 242 506 235
511 242 511 237
518 242 519 238
363 246 354 241
398 246 403 222
417 246 426 227
433 246 430 239
437 246 434 241
441 246 438 242
491 246 458 239
514 246 515 237
429 250 425 244
433 250 430 244
437 250 434 245
441 250 437 247
449 250 443 248
452 250 448 249
464 250 456 249
476 250 471 246
480 250 475 246
483 250 480 247
514 250 515 242
398 254 403 229
402 254 405 229
425 254 419 248
429 254 423 249
433 254 429 249
441 254 437 251
460 254 453 249
464 254 456 253
476 254 471 251
480 254 476 252
483 254 480 251
487 254 484 252
511 254 510 245
514 254 514 246
518 254 517 247
367 258 358 251
398 258 401 233
425 258 419 252
429 258 423 252
433 258 428 253
437 258 433 251
456 258 447 253
464 258 455 258
468 258 459 258
480 258 476 256
483 258 480 257
487 258 484 257
511 258 509 250
514 258 513 250
518 258 517 251
406 262 400 251
425 262 418 257
429 262 423 257
437 262 432 257
445 262 437 257
449 262 442 258
456 262 446 258
460 262 450 261
464 262 455 262
468 262 459 263
480 262 475 261
483 262 479 261
507 262 503 254
511 262 509 254
514 262 513 254
518 262 516 255
406 266 397 260
410 266 402 259
417 266 409 260
425 266 418 262
429 266 422 263
433 266 427 263
437 266 431 261
456 266 449 266
511 266 508 258
514 266 512 259
390 269 383 258
402 269 395 260
421 269 414 263
429 269 422 268
433 269 426 268
437 269 431 266
445 269 439 267
456 269 449 271
499 269 496 259
417 273 410 268
425 273 417 268
437 273 430 270
441 273 434 271
445 273 439 271
456 273 448 276
371 277 360 270
402 277 392 269
417 277 410 272
425 277 417 273
429 277 421 273
433 277 425 273
437 277 430 273
445 277 439 276
495 277 477 284
371 281 360 274
425 281 416 277
371 285 359 278
429 285 420 278
437 285 429 278
495 285 478 291
425 289 416 282
429 289 420 282
433 289 424 282
437 289 429 283
352 293 334 281
383 293 373 280
386 293 377 280
390 293 380 281
394 293 385 281
425 293 415 286
429 293 420 286
433 293 423 287
437 293 428 288
472 293 460 292
476 293 464 293
379 297 368 284
383 297 372 284
386 297 376 284
390 297 380 285
394 297 385 287
398 297 389 287
406 297 395 288
410 297 400 289
414 297 404 289
417 297 408 290
425 297 415 290
429 297 418 291
433 297 423 291
437 297 426 293
449 297 436 294
464 297 452 296
468 297 456 296
472 297 460 297
476 297 464 297
480 297 468 298
487 297 474 298
379 301 368 288
383 301 371 288
386 301 377 289
390 301 380 290
394 301 384 291
398 301 389 292
406 301 395 292
410 301 399 293
414 301 404 293
417 301 408 294
425 301 414 295
429 301 418 295
433 301 422 296
437 301 426 298
441 301 430 298
449 301 436 298
452 301 440 299
456 301 444 299
460 301 449 299
468 301 454 300
472 301 460 302
476 301 464 302
480 301 468 302
398 304 384 301
410 304 393 298
414 304 398 299
417 304 404 300
421 304 407 304
425 304 413 300
429 304 417 300
433 304 421 305
437 304 426 303
441 304 430 303
449 304 436 304
452 304 439 304
472 304 457 307
476 304 463 307
394 308 379 306
398 308 384 305
410 308 392 308
414 308 398 308
417 308 402 308
421 308 407 309
425 308 411 309
429 308 415 309
433 308 420 310
441 308 430 312
445 308 434 312
449 308 439 313
460 308 448 315
398 312 382 311
402 312 386 311
417 312 401 313
421 312 405 314
425 312 410 314
429 312 414 314
433 312 419 315
398 316 382 315
402 316 386 316
410 316 392 318
414 316 397 318
417 316 400 318
421 316 404 319
425 316 409 318
433 316 412 324
437 316 417 325
