398 200 407 151
402 200 411 152
437 200 445 156
456 200 464 160
386 204 399 162
414 204 421 155
417 204 426 156
483 204 493 169
495 204 501 170
503 204 507 172
507 204 512 173
417 207 425 160
437 207 444 163
472 207 478 169
476 207 482 169
480 207 486 170
491 207 497 172
406 211 415 160
472 211 478 173
476 211 481 173
480 211 485 174
483 211 490 175
491 211 497 176
499 211 502 176
503 211 507 177
507 211 511 178
511 211 515 179
514 211 519 180
483 215 490 179
487 215 494 179
495 215 502 180
503 215 505 181
507 215 510 182
511 215 515 183
514 215 518 182
487 223 493 186
511 223 515 189
514 223 518 190
518 223 521 193
487 227 494 190
495 227 499 191
503 227 509 193
511 227 514 193
514 227 519 195
518 227 521 198
468 231 480 189
514 231 518 199
421 235 431 184
429 235 435 186
511 235 512 202
514 235 517 203
518 235 521 204
433 238 441 191
445 238 448 203
468 238 478 199
511 238 511 207
421 242 428 200
425 242 433 201
449 242 452 203
491 242 502 207
518 242 521 210
394 246 399 189
429 246 424 224
433 246 429 220
441 250 440 226
476 250 464 230
487 250 482 228
518 250 521 213
429 254 424 230
433 254 428 230
437 254 432 231
518 254 521 219
367 258 357 239
425 258 419 234
429 258 423 234
433 258 428 235
441 258 437 236
472 258 466 240
476 258 472 240
480 258 476 241
503 258 503 226
514 258 515 224
518 258 520 224
410 262 398 239
414 262 402 240
417 262 408 241
421 262 414 238
425 262 419 239
429 262 422 239
433 262 428 240
437 262 431 241
441 262 436 241
472 262 465 245
476 262 470 246
480 262 475 246
503 262 503 231
406 266 393 243
414 266 402 244
417 266 408 245
421 266 414 243
425 266 418 244
429 266 422 244
433 266 427 245
437 266 431 245
441 266 436 246
445 266 441 247
507 266 507 232
402 269 406 212
410 269 397 249
417 269 410 247
425 269 417 248
429 269 422 249
433 269 427 250
437 269 431 250
445 269 440 251
449 269 444 256
507 269 507 237
394 273 365 294
398 273 400 220
402 273 405 217
417 273 410 251
429 273 422 253
433 273 426 255
499 273 482 262
507 273 505 241
371 277 359 258
394 277 365 299
398 277 399 225
417 277 410 255
421 277 413 256
499 277 476 272
371 281 359 262
499 281 482 271
503 281 486 269
499 285 427 326
367 289 353 268
371 289 358 270
421 289 413 266
425 289 416 266
433 289 424 263
437 289 430 264
394 293 385 262
433 293 423 268
437 293 428 270
441 293 431 271
472 293 461 278
476 293 466 278
480 293 470 280
390 297 380 266
394 297 384 267
398 297 389 268
402 297 393 269
417 297 408 272
421 297 412 273
425 297 416 272
433 297 423 274
437 297 426 275
449 297 441 276
476 297 465 283
480 297 469 285
421 301 412 277
425 301 416 277
433 301 422 279
437 301 425 280
441 301 430 280
445 301 435 281
449 301 440 282
433 304 421 284
437 304 425 285
441 304 430 285
