457 122 351 242
465 122 349 237
457 126 355 240
465 126 354 235
469 126 352 231
389 169 379 295
414 169 421 287
423 169 415 274
397 173 387 283
402 173 385 278
410 173 403 283
402 177 401 294
406 177 399 289
469 177 455 235
410 181 412 278
431 190 418 251
525 190 372 169
529 190 371 164
525 194 377 168
393 198 442 301
516 198 371 187
529 198 395 150
529 203 394 156
414 207 445 267
423 207 417 278
397 211 451 282
465 211 459 229
372 215 483 296
385 215 478 281
520 215 398 171
525 215 396 166
368 219 472 306
380 219 484 284
385 219 482 280
393 219 459 197
406 219 464 216
478 219 489 208
491 219 427 219
512 219 411 162
372 224 491 289
393 224 463 195
406 224 468 212
410 224 466 207
436 224 488 223
503 224 374 202
520 224 434 164
525 224 432 159
372 228 495 287
376 228 493 282
406 228 473 208
410 228 472 203
419 228 476 262
431 228 495 226
495 228 460 170
419 232 480 260
423 232 454 203
457 232 426 172
508 232 396 263
414 236 494 255
423 236 459 201
457 236 431 170
368 241 507 284
372 241 503 280
457 241 435 168
499 241 440 237
457 245 462 250
461 245 461 245
491 245 467 179
372 249 479 300
402 249 448 228
419 249 474 256
423 249 472 252
457 249 467 248
461 249 465 244
474 249 477 202
478 249 476 198
380 253 476 293
431 253 469 243
372 258 498 292
385 258 481 291
503 258 473 166
516 258 469 156
520 258 468 151
427 262 442 273
469 262 485 198
512 266 490 164
389 270 498 275
397 270 507 217
486 270 479 184
410 275 501 241
427 275 462 267
440 275 470 183
482 275 486 188
486 275 484 182
491 275 483 178
499 275 463 151
397 279 513 216
406 279 513 244
410 279 511 239
436 279 475 185
440 279 473 181
469 279 495 199
474 279 493 195
486 279 490 181
491 279 489 176
414 283 514 236
423 283 512 226
469 283 478 167
474 283 499 194
419 287 514 230
431 287 508 244
469 287 505 197
397 292 526 238
465 292 511 199
474 292 508 189
478 292 508 184
491 292 499 161
457 296 517 209
461 296 516 204
414 300 528 225
431 300 521 206
444 300 516 193
453 304 518 186
