421 96 389 166
444 96 422 154
449 96 426 154
410 101 378 175
455 101 466 151
421 107 391 175
444 107 405 170
455 113 462 165
455 118 463 169
455 124 456 202
461 124 386 209
478 124 480 173
461 130 387 214
472 130 477 180
478 130 481 180
478 135 492 189
449 141 473 200
478 141 473 177
489 141 488 186
512 141 524 210
449 147 474 205
495 147 496 185
500 147 500 185
512 147 524 214
512 152 515 196
517 152 519 197
399 158 353 261
416 158 362 261
483 158 456 193
495 158 491 194
500 158 496 194
512 158 490 173
517 158 520 202
529 158 518 188
404 164 357 263
472 164 379 264
478 164 384 264
483 164 400 276
517 164 513 193
529 164 518 192
483 169 400 281
489 169 404 280
483 175 400 286
489 175 405 285
495 175 408 284
540 175 525 201
489 181 404 291
523 186 514 236
540 186 526 226
540 198 523 255
512 209 428 311
517 231 517 277
483 260 482 307
297 271 369 301
427 282 503 283
348 294 359 285
393 299 502 280
399 299 506 279
416 299 499 292
416 305 499 296
353 311 365 297
393 328 425 325
387 333 424 328
