440 158 413 154
453 158 426 148
356 164 339 201
362 164 344 200
375 164 354 194
382 164 360 191
388 164 367 188
394 164 372 186
408 164 382 182
414 164 388 179
420 164 395 175
427 164 402 171
434 164 408 169
446 164 422 158
453 164 428 156
460 164 433 154
310 171 300 228
316 171 307 225
323 171 313 223
330 171 320 219
342 171 329 215
356 171 337 213
362 171 343 209
368 171 350 205
375 171 356 203
382 171 362 200
394 171 372 196
401 171 378 193
408 171 383 191
414 171 390 188
427 171 400 184
434 171 405 180
440 171 413 177
446 171 419 175
453 171 426 171
460 171 432 168
466 171 439 165
472 171 445 163
479 171 453 159
486 171 460 155
492 171 468 147
498 171 474 145
505 171 479 143
512 171 487 142
538 171 527 127
290 178 286 242
304 178 296 238
316 178 307 234
342 178 331 223
356 178 339 220
368 178 346 216
375 178 352 213
382 178 360 211
388 178 366 208
394 178 372 205
408 178 381 203
414 178 387 200
420 178 394 197
427 178 401 194
434 178 408 190
440 178 414 188
453 178 424 183
460 178 430 180
466 178 436 178
472 178 443 175
479 178 452 171
486 178 457 169
492 178 464 165
531 178 521 136
564 178 534 132
290 184 284 250
297 184 291 249
323 184 312 241
349 184 327 239
362 184 342 228
368 184 347 225
375 184 354 222
388 184 363 220
394 184 371 217
401 184 376 215
408 184 382 211
420 184 392 207
434 184 405 201
440 184 412 198
446 184 418 195
453 184 425 192
472 184 442 183
492 184 461 175
498 184 470 172
505 184 474 170
512 184 481 167
524 184 497 158
531 184 504 155
557 184 525 146
564 184 532 142
368 190 347 238
382 190 358 231
388 190 365 227
401 190 379 221
414 190 388 217
420 190 394 215
427 190 400 212
434 190 408 208
440 190 415 205
453 190 422 203
460 190 428 200
466 190 437 195
472 190 444 190
479 190 450 188
505 190 478 177
512 190 485 173
518 190 493 168
531 190 508 161
538 190 515 158
550 190 520 156
557 190 529 153
564 190 535 150
570 190 542 145
576 190 550 141
297 197 290 267
304 197 296 264
316 197 305 261
323 197 312 258
336 197 320 255
342 197 325 253
349 197 332 250
362 197 342 245
375 197 354 240
382 197 360 236
408 197 384 226
420 197 397 220
427 197 403 218
434 197 410 214
440 197 417 211
453 197 425 208
460 197 431 205
466 197 438 202
479 197 452 195
486 197 459 191
505 197 481 182
512 197 488 179
518 197 502 171
524 197 509 169
544 197 524 161
557 197 530 159
564 197 537 155
570 197 544 151
576 197 552 148
297 204 292 272
304 204 298 270
316 204 308 267
336 204 321 262
342 204 327 258
349 204 335 255
362 204 345 251
382 204 385 232
427 204 408 222
434 204 413 220
440 204 420 217
453 204 428 213
466 204 436 210
479 204 455 201
498 204 476 191
505 204 485 188
512 204 492 184
518 204 499 180
538 204 520 171
557 204 533 165
570 204 547 158
576 204 555 155
297 210 294 279
304 210 301 276
316 210 318 269
342 210 331 264
349 210 338 261
356 210 344 257
362 210 352 254
388 210 401 231
434 210 417 226
460 210 516 180
472 210 450 211
512 210 494 191
524 210 509 184
576 210 563 156
297 216 297 286
342 216 334 270
466 216 441 224
550 216 543 169
570 216 559 166
576 216 566 163
304 223 307 286
310 223 314 282
316 223 309 291
368 223 369 256
518 223 505 196
550 223 547 177
557 223 555 173
570 223 561 171
576 223 570 169
362 230 360 268
394 230 395 252
408 230 450 245
427 230 423 241
486 230 477 209
498 230 483 205
505 230 490 202
512 230 498 201
518 230 508 203
524 230 514 201
531 230 521 197
538 230 528 194
544 230 536 190
550 230 543 186
557 230 550 184
564 230 557 181
570 230 565 178
576 230 573 175
336 236 327 291
342 236 334 288
362 236 363 274
368 236 369 271
388 236 389 259
420 236 419 251
427 236 425 249
440 236 431 238
446 236 438 235
453 236 444 232
505 236 495 209
512 236 501 207
518 236 510 210
524 236 516 206
538 236 531 202
557 236 554 190
564 236 561 187
570 236 569 184
349 242 348 298
362 242 364 282
375 242 378 272
382 242 385 269
388 242 391 266
420 242 415 260
427 242 422 258
434 242 430 254
446 242 440 241
453 242 448 237
460 242 459 230
479 242 465 222
505 242 498 216
512 242 504 215
550 242 553 197
356 249 361 291
382 249 386 275
401 249 400 266
408 249 408 264
427 249 425 265
434 249 434 262
440 249 440 259
479 249 469 229
505 249 481 242
401 256 404 273
408 256 411 270
434 256 436 270
472 256 471 236
505 256 478 249
512 256 484 247
394 262 401 283
401 262 407 280
408 262 413 278
466 262 468 246
498 262 472 256
518 262 489 252
505 268 480 261
394 282 414 295
401 282 421 293
427 282 439 292
