424 159 417 160
430 159 425 159
437 159 432 158
444 159 439 157
450 159 445 157
457 159 452 155
463 159 459 155
470 159 465 153
476 159 472 152
483 159 479 152
489 159 486 152
496 159 493 152
502 159 499 150
509 159 507 150
529 159 526 148
535 159 533 145
542 159 540 144
548 159 546 143
555 159 553 142
339 165 335 179
359 165 350 178
365 165 361 177
378 165 372 174
385 165 378 173
391 165 385 172
398 165 392 171
404 165 399 170
411 165 405 170
417 165 412 169
424 165 419 168
430 165 425 167
437 165 432 166
444 165 439 165
450 165 445 165
457 165 452 164
463 165 458 164
470 165 465 163
476 165 472 162
483 165 477 160
489 165 485 159
496 165 492 159
502 165 499 158
509 165 505 158
516 165 512 157
522 165 519 157
529 165 526 155
535 165 532 154
542 165 539 153
548 165 547 150
555 165 553 150
561 165 559 149
313 172 310 190
319 172 317 189
326 172 323 188
332 172 329 187
339 172 335 186
345 172 341 185
352 172 347 184
365 172 359 183
372 172 365 182
378 172 372 181
385 172 379 180
391 172 385 180
398 172 392 179
404 172 399 178
411 172 405 178
417 172 411 177
424 172 419 176
430 172 425 175
437 172 431 175
444 172 437 174
450 172 444 173
457 172 450 172
463 172 458 172
470 172 465 171
476 172 471 170
483 172 477 169
496 172 489 167
502 172 498 167
509 172 505 166
522 172 516 164
529 172 525 162
535 172 531 162
542 172 538 162
548 172 546 161
574 172 567 152
293 178 290 198
300 178 297 198
306 178 303 198
313 178 310 197
319 178 316 196
326 178 323 195
332 178 329 194
339 178 335 193
345 178 341 193
359 178 353 192
365 178 359 190
372 178 366 189
378 178 372 189
385 178 379 187
391 178 384 187
398 178 390 187
404 178 397 186
411 178 403 186
417 178 410 185
424 178 417 184
430 178 423 183
437 178 430 182
444 178 437 181
450 178 443 181
463 178 455 179
470 178 464 178
483 178 475 176
489 178 482 176
496 178 489 175
502 178 495 174
509 178 501 174
516 178 508 173
522 178 515 171
529 178 523 171
535 178 529 170
542 178 536 169
548 178 543 168
555 178 550 168
561 178 556 167
568 178 563 166
574 178 571 165
287 185 285 207
293 185 292 206
300 185 297 205
306 185 303 205
313 185 309 205
319 185 315 204
326 185 323 203
345 185 339 200
352 185 346 200
359 185 353 198
365 185 358 197
372 185 365 197
378 185 372 196
385 185 378 196
391 185 384 195
398 185 390 195
404 185 396 194
417 185 408 193
424 185 417 191
430 185 423 190
444 185 435 189
450 185 442 189
457 185 448 188
463 185 455 187
470 185 462 186
476 185 468 185
483 185 475 184
489 185 482 184
496 185 488 183
502 185 496 183
509 185 503 181
516 185 509 180
522 185 515 178
529 185 527 177
542 185 536 176
548 185 544 175
555 185 551 174
561 185 556 173
568 185 562 173
574 185 571 171
280 191 279 213
287 191 285 213
293 191 290 212
300 191 297 212
306 191 303 212
313 191 309 212
326 191 320 210
339 191 333 208
345 191 339 208
352 191 345 207
359 191 351 207
365 191 358 205
372 191 364 205
378 191 370 204
385 191 377 203
391 191 384 203
398 191 390 202
411 191 402 201
417 191 409 200
424 191 416 199
430 191 422 199
437 191 428 197
444 191 435 196
450 191 442 195
457 191 449 195
463 191 455 194
470 191 461 193
476 191 467 192
483 191 476 191
489 191 482 190
496 191 488 190
502 191 496 188
509 191 503 187
516 191 509 186
522 191 516 186
529 191 523 184
535 191 535 183
542 191 542 182
548 191 549 181
555 191 557 180
568 191 564 180
574 191 571 179
287 198 284 219
293 198 290 219
313 198 307 219
319 198 314 219
326 198 319 218
332 198 326 217
339 198 332 217
345 198 338 215
352 198 345 214
359 198 351 214
365 198 358 214
372 198 365 212
378 198 372 211
385 198 378 210
391 198 386 208
398 198 392 208
411 198 403 207
417 198 409 206
424 198 416 206
430 198 423 205
437 198 429 204
444 198 437 202
450 198 443 201
457 198 449 200
463 198 456 200
470 198 462 199
476 198 469 198
483 198 476 197
489 198 482 197
496 198 490 195
502 198 497 194
509 198 504 193
516 198 511 193
522 198 518 192
529 198 529 191
535 198 536 190
542 198 543 190
548 198 549 189
555 198 557 187
561 198 564 186
568 198 570 186
574 198 577 181
287 204 285 226
300 204 293 227
306 204 300 227
313 204 307 226
319 204 314 225
326 204 320 224
332 204 326 224
339 204 332 223
345 204 339 222
352 204 346 220
359 204 353 220
365 204 360 220
372 204 368 217
378 204 375 216
385 204 381 215
391 204 388 214
398 204 393 214
404 204 401 213
424 204 416 212
430 204 422 211
437 204 429 211
444 204 435 210
450 204 442 208
457 204 450 208
463 204 456 207
470 204 462 206
483 204 476 205
489 204 482 204
496 204 489 203
502 204 497 202
509 204 505 201
516 204 512 200
522 204 523 199
529 204 530 199
535 204 537 198
542 204 545 197
548 204 550 197
555 204 557 196
561 204 564 194
568 204 572 191
574 204 578 188
287 211 285 234
293 211 292 232
306 211 301 233
313 211 308 232
319 211 314 231
326 211 321 231
332 211 326 230
339 211 332 229
345 211 340 228
352 211 347 227
359 211 354 226
365 211 361 225
372 211 369 224
378 211 375 224
385 211 382 222
391 211 389 221
398 211 396 220
411 211 404 220
444 211 435 218
457 211 456 215
476 211 469 213
483 211 478 213
489 211 484 211
496 211 490 211
502 211 497 210
509 211 504 209
516 211 512 208
522 211 520 207
529 211 527 206
535 211 537 205
542 211 546 204
555 211 558 203
561 211 565 201
568 211 572 199
287 217 285 242
293 217 291 240
306 217 301 239
313 217 308 239
319 217 315 238
332 217 327 237
339 217 333 236
345 217 340 235
352 217 348 234
359 217 355 233
365 217 362 232
372 217 370 231
378 217 377 231
385 217 383 230
391 217 391 229
398 217 397 228
411 217 404 227
424 217 430 225
444 217 446 222
450 217 451 223
457 217 457 222
470 217 465 220
476 217 470 220
483 217 479 219
489 217 485 219
496 217 491 218
502 217 499 216
509 217 506 214
516 217 513 212
522 217 520 213
561 217 566 208
568 217 572 206
287 224 286 248
293 224 292 247
319 224 322 244
332 224 329 244
339 224 335 243
345 224 343 242
352 224 349 241
359 224 356 239
372 224 370 238
378 224 378 238
385 224 385 237
391 224 391 236
398 224 398 234
404 224 403 234
417 224 412 234
430 224 417 233
444 224 446 231
450 224 452 230
457 224 458 228
470 224 466 227
476 224 472 227
483 224 480 225
489 224 487 225
496 224 494 223
509 224 507 220
535 224 535 217
542 224 546 212
574 224 577 211
287 231 287 254
293 231 293 254
313 231 316 252
326 231 322 251
332 231 329 250
339 231 337 250
345 231 344 249
352 231 350 247
372 231 372 245
378 231 378 245
385 231 384 244
391 231 390 243
398 231 397 241
404 231 404 241
417 231 411 240
444 231 446 237
450 231 453 240
457 231 459 240
470 231 467 234
476 231 474 233
489 231 488 231
502 231 501 224
535 231 540 219
542 231 547 218
548 231 553 218
555 231 548 223
561 231 567 217
293 237 294 261
300 237 301 259
306 237 309 259
313 237 317 257
319 237 325 256
332 237 337 255
345 237 344 255
359 237 358 246
365 237 364 245
385 237 385 249
417 237 412 246
430 237 426 245
437 237 438 245
444 237 445 244
470 237 466 241
496 237 495 231
502 237 502 230
509 237 513 229
516 237 522 228
293 244 296 266
300 244 302 265
306 244 310 265
313 244 318 264
319 244 326 263
352 244 351 254
359 244 358 255
365 244 364 254
372 244 371 254
378 244 377 252
391 244 391 250
398 244 398 249
404 244 405 249
417 244 414 252
424 244 421 250
430 244 431 249
437 244 438 250
444 244 446 250
463 244 461 247
470 244 467 246
476 244 476 246
483 244 486 240
489 244 493 239
496 244 499 239
306 250 311 270
319 250 326 268
345 250 346 262
352 250 353 262
359 250 359 262
378 250 377 261
385 250 384 258
391 250 392 257
398 250 399 256
404 250 405 256
417 250 415 259
424 250 421 259
437 250 437 256
450 250 453 250
483 250 483 248
326 257 333 272
339 257 338 270
345 257 348 269
352 257 353 269
385 257 385 265
391 257 391 263
398 257 399 264
404 257 405 263
430 257 434 264
444 257 444 261
450 257 449 258
457 257 455 257
463 257 462 257
476 257 475 256
483 257 477 258
489 257 484 257
496 257 495 256
391 263 393 271
398 263 399 270
404 263 406 269
444 263 443 269
450 263 450 266
457 263 456 265
483 263 478 267
489 263 485 266
496 263 490 266
502 263 498 266
509 263 507 265
398 270 400 277
411 270 412 274
430 270 436 277
444 270 444 276
450 270 451 275
457 270 457 274
483 270 479 273
489 270 486 273
496 270 493 273
502 270 498 273
509 270 506 272
516 270 512 271
404 276 408 282
444 276 444 285
483 276 483 279
496 276 494 280
502 276 500 279
509 276 506 278
516 276 513 278
