521 144 501 140
560 144 536 139
456 150 435 144
463 150 445 150
469 150 451 148
476 150 458 147
489 150 472 149
495 150 479 149
502 150 485 148
508 150 493 148
521 150 502 146
528 150 508 145
541 150 517 144
547 150 522 144
554 150 533 146
560 150 539 146
567 150 546 146
430 157 410 156
437 157 416 155
443 157 423 154
450 157 431 153
456 157 437 152
463 157 447 157
469 157 454 155
476 157 465 158
495 157 482 155
502 157 490 155
508 157 496 155
515 157 502 154
521 157 509 154
547 157 533 155
560 157 545 154
567 157 555 157
573 157 560 155
404 163 389 166
410 163 397 164
417 163 402 163
423 163 417 169
443 163 433 167
450 163 440 165
456 163 448 165
469 163 462 165
482 163 476 165
489 163 484 165
495 163 490 164
508 163 500 163
515 163 513 166
521 163 521 165
534 163 528 164
541 163 535 163
547 163 541 162
554 163 549 163
404 170 397 178
417 170 412 177
423 170 419 177
430 170 426 176
437 170 433 175
456 170 456 176
489 170 486 172
495 170 493 171
502 170 501 174
508 170 509 173
515 170 515 172
521 170 522 172
528 170 529 172
534 170 535 171
547 170 545 170
554 170 550 168
560 170 555 167
573 170 563 165
339 176 349 181
371 176 384 174
378 176 390 173
384 176 384 190
397 176 394 187
404 176 402 186
410 176 414 184
430 176 436 188
437 176 444 187
443 176 449 186
450 176 456 185
463 176 472 186
469 176 472 182
482 176 489 183
489 176 496 182
495 176 502 182
502 176 508 182
515 176 518 180
521 176 525 180
528 176 530 178
541 176 538 177
547 176 544 175
554 176 550 174
573 176 558 174
332 183 321 200
339 183 329 198
352 183 350 201
358 183 358 201
365 183 365 199
384 183 387 197
397 183 408 198
410 183 423 196
417 183 429 196
430 183 440 195
437 183 447 194
443 183 453 194
450 183 461 193
456 183 469 193
463 183 476 193
469 183 483 193
476 183 489 193
482 183 495 191
495 183 505 190
502 183 511 189
508 183 517 188
528 183 526 186
534 183 532 184
541 183 539 181
573 183 544 185
313 189 312 217
319 189 318 216
326 189 325 215
332 189 332 213
339 189 340 210
352 189 353 209
358 189 362 209
365 189 378 214
384 189 398 209
391 189 405 208
397 189 411 207
404 189 419 206
410 189 426 205
417 189 433 204
423 189 441 205
430 189 447 205
437 189 453 204
443 189 459 203
450 189 467 202
456 189 474 202
463 189 480 201
476 189 490 199
489 189 497 198
495 189 505 196
508 189 512 194
515 189 516 193
528 189 526 191
567 189 540 191
573 189 546 189
293 196 292 228
300 196 299 226
313 196 318 227
326 196 327 222
332 196 339 219
339 196 347 217
358 196 379 226
365 196 385 226
371 196 392 223
391 196 407 214
397 196 419 217
404 196 427 216
410 196 433 215
417 196 440 215
430 196 451 213
437 196 456 213
443 196 462 212
450 196 469 209
456 196 476 208
482 196 491 205
502 196 498 206
573 196 547 194
280 202 268 232
287 202 277 230
300 202 307 233
313 202 319 235
326 202 335 233
365 202 391 233
371 202 399 232
384 202 409 228
391 202 416 227
397 202 423 225
404 202 430 224
410 202 437 223
417 202 443 222
423 202 449 220
515 202 519 203
528 202 527 200
326 209 343 241
352 209 381 243
358 209 387 241
365 209 393 239
371 209 400 239
378 209 407 236
384 209 414 235
397 209 425 232
502 209 500 214
508 209 507 211
567 209 541 205
287 215 311 260
293 215 319 259
300 215 326 258
306 215 332 255
313 215 338 254
319 215 346 254
326 215 344 249
332 215 363 256
339 215 370 252
345 215 377 251
352 215 382 249
358 215 389 247
365 215 395 246
371 215 401 244
378 215 408 242
410 215 438 233
417 215 444 231
489 215 492 221
508 215 512 211
521 215 521 208
534 215 532 207
573 215 555 202
313 222 341 262
326 222 356 264
332 222 365 263
345 222 377 258
352 222 383 256
358 222 390 253
365 222 396 251
397 222 391 262
410 222 439 239
417 222 445 237
495 222 501 220
502 222 506 218
508 222 513 218
515 222 520 216
528 222 528 213
554 222 549 205
287 228 316 282
293 228 322 282
300 228 328 280
306 228 336 278
313 228 345 275
319 228 352 273
326 228 358 271
339 228 372 265
345 228 377 265
352 228 382 263
391 228 386 270
397 228 391 269
410 228 441 244
489 228 494 227
502 228 501 226
515 228 509 225
541 228 542 213
287 235 317 288
293 235 324 287
300 235 329 286
306 235 336 284
313 235 346 281
326 235 353 280
332 235 358 279
339 235 371 272
345 235 377 271
495 235 497 232
515 235 511 230
287 241 317 295
293 241 324 293
300 241 330 292
345 241 371 280
352 241 378 278
365 241 388 276
489 241 484 244
495 241 491 242
287 248 311 297
306 248 327 300
339 248 365 288
352 248 375 285
358 248 382 284
365 248 388 284
371 248 394 281
287 254 312 304
293 254 320 308
332 254 360 294
345 254 368 292
352 254 375 291
358 254 383 291
463 254 462 254
293 261 320 315
319 261 356 300
352 261 375 298
358 261 383 298
365 261 389 297
300 267 326 318
313 267 336 315
319 267 342 313
345 267 370 302
358 267 378 305
306 274 334 324
313 274 343 321
476 274 449 257
384 294 402 280
397 300 412 287
404 300 418 286
