426 111 424 84
438 117 431 92
432 123 430 97
414 129 410 100
420 129 418 99
450 129 452 113
444 135 445 121
450 135 451 121
444 141 443 128
408 147 408 105
444 147 438 139
518 160 512 128
408 166 402 141
481 166 471 155
408 172 401 148
475 172 465 162
512 172 507 142
401 178 393 154
408 178 401 154
475 178 472 147
408 184 401 161
414 184 409 161
420 184 417 161
444 184 431 161
487 184 487 149
414 190 409 167
487 190 485 155
463 196 464 167
481 196 478 169
463 202 462 175
475 202 471 176
438 209 437 181
365 215 367 175
371 215 373 175
371 221 374 181
395 227 399 188
414 227 416 194
359 233 367 202
401 233 402 196
340 239 337 215
359 239 359 209
408 239 408 202
426 239 428 203
432 239 437 209
352 245 350 216
359 245 358 215
365 245 366 215
432 245 429 217
463 245 465 213
352 251 351 222
359 251 357 221
389 251 394 216
456 251 456 218
463 251 464 219
340 257 331 242
352 257 351 227
359 257 357 228
395 257 401 215
456 257 458 225
346 264 337 243
352 276 343 263
334 282 324 264
340 282 331 265
346 282 336 270
352 282 342 269
359 282 357 257
334 288 324 271
340 288 331 271
352 288 351 264
359 288 357 264
426 288 420 271
432 288 428 266
328 294 322 276
340 294 332 278
346 294 337 279
359 294 357 271
432 294 429 273
328 300 324 282
334 300 329 283
346 300 338 285
352 300 344 285
359 300 350 286
334 306 329 289
340 306 334 289
352 306 345 291
359 306 351 292
346 313 343 297
352 313 349 297
359 313 357 298
365 313 362 298
371 313 369 298
377 313 386 301
383 313 393 300
401 313 407 300
322 319 315 307
359 319 357 304
365 319 362 304
371 319 370 305
377 319 384 308
383 319 393 308
401 319 405 307
359 325 356 311
365 325 362 311
389 325 392 314
401 325 404 313
414 325 414 314
291 331 278 333
297 331 285 333
303 331 292 333
340 331 338 319
346 331 345 319
359 331 356 320
346 337 336 341
291 343 277 351
352 343 342 348
297 349 286 359
352 349 342 355
316 355 301 367
322 355 309 366
352 355 343 362
334 362 323 374
340 362 329 373
