479 107 494 225
434 114 466 184
440 114 469 189
479 114 489 229
440 120 463 193
428 126 454 190
395 133 424 165
389 139 415 162
395 139 417 167
395 146 412 171
402 146 415 177
408 146 418 184
421 146 422 192
434 146 428 203
440 146 430 210
395 152 402 170
402 152 408 180
408 152 411 188
421 152 416 195
428 152 418 201
434 152 420 206
440 152 424 212
453 152 427 220
389 159 392 166
395 159 396 173
402 159 400 181
415 159 405 192
421 159 408 198
428 159 411 204
434 159 414 209
453 159 421 223
466 159 425 244
395 165 390 176
402 165 394 184
415 165 399 194
421 165 402 201
428 165 405 206
466 165 418 247
415 171 392 199
421 171 396 204
428 171 399 210
434 171 402 215
447 171 406 224
453 171 410 229
466 171 411 250
415 178 386 201
421 178 390 206
428 178 393 213
440 178 398 221
447 178 400 227
395 184 378 188
408 184 377 199
440 184 392 224
402 191 369 196
408 191 371 201
415 191 380 205
395 197 364 191
415 197 373 208
421 197 375 214
408 204 362 204
415 204 366 211
421 204 369 216
434 204 376 224
395 210 354 198
402 210 355 203
408 210 356 208
415 210 359 214
428 210 365 222
434 210 369 227
440 210 371 234
453 210 387 249
370 217 336 180
402 217 349 206
408 217 351 211
415 217 354 217
421 217 358 225
447 217 370 242
453 217 382 252
370 223 330 183
395 223 339 204
402 223 342 209
408 223 345 215
415 223 348 220
421 223 352 228
434 223 357 233
440 223 359 239
447 223 363 246
363 229 320 180
370 229 324 185
389 229 332 201
395 229 333 205
402 229 335 211
408 229 338 217
415 229 341 224
421 229 346 230
440 229 354 243
370 236 318 188
376 236 320 195
383 236 323 200
402 236 331 215
408 236 333 221
415 236 336 226
460 236 351 252
402 242 324 217
447 242 341 249
460 242 345 255
415 249 324 228
421 249 327 234
434 249 332 246
447 249 336 252
473 249 346 273
466 255 335 267
421 268 311 240
383 300 278 220
376 307 268 216
383 307 271 222
376 313 263 218
383 313 265 224
350 320 244 205
350 332 233 212
344 339 231 206
389 339 245 245
447 345 260 290
440 352 253 288
