464 91 449 67
482 96 465 67
425 102 406 87
470 102 459 77
476 102 465 76
487 102 474 72
476 108 469 82
482 108 477 82
476 113 462 84
482 113 477 87
487 113 484 86
476 119 465 90
504 119 498 87
436 125 419 111
442 125 426 107
436 130 422 115
453 136 435 119
464 136 450 116
510 136 511 106
368 142 364 139
374 142 370 138
425 142 400 137
459 142 444 123
459 148 447 130
470 148 459 122
453 153 442 140
464 153 453 131
351 159 344 173
447 159 430 143
459 159 448 139
464 159 454 137
470 159 461 135
510 159 509 121
516 159 514 118
419 165 405 157
425 165 412 156
459 165 451 146
464 165 457 143
391 170 384 163
453 170 445 153
391 176 386 170
340 182 343 194
351 187 353 207
447 187 441 168
464 187 456 165
402 193 395 174
408 193 399 174
436 193 430 178
442 193 437 176
447 193 445 174
453 193 451 173
470 193 464 168
300 199 314 213
322 199 338 206
328 199 344 204
459 199 458 177
464 199 468 175
476 199 474 174
482 199 481 171
487 199 487 166
527 199 525 153
294 204 312 220
300 204 318 218
317 204 333 213
322 204 339 211
328 204 347 209
379 204 380 192
453 204 453 184
459 204 462 183
464 204 469 180
493 204 494 169
288 210 308 227
294 210 315 226
300 210 320 224
317 210 334 219
322 210 341 217
328 210 348 214
391 210 391 189
408 210 404 185
453 210 455 191
470 210 476 182
493 210 495 175
499 210 502 173
504 210 508 172
283 216 305 235
288 216 311 233
294 216 318 231
300 216 323 230
305 216 330 229
311 216 336 226
385 216 387 196
391 216 392 195
408 216 424 204
283 221 305 241
294 221 320 237
300 221 325 235
305 221 331 234
294 227 322 242
305 227 333 239
311 227 340 238
322 227 346 230
396 227 409 223
300 233 327 244
357 233 359 227
396 233 410 227
402 233 416 225
300 238 328 250
305 238 335 248
311 238 341 247
322 238 357 247
391 238 397 246
402 238 407 242
419 238 427 239
425 238 432 236
447 238 456 222
453 238 463 219
305 244 337 255
402 244 409 248
419 244 429 244
425 244 434 242
453 244 466 226
322 250 350 251
413 250 423 253
447 250 462 233
305 255 333 263
311 255 339 261
340 255 375 257
374 255 402 250
391 255 403 258
317 261 349 265
322 261 362 268
328 261 368 267
340 261 377 262
357 261 388 256
385 261 415 247
391 261 405 265
396 261 413 261
413 261 425 258
322 267 364 274
328 267 370 272
391 267 409 272
396 267 414 269
402 267 420 266
408 267 428 266
340 272 379 273
345 272 385 272
391 272 419 261
408 272 430 271
334 278 375 282
340 278 382 279
351 278 392 277
357 278 398 275
334 284 377 288
340 284 384 286
345 284 390 283
351 284 395 282
357 284 400 280
351 290 397 288
357 290 403 287
351 295 400 294
368 295 410 285
362 301 406 293
368 301 412 290
362 307 409 298
368 307 413 297
362 312 409 306
368 312 415 303
362 318 410 314
368 318 417 311
379 318 425 307
