555 156 355 116
565 156 356 112
591 171 359 106
591 176 375 100
596 176 377 95
611 176 394 75
591 181 381 101
596 181 383 96
601 181 385 90
611 181 397 76
591 186 386 101
606 186 392 85
601 196 396 93
459 252 419 236
505 252 412 194
520 252 419 184
454 257 424 238
484 257 411 216
484 262 417 218
489 262 418 213
494 262 419 207
530 262 464 166
540 262 444 133
484 267 422 218
540 267 449 135
530 277 475 169
560 277 479 130
525 282 480 176
530 282 480 171
530 287 485 172
505 303 492 168
510 303 492 163
