525 145 494 108
389 150 365 5
447 150 409 49
486 150 427 70
544 150 514 126
379 155 355 4
379 165 351 10
389 165 359 15
408 165 379 32
418 165 382 28
437 165 367 57
549 165 495 127
360 175 344 7
413 175 373 30
544 175 483 130
549 175 490 134
559 175 496 138
408 179 361 27
418 179 366 37
423 189 346 74
428 199 352 87
433 199 359 92
437 199 364 95
491 199 451 133
437 209 377 94
442 209 384 98
447 209 392 103
442 213 380 104
447 213 388 109
452 213 395 113
540 213 475 164
447 218 382 117
442 223 365 114
535 223 466 161
578 223 512 204
428 228 336 110
452 228 378 124
437 233 340 103
525 233 450 170
530 233 455 175
544 233 470 174
549 238 471 190
549 243 467 197
515 248 430 172
535 248 452 190
486 257 368 157
535 257 458 215
554 257 469 230
437 262 320 142
457 262 339 161
491 262 372 170
447 267 323 152
457 267 331 156
481 267 353 168
486 267 360 172
496 267 368 177
544 267 456 234
549 267 453 243
452 272 322 158
476 272 343 170
486 272 351 175
491 272 358 179
496 272 364 183
452 277 318 166
467 277 328 164
476 277 339 177
486 277 347 184
491 277 353 188
496 277 359 191
452 282 312 173
457 282 319 181
467 282 324 173
472 282 329 176
486 282 344 189
491 282 348 194
501 282 356 201
506 282 363 204
442 286 298 175
452 286 307 181
476 286 330 193
486 286 339 196
491 286 345 200
501 286 353 208
506 286 359 212
525 286 381 241
535 286 393 258
418 291 269 181
428 291 280 178
452 291 304 188
467 291 315 188
472 291 320 196
476 291 326 199
486 291 335 204
491 291 340 209
501 291 349 214
506 291 355 219
520 291 370 246
525 291 376 250
530 291 382 260
428 296 278 186
447 296 295 187
452 296 300 195
472 296 315 205
476 296 322 207
486 296 331 212
491 296 337 219
525 296 372 265
530 296 378 269
428 301 274 192
442 301 285 191
447 301 291 194
452 301 296 203
476 301 317 216
486 301 327 220
491 301 332 224
496 301 339 232
501 301 345 239
506 301 351 244
510 301 356 258
515 301 362 261
525 301 368 273
530 301 376 277
418 306 260 196
437 306 279 197
447 306 287 202
462 306 301 210
486 306 323 230
491 306 328 235
496 306 334 242
501 306 339 247
506 306 347 252
515 306 357 268
525 306 364 280
530 306 370 285
433 311 268 202
437 311 274 206
447 311 281 209
452 311 288 213
462 311 297 217
481 311 313 233
486 311 318 238
491 311 324 243
496 311 329 249
501 311 335 255
510 311 344 262
515 311 349 272
520 311 355 280
525 311 360 286
530 311 366 293
433 316 264 209
437 316 269 213
447 316 278 216
452 316 285 220
462 316 294 225
481 316 308 241
486 316 314 246
491 316 319 251
501 316 331 263
515 316 345 281
520 316 350 287
525 316 355 294
530 316 363 300
433 320 260 216
442 320 268 220
447 320 274 224
457 320 283 229
462 320 290 232
476 320 296 244
481 320 304 248
486 320 310 254
491 320 314 258
496 320 319 265
501 320 326 269
506 320 333 276
515 320 339 288
520 320 345 295
525 320 351 301
442 325 263 227
452 325 272 233
457 325 277 235
476 325 294 250
481 325 300 255
486 325 306 260
491 325 309 265
501 325 318 275
506 325 325 281
515 325 335 294
442 330 258 234
452 330 269 240
457 330 272 243
467 330 282 250
476 330 289 259
481 330 296 262
486 330 300 268
491 330 305 273
501 330 314 282
506 330 321 287
510 330 327 291
452 335 261 246
462 335 271 254
467 335 277 257
476 335 283 265
481 335 290 270
486 335 295 275
491 335 301 280
496 335 303 286
501 335 310 290
506 335 316 294
476 340 277 274
481 340 283 280
486 340 290 284
