462 141 463 140
467 141 468 141
476 141 478 141
520 141 518 141
447 145 449 145
467 145 459 147
515 145 513 146
525 145 522 145
389 150 386 155
467 150 459 151
540 150 539 151
544 150 543 151
379 155 376 160
384 155 383 160
389 155 388 160
394 155 392 159
433 155 429 160
437 155 438 155
472 155 468 156
476 155 472 156
481 155 483 155
496 155 493 154
544 155 543 155
374 160 372 166
389 160 387 165
433 160 433 161
437 160 438 160
472 160 468 161
491 160 489 159
506 160 498 161
379 165 377 170
384 165 382 170
389 165 387 170
413 165 411 169
433 165 433 165
442 165 440 167
530 165 532 164
535 165 537 164
365 170 361 175
369 170 369 175
374 170 374 175
379 170 378 175
389 170 388 175
394 170 393 175
423 170 423 172
433 170 433 172
442 170 440 171
481 170 474 180
491 170 489 166
554 170 548 166
559 170 556 169
403 175 404 180
423 175 423 178
428 175 428 177
442 175 440 176
554 175 548 171
559 175 558 174
564 175 562 174
428 179 428 182
481 179 479 179
486 179 484 178
520 179 524 179
559 179 559 178
564 179 563 178
569 179 567 178
574 179 572 179
437 184 435 185
442 184 440 185
462 184 465 184
467 184 470 184
476 184 475 184
481 184 480 184
501 184 497 181
540 184 532 180
559 184 559 183
564 184 563 184
574 184 571 183
578 184 577 184
501 189 497 186
506 189 502 190
535 189 527 184
540 189 532 184
564 189 563 189
569 189 568 189
574 189 572 189
578 189 577 189
428 194 429 190
433 194 434 190
540 194 538 193
559 194 558 193
564 194 563 193
569 194 569 195
574 194 574 194
578 194 578 195
437 199 439 196
442 199 444 196
447 199 449 197
535 199 534 199
540 199 539 198
559 199 559 198
564 199 564 198
574 199 573 199
578 199 578 200
433 204 434 201
437 204 439 201
462 204 460 204
476 204 473 204
496 204 492 200
501 204 498 199
506 204 503 199
535 204 534 205
540 204 539 204
544 204 544 204
564 204 564 203
365 209 362 212
433 209 434 206
437 209 439 207
457 209 454 208
462 209 458 209
491 209 487 206
496 209 492 205
501 209 497 204
520 209 524 209
535 209 533 210
569 209 568 205
574 209 573 205
578 209 578 205
369 213 366 217
374 213 371 217
437 213 439 212
452 213 450 211
491 213 488 210
520 213 525 214
530 213 529 215
535 213 533 215
549 213 548 210
564 213 563 213
569 213 568 211
574 213 574 210
578 213 578 210
369 218 366 222
374 218 371 222
379 218 376 223
384 218 382 222
457 218 454 216
501 218 500 215
515 218 520 219
520 218 524 219
530 218 530 220
535 218 534 220
540 218 539 219
544 218 544 218
564 218 563 218
578 218 578 218
369 223 366 227
379 223 376 227
384 223 381 227
442 223 446 225
481 223 483 225
491 223 489 221
501 223 500 221
520 223 520 229
525 223 525 225
530 223 530 225
535 223 534 224
540 223 539 224
544 223 543 224
578 223 578 223
384 228 380 232
389 228 386 231
428 228 429 229
442 228 447 230
496 228 495 229
525 228 524 233
530 228 530 228
574 228 573 228
379 233 376 237
384 233 381 237
389 233 386 237
394 233 391 236
399 233 396 235
510 233 508 233
515 233 514 234
530 233 529 234
549 233 547 234
564 233 563 234
379 238 376 242
384 238 382 242
389 238 386 241
403 238 401 241
442 238 446 239
452 238 454 238
530 238 529 238
554 238 553 238
559 238 557 238
564 238 563 238
394 243 391 246
437 243 440 245
442 243 446 245
457 243 460 243
472 243 470 240
544 243 543 243
549 243 548 243
554 243 553 243
559 243 559 242
564 243 563 242
389 248 387 251
394 248 391 250
433 248 435 250
437 248 444 250
442 248 449 250
447 248 453 250
452 248 458 250
457 248 464 250
462 248 469 250
467 248 475 250
486 248 484 246
515 248 514 247
554 248 548 250
559 248 558 247
389 252 387 255
433 252 435 254
437 252 445 255
442 252 449 255
447 252 454 254
452 252 458 254
457 252 464 255
462 252 469 255
467 252 476 254
472 252 480 255
481 252 490 254
496 252 494 251
520 252 524 252
544 252 544 252
554 252 550 254
433 257 436 260
437 257 445 260
442 257 450 260
452 257 459 259
457 257 464 259
462 257 470 260
467 257 475 259
472 257 480 259
476 257 484 259
481 257 489 258
501 257 505 258
515 257 520 257
535 257 535 257
544 257 544 257
423 262 426 264
428 262 430 264
433 262 436 265
437 262 444 265
447 262 450 263
452 262 455 263
462 262 470 264
467 262 474 264
472 262 479 264
476 262 485 264
481 262 489 264
486 262 493 263
501 262 505 262
506 262 511 262
525 262 530 260
544 262 543 262
428 267 431 269
433 267 437 270
437 267 442 270
442 267 447 269
447 267 451 268
452 267 455 268
476 267 485 268
486 267 494 269
515 267 518 265
520 267 524 265
525 267 529 265
535 267 538 265
549 267 550 264
408 272 410 269
413 272 415 270
418 272 422 273
423 272 426 273
428 272 431 274
433 272 437 275
437 272 442 275
442 272 447 274
447 272 453 274
452 272 460 274
462 272 470 274
476 272 475 270
496 272 499 270
501 272 504 270
510 272 511 270
515 272 518 269
520 272 522 269
530 272 532 268
535 272 537 268
544 272 545 268
408 277 410 274
413 277 416 279
418 277 421 278
423 277 426 279
428 277 431 279
433 277 437 280
437 277 442 279
442 277 447 279
447 277 451 278
452 277 454 278
476 277 475 274
481 277 479 274
491 277 489 273
496 277 499 275
506 277 506 274
515 277 518 274
525 277 525 272
530 277 530 273
535 277 535 274
540 277 539 274
544 277 544 273
403 282 405 285
408 282 410 285
413 282 416 284
418 282 421 283
423 282 427 284
428 282 432 284
433 282 437 284
437 282 442 284
442 282 446 283
447 282 454 284
462 282 464 281
476 282 475 279
481 282 479 279
486 282 490 280
491 282 495 280
496 282 500 279
501 282 503 279
506 282 508 279
510 282 515 280
515 282 519 279
525 282 524 278
530 282 528 278
535 282 534 279
540 282 538 279
403 286 405 289
408 286 410 290
413 286 416 289
418 286 421 289
423 286 426 289
428 286 432 289
433 286 437 288
437 286 442 288
442 286 447 288
447 286 451 287
462 286 465 286
467 286 469 285
476 286 476 284
481 286 485 285
486 286 490 285
491 286 494 285
496 286 499 284
501 286 504 284
506 286 510 284
510 286 515 284
515 286 519 284
525 286 524 284
530 286 529 283
535 286 533 284
403 291 405 294
408 291 411 294
413 291 416 293
418 291 420 294
423 291 425 294
428 291 432 294
433 291 437 293
437 291 442 293
442 291 447 292
457 291 459 290
462 291 464 290
467 291 470 291
472 291 476 291
476 291 480 290
481 291 485 290
486 291 489 290
491 291 494 290
496 291 499 290
501 291 505 290
506 291 510 289
515 291 515 288
520 291 520 288
525 291 524 288
530 291 529 289
535 291 533 289
408 296 410 299
413 296 416 299
418 296 421 298
423 296 425 299
428 296 431 298
433 296 436 298
437 296 442 297
442 296 447 297
447 296 451 297
452 296 456 297
457 296 460 296
462 296 464 296
467 296 469 295
472 296 475 295
476 296 480 295
481 296 485 294
486 296 489 295
491 296 495 294
496 296 501 295
520 296 520 292
525 296 525 293
530 296 529 295
408 301 411 304
413 301 416 303
418 301 421 303
423 301 426 303
428 301 431 304
433 301 437 302
437 301 442 302
442 301 447 302
447 301 451 302
452 301 456 302
462 301 465 300
467 301 471 299
472 301 475 299
476 301 480 298
481 301 484 298
486 301 489 298
491 301 494 299
510 301 509 297
515 301 519 298
525 301 525 297
530 301 528 303
535 301 533 300
423 306 426 308
428 306 432 308
433 306 437 307
437 306 442 307
442 306 446 307
447 306 451 307
452 306 456 307
457 306 461 306
462 306 466 305
467 306 471 304
472 306 475 304
476 306 480 304
481 306 485 304
486 306 490 304
491 306 495 304
510 306 510 302
515 306 519 303
520 306 524 302
428 311 432 313
433 311 437 313
437 311 441 312
442 311 446 312
447 311 451 312
452 311 456 312
457 311 461 311
462 311 466 310
467 311 471 310
472 311 476 309
476 311 481 309
481 311 485 309
486 311 491 309
491 311 496 309
496 311 501 309
501 311 505 308
506 311 509 308
510 311 514 309
515 311 518 308
520 311 523 307
418 316 421 318
423 316 426 318
428 316 431 318
433 316 437 317
437 316 442 317
442 316 446 317
457 316 461 316
462 316 466 315
467 316 472 315
472 316 476 315
476 316 481 314
481 316 486 314
486 316 490 314
491 316 495 314
496 316 500 314
501 316 505 313
506 316 508 313
510 316 513 314
515 316 518 313
525 316 526 312
530 316 529 313
442 320 447 322
452 320 456 320
457 320 462 320
462 320 467 320
467 320 471 320
472 320 476 320
476 320 481 319
481 320 485 319
486 320 490 319
491 320 495 319
496 320 499 319
501 320 504 317
506 320 509 317
510 320 513 317
520 320 521 317
525 320 525 317
433 325 436 326
437 325 441 325
447 325 451 325
452 325 456 325
457 325 460 325
462 325 466 325
467 325 471 325
472 325 476 325
476 325 481 324
481 325 486 324
486 325 490 324
491 325 494 324
496 325 498 324
501 325 504 323
506 325 509 323
510 325 513 323
520 325 521 322
442 330 447 331
447 330 451 330
452 330 456 330
457 330 460 330
462 330 466 330
467 330 471 329
472 330 476 329
476 330 481 329
481 330 485 329
486 330 490 329
491 330 494 329
496 330 499 328
501 330 504 328
510 330 511 327
515 330 515 328
452 335 456 335
457 335 462 335
462 335 466 335
467 335 472 335
472 335 476 334
476 335 481 334
481 335 485 334
486 335 490 334
491 335 494 333
496 335 499 333
506 335 506 332
472 340 471 339
476 340 481 340
486 340 491 338
