419 69 419 71
424 69 424 71
430 69 429 71
436 69 435 70
463 69 465 70
469 69 469 69
474 69 475 69
480 69 480 69
485 69 485 68
413 74 416 75
419 74 420 76
424 74 425 76
430 74 430 76
436 74 436 76
463 74 457 75
469 74 469 75
474 74 474 75
480 74 479 74
485 74 485 74
391 80 387 85
397 80 392 85
402 80 397 85
408 80 403 85
413 80 415 82
419 80 419 82
424 80 426 81
436 80 441 81
441 80 447 81
469 80 470 81
474 80 474 81
480 80 479 80
485 80 485 80
391 85 386 92
441 85 446 85
474 85 469 86
480 85 474 85
485 85 479 84
496 85 491 81
502 85 499 80
391 91 386 97
397 91 390 98
430 91 414 99
436 91 419 98
491 91 485 87
496 91 491 86
502 91 500 86
508 91 506 86
391 96 387 103
436 96 419 103
441 96 424 102
458 96 462 92
469 96 469 97
496 96 490 90
502 96 501 93
375 102 371 108
386 102 381 109
391 102 386 107
436 102 418 107
480 102 479 91
502 102 501 98
508 102 506 97
380 107 377 113
386 107 385 112
480 107 478 97
485 107 491 102
502 107 502 102
380 113 378 119
419 113 414 120
458 113 458 101
463 113 465 108
469 113 468 109
474 113 473 103
480 113 479 103
386 118 383 119
391 118 390 119
397 118 397 118
436 118 429 117
463 118 465 113
469 118 468 113
513 118 512 109
391 124 391 124
397 124 398 123
436 124 429 122
458 124 457 119
463 124 463 119
469 124 468 119
513 124 512 115
380 130 378 136
391 130 392 131
397 130 397 130
452 130 448 125
458 130 457 126
463 130 463 125
469 130 468 125
474 130 473 125
485 130 480 124
380 135 379 141
391 135 391 136
397 135 397 135
402 135 402 130
408 135 407 130
413 135 414 130
419 135 419 129
447 135 445 130
452 135 451 131
458 135 458 130
463 135 463 131
469 135 468 131
474 135 474 130
380 141 379 147
391 141 392 140
397 141 397 140
408 141 407 135
413 141 414 136
419 141 419 135
430 141 426 134
441 141 440 137
447 141 445 136
452 141 452 136
458 141 459 135
469 141 469 135
474 141 473 135
402 146 403 141
408 146 409 141
413 146 415 142
419 146 431 140
436 146 435 141
441 146 441 141
452 146 452 141
463 146 457 141
469 146 468 140
474 146 473 140
496 146 497 153
391 152 391 152
419 152 413 147
430 152 426 146
469 152 463 145
491 152 490 158
496 152 497 158
502 152 503 158
397 157 392 157
452 157 453 161
491 157 490 163
496 157 496 163
386 163 386 175
391 163 391 167
402 163 398 163
413 163 409 162
447 163 447 167
452 163 453 168
458 163 457 168
463 163 464 163
485 163 485 168
491 163 489 168
380 168 381 180
386 168 386 180
391 168 391 173
397 168 396 172
413 168 413 169
447 168 448 175
452 168 453 174
458 168 459 173
463 168 463 173
469 168 468 173
380 174 382 185
386 174 386 185
391 174 391 178
397 174 397 178
402 174 403 178
408 174 408 178
413 174 414 178
436 174 435 178
441 174 441 179
447 174 449 180
452 174 453 179
458 174 458 179
463 174 464 179
469 174 471 178
386 179 387 190
397 179 398 184
402 179 403 185
408 179 409 185
419 179 414 184
424 179 420 184
452 179 453 185
458 179 458 185
463 179 464 184
469 179 473 184
480 179 480 178
485 179 485 179
386 185 387 196
391 185 391 188
397 185 398 189
402 185 404 189
413 185 409 189
419 185 414 189
424 185 420 188
452 185 452 192
458 185 459 191
463 185 464 190
469 185 473 190
480 185 480 184
485 185 485 183
391 190 391 194
397 190 398 195
408 190 403 195
413 190 409 195
419 190 414 194
424 190 419 194
452 190 452 196
463 190 464 197
469 190 473 196
480 190 480 190
485 190 484 190
397 196 397 201
408 196 403 202
413 196 409 201
419 196 415 200
424 196 420 199
441 196 443 200
447 196 448 200
480 196 480 196
485 196 486 195
397 202 396 207
408 202 403 207
413 202 413 206
419 202 418 206
458 202 457 200
480 202 480 202
485 202 486 200
397 207 396 212
408 207 408 213
413 207 412 211
419 207 418 211
424 207 425 212
430 207 430 212
463 207 469 200
491 207 491 203
496 207 496 202
391 213 392 217
397 213 398 221
402 213 404 222
408 213 408 219
413 213 413 217
419 213 419 216
430 213 430 217
441 213 443 216
480 213 480 217
402 218 404 227
441 218 446 230
447 218 451 229
480 218 479 223
485 218 484 222
496 218 495 222
502 218 502 222
397 224 398 233
408 224 409 232
413 224 414 234
436 224 441 239
447 224 450 235
469 224 469 234
480 224 475 228
485 224 484 229
491 224 491 227
496 224 501 229
502 224 506 230
408 229 409 240
413 229 414 240
424 229 430 241
441 229 447 244
452 229 453 240
458 229 457 240
463 229 464 240
469 229 469 240
496 229 502 235
413 235 414 245
424 235 430 246
458 235 462 245
469 235 469 246
474 235 474 246
391 240 396 251
413 240 414 251
419 240 425 252
424 240 430 251
469 240 469 252
491 240 496 245
496 240 501 250
508 240 512 249
391 246 396 257
402 246 403 257
408 246 408 260
419 246 425 258
424 246 431 257
430 246 435 257
447 246 453 257
452 246 459 257
463 246 463 257
469 246 468 257
474 246 474 256
480 246 479 255
485 246 485 256
496 246 502 255
386 251 390 261
397 251 400 262
419 251 425 263
424 251 431 263
430 251 435 262
386 257 390 268
391 257 396 268
424 257 429 268
452 257 458 267
458 257 462 267
469 257 470 267
485 257 486 266
491 257 495 266
502 257 508 263
386 263 391 273
391 263 396 273
402 263 407 274
419 263 424 273
424 263 429 273
430 263 435 273
452 263 458 272
469 263 470 273
474 263 476 272
480 263 481 272
485 263 486 272
491 263 495 272
519 263 524 267
524 263 529 267
391 268 397 278
397 268 402 278
402 268 407 278
424 268 426 278
430 268 435 278
452 268 458 278
458 268 463 278
469 268 470 278
474 268 476 278
524 268 528 273
530 268 535 273
535 268 540 272
391 274 396 283
397 274 402 284
402 274 407 285
408 274 413 285
419 274 421 283
424 274 426 284
430 274 434 284
436 274 440 283
530 274 535 279
391 279 397 289
397 279 401 289
413 279 415 289
424 279 430 290
535 279 540 283
541 279 545 283
463 285 469 288
386 290 399 298
535 290 540 290
380 296 387 299
386 296 397 304
458 296 462 298
524 296 528 295
530 301 534 300
413 307 419 305
424 307 427 304
430 307 431 304
413 312 418 310
469 312 468 311
474 312 474 310
480 312 479 310
