0.6921605467796326 0.7177953124046326 -0.0753888264298439 0.006878566928207874 
-0.7210734486579895 0.683235764503479 -0.1150727048516273 0.08125829696655273 
-0.03109035827219486 0.1340096741914749 0.9904922246932983 -0.2992284297943115 
0 0 0 1 

0.5029785633087158 0.8630645871162415 -0.0461750440299511 0.005884325131773949 
-0.8638665080070496 0.5003193020820618 -0.05843988806009293 0.06401035934686661 
-0.02733512595295906 0.06928309053182602 0.9972224831581116 -0.3104596436023712 
0 0 0 1 

0.4073069095611572 0.9111859202384949 -0.06197646260261536 0.01556206122040749 
-0.9131763577461243 0.4073931872844696 -0.01181228924542665 0.04672418534755707 
0.01448558922857046 0.06140667572617531 0.9980077147483826 -0.3145714104175568 
0 0 0 1 

0.2930702269077301 0.9533509612083435 -0.07233031839132309 0.02398404479026794 
-0.9549043774604797 0.2956355214118958 0.0275176577270031 0.03292788937687874 
0.04761739447712898 0.06100393831729889 0.997001051902771 -0.3169297873973846 
0 0 0 1 

0.1795624643564224 0.9798206090927124 -0.0877988189458847 0.03402057290077209 
-0.9811979532241821 0.1848026812076569 0.05566320940852165 0.0228914450854063 
0.070765420794487 0.07615301012992859 0.9945818185806274 -0.3175994157791138 
0 0 0 1 

0.1025452837347984 0.9906857013702393 -0.08958987891674042 0.03789849206805229 
-0.9901727437973022 0.1102704927325249 0.08601325750350952 0.01133212074637413 
0.09509123116731644 0.0798892080783844 0.9922577142715454 -0.3171831965446472 
0 0 0 1 

0.01726429909467697 0.9956524968147278 -0.09153322875499725 0.04344544187188148 
-0.9974247813224792 0.02352391369640827 0.06775397807359695 0.01915396191179752 
0.06961262971162796 0.09012777358293533 0.9934943914413452 -0.311208039522171 
0 0 0 1 

-0.08815371990203857 0.903749942779541 -0.4188855290412903 0.1572082340717316 
-0.9905093908309937 -0.03501231595873833 0.1329114586114883 -0.001676315092481673 
0.1054526045918465 0.4266266524791718 0.8982591032981873 -0.2751565873622894 
0 0 0 1 

-0.1596121937036514 0.8815663456916809 -0.4442571997642517 0.1670253127813339 
-0.9769353270530701 -0.07639206945896149 0.1994027495384216 -0.02507907524704933 
0.1418490260839462 0.4658377170562744 0.873426616191864 -0.26845782995224 
0 0 0 1 

-0.2104001641273499 0.8803487420082092 -0.425108939409256 0.1626941412687302 
-0.968654453754425 -0.12898950278759 0.2122970074415207 -0.03077376820147038 
0.1320607960224152 0.4564510583877563 0.8798933625221252 -0.2696715593338013 
0 0 0 1 

