521 143 483 168
503 156 456 174
515 174 483 191
521 174 486 194
539 174 490 202
552 174 498 206
442 180 401 169
454 180 412 173
521 180 485 201
552 180 496 213
558 180 501 216
442 186 399 174
448 186 406 176
485 186 435 195
545 186 492 216
558 186 500 223
564 186 504 224
454 192 408 185
466 192 418 189
479 192 427 195
539 192 483 220
545 192 488 222
564 192 502 230
436 198 381 184
460 198 409 192
466 198 415 195
472 198 421 198
479 198 427 201
485 198 431 204
539 198 481 227
552 198 488 231
564 198 499 235
436 204 379 190
454 204 397 197
460 204 405 199
466 204 411 201
472 204 420 203
479 204 425 206
491 204 436 210
400 210 345 184
436 210 376 196
479 210 423 211
485 210 428 214
503 210 449 217
418 216 354 196
479 216 420 219
485 216 426 219
491 216 431 222
497 216 438 224
479 222 418 224
491 222 429 228
497 222 435 230
503 222 441 234
406 229 352 202
485 229 423 231
497 229 432 237
515 229 446 245
387 235 326 200
393 235 333 202
400 235 337 205
406 235 351 208
485 235 421 237
491 235 426 239
515 235 443 249
345 241 283 192
387 241 325 205
393 241 330 207
418 241 354 219
485 241 417 242
491 241 423 246
357 247 293 204
369 247 308 207
393 247 328 213
412 247 346 223
418 247 351 224
424 247 358 226
491 247 421 251
497 247 428 253
339 253 269 206
351 253 283 211
363 253 295 216
393 253 325 220
418 253 349 231
424 253 357 232
485 253 413 257
491 253 420 258
497 253 426 260
375 259 307 222
393 259 324 227
400 259 333 230
406 259 339 234
418 259 348 237
466 259 391 259
375 265 306 228
387 265 317 232
400 265 330 237
406 265 335 240
412 265 343 242
424 265 351 245
430 265 357 246
308 271 234 211
381 271 310 235
406 271 330 246
412 271 337 248
418 271 341 250
448 271 373 263
302 277 225 212
308 277 230 215
381 277 302 243
412 277 334 254
436 277 359 264
466 277 386 271
314 283 234 225
333 283 254 231
339 283 261 233
381 283 299 249
412 283 331 260
436 283 357 270
442 283 361 271
314 289 232 232
381 289 296 255
418 289 337 267
424 289 343 269
430 289 349 272
436 289 355 274
381 295 291 267
400 295 313 267
418 295 333 273
424 295 340 275
430 295 345 277
333 301 247 251
400 301 312 273
418 301 330 280
327 308 238 255
339 308 249 260
327 314 236 260
333 320 239 269
339 320 245 273
351 320 258 277
333 326 238 276
339 326 244 280
345 326 251 283
351 326 257 284
363 326 279 277
339 332 242 286
345 332 249 287
351 332 255 289
339 338 241 290
