441 127 417 108
478 127 456 95
483 127 461 94
404 132 370 136
415 132 380 132
420 132 387 129
425 132 393 126
441 132 421 115
446 132 427 113
452 132 435 110
457 132 440 108
462 132 445 106
467 132 451 103
478 132 460 100
483 132 465 98
488 132 470 96
404 137 371 143
410 137 377 141
415 137 383 139
431 137 403 131
441 137 423 122
446 137 429 119
452 137 436 118
457 137 441 116
357 142 340 155
378 142 360 149
410 142 380 146
420 142 392 142
452 142 437 124
478 142 463 109
483 142 469 106
488 142 474 104
305 148 302 174
315 148 314 169
357 148 330 172
378 148 362 156
384 148 368 153
415 148 389 150
446 148 432 128
483 148 471 110
499 148 481 100
294 153 296 184
305 153 305 182
310 153 313 180
315 153 318 178
336 153 324 177
373 153 359 164
378 153 364 161
384 153 370 158
483 153 473 117
499 153 495 116
279 158 281 195
284 158 287 193
289 158 294 193
294 158 299 191
305 158 307 188
363 158 347 175
368 158 352 173
373 158 360 170
378 158 365 167
441 158 416 140
446 158 421 138
279 163 284 199
363 163 347 180
415 163 372 165
420 163 379 163
431 163 408 149
441 163 417 146
446 163 423 143
452 163 429 141
457 163 434 138
294 169 303 200
300 169 309 197
310 169 317 195
336 169 330 189
347 169 343 184
446 169 425 150
452 169 431 147
457 169 436 145
294 174 306 204
352 174 339 192
378 174 370 174
404 174 387 166
420 174 400 162
284 179 291 205
289 179 298 202
342 179 334 201
352 179 341 197
363 179 357 186
378 179 371 180
431 179 422 176
436 179 427 173
446 179 429 158
452 179 434 156
289 184 301 207
305 184 313 203
352 184 347 197
357 184 355 194
363 184 359 192
399 184 386 180
431 184 429 180
436 184 437 177
279 190 298 224
294 190 308 210
352 190 350 202
357 190 357 200
410 190 381 190
499 190 507 147
504 190 511 145
310 195 322 207
404 195 378 198
410 195 384 195
431 195 397 192
436 195 403 189
347 200 333 223
457 205 442 172
467 205 454 168
279 211 306 242
294 211 320 237
300 211 325 234
289 216 313 239
300 216 328 241
425 216 420 191
279 221 311 255
289 221 320 254
294 221 325 250
300 221 331 248
425 221 421 196
289 226 321 259
294 226 328 256
300 226 333 254
310 226 337 246
420 226 418 204
289 232 322 264
294 232 329 261
300 232 334 259
378 232 392 239
509 232 521 166
294 237 332 267
300 237 337 264
310 237 341 259
284 242 324 274
294 242 333 273
336 242 358 260
342 242 363 257
368 242 389 248
457 242 468 223
284 247 326 278
300 247 339 274
336 247 360 265
368 247 392 254
457 247 470 229
473 247 487 217
504 247 524 194
289 252 331 283
294 252 336 282
363 252 394 260
494 252 514 206
499 252 520 203
289 258 333 290
294 258 337 288
305 258 345 279
310 258 349 277
315 258 354 275
357 258 383 269
368 258 395 264
404 258 428 253
467 258 479 228
488 258 510 213
494 258 515 212
499 258 521 209
504 258 527 202
509 258 531 190
305 263 347 284
310 263 351 282
315 263 357 280
425 263 447 245
436 263 456 244
452 263 468 239
457 263 473 237
467 263 480 233
504 263 528 208
289 268 334 297
294 268 339 295
347 268 379 278
420 268 444 253
425 268 450 250
446 268 464 245
452 268 470 243
457 268 476 241
467 268 482 238
488 268 513 222
494 268 519 219
499 268 525 216
321 273 361 287
326 273 367 284
289 279 333 307
294 279 339 304
300 279 345 301
305 279 351 300
310 279 357 296
321 279 364 293
331 279 372 291
342 279 384 287
347 279 389 285
368 279 409 277
425 279 454 260
431 279 459 258
441 279 465 254
294 284 340 309
300 284 346 308
305 284 353 306
310 284 359 303
331 284 374 297
336 284 379 295
342 284 385 293
347 284 392 289
294 289 343 316
321 289 368 305
300 294 349 317
305 294 355 314
310 294 361 312
