323 153 319 173
329 153 328 173
367 153 358 175
317 159 312 176
317 165 313 183
336 165 325 179
342 165 332 179
354 165 349 181
360 165 355 181
317 171 315 190
360 171 356 187
367 171 362 187
373 171 368 187
385 171 376 186
348 177 342 192
354 177 348 191
367 177 362 193
373 177 368 193
379 177 374 193
391 177 383 193
398 177 389 192
342 184 338 198
348 184 343 198
391 184 384 199
354 190 350 203
373 190 369 202
528 190 532 209
522 196 527 214
528 196 533 214
540 196 518 209
546 196 525 209
503 202 495 227
515 208 503 227
522 208 508 226
546 208 530 227
559 208 541 222
553 215 537 232
503 221 497 240
546 221 531 236
559 221 549 236
491 227 486 248
497 227 492 247
546 227 532 241
553 227 537 241
441 233 447 248
447 233 453 246
453 233 458 246
528 233 518 243
534 233 525 243
553 233 546 246
447 239 452 254
491 239 494 260
528 239 520 252
534 239 526 251
