389 241 423 321
386 244 429 314
389 244 422 314
395 244 412 315
386 247 429 309
389 247 421 309
395 247 412 311
392 259 435 279
395 259 430 280
392 261 434 274
386 264 430 255
389 264 425 256
445 270 365 300
345 273 487 218
362 276 463 189
380 279 475 217
339 282 490 211
353 282 488 197
333 291 497 206
327 297 514 200
401 300 416 235
368 306 456 289
353 309 488 190
430 312 420 204
348 315 491 182
351 315 488 183
356 315 484 185
413 315 423 190
416 315 419 190
419 315 415 190
442 315 404 200
413 318 425 186
419 318 416 186
436 318 406 187
410 321 430 182
413 321 424 182
416 321 420 182
419 321 414 182
