357 172 321 129
253 177 266 145
268 177 277 140
272 177 282 138
282 177 288 136
286 177 293 135
296 177 299 133
300 177 304 131
362 177 341 129
376 177 358 123
408 177 384 113
220 182 218 173
225 182 224 172
286 182 295 138
380 182 364 123
385 182 369 121
394 182 380 116
239 186 256 155
244 186 261 153
253 186 269 151
258 186 274 149
268 186 280 146
338 186 335 132
352 186 342 137
362 186 350 134
366 186 354 131
371 186 359 128
380 186 365 127
385 186 372 123
390 186 377 122
225 191 241 166
235 191 247 165
352 191 344 141
399 191 384 125
404 191 389 120
235 196 250 169
239 196 259 160
244 196 263 159
263 196 275 154
268 196 281 152
404 196 389 126
408 196 395 122
244 200 266 163
253 200 272 160
263 200 277 159
268 200 282 158
272 200 287 156
277 200 292 154
343 200 342 147
404 200 390 131
408 200 395 129
239 205 257 173
249 205 267 168
253 205 272 166
263 205 280 164
268 205 283 163
272 205 288 160
277 205 294 159
343 205 344 153
352 205 349 151
413 205 400 132
230 210 251 180
239 210 259 179
253 210 274 171
263 210 282 169
286 210 303 161
239 214 260 183
249 214 271 176
268 214 287 170
249 219 273 180
253 219 277 179
258 219 282 178
268 219 290 175
272 219 295 173
277 219 298 171
286 219 306 169
305 219 309 160
235 224 258 191
239 224 263 191
244 224 269 187
249 224 275 185
253 224 279 184
258 224 283 181
268 224 291 178
272 224 296 176
291 224 311 172
319 224 329 165
324 224 334 163
220 228 239 210
235 228 260 195
239 228 265 195
244 228 271 192
249 228 276 189
324 228 336 169
220 233 243 209
225 233 248 208
230 233 254 205
235 233 261 201
239 233 267 200
258 233 285 188
268 233 293 186
272 233 297 184
282 233 303 182
220 238 245 215
225 238 250 213
230 238 256 210
244 238 272 200
249 238 277 196
253 238 282 196
258 238 287 194
268 238 294 191
272 238 298 189
277 238 304 188
291 238 316 184
310 238 329 180
413 238 406 150
225 243 251 217
235 243 262 209
239 243 268 207
244 243 273 204
249 243 278 201
253 243 284 200
263 243 292 197
268 243 295 195
272 243 300 194
277 243 305 192
286 243 313 189
291 243 318 188
300 243 324 186
310 243 330 184
314 243 335 183
418 243 415 158
235 247 264 215
239 247 269 212
244 247 274 209
249 247 280 207
291 247 319 192
300 247 326 190
314 247 336 187
413 247 412 165
225 252 254 225
253 252 287 208
263 252 295 204
268 252 299 202
272 252 303 201
277 252 308 199
286 252 317 197
225 257 255 229
235 257 266 221
239 257 272 219
244 257 277 217
249 257 282 214
258 257 290 211
263 257 296 209
268 257 300 206
272 257 305 205
277 257 310 203
286 257 318 201
291 257 322 200
300 257 328 198
314 257 339 195
413 257 415 172
235 261 269 224
239 261 273 223
244 261 278 221
253 261 285 219
258 261 290 216
300 261 330 202
310 261 336 201
314 261 340 200
230 266 264 233
235 266 270 229
239 266 275 228
277 266 308 211
225 271 258 242
253 271 288 225
258 271 293 224
263 271 300 222
268 271 304 220
277 271 310 217
408 271 414 192
413 271 420 189
225 276 258 248
230 276 264 245
244 276 282 234
253 276 291 229
258 276 296 227
263 276 301 225
268 276 306 224
272 276 311 222
282 276 318 219
286 276 320 217
319 276 343 204
408 276 415 198
413 276 420 195
239 280 276 240
249 280 287 236
253 280 293 234
258 280 297 232
319 280 345 210
324 280 353 213
235 285 272 248
239 285 278 245
263 285 303 232
268 285 307 231
272 285 313 229
282 285 320 226
286 285 324 224
296 285 330 222
300 285 335 221
314 285 346 217
244 290 284 246
249 290 290 245
253 290 294 242
258 290 299 239
263 290 303 236
268 290 309 235
272 290 314 233
282 290 321 231
296 290 332 226
314 290 349 223
324 290 356 221
399 290 412 205
404 290 418 202
230 294 269 256
235 294 273 255
239 294 278 253
249 294 290 248
253 294 295 246
258 294 301 244
263 294 305 242
268 294 310 240
272 294 316 238
282 294 323 236
291 294 334 231
310 294 346 229
314 294 350 227
324 294 358 225
329 294 361 224
394 294 409 213
399 294 414 211
404 294 420 209
282 299 326 241
314 299 352 231
324 299 359 229
329 299 363 228
338 299 369 228
394 299 412 217
399 299 416 215
235 304 275 260
244 304 285 257
263 304 309 248
277 304 320 245
286 304 330 240
291 304 337 238
314 304 354 236
319 304 358 234
329 304 364 232
338 304 371 232
347 304 376 231
357 304 383 228
394 304 413 222
399 304 418 220
244 308 283 263
249 308 288 261
291 308 339 242
338 308 373 236
347 308 380 237
277 313 321 250
286 313 335 250
291 313 340 247
319 313 362 241
338 313 375 243
366 313 392 239
376 313 399 236
235 318 274 273
239 318 280 273
244 318 285 270
268 318 315 266
277 318 323 254
319 318 364 245
329 318 370 243
347 318 383 241
376 318 401 242
235 322 276 278
239 322 281 277
249 322 287 275
268 322 316 271
291 322 343 255
305 322 355 251
310 322 359 250
338 322 378 247
347 322 384 245
352 322 388 244
230 327 265 284
239 327 291 281
244 327 295 279
249 327 300 277
282 327 333 264
291 327 343 259
300 327 351 257
305 327 356 256
310 327 360 254
319 327 366 252
329 327 372 250
347 327 386 250
352 327 389 249
366 327 397 247
376 327 403 247
249 332 303 282
253 332 308 279
258 332 313 277
338 332 380 254
347 332 388 257
352 332 392 255
235 337 271 299
239 337 293 291
244 337 299 289
249 337 305 286
253 337 310 284
258 337 316 281
286 337 340 270
291 337 346 267
305 337 357 264
314 337 365 260
319 337 368 259
338 337 381 259
230 341 268 307
235 341 273 304
239 341 294 296
277 341 334 277
282 341 338 276
286 341 342 274
291 341 347 272
300 341 354 269
305 341 359 268
310 341 363 266
319 341 370 263
329 341 376 262
347 341 389 263
230 346 269 313
239 346 280 307
249 346 308 298
258 346 318 289
268 346 323 288
272 346 329 285
277 346 334 283
282 346 339 281
286 346 344 278
291 346 348 276
300 346 356 274
305 346 361 272
310 346 366 271
253 351 315 302
268 351 325 292
272 351 331 291
277 351 335 288
282 351 340 286
286 351 346 284
291 351 351 282
300 351 358 279
343 351 385 271
347 351 390 268
272 355 332 295
282 355 342 291
286 355 349 290
343 355 387 277
272 360 335 302
291 360 351 295
277 365 347 305
305 365 360 299
