419 218 418 276
509 218 509 157
513 218 513 158
442 226 460 178
450 226 430 267
517 226 517 171
395 230 402 135
505 230 508 163
517 233 517 176
415 241 422 182
517 241 515 192
411 245 420 159
415 245 425 161
505 245 507 175
509 245 512 176
423 249 401 200
454 249 460 185
505 249 506 179
509 249 510 180
419 253 395 200
446 257 447 192
450 257 453 193
454 257 458 195
462 257 471 191
466 257 476 192
509 257 510 184
430 261 428 215
364 265 350 233
427 265 420 220
430 265 426 220
446 265 445 201
490 265 475 230
509 265 510 192
427 269 418 225
430 269 424 226
434 269 430 228
446 269 444 207
450 269 449 209
509 269 509 196
513 269 514 198
423 273 414 231
427 273 417 231
430 273 423 232
434 273 428 235
446 273 443 212
505 273 475 253
513 273 513 202
517 273 518 203
399 277 389 210
403 277 392 211
427 277 418 236
430 277 422 237
434 277 427 239
505 277 475 257
415 281 405 236
419 281 410 237
430 281 423 242
434 281 427 244
501 281 469 262
364 285 348 248
407 285 391 233
411 285 396 235
415 285 405 241
395 289 380 231
403 289 385 237
411 289 395 240
415 289 404 245
419 289 409 246
442 289 359 289
395 293 379 237
407 293 389 243
438 293 352 294
395 296 378 241
399 296 383 243
427 296 417 247
430 296 422 248
427 300 416 252
430 300 421 253
434 300 426 255
434 304 424 260
474 304 464 271
427 308 415 259
395 320 345 338
403 324 356 344
