453 54 502 144
459 54 504 149
494 78 492 194
395 83 468 130
407 83 465 139
541 101 488 263
529 112 479 260
535 112 481 265
535 118 475 267
535 124 470 270
413 130 456 170
418 130 460 174
337 211 333 123
448 211 380 231
471 241 362 251
482 241 366 258
354 270 278 158
372 281 275 179
448 287 299 245
453 287 300 250
459 287 304 255
436 293 289 235
442 293 292 241
448 293 294 246
453 293 296 252
459 293 298 257
430 299 281 231
442 299 286 242
448 299 288 247
453 299 290 253
424 305 273 227
430 305 276 233
448 305 283 249
