435 84 477 59
442 84 483 61
461 84 499 62
357 90 401 45
364 90 407 47
370 90 414 48
376 90 424 50
383 90 432 53
396 90 440 55
409 90 449 57
416 90 456 58
422 90 462 60
428 90 470 62
461 90 498 69
357 97 398 51
364 97 405 53
370 97 412 53
376 97 425 58
390 97 433 59
396 97 438 60
402 97 444 62
409 97 451 63
416 97 458 64
428 97 468 68
435 97 475 69
442 97 481 70
448 97 486 71
454 97 493 73
364 103 403 59
383 103 424 63
396 103 437 66
402 103 443 67
409 103 450 69
442 103 480 77
448 103 486 78
454 103 492 80
376 110 413 68
390 110 429 66
422 110 465 74
428 110 469 85
442 110 478 85
448 110 484 85
454 110 491 87
364 116 399 73
376 116 413 75
383 116 420 73
390 116 426 73
396 116 434 73
402 116 441 75
409 116 448 77
428 116 468 91
442 116 476 91
448 116 482 92
454 116 489 93
364 123 398 80
370 123 405 81
383 123 418 81
390 123 425 80
396 123 433 81
409 123 447 84
428 123 468 98
442 123 476 98
454 123 488 99
383 129 417 87
390 129 424 88
396 129 432 88
409 129 442 85
442 129 474 105
448 129 479 105
454 129 486 106
370 136 404 92
376 136 410 93
383 136 415 94
409 136 443 99
416 136 450 100
376 142 407 99
383 142 414 100
390 142 419 101
396 142 426 102
402 142 433 106
409 142 440 107
416 142 448 109
428 142 459 110
442 142 470 114
448 142 477 115
454 142 483 118
461 142 489 119
364 149 393 102
370 149 399 104
376 149 405 105
383 149 412 106
390 149 418 108
396 149 425 110
402 149 433 112
409 149 439 114
416 149 446 116
428 149 457 118
435 149 462 119
442 149 469 121
454 149 481 123
370 155 399 111
376 155 405 112
383 155 410 113
390 155 417 114
396 155 424 116
402 155 431 118
416 155 442 122
428 155 455 125
435 155 462 126
448 155 474 130
357 162 381 115
370 162 398 116
376 162 404 118
383 162 410 119
390 162 416 120
396 162 423 123
402 162 429 124
416 162 441 128
428 162 452 131
435 162 459 132
442 162 466 134
448 162 473 136
454 162 478 139
376 168 403 125
383 168 408 126
390 168 414 127
402 168 428 130
409 168 434 132
422 168 445 136
428 168 451 138
442 168 464 141
454 168 477 145
364 175 386 130
376 175 398 131
383 175 406 132
396 175 419 136
422 175 443 142
428 175 450 144
435 175 456 146
442 175 463 147
448 175 469 149
454 175 475 151
364 181 385 136
370 181 391 136
376 181 397 137
390 181 410 140
396 181 417 142
416 181 435 148
422 181 442 149
428 181 448 150
435 181 455 151
442 181 461 154
448 181 468 156
364 188 384 143
376 188 396 144
383 188 402 146
402 188 420 150
448 188 466 161
454 188 472 163
370 194 389 147
390 194 408 153
422 194 439 159
428 194 446 161
435 194 452 163
442 194 459 164
364 201 380 156
376 201 393 157
383 201 399 158
390 201 406 159
396 201 414 161
422 201 438 166
428 201 445 168
435 201 450 170
442 201 457 172
448 201 463 173
454 201 470 175
376 207 391 163
383 207 398 164
390 207 404 166
396 207 413 168
402 207 418 170
416 207 430 172
428 207 443 176
435 207 449 177
442 207 456 178
454 207 468 181
370 214 384 168
376 214 389 169
383 214 396 171
390 214 404 172
409 214 421 177
416 214 428 178
422 214 435 181
428 214 441 182
435 214 447 184
442 214 454 185
448 214 461 187
454 214 467 188
376 220 388 176
383 220 396 178
396 220 409 181
402 220 416 183
416 220 426 185
422 220 432 187
428 220 439 189
435 220 446 191
442 220 452 191
448 220 459 193
454 220 465 195
364 227 374 179
370 227 382 180
376 227 389 182
383 227 394 183
390 227 401 185
396 227 408 187
402 227 414 188
416 227 425 191
422 227 430 193
428 227 438 196
435 227 445 197
442 227 451 199
448 227 458 200
454 227 463 201
364 233 373 187
376 233 388 190
383 233 394 190
390 233 400 192
396 233 406 193
402 233 413 196
409 233 420 197
422 233 430 200
428 233 436 203
435 233 443 204
442 233 449 205
448 233 456 205
454 233 462 207
364 240 371 193
370 240 378 195
376 240 386 197
383 240 391 199
390 240 398 199
396 240 405 200
402 240 411 202
409 240 419 204
422 240 428 207
428 240 436 208
435 240 442 210
442 240 449 210
448 240 454 211
454 240 461 213
370 246 376 202
376 246 384 203
383 246 390 205
390 246 396 207
396 246 402 207
402 246 408 208
409 246 416 210
422 246 428 213
428 246 434 215
435 246 441 216
442 246 447 217
448 246 452 219
454 246 460 220
370 253 374 209
376 253 381 210
383 253 388 212
390 253 395 213
396 253 401 214
402 253 407 215
416 253 419 218
422 253 424 220
428 253 432 221
435 253 439 222
442 253 445 224
448 253 451 225
454 253 458 227
376 259 380 216
383 259 387 218
390 259 392 219
396 259 400 221
409 259 414 224
416 259 420 226
428 259 431 227
435 259 438 229
442 259 444 230
454 259 457 233
376 266 378 223
383 266 385 224
390 266 392 225
402 266 406 229
448 266 450 237
376 272 377 230
409 272 407 236
422 272 422 237
428 272 428 239
435 272 435 241
442 272 441 242
448 272 447 244
454 272 454 245
370 279 369 236
390 279 390 238
416 279 413 243
422 279 420 244
428 279 426 246
442 279 440 249
448 279 446 251
376 285 376 241
383 285 382 243
390 285 388 245
396 285 394 246
409 285 404 248
416 285 411 249
435 285 432 254
442 285 439 256
448 285 446 258
383 292 381 249
390 292 386 251
396 292 392 252
402 292 399 254
416 292 410 256
422 292 417 257
428 292 424 260
442 292 437 263
448 292 444 264
370 298 366 252
376 298 373 254
383 298 378 256
390 298 384 258
396 298 391 259
402 298 398 261
416 298 408 262
428 298 423 266
435 298 429 268
442 298 436 269
448 298 443 270
370 305 364 259
376 305 372 261
383 305 377 262
390 305 383 264
402 305 397 267
409 305 404 269
416 305 412 270
428 305 422 272
435 305 428 274
448 305 442 277
376 311 370 268
383 311 376 269
390 311 382 271
396 311 389 272
402 311 395 274
409 311 402 275
416 311 410 278
428 311 420 279
435 311 427 281
442 311 434 283
448 311 440 284
370 318 361 273
376 318 368 275
383 318 375 277
390 318 381 278
396 318 387 279
402 318 394 280
409 318 400 281
422 318 410 284
428 318 421 287
442 318 432 290
448 318 439 291
370 324 359 281
376 324 366 282
383 324 374 283
390 324 380 284
396 324 386 285
402 324 392 286
409 324 398 288
416 324 405 291
422 324 412 293
428 324 419 294
435 324 426 295
448 324 438 297
364 331 350 285
370 331 358 287
376 331 364 288
390 331 378 291
396 331 384 292
402 331 390 293
409 331 397 296
416 331 404 298
422 331 410 300
428 331 417 301
435 331 425 302
442 331 433 304
364 337 349 292
370 337 357 293
376 337 362 295
383 337 371 296
390 337 377 297
402 337 389 300
409 337 395 302
416 337 402 304
428 337 413 306
435 337 424 309
370 344 355 300
376 344 362 302
383 344 369 303
390 344 375 303
402 344 389 307
409 344 395 309
416 344 401 310
442 344 432 313
448 344 437 314
370 350 354 307
376 350 361 308
383 350 368 310
390 350 374 311
396 350 381 312
402 350 388 314
409 350 393 316
435 350 422 319
442 350 430 320
448 350 436 322
370 357 352 314
383 357 364 318
390 357 373 319
396 357 380 320
422 357 404 323
442 357 428 328
370 363 351 320
376 363 353 323
383 363 361 325
390 363 369 327
396 363 378 327
409 363 391 327
416 363 397 328
422 363 404 329
428 363 411 330
376 370 353 330
383 370 361 332
390 370 369 333
396 370 376 334
402 370 383 333
409 370 390 335
416 370 397 335
422 370 403 337
428 370 409 338
435 370 417 340
383 376 360 338
390 376 368 340
396 376 374 341
402 376 381 341
409 376 389 341
416 376 395 343
