363 126 384 114
374 132 395 118
346 138 366 118
352 138 371 119
357 138 377 120
363 138 384 120
369 138 390 120
374 138 395 121
346 144 365 129
352 144 370 126
363 144 383 126
369 144 389 125
374 144 395 126
340 149 358 134
346 149 365 135
352 149 369 134
357 149 375 135
363 149 381 134
369 149 387 134
374 149 393 132
340 155 357 140
346 155 364 141
352 155 369 141
357 155 375 141
363 155 381 140
369 155 386 140
346 161 363 148
352 161 368 147
374 161 393 139
363 166 381 143
369 166 386 143
357 172 374 149
363 172 381 148
369 172 386 148
357 178 374 155
363 178 381 154
369 178 386 153
357 183 373 159
363 183 379 160
346 189 362 163
363 189 379 165
369 189 384 163
335 195 352 163
363 195 378 171
335 201 350 170
340 201 355 171
346 201 361 171
352 201 366 172
357 201 372 174
369 201 384 174
312 206 324 174
318 206 330 175
323 206 336 175
329 206 342 175
335 206 348 175
340 206 354 175
346 206 360 176
352 206 365 176
357 206 371 177
363 206 377 177
369 206 384 178
295 212 307 178
300 212 313 178
306 212 318 179
312 212 324 179
318 212 331 180
323 212 342 180
346 212 360 181
352 212 364 181
357 212 370 182
363 212 376 182
369 212 382 182
283 218 290 186
306 218 318 185
312 218 324 185
323 218 342 186
278 223 301 182
380 223 386 191
386 223 392 191
272 229 294 187
295 229 312 194
386 229 398 203
278 235 293 198
283 235 300 199
392 235 413 221
266 240 275 207
272 240 281 208
300 240 326 212
335 240 324 225
340 240 331 224
255 246 257 219
260 246 262 219
255 252 255 229
249 258 251 234
255 258 255 234
266 258 275 220
272 258 280 221
260 263 268 225
266 263 275 226
272 263 281 227
283 263 288 262
295 263 300 263
300 263 309 263
260 269 269 231
266 269 274 231
295 269 300 269
300 269 309 270
329 269 337 278
255 275 260 241
260 275 268 237
300 275 307 280
306 275 313 281
329 275 337 284
249 280 252 253
300 280 307 287
306 280 313 288
306 286 312 294
363 286 344 263
380 286 363 264
266 292 270 260
357 292 339 268
363 292 343 269
432 292 437 267
243 297 245 269
249 297 251 263
255 297 257 265
260 297 262 265
426 297 431 271
432 297 436 272
243 303 245 275
249 303 250 269
255 303 256 270
260 303 262 271
289 303 291 285
312 303 303 275
369 303 373 317
426 303 431 278
432 303 436 278
243 309 245 281
249 309 250 275
255 309 256 275
363 309 367 323
369 309 373 323
374 309 378 324
426 309 430 283
432 309 435 284
249 315 250 281
255 315 255 282
260 315 261 283
272 315 273 283
312 315 305 304
352 315 355 327
357 315 361 326
363 315 367 327
426 315 429 289
432 315 435 288
249 320 249 287
352 320 354 332
357 320 361 332
363 320 366 332
426 320 429 294
272 326 267 283
357 326 360 338
272 332 266 289
255 337 250 299
260 337 256 300
272 337 266 295
260 343 255 305
266 349 259 311
272 354 269 324
272 360 268 328
278 360 275 330
278 366 273 335
283 366 280 336
346 377 342 347
352 377 348 348
363 377 358 350
369 377 364 350
374 377 370 351
380 377 375 352
352 383 347 355
357 383 352 355
363 383 357 356
369 383 364 357
374 383 370 358
