509 197 506 140
483 219 501 146
431 223 443 144
505 223 505 151
509 223 510 152
505 228 504 157
509 228 510 157
422 232 429 149
453 232 467 153
457 232 473 155
453 236 460 164
457 236 465 164
449 241 452 166
453 241 458 171
457 241 464 171
453 245 458 177
422 249 418 198
453 249 457 184
470 249 466 202
479 249 475 198
453 254 455 196
462 254 454 215
466 254 460 214
470 254 466 209
427 258 421 210
453 258 456 202
466 258 460 220
470 258 466 216
414 262 409 215
427 262 422 216
449 267 446 232
414 284 409 233
427 284 422 229
370 289 365 228
388 289 383 229
418 289 413 234
427 289 422 235
431 289 427 237
370 293 364 234
375 293 369 236
405 293 402 239
414 293 408 240
418 293 413 240
427 293 421 241
431 293 426 242
388 297 381 242
396 297 394 244
405 297 399 244
414 297 407 245
418 297 413 246
422 297 417 247
431 297 425 248
466 297 461 257
396 302 387 251
401 302 393 251
405 302 398 251
422 302 417 253
431 302 424 254
436 302 429 255
440 302 434 256
449 302 443 258
414 306 411 258
431 306 424 261
436 306 429 261
444 306 437 262
449 306 442 263
