405 146 356 207
275 167 331 366
269 173 337 368
448 173 374 177
464 173 378 158
405 178 364 235
426 178 373 121
426 184 375 205
432 184 377 198
437 184 381 192
443 184 382 187
264 189 356 373
269 189 358 366
302 189 336 354
323 189 339 334
378 189 359 271
383 189 363 264
388 189 365 258
399 189 370 244
405 189 372 237
410 189 373 231
426 189 382 206
318 194 343 341
372 194 363 277
378 194 364 271
302 200 375 354
453 200 436 175
378 205 378 273
405 205 393 153
378 211 384 273
367 216 367 283
383 216 392 262
275 222 428 262
372 222 396 278
372 227 404 277
285 232 385 371
361 232 411 285
367 232 411 279
291 238 394 365
356 238 415 293
361 238 416 287
367 238 417 280
361 243 422 287
383 243 433 148
302 249 402 353
383 249 436 186
388 249 442 182
361 254 443 286
372 254 447 265
280 260 420 378
285 260 425 373
345 260 449 300
361 260 449 286
367 260 450 280
372 260 451 273
280 265 432 379
285 265 433 373
302 265 423 350
329 265 428 323
