0.1768633723258972 0.1400312483310699 -0.9742230176925659 0.3928291499614716 
-0.06074270233511925 0.9894934296607971 0.1311987340450287 -0.01723317056894302 
0.9823591113090515 0.03597270324826241 0.1835110038518906 -0.06131983920931816 
0 0 0 1 

0.1574581116437912 0.1384944319725037 -0.9777658581733704 0.391253650188446 
-0.06333189457654953 0.9894949793815613 0.1299569010734558 -0.01283828727900982 
0.9854927659034729 0.04146100580692291 0.1645751297473907 -0.04566388204693794 
0 0 0 1 

0.1737889498472214 0.1331478208303452 -0.9757401943206787 0.3870223760604858 
-0.07118581235408783 0.9899241328239441 0.1224044263362885 -0.008054366335272789 
0.9822066426277161 0.04818632453680038 0.1815161108970642 -0.04234560579061508 
0 0 0 1 

0.4041152596473694 0.2870299816131592 -0.8685070276260376 0.4025110900402069 
-0.2396938353776932 0.949541449546814 0.2022815197706223 -0.01914264261722565 
0.8827442526817322 0.1264307945966721 0.4525234997272491 -0.0522429421544075 
0 0 0 1 

0.4052937626838684 0.2858933806419373 -0.8683328032493591 0.396591991186142 
-0.2101667672395706 0.9535396099090576 0.2158520221710205 -0.02601547725498676 
0.8897004127502441 0.09501124918460846 0.4465489685535431 -0.05283519253134727 
0 0 0 1 

0.3926616609096527 0.2964869737625122 -0.8705814480781555 0.3733368515968323 
-0.1073327884078026 0.9549151659011841 0.2767970860004425 -0.0554167740046978 
0.9133982062339783 -0.01524563599377871 0.4067813754081726 -0.04773432016372681 
0 0 0 1 

0.3900924026966095 0.3298410475254059 -0.859670102596283 0.3509810268878937 
-0.06904372572898865 0.9414865970611572 0.329902708530426 -0.08378326892852783 
0.9181833863258362 -0.06933765858411789 0.3900402188301086 -0.04504243656992912 
0 0 0 1 

0.4115519225597382 0.3761743009090424 -0.8301310539245605 0.3308362662792206 
-0.02026802487671375 0.9143968820571899 0.4043110907077789 -0.111926756799221 
0.9111607074737549 -0.1495698392391205 0.3839461505413055 -0.04490885138511658 
0 0 0 1 

0.4295235574245453 0.3959024250507355 -0.8116467595100403 0.3160916864871979 
0.03201274946331978 0.8915382623672485 0.4518126547336578 -0.1292780041694641 
0.9024879336357117 -0.2200471609830856 0.3702627420425415 -0.0426911935210228 
0 0 0 1 

0.4641028642654419 0.4054618775844574 -0.7875335216522217 0.3041145205497742 
0.06598609685897827 0.8707875609397888 0.4872113764286041 -0.1424943506717682 
0.8833200335502625 -0.2780822813510895 0.3773801922798157 -0.04762753844261169 
0 0 0 1 

