338 255 355 98
338 260 356 102
368 260 373 95
333 265 345 117
462 265 432 88
467 265 474 108
368 270 374 103
467 270 475 114
423 275 426 93
338 280 362 122
343 280 370 122
353 280 403 106
457 280 457 108
467 280 474 119
343 300 367 179
418 300 428 135
423 300 434 135
348 305 373 186
423 305 435 140
432 310 472 138
393 315 400 137
467 315 484 160
457 320 438 191
343 325 348 158
457 325 443 197
333 330 359 162
338 330 374 169
398 330 443 181
403 330 442 132
447 330 465 149
328 335 354 168
333 335 360 167
338 335 373 174
343 335 377 169
423 335 473 180
447 335 466 155
452 335 478 178
328 340 350 182
373 340 392 178
388 340 429 146
393 340 435 145
398 340 441 144
418 345 468 191
323 350 345 209
418 350 468 197
457 350 445 205
348 355 356 192
457 360 446 222
348 369 408 165
323 374 357 204
323 379 358 210
328 379 362 269
467 379 493 202
323 384 356 275
328 384 362 275
467 384 493 208
467 389 494 214
472 389 499 212
343 394 370 215
472 394 500 218
323 399 347 227
338 409 377 251
388 409 479 254
333 414 371 257
462 414 502 254
348 429 365 227
457 444 477 243
408 449 483 255
393 454 425 264
408 454 483 261
462 454 497 254
383 459 443 264
388 459 449 263
467 459 507 264
348 464 391 273
383 464 443 270
447 464 483 313
452 464 487 312
378 469 474 280
348 474 391 292
353 474 397 291
