434 120 525 207
441 120 532 218
383 126 506 173
434 126 521 215
441 126 524 222
383 133 500 177
396 133 508 191
422 133 508 206
428 133 511 214
434 133 514 220
364 139 479 156
370 139 484 161
389 139 488 183
409 139 494 198
415 139 501 209
434 139 509 224
441 139 514 229
434 146 503 227
396 152 478 199
409 152 482 204
396 159 473 201
402 159 477 210
415 159 478 214
415 165 473 216
422 165 476 222
428 165 480 228
415 171 468 218
422 171 470 225
383 178 447 200
396 178 450 204
402 178 454 209
409 178 458 215
415 178 460 222
428 178 463 230
396 184 444 209
415 184 454 227
428 184 457 234
428 204 451 238
377 210 427 194
409 210 444 224
415 210 447 229
428 210 444 241
377 217 421 198
409 217 432 231
415 217 436 238
402 223 421 230
409 223 427 234
415 223 429 242
364 229 413 199
370 229 419 206
389 229 409 223
402 229 414 233
409 229 417 240
415 229 423 246
370 236 411 210
402 236 408 236
409 236 412 242
415 236 416 250
428 236 424 251
364 242 397 211
370 242 400 218
409 242 405 245
422 242 411 251
428 242 419 254
364 249 390 214
422 249 404 254
344 255 370 198
357 255 375 208
370 255 381 220
441 255 410 268
357 262 371 215
351 268 363 211
402 275 378 254
344 281 347 212
402 281 366 260
344 287 339 217
364 320 334 246
344 332 321 227
389 358 313 273
396 358 316 280
447 358 338 317
396 365 309 283
