332 155 316 154
313 161 304 168
320 161 311 168
326 161 317 167
332 161 323 165
376 161 368 158
307 167 298 175
313 167 304 175
320 167 310 175
326 167 317 175
332 167 323 174
338 167 330 173
345 167 337 172
351 167 343 172
357 167 350 172
363 167 355 171
401 167 401 164
420 167 413 162
313 173 308 184
338 173 330 180
345 173 337 180
351 173 343 179
357 173 349 179
363 173 355 179
370 173 362 178
376 173 373 178
395 173 388 176
401 173 394 175
407 173 400 175
413 173 407 175
432 173 432 175
438 173 439 169
326 180 324 186
332 180 330 186
338 180 336 185
351 180 341 185
357 180 348 186
363 180 354 186
370 180 362 185
376 180 369 185
388 180 382 184
395 180 387 184
401 180 394 183
407 180 400 183
413 180 407 182
420 180 414 182
426 180 426 182
432 180 432 181
438 180 439 181
445 180 445 180
464 180 458 180
482 180 484 174
489 180 491 173
526 180 522 170
301 186 293 193
307 186 299 192
313 186 309 192
320 186 316 192
326 186 323 192
338 186 336 191
351 186 341 192
357 186 348 192
363 186 355 191
370 186 362 191
388 186 382 191
395 186 388 190
401 186 394 190
407 186 401 190
413 186 407 189
420 186 414 189
426 186 426 188
432 186 433 188
438 186 440 188
451 186 447 187
457 186 453 186
464 186 459 186
489 186 485 184
495 186 492 184
501 186 498 184
514 186 511 183
545 186 542 180
557 186 556 180
564 186 563 180
570 186 568 179
307 192 299 198
326 192 323 198
332 192 329 198
338 192 336 198
345 192 343 198
395 192 381 198
401 192 388 198
407 192 394 197
413 192 407 197
420 192 414 196
426 192 420 195
495 192 493 191
501 192 498 190
507 192 503 190
514 192 510 190
520 192 518 189
526 192 523 188
532 192 528 187
539 192 535 187
551 192 556 186
564 192 562 186
570 192 569 186
576 192 576 186
301 198 294 204
307 198 299 204
320 198 317 205
357 198 349 204
388 198 381 203
407 198 394 204
501 198 498 199
507 198 504 198
514 198 509 197
520 198 517 197
576 198 576 192
307 205 299 210
345 205 343 211
401 205 388 214
407 205 395 211
507 205 505 205
570 205 568 201
576 205 574 199
332 211 325 217
345 211 343 216
351 211 351 217
564 211 562 209
570 211 569 208
576 211 574 207
370 217 361 224
507 217 498 226
457 223 471 213
576 223 576 217
470 230 484 214
495 236 493 232
501 236 500 233
489 242 486 239
495 242 493 240
514 242 511 241
482 248 481 246
489 248 487 246
495 248 494 246
501 248 500 247
507 248 506 247
514 248 513 248
489 255 488 253
495 255 494 252
501 255 500 253
495 261 494 258
501 261 501 259
