305 130 296 211
483 136 456 127
499 136 473 120
499 141 473 128
509 141 481 123
515 141 486 122
289 146 291 232
499 146 475 133
504 146 481 130
515 146 489 127
284 152 286 241
504 152 483 135
504 157 485 141
278 163 286 255
504 163 489 147
289 168 298 252
499 168 485 155
499 173 487 162
499 184 490 165
278 189 290 265
493 195 490 186
440 211 423 204
493 211 493 191
278 222 297 283
284 222 302 282
278 227 299 289
284 227 304 287
284 232 305 293
289 232 311 292
493 238 498 227
493 243 499 234
488 249 496 243
493 249 501 240
499 249 508 238
488 259 496 256
493 265 507 251
