0.6440550088882446 0.7648125886917114 -0.0159499142318964 -0.01172827091068029 
-0.7588194608688354 0.6360898017883301 -0.139936774969101 0.07977716624736786 
-0.09687989205121994 0.1022300645709038 0.9900319576263428 -0.2930997014045715 
0 0 0 1 

0.5483435988426208 0.836107611656189 -0.01559276692569256 -0.00565306143835187 
-0.8330416679382324 0.5445104837417603 -0.09772252291440964 0.06843806803226471 
-0.07321613281965256 0.06657493859529495 0.9950915575027466 -0.2981983423233032 
0 0 0 1 

0.4588377475738525 0.8861126899719238 -0.06536024808883667 0.01554058585315943 
-0.888296365737915 0.4558291733264923 -0.05611735209822655 0.05599812045693398 
-0.01993320137262344 0.08380803465843201 0.9962825179100037 -0.302743673324585 
0 0 0 1 

0.352673351764679 0.9320608973503113 -0.08296888321638107 0.02578636817634106 
-0.9356170296669006 0.3527103364467621 -0.01470064930617809 0.04044030606746674 
0.0155620826408267 0.0828116312623024 0.9964436888694763 -0.3045175075531006 
0 0 0 1 

0.5021549463272095 0.8573052883148193 -0.1134364232420921 0.008347079157829285 
-0.8202991485595703 0.5137384533882141 0.2513601183891296 -0.02961157076060772 
0.2737690508365631 -0.03316985443234444 0.961223304271698 -0.319634348154068 
0 0 0 1 

0.4376772940158844 0.8848105669021606 -0.1598399728536606 0.02968853525817394 
-0.8599168062210083 0.4638492166996002 0.2130419909954071 -0.01376806292682886 
0.2626434564590454 0.04420546069741249 0.9638798236846924 -0.3202584981918335 
0 0 0 1 

0.391302078962326 0.9194175004959106 0.03942172974348068 -0.01782254315912724 
-0.9196852445602417 0.3922144770622253 -0.01862221583724022 0.06064390018582344 
-0.03258336335420609 -0.02896867692470551 0.9990491271018982 -0.291130006313324 
0 0 0 1 

0.5813716650009155 0.8136005401611328 -0.007801712490618229 -0.01375329867005348 
-0.813483715057373 0.5810479521751404 -0.0250458512455225 0.06123768538236618 
-0.01584415882825851 0.02090751193463802 0.9996558427810669 -0.2899646162986755 
0 0 0 1 

0.6407910585403442 0.7675208449363708 -0.01726780831813812 -0.01487743947654963 
-0.7676543593406677 0.6402955055236816 -0.02698338218033314 0.06023906916379929 
-0.009653818793594837 0.03054642118513584 0.9994867444038391 -0.2895978093147278 
0 0 0 1 

0.6962823271751404 0.7170640826225281 -0.03177732601761818 -0.01431049033999443 
-0.7177525162696838 0.6952958703041077 -0.03734457492828369 0.06139907613396645 
-0.004683826118707657 0.04881063103675842 0.9987970590591431 -0.2888915836811066 
0 0 0 1 

