339 160 291 173
313 166 279 178
320 166 283 176
339 179 306 180
479 185 418 158
485 185 424 157
510 185 434 152
389 192 352 179
396 192 357 178
402 192 362 177
510 192 436 157
517 192 448 153
389 198 354 185
396 198 358 183
402 198 364 181
409 198 370 180
510 198 438 162
396 204 361 188
402 204 367 187
447 204 404 179
472 204 423 173
351 211 326 201
402 211 370 193
409 211 375 192
498 217 450 177
370 223 353 206
415 223 384 200
307 236 289 245
389 236 366 220
396 236 373 217
307 242 290 252
313 242 295 250
377 242 355 231
294 249 277 271
300 249 283 268
307 261 293 279
313 261 298 277
