288 150 297 148
288 155 298 155
304 155 312 155
493 155 506 167
283 160 293 161
288 160 298 160
294 160 305 160
493 160 507 172
498 160 512 173
278 166 286 196
278 171 287 205
278 176 288 210
283 176 293 211
288 176 299 212
330 176 320 151
336 176 326 150
383 176 426 154
430 176 456 155
482 176 495 157
330 181 317 157
409 181 417 159
414 181 422 159
430 181 434 158
493 181 513 210
498 181 518 209
419 187 423 164
451 187 468 166
498 187 518 216
278 192 286 252
278 197 287 257
283 197 300 256
288 197 305 258
477 197 489 268
482 197 495 268
278 202 295 263
288 202 306 265
294 202 311 265
299 202 317 265
451 202 456 271
456 202 462 271
461 202 466 271
477 202 490 273
482 202 495 273
488 202 501 273
493 202 512 228
273 208 288 267
283 208 299 267
288 208 306 271
294 208 311 270
299 208 317 271
304 208 322 270
309 208 328 270
315 208 350 160
446 208 450 274
482 208 496 279
493 208 513 233
304 213 323 275
309 213 328 275
336 213 339 274
362 213 418 282
446 213 450 280
467 213 480 281
498 213 520 238
493 218 513 217
414 234 442 233
320 244 354 249
315 250 349 255
398 260 420 248
414 260 431 246
409 265 427 257
498 265 511 273
283 270 290 278
288 270 294 278
309 270 339 279
325 270 413 287
341 270 346 278
346 270 350 278
404 270 427 253
503 270 514 278
283 276 289 283
288 276 295 283
493 276 503 289
304 281 329 286
488 281 498 291
288 286 291 289
294 286 297 288
299 286 307 288
315 286 341 291
472 286 482 298
477 286 487 297
482 286 492 297
488 286 498 296
320 291 340 296
325 291 347 296
341 291 368 285
346 291 373 284
351 291 379 284
357 291 385 285
430 297 437 302
435 297 471 304
446 297 448 301
467 297 477 303
472 297 481 303
488 297 493 303
482 302 488 306
493 302 495 306
