493 150 494 149
499 150 500 149
504 150 505 150
297 155 296 155
488 155 489 155
493 155 494 154
499 155 500 155
504 155 505 155
281 161 279 163
286 161 285 163
297 161 296 161
302 161 301 160
451 161 447 157
456 161 452 158
493 161 494 159
499 161 500 160
504 161 506 159
281 166 280 168
286 166 286 168
291 166 291 167
302 166 300 165
307 166 305 164
318 166 319 164
334 166 330 163
355 166 342 163
360 166 356 163
371 166 367 163
387 166 384 163
392 166 389 163
403 166 401 163
419 166 416 163
424 166 421 163
493 166 495 164
499 166 500 165
281 171 280 175
291 171 291 174
297 171 296 172
307 171 305 169
313 171 311 169
318 171 316 169
323 171 321 169
344 171 341 169
366 171 359 169
392 171 390 169
403 171 401 168
435 171 427 169
451 171 453 169
461 171 458 169
488 171 489 170
499 171 500 170
504 171 506 170
302 177 300 176
318 177 315 175
323 177 324 175
328 177 331 174
382 177 379 175
424 177 422 172
488 177 490 177
270 182 271 180
275 182 276 180
286 182 287 182
313 182 310 180
318 182 317 186
344 182 341 181
355 182 352 180
360 182 357 180
371 182 363 179
376 182 373 179
382 182 380 179
387 182 385 180
392 182 389 180
398 182 394 180
419 182 416 176
424 182 422 177
446 182 433 181
451 182 459 181
499 182 500 176
504 182 507 186
270 187 272 184
275 187 277 185
281 187 283 187
297 187 296 187
366 187 359 185
382 187 380 186
387 187 385 185
392 187 390 185
398 187 394 185
403 187 399 182
408 187 410 181
424 187 422 181
504 187 507 195
286 193 288 193
291 193 292 193
307 193 306 192
313 193 310 192
323 193 322 191
328 193 332 196
334 193 338 196
339 193 342 197
376 193 373 191
382 193 380 191
387 193 385 190
414 193 412 187
419 193 418 188
424 193 422 187
270 198 272 199
291 198 292 197
307 198 306 197
313 198 310 197
323 198 321 197
328 198 328 196
350 198 347 192
414 198 412 192
419 198 418 193
424 198 422 192
275 203 278 206
281 203 282 207
286 203 288 203
313 203 310 203
328 203 330 203
360 203 358 203
392 203 384 208
398 203 390 207
424 203 422 202
456 203 459 208
488 203 490 209
270 208 272 208
307 208 306 208
313 208 311 208
318 208 316 207
328 208 327 207
350 208 348 207
355 208 354 207
366 208 364 212
419 208 417 208
424 208 423 209
488 208 490 214
493 208 496 214
499 208 501 213
504 208 507 213
275 214 276 213
281 214 282 213
291 214 293 218
307 214 306 214
318 214 316 212
350 214 348 212
355 214 357 213
403 214 406 214
408 214 410 214
424 214 422 214
435 214 443 213
488 214 491 219
493 214 496 219
499 214 501 218
265 219 267 217
270 219 272 219
281 219 283 219
307 219 306 218
313 219 311 218
318 219 316 218
360 219 363 217
366 219 368 217
392 219 388 223
451 219 452 218
488 219 491 223
493 219 496 223
499 219 501 223
265 224 267 222
270 224 273 224
281 224 283 227
286 224 288 225
307 224 306 223
318 224 316 224
366 224 368 223
371 224 373 223
382 224 380 229
488 224 491 229
493 224 495 228
265 230 267 228
281 230 283 234
286 230 288 234
291 230 293 233
302 230 301 233
313 230 311 229
318 230 316 229
382 230 379 234
387 230 385 234
451 230 452 229
488 230 490 233
493 230 495 234
275 235 277 240
281 235 283 239
286 235 289 239
291 235 293 239
307 235 306 239
313 235 311 238
318 235 315 239
355 235 357 239
360 235 363 239
376 235 379 239
387 235 383 240
435 235 431 239
467 235 463 239
472 235 474 239
477 235 479 239
483 235 485 239
488 235 491 238
493 235 495 239
499 235 501 240
270 240 272 245
281 240 283 245
286 240 289 245
291 240 294 245
297 240 299 245
302 240 303 245
307 240 310 245
440 240 441 244
446 240 448 244
451 240 452 244
456 240 458 244
461 240 464 245
467 240 469 244
472 240 475 244
477 240 479 245
483 240 485 245
488 240 491 244
493 240 495 244
499 240 501 245
275 246 279 249
281 246 284 250
286 246 290 250
291 246 295 254
302 246 304 253
307 246 310 251
328 246 315 250
366 246 342 250
382 246 374 250
403 246 412 250
408 246 417 249
414 246 426 250
424 246 443 249
446 246 447 250
451 246 453 250
456 246 463 249
467 246 469 249
472 246 475 249
477 246 481 249
483 246 486 249
488 246 491 249
493 246 495 250
499 246 501 250
504 246 506 245
270 251 273 260
281 251 285 254
286 251 290 256
355 251 320 256
403 251 406 256
408 251 417 255
446 251 448 255
451 251 453 255
467 251 470 254
472 251 474 254
504 251 506 251
281 256 285 261
286 256 293 264
355 256 320 261
376 256 369 256
387 256 384 265
435 256 454 260
440 256 459 259
286 262 294 270
291 262 300 270
318 262 336 261
355 262 321 266
440 262 458 265
446 262 463 266
504 262 507 261
366 267 346 266
403 267 407 272
408 267 410 271
414 267 416 271
419 267 421 272
446 267 464 270
456 267 458 271
281 272 284 274
291 272 294 276
318 272 311 276
323 272 315 276
334 272 326 275
366 272 347 271
398 272 401 276
403 272 405 276
408 272 410 276
414 272 415 276
419 272 421 276
424 272 427 275
446 272 447 277
451 272 453 276
456 272 459 276
461 272 465 275
275 278 278 280
281 278 284 281
286 278 294 282
291 278 299 281
323 278 310 270
328 278 320 281
334 278 327 279
366 278 342 277
387 278 379 281
403 278 406 280
414 278 415 281
419 278 420 281
424 278 427 281
451 278 453 281
456 278 457 281
461 278 463 280
467 278 470 280
472 278 476 280
504 278 507 275
286 283 289 286
291 283 294 286
350 283 337 285
360 283 337 283
414 283 416 286
451 283 453 287
456 283 458 286
504 283 507 281
275 288 278 292
286 288 289 292
291 288 293 290
297 288 298 291
302 288 303 291
430 288 422 291
435 288 427 287
472 288 474 287
477 288 481 288
483 288 486 288
488 288 492 287
504 288 506 287
281 294 281 292
313 294 311 296
366 294 363 293
371 294 367 292
392 294 383 293
408 294 443 293
424 294 426 293
440 294 436 293
472 294 475 293
477 294 481 293
483 294 485 293
488 294 492 293
493 294 496 293
499 294 500 293
504 294 506 292
291 299 292 298
297 299 298 298
334 299 336 299
339 299 342 299
344 299 347 299
360 299 358 299
392 299 384 299
398 299 389 299
430 299 422 298
440 299 436 298
451 299 442 298
456 299 447 298
461 299 458 299
472 299 474 298
477 299 479 298
483 299 484 298
488 299 490 298
493 299 494 298
499 299 500 297
302 304 299 303
307 304 309 304
318 304 316 304
323 304 324 304
328 304 330 304
334 304 335 304
339 304 342 304
344 304 347 304
355 304 353 304
360 304 357 303
366 304 361 303
371 304 368 303
392 304 384 303
398 304 389 303
403 304 400 303
408 304 406 303
414 304 421 303
435 304 426 303
440 304 435 304
451 304 442 303
456 304 447 303
461 304 458 303
472 304 474 303
477 304 479 303
483 304 484 303
488 304 489 303
493 304 494 303
499 304 500 302
