0.1739441454410553 0.9810196161270142 -0.08569550514221191 0.03379645943641663 
-0.9823417067527771 0.1789486408233643 0.05460728704929352 0.02284232713282108 
0.06890591979026794 0.07468367367982864 0.994823694229126 -0.3176099359989166 
0 0 0 1 

0.1025047972798347 0.9908775091171265 -0.08748975396156311 0.03731264546513557 
-0.9902081489562988 0.1100222319364548 0.0859241709113121 0.01138575095683336 
0.09476615488529205 0.07782541215419769 0.9924528002738953 -0.3173154294490814 
0 0 0 1 

0.01691223494708538 0.996071457862854 -0.08692295104265213 0.04215937480330467 
-0.9974417090415955 0.02284648083150387 0.06773527711629868 0.01922652311623096 
0.06945506483316422 0.08555502444505692 0.9939096570014954 -0.3115493059158325 
0 0 0 1 

-0.09488830715417862 0.8741999864578247 -0.4762043058872223 0.1759981065988541 
-0.9907852411270142 -0.03649156168103218 0.130433514714241 -0.001220425008796155 
0.09664752334356308 0.4841928482055664 0.869607150554657 -0.2642365097999573 
0 0 0 1 

-0.1685198396444321 0.8454717993736267 -0.5067331194877625 0.1875765174627304 
-0.9773868322372437 -0.07670831680297852 0.1970552802085876 -0.02452037483453751 
0.1277340203523636 0.5284820199012756 0.8392798900604248 -0.2553715109825134 
0 0 0 1 

-0.1308627128601074 0.7797291278839111 -0.6122888922691345 0.2145292460918427 
-0.9912461042404175 -0.1138081178069115 0.06692533940076828 0.01734469830989838 
-0.01749974489212036 0.6156868934631348 0.7877965569496155 -0.2318762987852097 
0 0 0 1 

-0.08804743736982346 0.6944169402122498 -0.7141656875610352 0.237097829580307 
-0.9946919679641724 -0.02296593226492405 0.1003019362688065 0.009971455670893192 
0.05324990302324295 0.7192062735557556 0.6927530765533447 -0.2121248692274094 
0 0 0 1 

-0.06392637640237808 0.5400344729423523 -0.8392114639282227 0.2727483808994293 
-0.985220730304718 0.0997566431760788 0.1392422914505005 -0.001982167595997453 
0.1589124649763107 0.8357099294662476 0.5256763696670532 -0.1606602668762207 
0 0 0 1 

-0.1218279376626015 0.4231749475002289 -0.897819995880127 0.2893306910991669 
-0.9847438335418701 0.06170008331537247 0.1627043634653091 -0.01322467997670174 
0.1242479756474495 0.9039446711540222 0.4092021584510803 -0.1199880987405777 
0 0 0 1 

-0.1499864757061005 0.3914970755577087 -0.9078737497329712 0.2927567958831787 
-0.9803409576416016 0.0601809099316597 0.1879096478223801 -0.0209148395806551 
0.1282026618719101 0.9182096719741821 0.374774307012558 -0.1092206463217735 
0 0 0 1 

