499 163 444 132
511 163 450 130
530 163 462 126
536 163 469 123
456 169 415 148
462 169 420 150
475 169 427 143
499 169 445 139
530 169 463 132
389 175 339 173
401 175 347 173
407 175 353 172
432 175 394 163
444 175 403 162
450 175 409 160
456 175 415 158
462 175 421 158
469 175 427 158
518 175 458 139
371 182 323 180
377 182 331 180
383 182 336 182
389 182 343 184
395 182 349 183
401 182 356 183
407 182 363 181
414 182 369 180
450 182 410 169
456 182 414 171
462 182 422 166
475 182 435 169
511 182 446 147
358 188 311 189
377 188 335 194
383 188 342 192
395 188 357 189
401 188 364 187
414 188 371 186
444 188 398 182
450 188 410 180
456 188 416 179
462 188 423 177
469 188 431 176
475 188 435 175
481 188 441 174
334 194 284 203
377 194 338 201
383 194 344 200
389 194 350 199
395 194 358 197
401 194 365 196
407 194 370 195
414 194 377 195
426 194 386 193
432 194 392 192
438 194 400 190
444 194 406 189
450 194 412 187
456 194 417 186
462 194 425 185
469 194 431 183
475 194 437 182
487 194 446 180
493 194 450 176
309 200 252 217
316 200 258 216
322 200 264 215
358 200 297 207
383 200 346 207
389 200 352 206
395 200 359 204
401 200 365 204
407 200 372 204
414 200 378 203
426 200 388 201
432 200 395 199
444 200 408 196
450 200 414 195
456 200 419 193
462 200 426 192
469 200 432 190
475 200 438 189
487 200 447 187
493 200 451 182
297 206 240 226
309 206 254 222
316 206 259 221
322 206 273 217
377 206 326 203
383 206 348 215
389 206 355 217
395 206 360 211
401 206 367 211
407 206 374 211
414 206 380 210
456 206 422 201
462 206 428 199
469 206 433 197
475 206 440 196
487 206 448 195
493 206 452 187
505 206 468 192
511 206 474 191
518 206 480 190
297 212 242 232
303 212 246 224
322 212 274 224
328 212 281 223
358 212 310 235
371 212 330 229
395 212 362 219
401 212 369 216
407 212 376 220
414 212 382 216
426 212 395 216
456 212 423 207
462 212 430 206
469 212 436 204
481 212 441 204
487 212 448 204
493 212 457 201
505 212 470 199
511 212 475 197
518 212 481 195
365 218 325 238
383 218 350 229
389 218 359 231
401 218 371 230
407 218 378 229
420 218 390 221
456 218 425 219
462 218 432 218
469 218 438 217
487 218 451 215
493 218 459 210
499 218 464 208
505 218 470 206
511 218 477 202
518 218 483 201
554 218 503 195
560 218 509 194
297 224 245 245
334 224 298 249
358 224 320 244
365 224 326 243
389 224 360 238
395 224 372 236
407 224 379 234
493 224 461 219
505 224 471 214
511 224 478 211
560 224 510 200
322 231 286 257
462 231 433 231
487 231 453 231
499 231 466 220
505 231 472 219
518 231 486 214
542 231 501 215
365 237 320 253
371 237 328 250
377 237 333 249
395 237 371 257
426 237 403 252
499 237 466 227
303 243 266 282
346 243 300 265
365 243 320 258
371 243 326 257
395 243 372 263
401 243 378 263
309 249 255 237
316 249 282 279
346 249 302 269
371 249 352 275
377 249 358 273
389 249 366 272
395 249 373 270
401 249 379 269
407 249 385 268
542 249 429 239
365 255 341 285
371 255 348 283
377 255 353 281
389 255 366 277
316 261 266 254
352 261 328 294
358 261 334 292
309 267 282 307
303 273 269 308
309 273 283 314
432 273 404 258
383 280 411 257
389 280 417 255
371 286 405 263
309 292 276 316
