496 115 515 130
483 122 499 131
490 122 507 134
496 122 513 135
502 122 520 137
464 128 480 133
515 128 531 143
521 128 538 145
483 134 496 140
490 134 504 141
496 134 510 145
515 134 526 149
452 141 464 139
458 141 471 140
464 141 477 141
420 147 434 141
439 147 450 141
445 147 456 142
452 147 462 144
458 147 469 146
464 147 476 147
483 147 494 148
490 147 501 150
426 153 437 143
439 153 447 146
477 153 485 153
483 153 492 154
490 153 498 155
515 153 522 163
521 153 530 161
527 153 538 162
407 159 420 147
420 159 429 147
433 159 347 204
445 159 452 150
452 159 459 153
458 159 465 154
471 159 477 156
477 159 483 157
483 159 490 159
521 159 529 167
527 159 535 168
433 166 438 153
439 166 443 154
445 166 450 156
452 166 458 159
458 166 463 160
490 166 495 165
496 166 502 166
521 166 526 173
414 172 418 154
420 172 425 156
433 172 436 158
439 172 442 159
471 172 474 165
477 172 480 167
483 172 488 170
490 172 494 170
395 178 403 157
407 178 411 157
414 178 416 159
420 178 423 161
445 178 447 165
458 178 459 168
464 178 465 169
471 178 472 170
477 178 479 172
483 178 485 173
502 178 506 177
388 185 392 162
433 185 432 167
439 185 438 169
445 185 444 171
458 185 455 172
490 185 490 179
496 185 497 180
502 185 505 182
407 191 407 166
426 191 424 170
439 191 437 174
464 191 461 178
471 191 467 180
477 191 475 182
483 191 481 183
490 191 487 184
496 191 495 186
395 197 392 169
401 197 397 169
433 197 429 176
452 197 446 180
458 197 451 181
464 197 459 183
471 197 466 185
477 197 473 187
483 197 479 187
490 197 486 189
376 204 376 170
407 204 402 175
420 204 414 178
426 204 421 179
433 204 427 181
439 204 433 182
452 204 444 184
458 204 450 186
464 204 456 188
395 210 389 177
401 210 395 179
407 210 400 180
420 210 411 182
426 210 418 184
471 210 461 194
477 210 468 195
483 210 476 198
376 216 371 178
388 216 380 181
395 216 386 182
433 216 423 189
445 216 434 193
452 216 441 194
458 216 448 196
464 216 454 197
471 216 459 199
477 216 467 201
483 216 474 203
363 223 356 181
369 223 363 182
376 223 368 185
401 223 391 187
407 223 397 189
420 223 408 191
426 223 416 193
433 223 420 195
445 223 432 197
452 223 438 200
458 223 446 201
464 223 453 203
471 223 458 205
388 229 376 189
395 229 382 191
401 229 388 192
407 229 395 194
420 229 408 197
426 229 412 199
477 229 472 244
363 235 352 190
369 235 358 192
382 235 368 192
388 235 373 194
395 235 380 196
401 235 386 197
439 235 422 205
445 235 429 207
452 235 436 209
458 235 442 211
464 235 449 213
471 235 455 214
351 242 337 191
357 242 342 193
363 242 350 195
414 242 395 203
420 242 404 206
426 242 409 207
433 242 415 209
445 242 427 212
452 242 434 214
458 242 440 216
464 242 448 218
471 242 503 224
376 248 357 200
382 248 364 202
388 248 369 203
401 248 380 205
407 248 386 207
414 248 393 208
420 248 400 210
439 248 417 215
445 248 425 218
452 248 431 220
458 248 438 222
351 254 331 199
376 254 355 206
382 254 360 207
388 254 367 208
401 254 379 211
407 254 385 213
426 254 405 216
344 261 322 203
351 261 328 204
369 261 346 209
376 261 353 211
382 261 359 213
395 261 370 216
401 261 378 218
407 261 383 220
414 261 389 219
420 261 395 221
433 261 407 224
439 261 414 226
445 261 421 229
452 261 427 231
344 267 320 208
414 267 387 225
420 267 394 226
433 267 406 230
439 267 413 232
445 267 419 234
351 273 325 213
363 273 335 215
369 273 342 218
376 273 348 219
382 273 355 222
395 273 366 225
401 273 372 227
407 273 379 228
414 273 385 229
420 273 392 232
433 273 404 235
439 273 410 237
445 273 422 243
332 280 304 213
338 280 310 215
344 280 316 217
357 280 327 219
363 280 333 220
369 280 340 223
376 280 347 225
388 280 357 227
407 280 377 234
414 280 383 236
420 280 390 238
313 286 287 214
338 286 308 219
395 286 362 233
401 286 367 235
433 286 400 246
439 286 412 249
351 292 317 227
357 292 323 229
363 292 328 230
376 292 340 233
382 292 346 236
388 292 353 238
395 292 359 240
401 292 366 241
407 292 372 243
414 292 379 246
426 292 390 249
433 292 397 252
325 299 292 225
338 299 302 228
344 299 308 229
351 299 315 232
357 299 320 233
363 299 326 235
376 299 338 239
382 299 345 241
388 299 351 244
395 299 358 246
401 299 363 247
407 299 370 248
300 305 268 227
306 305 274 228
351 305 312 237
388 305 349 249
395 305 355 251
401 305 361 253
426 305 387 257
294 311 259 231
300 311 265 232
319 311 282 232
332 311 290 234
338 311 297 236
344 311 304 238
357 311 316 243
369 311 328 245
376 311 335 248
382 311 341 251
414 311 371 261
420 311 378 263
294 317 256 236
313 317 272 236
319 317 279 238
332 317 288 241
338 317 294 242
344 317 302 244
351 317 309 247
357 317 314 248
363 317 322 249
369 317 329 252
382 317 338 257
388 317 345 259
395 317 351 261
407 317 362 263
414 317 369 266
306 324 265 240
313 324 271 242
319 324 277 244
332 324 286 247
338 324 293 249
344 324 300 250
351 324 307 253
357 324 313 254
363 324 321 257
376 324 330 260
382 324 337 262
388 324 342 265
395 324 348 268
401 324 355 270
306 330 260 247
319 330 274 250
332 330 284 252
338 330 290 254
344 330 297 256
357 330 311 261
369 330 320 264
382 330 333 269
388 330 339 271
313 336 264 257
319 336 271 258
351 336 303 262
382 336 331 277
388 336 337 280
395 336 344 282
332 343 280 262
338 343 293 274
357 343 307 278
369 343 314 280
332 349 281 280
338 349 291 282
344 349 297 284
357 349 305 285
382 349 320 288
388 349 342 298
395 349 342 289
388 355 332 294
357 362 302 293
376 362 309 296
382 362 318 298
369 368 306 302
382 368 321 306
