352 200 290 247
352 205 304 237
352 209 291 253
356 209 296 253
365 209 341 223
348 213 284 257
356 213 294 257
339 217 276 264
416 217 385 240
327 239 270 274
352 247 286 288
339 256 273 286
314 260 263 285
335 264 269 291
348 273 296 313
382 281 313 320
386 281 318 321
382 286 312 326
386 286 317 326
352 290 317 344
403 290 340 335
344 294 310 345
416 298 351 343
420 303 357 349
425 303 362 349
412 307 338 348
425 307 352 348
450 311 367 362
437 328 361 367
403 332 332 364
425 332 351 368
433 332 356 367
425 337 350 372
433 337 355 372
416 341 343 371
420 345 350 376
