453 63 474 82
441 69 461 86
447 69 467 86
458 69 480 88
464 69 485 88
469 69 490 88
430 74 450 91
436 74 455 91
441 74 461 91
447 74 465 91
458 74 478 92
464 74 484 92
469 74 489 93
475 74 495 94
425 80 448 95
458 80 478 98
486 80 518 108
397 85 422 99
414 85 435 101
419 85 441 101
425 85 448 101
430 85 453 101
447 85 483 103
480 85 512 113
503 85 530 111
391 91 416 104
397 91 422 104
447 91 483 109
386 96 409 109
391 96 415 110
419 96 447 114
441 96 476 115
486 96 504 115
391 102 410 119
419 102 446 120
441 102 474 122
480 102 498 118
486 102 505 120
491 102 510 121
503 102 522 121
508 102 529 123
386 108 402 124
391 108 409 126
408 108 432 129
436 108 467 127
480 108 499 125
486 108 503 126
497 108 514 126
503 108 521 127
508 108 527 128
397 113 414 126
408 113 432 136
414 113 437 136
475 113 491 136
480 113 498 131
491 113 507 131
503 113 521 132
386 119 401 133
397 119 414 133
408 119 431 141
414 119 443 135
475 119 489 144
480 119 495 144
491 119 507 138
380 124 393 141
386 124 401 137
397 124 412 144
402 124 423 144
408 124 430 146
475 124 489 149
480 124 494 150
508 124 526 145
514 124 532 146
386 130 401 143
397 130 413 149
402 130 422 150
414 130 435 148
386 135 401 149
397 135 415 155
408 135 428 157
414 135 434 154
419 135 440 154
508 135 526 151
514 135 531 152
386 141 401 156
397 141 410 157
402 141 422 158
419 141 439 159
397 147 409 160
402 147 415 161
408 147 426 164
414 147 433 165
453 147 480 166
480 147 499 168
402 152 422 170
408 152 427 170
419 152 433 170
425 152 439 171
475 152 494 173
480 152 499 173
397 158 414 174
402 158 421 175
408 158 427 176
480 158 499 178
402 163 420 180
397 169 413 182
453 169 466 186
464 169 478 183
469 169 483 183
475 169 490 184
480 169 496 183
408 174 424 188
419 174 435 190
475 174 489 188
480 174 495 189
503 174 514 198
380 180 394 189
402 180 417 192
408 180 425 192
414 180 429 194
419 180 435 195
436 180 446 196
464 180 478 206
475 180 488 195
480 180 494 195
402 185 412 193
408 185 424 199
414 185 430 199
419 185 434 200
425 185 440 202
436 185 445 202
441 185 451 203
475 185 489 202
480 185 495 202
380 191 393 195
402 191 411 199
425 191 440 207
447 191 457 203
469 191 481 213
475 191 489 213
402 197 409 204
408 197 416 205
441 197 452 208
447 197 457 209
419 202 433 213
425 202 439 214
414 208 427 217
419 208 432 218
425 208 438 218
430 208 445 215
447 208 457 220
453 208 462 220
469 208 481 219
408 213 421 223
414 213 427 222
419 213 432 223
425 213 438 225
447 213 456 226
453 213 461 227
458 213 466 227
469 213 481 225
475 213 486 226
414 219 425 228
419 219 432 229
425 219 437 230
430 219 442 227
436 219 447 228
453 219 459 234
458 219 465 236
464 219 473 231
469 219 481 231
475 219 486 232
491 219 496 232
414 224 426 236
419 224 431 235
425 224 437 236
430 224 442 236
436 224 446 234
441 224 453 237
464 224 472 237
480 224 489 238
491 224 496 239
497 224 501 239
380 230 388 243
397 230 405 238
402 230 412 239
408 230 419 241
414 230 425 242
419 230 430 241
425 230 436 241
441 230 453 243
475 230 477 242
480 230 483 245
486 230 489 245
491 230 495 245
497 230 501 245
397 235 405 245
402 235 413 246
408 235 418 247
414 235 425 247
419 235 430 247
475 235 477 249
386 241 391 256
402 241 411 253
441 241 446 256
458 241 457 256
464 241 463 258
475 241 475 258
480 241 482 256
514 241 523 260
386 247 390 262
402 247 410 259
425 247 434 260
441 247 447 262
458 247 457 263
469 247 468 264
491 247 492 263
514 247 522 270
386 252 389 267
391 252 395 262
397 252 401 263
402 252 407 264
419 252 428 265
425 252 433 266
525 252 528 272
397 258 401 269
419 258 428 271
425 258 433 271
436 258 439 272
458 258 461 271
491 258 490 275
530 258 533 280
536 258 543 282
475 263 474 278
480 263 479 279
486 263 484 281
491 263 489 280
508 263 509 282
536 263 542 286
447 269 442 285
458 269 461 283
464 269 468 282
469 269 473 282
480 269 478 284
486 269 484 285
491 269 495 291
497 269 501 293
508 269 509 288
514 269 513 287
525 269 525 289
386 274 389 286
391 274 395 286
397 274 400 286
408 274 418 284
441 274 435 291
458 274 461 289
464 274 467 288
469 274 473 290
480 274 478 290
486 274 488 297
491 274 494 298
497 274 501 287
514 274 513 294
519 274 518 294
525 274 524 294
375 280 380 290
380 280 386 289
408 280 417 289
441 280 435 297
464 280 467 294
486 280 488 302
491 280 495 303
536 280 540 304
408 286 417 295
441 286 448 303
447 286 453 303
453 286 459 300
458 286 463 301
464 286 468 301
475 286 475 303
480 286 482 304
536 286 540 309
386 291 392 297
391 291 399 297
441 291 433 308
453 291 458 306
458 291 463 306
464 291 469 307
475 291 475 309
480 291 480 310
486 291 487 310
519 291 523 315
525 291 527 314
530 291 517 319
414 297 415 301
441 297 433 314
447 297 450 315
453 297 457 311
458 297 462 311
464 297 468 313
475 297 475 314
480 297 481 315
486 297 487 315
491 297 493 316
514 297 514 324
519 297 521 320
525 297 527 321
530 297 533 321
447 302 444 320
453 302 450 321
458 302 455 322
475 302 474 320
480 302 481 320
486 302 486 319
491 302 492 320
408 308 421 324
453 308 449 326
458 308 453 328
480 308 480 326
486 308 486 326
414 313 425 331
