457 54 355 57
463 54 361 53
457 60 359 62
468 72 365 59
434 112 372 109
376 130 332 135
381 141 349 134
376 147 348 145
387 147 360 136
358 153 339 170
370 153 345 155
497 159 446 124
434 182 406 151
434 188 413 156
492 188 482 149
434 199 420 163
376 205 396 230
434 205 422 170
445 205 442 162
550 217 549 141
555 217 545 131
544 222 537 147
422 228 454 203
428 228 460 199
544 228 542 154
550 228 547 148
555 228 554 144
544 234 546 161
550 234 553 157
555 234 560 152
544 240 549 167
550 240 554 163
555 240 563 159
550 246 560 170
544 251 552 172
538 257 552 185
515 269 550 195
434 275 474 252
480 275 529 208
497 275 537 193
474 280 526 220
463 286 518 234
468 286 525 229
474 286 529 225
509 286 554 203
509 292 559 209
468 298 530 238
474 298 535 233
480 298 542 229
492 304 543 245
