356 3 354 8
356 10 350 16
362 10 360 15
369 10 367 15
369 17 366 23
362 24 357 30
383 24 380 30
362 30 359 41
376 30 374 36
396 37 394 46
403 37 402 44
362 44 360 54
396 44 394 55
403 44 401 54
410 44 409 54
349 51 341 67
362 51 357 63
376 51 370 62
383 51 377 60
396 51 394 61
403 51 401 61
410 51 408 61
349 57 342 73
362 57 356 69
356 64 350 76
410 64 401 70
416 64 407 70
443 64 440 71
450 64 449 71
356 71 349 83
383 71 377 80
389 71 384 81
403 71 395 76
410 71 401 75
416 71 408 77
430 71 423 77
443 71 440 77
450 71 447 77
383 78 376 87
389 78 384 88
403 78 395 82
410 78 403 83
416 78 415 83
423 78 420 82
430 78 427 82
436 78 433 83
443 78 440 83
356 84 348 96
410 84 409 88
416 84 415 89
423 84 420 89
430 84 427 89
436 84 433 89
457 84 456 88
463 84 461 88
470 84 467 88
342 91 335 103
369 91 367 97
383 91 381 96
430 91 428 95
436 91 433 96
443 91 440 96
450 91 448 95
457 91 455 94
463 91 461 94
470 91 467 94
376 98 376 103
416 98 416 101
423 98 421 102
430 98 428 102
436 98 433 102
443 98 440 102
450 98 447 101
457 98 455 101
463 98 461 101
470 98 467 100
477 98 481 109
490 98 481 95
349 105 340 117
396 105 395 128
403 105 401 127
410 105 408 127
416 105 414 127
430 105 429 107
436 105 434 108
443 105 440 107
457 105 454 108
463 105 462 107
477 105 481 114
497 105 488 102
389 111 386 136
396 111 395 135
403 111 402 134
410 111 409 133
416 111 416 134
423 111 421 116
436 111 434 115
443 111 441 115
457 111 456 114
477 111 482 121
362 118 350 130
383 118 380 142
389 118 386 143
403 118 403 141
410 118 409 141
416 118 414 121
423 118 420 122
436 118 436 136
450 118 447 121
490 118 490 123
497 118 495 124
504 118 504 128
349 125 336 143
403 125 403 148
410 125 409 147
423 125 422 128
430 125 428 143
457 125 456 128
490 125 489 128
356 132 342 150
423 132 422 149
430 132 428 148
457 132 455 134
511 132 509 141
416 138 415 156
423 138 422 156
430 138 429 155
436 138 436 161
362 145 349 162
423 145 422 162
430 145 429 161
511 145 508 157
517 145 515 156
342 152 334 168
356 152 347 174
362 152 350 169
423 152 421 168
430 152 428 167
436 152 436 168
511 152 508 168
329 158 322 174
335 158 328 174
356 158 347 180
362 158 354 181
376 158 367 183
436 158 435 175
443 158 442 175
450 158 449 175
329 165 322 181
335 165 328 182
342 165 334 181
349 165 341 181
356 165 349 187
362 165 354 187
430 165 428 181
436 165 434 181
443 165 441 183
450 165 449 181
457 165 455 180
329 172 322 188
335 172 328 187
342 172 334 188
349 172 341 189
376 172 363 189
383 172 369 190
443 172 440 188
450 172 447 188
463 172 462 183
268 179 267 183
302 179 297 189
308 179 303 190
322 179 315 190
329 179 322 193
335 179 329 193
342 179 334 194
349 179 340 195
356 179 348 196
362 179 354 196
376 179 363 195
383 179 370 196
403 179 394 201
463 179 461 188
295 185 291 196
302 185 297 196
322 185 316 197
335 185 328 200
342 185 335 200
356 185 348 201
362 185 354 201
369 185 360 201
389 185 380 208
403 185 395 209
517 185 512 196
261 192 260 196
275 192 273 202
288 192 285 202
295 192 291 203
308 192 303 202
315 192 309 202
335 192 328 206
342 192 335 207
362 192 354 207
369 192 360 207
376 192 367 208
403 192 395 215
261 199 260 206
268 199 266 207
275 199 273 210
281 199 280 209
295 199 291 209
302 199 298 209
308 199 303 208
315 199 309 209
322 199 316 210
329 199 322 210
362 199 355 214
369 199 361 213
376 199 367 214
383 199 373 215
403 199 397 222
517 199 510 211
261 206 260 213
268 206 266 213
275 206 273 214
288 206 285 214
295 206 291 214
302 206 298 215
308 206 303 215
315 206 309 215
322 206 316 217
329 206 323 217
335 206 329 217
342 206 335 217
356 206 348 221
362 206 355 220
369 206 362 220
376 206 368 219
383 206 374 221
389 206 380 221
430 206 421 228
443 206 428 223
261 212 260 219
268 212 266 219
275 212 273 220
281 212 279 221
288 212 287 220
302 212 298 221
308 212 304 221
315 212 309 221
322 212 317 224
329 212 323 224
335 212 329 223
342 212 334 223
349 212 342 227
356 212 349 227
362 212 355 227
369 212 361 227
376 212 368 227
383 212 374 228
389 212 381 228
396 212 388 228
403 212 394 228
450 212 435 229
457 212 443 230
261 219 260 225
268 219 267 226
288 219 284 228
295 219 290 228
302 219 297 228
308 219 304 228
315 219 310 228
322 219 317 230
329 219 323 230
335 219 329 229
342 219 335 230
356 219 349 234
362 219 355 235
369 219 360 235
376 219 368 235
383 219 374 235
389 219 381 234
396 219 387 234
416 219 410 234
423 219 414 235
430 219 420 235
436 219 429 236
275 226 274 233
288 226 284 234
295 226 290 235
302 226 296 235
308 226 303 235
315 226 310 236
322 226 317 236
329 226 323 236
335 226 331 236
342 226 336 237
349 226 341 237
362 226 355 240
369 226 361 240
376 226 369 240
383 226 374 240
389 226 380 241
403 226 394 241
410 226 401 241
416 226 409 240
423 226 414 240
430 226 421 240
436 226 428 241
450 226 435 242
261 233 262 241
268 233 268 240
275 233 274 239
281 233 280 240
295 233 288 241
302 233 295 242
308 233 303 242
315 233 310 242
322 233 317 242
329 233 323 243
335 233 330 243
342 233 336 244
349 233 342 244
356 233 349 244
383 233 375 247
389 233 381 246
396 233 387 248
416 233 409 246
423 233 415 246
430 233 422 246
436 233 428 246
450 233 436 247
268 239 269 246
275 239 275 246
281 239 280 246
295 239 290 248
302 239 296 249
308 239 304 249
315 239 311 248
322 239 317 248
329 239 323 249
335 239 330 249
342 239 336 250
349 239 343 250
356 239 349 250
362 239 356 250
369 239 363 249
376 239 369 253
383 239 375 253
423 239 415 253
275 246 274 252
281 246 279 253
288 246 287 254
302 246 298 255
308 246 304 254
315 246 311 253
322 246 317 254
329 246 323 254
335 246 329 256
342 246 336 256
349 246 343 256
356 246 350 256
362 246 356 256
369 246 363 256
376 246 369 259
389 246 382 257
396 246 389 259
436 246 430 255
275 253 273 259
281 253 280 259
288 253 287 260
295 253 292 260
302 253 299 260
315 253 311 261
322 253 317 260
329 253 324 262
335 253 330 263
342 253 336 263
349 253 342 262
356 253 350 261
362 253 356 261
369 253 364 262
383 253 376 263
389 253 383 263
403 253 395 263
410 253 402 264
416 253 409 264
423 253 415 264
268 260 268 267
281 260 280 266
288 260 287 266
295 260 293 267
302 260 299 267
308 260 307 267
315 260 314 267
335 260 329 268
342 260 336 270
349 260 343 269
356 260 349 268
362 260 357 268
369 260 363 268
376 260 370 268
383 260 376 268
389 260 383 268
396 260 390 268
288 266 287 273
295 266 293 274
302 266 300 274
308 266 307 273
315 266 314 273
322 266 321 274
335 266 330 275
342 266 337 276
349 266 343 276
356 266 350 274
362 266 357 273
369 266 364 274
376 266 370 274
383 266 377 274
389 266 384 274
396 266 390 273
403 266 396 274
410 266 403 274
288 273 287 279
295 273 293 280
302 273 300 280
308 273 307 280
315 273 314 280
322 273 321 280
335 273 330 280
349 273 343 281
356 273 351 280
362 273 357 280
369 273 365 280
376 273 371 281
383 273 377 281
389 273 383 280
396 273 391 279
403 273 397 280
410 273 403 280
416 273 411 280
281 280 283 287
295 280 294 286
302 280 300 286
308 280 307 286
315 280 314 286
322 280 320 286
329 280 326 286
342 280 337 287
356 280 351 286
362 280 357 286
369 280 364 287
376 280 371 287
389 280 384 286
295 287 294 292
308 287 307 292
315 287 314 292
322 287 321 292
369 287 364 292
396 287 393 290
302 293 301 297
369 293 366 296
376 293 373 296
383 293 379 296
389 293 386 296
396 293 392 296
403 293 399 296
308 300 308 303
315 300 315 304
322 300 321 304
329 300 327 303
335 300 333 304
342 300 339 304
356 300 353 303
362 300 360 303
369 300 366 303
376 300 373 303
383 300 379 302
389 300 386 302
396 300 393 301
329 307 328 309
335 307 334 310
342 307 341 310
349 307 347 309
356 307 354 309
362 307 362 308
369 307 369 308
376 307 375 308
383 307 381 307
