396 148 298 99
452 164 319 126
457 164 324 128
412 174 297 126
417 174 303 129
427 174 310 132
412 179 295 132
417 179 300 134
422 179 306 136
457 179 327 145
396 184 270 131
406 184 287 137
412 184 293 138
417 184 299 140
422 184 305 142
508 184 366 159
514 184 371 160
508 189 364 164
396 194 267 145
412 194 290 147
524 194 377 177
396 199 265 153
406 199 286 153
432 199 313 163
396 204 263 160
406 204 285 159
412 204 291 161
519 204 368 179
376 210 219 160
381 210 226 162
401 210 269 162
412 210 283 166
376 215 216 168
381 215 223 168
524 215 372 189
412 230 302 196
417 230 309 198
422 230 316 200
417 235 309 204
381 240 232 209
350 245 178 191
376 256 219 218
381 256 227 222
381 261 224 228
514 266 357 227
360 281 182 229
473 291 295 259
483 291 305 261
468 296 287 263
473 301 291 271
488 301 314 273
503 301 331 285
447 306 263 271
483 306 311 278
498 306 325 282
524 306 385 303
447 312 262 276
462 312 289 279
468 312 280 283
473 312 288 286
478 312 310 286
493 312 329 291
478 317 308 293
508 317 352 313
519 317 372 314
417 322 255 296
447 322 271 293
462 322 285 298
478 322 305 300
483 322 313 301
519 322 370 320
529 322 376 328
457 327 276 303
462 327 284 304
468 327 290 306
473 327 295 308
478 327 300 310
483 327 309 313
488 327 314 314
498 327 326 319
503 327 335 323
508 327 345 326
514 327 354 327
519 327 360 330
524 327 368 333
437 332 259 304
447 332 266 307
457 332 274 310
462 332 280 311
468 332 285 312
483 332 305 320
488 332 312 322
493 332 318 323
498 332 326 325
503 332 337 330
508 332 343 333
514 332 351 333
519 332 358 336
432 337 257 311
442 337 263 314
452 337 269 315
462 337 278 317
493 337 322 331
498 337 329 335
503 337 336 337
508 337 342 338
514 337 348 340
519 337 357 343
478 342 303 329
498 342 327 339
503 342 334 342
508 342 341 345
514 342 348 348
457 347 275 327
478 347 301 336
483 347 307 338
488 347 312 340
493 347 318 342
422 352 246 324
432 352 254 325
437 352 258 327
447 352 265 330
452 352 272 332
462 352 279 336
468 352 285 338
478 352 300 342
483 352 306 344
488 352 312 346
493 352 318 348
498 352 324 350
503 352 330 352
508 352 339 355
422 358 244 329
427 358 249 331
437 358 258 333
442 358 263 334
452 358 270 337
457 358 277 340
468 358 284 343
473 358 296 346
483 358 305 349
488 358 312 351
493 358 317 354
498 358 323 356
503 358 330 358
412 363 238 330
457 363 276 346
462 363 283 348
468 363 288 350
473 363 294 352
483 363 304 355
488 363 310 357
493 363 314 359
442 368 262 345
447 368 268 346
478 368 295 358
