377 175 374 178
381 175 378 178
385 175 381 178
365 195 357 202
353 203 340 217
357 203 346 215
361 207 349 222
365 207 354 219
365 211 354 226
373 215 361 231
393 219 383 232
353 223 340 231
393 223 383 236
349 227 336 236
353 227 341 236
357 227 345 235
337 231 323 248
349 231 336 240
353 231 341 240
357 231 345 240
361 231 349 235
409 231 397 242
353 235 341 245
409 235 396 246
462 235 459 238
466 235 463 238
353 243 344 248
414 243 401 256
418 243 405 256
422 243 410 255
474 243 469 247
333 247 320 257
341 247 328 256
345 247 333 256
418 247 405 260
426 247 417 260
325 252 314 261
333 252 320 261
337 252 324 261
341 252 328 261
325 256 314 265
329 256 318 264
333 256 323 266
345 256 331 265
353 256 350 273
414 256 374 256
426 256 413 273
325 260 315 269
329 260 319 269
333 260 323 269
345 260 332 269
422 260 409 278
438 260 421 269
446 260 430 269
450 260 435 268
329 264 319 273
333 264 323 273
337 264 327 274
349 264 336 273
418 264 408 290
446 264 431 273
333 268 323 277
337 268 327 277
353 268 341 278
389 268 374 277
397 268 385 278
442 268 430 278
478 268 470 264
337 272 328 282
341 272 332 282
349 272 337 282
353 272 341 282
357 272 346 282
365 272 354 282
385 272 374 283
389 272 378 282
397 272 385 283
401 272 389 282
426 272 417 299
357 276 346 286
361 276 350 286
385 276 374 286
389 276 378 286
397 276 385 286
474 276 461 285
349 280 337 288
353 280 341 287
385 280 374 291
389 280 378 291
426 280 418 307
454 280 439 289
458 280 444 289
474 280 461 289
478 280 465 290
365 284 354 294
377 284 366 294
478 284 465 294
365 288 354 298
369 288 358 298
381 288 369 298
385 288 374 299
454 288 438 294
466 288 452 298
470 288 456 299
474 288 460 299
478 288 464 299
369 292 358 302
373 292 362 302
381 292 370 302
401 292 388 302
466 292 452 302
470 292 456 303
373 296 363 306
377 296 370 311
397 296 384 306
401 296 388 306
405 296 396 308
466 296 451 307
470 296 456 307
397 300 384 310
401 300 388 311
442 300 426 302
446 300 430 302
454 300 447 302
462 300 447 311
466 300 451 312
405 304 391 311
409 304 395 312
442 304 425 307
446 304 430 307
450 304 435 307
454 304 447 306
405 308 391 315
409 308 395 316
442 308 425 311
446 308 435 320
450 308 439 320
462 308 448 319
393 312 380 320
397 312 384 321
401 312 388 320
405 312 392 320
409 312 396 321
438 312 422 320
442 312 430 325
405 316 393 325
409 316 397 325
434 316 417 324
438 316 422 324
446 316 434 324
414 320 401 330
422 320 408 329
430 320 413 327
434 320 419 328
438 320 424 329
450 320 438 329
405 324 392 331
418 324 404 334
422 324 408 334
430 324 414 332
434 324 419 333
438 324 423 332
446 324 433 334
430 328 415 336
434 328 419 336
438 328 423 336
442 328 427 337
446 328 432 338
438 332 424 340
442 332 427 340
418 340 414 346
430 340 418 345
434 340 422 346
