327 52 278 58
333 52 286 58
339 52 292 57
345 52 296 57
357 52 303 59
333 58 286 65
339 58 291 63
345 58 296 63
351 58 301 63
333 64 278 69
351 64 303 70
363 64 309 69
345 70 292 75
351 70 303 75
345 76 291 82
351 76 297 82
357 76 308 82
339 82 283 88
345 82 292 88
357 82 308 88
339 88 283 93
345 88 291 93
351 88 297 93
357 88 307 93
333 94 278 95
339 94 284 99
345 94 290 99
351 94 295 98
369 94 315 95
375 100 321 102
387 100 332 101
393 100 346 102
345 106 290 106
363 106 308 108
369 106 316 107
399 106 350 107
339 111 285 112
345 111 290 113
351 111 297 113
357 111 304 113
363 111 308 114
387 111 339 114
393 111 345 114
399 111 350 114
411 111 373 118
417 111 386 122
351 117 297 120
381 117 332 120
387 117 337 120
399 117 350 119
375 123 325 130
381 123 332 125
387 123 337 126
393 123 344 125
399 123 350 125
405 123 356 127
333 129 283 128
375 129 325 136
381 129 332 137
411 129 369 133
333 135 277 136
369 135 319 143
375 135 325 142
393 135 349 142
316 141 245 159
465 147 416 151
321 153 251 173
470 153 423 157
321 159 252 177
387 165 343 167
476 165 428 168
304 189 238 202
482 237 432 247
488 255 437 260
447 284 396 294
321 314 291 324
327 314 297 324
