502 118 526 159
389 124 450 63
507 124 529 172
512 124 534 180
430 129 449 84
445 129 464 103
451 129 468 110
440 134 442 88
502 134 478 129
507 139 506 172
512 139 511 179
517 139 518 186
507 144 501 177
512 144 506 184
507 149 495 180
512 149 500 187
512 154 493 192
517 154 498 199
373 160 404 76
507 160 486 187
512 165 486 198
512 170 480 200
512 185 466 213
368 190 328 135
512 190 471 219
517 190 476 225
517 196 469 230
404 201 385 171
517 201 463 234
415 206 379 136
394 211 339 165
445 211 423 194
440 216 413 192
445 216 417 198
415 221 403 166
425 221 410 176
415 226 396 172
420 226 400 177
420 232 395 183
445 232 448 162
394 237 373 141
440 237 409 133
430 247 387 201
435 252 373 183
440 252 376 188
389 257 333 158
394 262 332 168
430 298 336 229
394 303 328 203
517 309 361 303
384 314 294 188
425 314 320 223
522 314 366 309
379 319 275 186
384 319 278 192
389 319 282 197
394 319 305 213
425 319 313 228
512 319 351 292
430 324 297 228
497 324 332 282
512 324 345 297
517 324 349 302
373 329 260 194
384 329 265 203
497 329 322 282
502 329 331 292
512 329 339 301
517 329 342 307
522 329 361 312
384 334 260 207
394 334 263 211
404 334 268 219
430 334 275 228
435 334 279 234
440 334 283 238
445 334 287 245
451 334 293 252
492 334 312 279
497 334 317 286
502 334 322 291
507 334 327 298
512 334 333 304
517 334 337 310
435 339 274 238
440 339 277 243
445 339 282 249
486 339 301 276
492 339 306 283
497 339 311 289
522 339 352 318
466 345 298 261
502 345 315 298
507 345 321 302
512 345 326 308
