434 52 428 54
440 52 435 54
446 52 440 54
452 52 446 55
459 52 452 56
440 59 433 62
446 59 439 63
452 59 445 62
465 59 462 68
440 65 432 68
452 65 440 67
459 65 445 66
465 65 451 66
403 71 408 67
409 71 413 69
452 71 439 73
459 71 445 73
465 71 450 74
471 71 456 73
397 77 402 72
403 77 408 73
409 77 414 71
496 77 488 87
391 83 396 78
397 83 401 78
465 83 464 100
471 83 470 100
496 83 494 100
502 83 500 100
385 89 390 85
391 89 395 83
397 89 400 84
403 89 407 84
477 89 475 106
483 89 475 101
502 89 500 107
379 96 377 97
385 96 387 92
391 96 394 90
477 96 476 112
514 96 512 112
366 102 365 103
372 102 371 102
379 102 376 103
385 102 388 99
391 102 389 106
502 102 488 107
514 102 513 119
366 108 365 109
372 108 370 109
379 108 375 110
385 108 381 111
489 108 481 117
496 108 486 118
391 114 387 117
496 114 487 124
502 114 494 125
508 114 500 125
514 114 507 126
526 114 522 127
366 120 356 128
397 120 400 123
403 120 406 123
502 120 494 131
508 120 501 132
514 120 507 131
520 120 516 132
526 120 523 133
360 126 350 135
366 126 356 134
403 126 405 129
514 126 510 138
520 126 516 137
533 126 529 138
360 133 351 141
366 133 356 140
391 133 387 140
397 133 393 140
403 133 402 135
409 133 408 135
415 133 414 135
422 133 430 124
428 133 436 124
440 133 455 124
508 133 505 144
514 133 510 144
526 133 518 142
533 133 528 143
366 139 358 147
397 139 395 146
403 139 400 142
409 139 407 142
415 139 413 140
514 139 511 149
520 139 517 151
533 139 528 149
409 145 405 148
415 145 411 147
514 145 510 156
520 145 516 156
526 145 523 156
533 145 528 157
379 151 370 160
385 151 376 160
391 151 382 160
397 151 388 160
514 151 510 162
520 151 516 162
526 151 523 162
533 151 529 163
323 157 312 171
329 157 318 171
366 157 355 177
385 157 376 165
391 157 381 166
397 157 387 167
415 157 406 162
422 157 411 161
459 157 474 147
508 157 507 164
526 157 523 168
311 163 317 158
323 163 311 176
329 163 318 176
335 163 323 176
354 163 338 178
440 163 450 161
502 163 498 172
508 163 504 172
514 163 511 170
520 163 516 173
526 163 522 175
533 163 529 170
298 170 300 170
323 170 311 182
329 170 317 182
335 170 324 182
342 170 330 183
397 170 387 179
403 170 393 179
415 170 406 178
422 170 411 178
465 170 474 163
508 170 503 178
514 170 510 176
533 170 536 170
286 176 282 182
292 176 294 176
298 176 300 176
335 176 323 189
342 176 330 189
348 176 337 189
354 176 343 190
366 176 354 190
372 176 360 190
403 176 392 185
409 176 397 184
415 176 405 185
422 176 411 185
428 176 416 184
434 176 422 184
446 176 448 174
452 176 468 169
514 176 509 188
286 182 288 182
292 182 294 182
348 182 337 195
360 182 348 196
372 182 360 197
379 182 366 197
397 182 380 198
403 182 392 191
409 182 398 189
415 182 404 190
422 182 410 192
428 182 416 192
434 182 422 190
446 182 399 221
452 182 467 174
477 182 492 173
526 182 529 182
274 188 276 189
280 188 281 189
286 188 287 188
372 188 361 204
379 188 368 203
397 188 379 203
403 188 392 196
409 188 398 196
415 188 404 197
434 188 422 198
508 188 490 206
268 194 268 196
274 194 274 195
280 194 280 194
317 194 317 196
403 194 393 204
409 194 399 204
434 194 422 204
440 194 427 205
471 194 484 186
483 194 480 202
508 194 510 194
261 200 262 202
268 200 267 201
397 200 380 210
403 200 393 210
409 200 398 211
440 200 428 211
502 200 503 199
261 206 261 208
268 206 268 207
280 206 273 212
286 206 279 212
360 206 354 209
366 206 361 209
465 206 428 241
261 213 261 214
268 213 266 219
280 213 273 219
286 213 285 225
298 213 298 220
311 213 306 219
317 213 312 219
342 213 331 220
366 213 361 215
372 213 367 215
397 213 432 180
446 213 436 225
452 213 442 225
471 213 435 246
268 219 267 225
280 219 274 225
292 219 287 230
323 219 317 225
372 219 374 220
385 219 380 222
415 219 455 185
446 219 436 230
452 219 442 231
459 219 447 231
465 219 453 231
471 219 434 252
268 225 268 231
280 225 275 233
286 225 281 236
292 225 287 236
298 225 293 236
305 225 298 238
311 225 305 232
342 225 329 234
372 225 366 228
379 225 374 227
385 225 379 227
446 225 436 236
452 225 442 236
465 225 452 235
477 225 479 222
298 231 292 243
305 231 297 245
311 231 304 245
323 231 318 239
329 231 322 239
379 231 373 234
385 231 378 233
391 231 390 228
397 231 397 227
280 237 280 243
292 237 287 246
311 237 303 250
317 237 309 250
323 237 317 245
329 237 322 245
366 237 366 235
385 237 385 235
391 237 391 233
286 243 286 249
298 243 291 251
305 243 297 252
317 243 310 257
342 243 336 244
348 243 341 244
366 243 367 241
372 243 372 241
379 243 378 240
391 243 383 246
415 243 410 249
446 243 441 247
298 250 291 258
305 250 296 258
311 250 303 258
317 250 309 263
335 250 330 252
342 250 336 250
348 250 341 251
354 250 348 252
366 250 366 248
372 250 371 247
342 256 335 258
354 256 347 258
360 256 354 258
366 256 365 253
372 256 371 252
348 262 341 263
354 262 347 263
366 262 364 259
317 268 308 277
354 268 347 269
366 268 360 269
434 268 408 285
342 274 334 284
348 274 340 284
372 274 366 277
360 280 351 285
366 280 358 285
372 280 365 285
379 280 367 289
391 280 385 285
397 280 390 285
342 287 328 289
348 287 336 291
354 287 346 294
366 287 358 292
385 287 378 291
391 287 383 291
397 287 389 291
323 293 322 294
360 293 352 301
366 293 358 300
372 293 364 298
379 293 370 298
366 317 365 313
366 324 364 318
372 324 369 318
