444 55 343 129
444 61 348 134
481 67 387 118
462 79 369 135
500 79 376 118
425 98 356 158
487 98 365 134
493 110 406 135
432 116 376 159
506 116 440 132
512 116 445 130
518 116 453 128
500 123 437 138
512 123 448 133
530 129 448 124
432 135 408 188
512 141 459 142
333 147 339 271
370 147 371 198
345 153 355 261
401 153 373 207
407 153 377 203
327 160 350 289
333 160 353 273
339 160 358 269
345 160 362 265
401 160 378 212
407 160 381 207
462 166 435 223
462 172 440 227
469 172 444 222
401 178 386 217
462 178 445 231
302 184 355 318
271 190 332 338
277 190 337 336
302 190 361 325
394 190 391 226
357 197 381 298
289 209 413 346
450 209 332 195
283 215 413 355
289 215 417 351
296 215 420 344
302 215 423 339
370 215 390 255
296 221 425 351
308 221 431 338
327 221 377 323
370 221 392 259
289 228 424 357
351 228 416 315
419 234 330 237
425 234 334 232
283 246 339 354
327 246 375 345
333 246 378 341
283 252 344 359
320 252 374 352
327 252 379 348
333 277 387 358
357 277 453 340
364 277 457 334
357 283 458 345
364 283 462 338
370 283 466 336
364 314 458 355
370 320 463 351
376 320 467 346
357 326 463 359
370 326 468 353
