373 138 280 107
378 138 286 107
394 138 302 109
399 138 304 112
394 148 295 120
363 164 272 119
384 169 273 129
389 169 278 130
363 174 248 128
368 174 255 129
373 174 267 133
378 174 271 134
410 174 301 142
425 174 301 136
363 179 249 132
373 179 266 140
378 179 271 141
384 179 276 142
394 179 284 142
399 179 289 142
410 179 299 148
430 179 306 142
368 184 254 145
373 184 265 146
378 184 271 146
384 184 276 147
389 184 281 148
316 190 161 151
337 190 189 148
363 190 248 150
368 190 253 151
373 190 259 151
384 190 276 153
321 195 172 150
326 195 177 151
363 195 248 155
368 195 253 156
373 195 258 157
389 195 277 163
394 195 281 164
326 200 178 157
373 200 258 162
378 200 263 163
389 200 276 168
373 205 259 168
378 205 264 169
384 205 271 170
368 221 253 178
280 231 131 183
326 242 192 210
342 242 204 206
274 247 128 193
342 247 204 212
274 252 128 201
420 252 304 191
451 257 322 254
472 257 338 259
410 262 297 194
451 262 322 259
456 262 327 260
316 268 180 216
420 268 290 216
462 268 328 265
467 268 333 267
472 268 338 267
477 268 344 267
316 273 180 221
420 273 289 221
467 273 333 272
472 273 338 273
477 273 343 273
389 278 266 217
436 278 306 223
451 278 315 270
456 278 322 271
467 278 331 277
472 278 337 278
477 278 342 278
378 283 256 220
404 283 266 234
451 283 314 275
456 283 321 276
462 283 327 277
477 283 325 231
404 288 266 238
410 288 271 239
441 288 298 275
451 288 314 281
456 288 320 282
462 288 326 283
467 288 332 283
472 288 338 284
477 288 343 284
425 294 281 266
441 294 297 280
462 294 326 287
467 294 332 288
472 294 336 289
477 294 342 290
332 299 196 238
462 299 325 293
467 299 331 293
477 299 342 294
378 304 230 253
420 304 275 277
456 304 319 295
462 304 325 298
467 304 331 299
441 309 289 297
462 309 325 304
467 309 330 305
477 309 343 302
378 314 216 276
415 314 262 290
441 314 296 304
378 320 217 281
420 320 274 301
436 320 291 308
451 320 311 312
456 320 319 312
472 320 341 306
337 325 183 280
342 325 189 281
347 325 194 281
352 325 200 284
373 325 215 286
399 325 237 299
404 325 243 300
430 325 285 313
436 325 290 314
451 325 317 316
467 325 336 312
472 325 341 311
347 330 193 290
352 330 198 291
358 330 204 291
363 330 211 292
378 330 217 292
394 330 232 299
404 330 243 306
410 330 250 307
430 330 285 318
436 330 290 320
441 330 295 321
462 330 323 324
467 330 335 318
472 330 340 317
352 335 197 297
368 335 209 298
378 335 216 300
384 335 221 303
389 335 226 304
404 335 250 311
420 335 266 319
436 335 289 325
446 335 299 327
467 335 329 327
363 340 203 308
368 340 209 309
373 340 209 305
378 340 215 309
384 340 222 310
389 340 231 312
399 340 242 316
441 340 289 332
446 340 295 333
363 346 202 313
368 346 208 314
378 346 216 316
384 346 222 317
389 346 230 318
394 346 236 321
399 346 242 322
404 346 248 322
430 346 276 336
441 346 288 337
446 346 294 339
451 346 299 339
462 346 322 334
363 351 202 319
378 351 219 324
389 351 231 326
394 351 236 327
399 351 241 329
404 351 248 329
420 351 264 337
430 351 276 341
456 351 316 339
363 356 201 326
368 356 207 327
373 356 213 329
378 356 220 330
389 356 230 333
394 356 236 334
399 356 241 335
404 356 248 336
441 356 299 344
446 356 304 345
368 361 205 334
373 361 212 335
378 361 219 338
384 361 223 339
389 361 229 340
394 361 235 341
399 361 241 342
404 361 247 343
420 361 264 348
441 361 299 349
384 366 228 351
394 366 234 349
404 366 247 348
430 366 287 354
