392 283 350 126
392 288 349 129
388 292 334 133
392 292 338 134
383 297 331 138
388 297 334 137
392 297 338 137
419 297 359 137
388 301 335 142
419 301 359 140
446 301 390 142
388 306 342 145
415 306 357 145
419 306 360 145
442 306 385 146
446 306 389 146
451 306 394 146
406 310 358 153
415 310 358 149
433 310 374 150
451 310 394 151
388 315 338 153
406 315 358 157
410 315 362 157
428 315 370 154
442 315 385 155
455 315 400 156
388 319 337 157
397 319 341 157
428 319 371 158
437 319 380 158
446 319 390 159
361 324 318 164
383 324 331 162
392 324 338 162
397 324 341 162
401 324 344 162
424 324 366 162
428 324 370 162
437 324 379 162
361 328 318 168
374 328 325 165
383 328 331 166
392 328 338 167
397 328 341 167
401 328 344 166
406 328 349 166
410 328 352 166
415 328 357 166
424 328 364 166
428 328 368 166
442 328 384 167
374 333 325 169
383 333 330 169
388 333 334 170
397 333 341 171
401 333 344 170
406 333 349 169
410 333 353 169
419 333 361 170
424 333 365 170
428 333 368 170
433 333 373 170
437 333 378 171
388 337 334 174
397 337 342 174
401 337 345 174
415 337 357 174
419 337 360 174
424 337 365 175
433 337 373 175
451 337 403 187
374 342 325 180
379 342 328 180
388 342 334 178
392 342 337 178
401 342 345 178
406 342 349 178
410 342 353 178
415 342 357 178
419 342 361 178
424 342 365 179
451 342 403 192
455 342 408 191
460 342 413 190
374 346 325 184
388 346 334 182
392 346 338 182
397 346 342 182
410 346 352 182
415 346 357 182
419 346 361 183
424 346 365 183
437 346 376 183
379 351 329 186
392 351 337 186
397 351 340 186
401 351 344 186
406 351 352 186
415 351 356 185
419 351 360 186
424 351 364 187
428 351 369 186
433 351 373 187
455 351 405 199
460 351 413 198
392 355 337 190
401 355 344 190
419 355 360 189
424 355 364 190
428 355 369 190
455 355 404 203
460 355 411 203
392 360 337 194
415 360 356 194
419 360 360 194
428 360 369 194
455 360 404 208
392 364 337 198
401 364 344 198
406 364 347 198
410 364 352 198
415 364 356 197
419 364 360 198
424 364 365 198
428 364 369 197
455 364 404 211
460 364 411 211
406 369 348 202
415 369 356 202
419 369 361 202
424 369 365 203
442 369 383 205
455 369 400 208
392 373 340 206
406 373 348 205
410 373 351 205
415 373 356 206
419 373 360 207
374 377 325 210
383 377 332 210
388 377 336 210
392 377 340 209
406 377 348 208
410 377 351 209
451 377 393 214
455 377 399 215
460 377 403 215
464 377 415 219
370 382 320 216
388 382 337 213
401 382 344 213
406 382 348 212
460 382 403 220
464 382 415 223
370 386 320 220
388 386 337 217
392 386 340 217
406 386 351 214
446 386 388 219
451 386 395 223
460 386 403 223
366 391 316 224
383 391 337 220
442 391 380 218
460 391 403 229
464 391 408 230
388 395 345 225
442 395 379 221
455 395 395 231
357 400 312 231
379 409 324 237
383 409 327 236
388 409 331 236
397 409 336 236
401 409 340 236
406 409 344 236
464 409 406 244
366 413 315 240
392 413 332 240
419 413 355 245
374 418 319 244
379 418 323 244
424 418 358 246
428 418 363 246
451 418 387 250
455 418 394 251
460 418 399 251
464 418 404 252
374 422 320 248
424 422 358 249
428 422 362 249
433 422 366 249
451 422 387 254
455 422 394 254
374 427 320 252
415 427 350 252
419 427 354 253
424 427 358 253
428 427 362 253
433 427 366 253
451 427 386 258
455 427 394 258
374 431 320 256
415 431 350 256
419 431 354 256
424 431 359 257
428 431 363 257
446 431 383 262
410 436 346 260
415 436 350 260
419 436 354 261
424 436 358 260
446 436 383 266
410 440 346 264
415 440 350 265
419 440 355 265
428 440 363 265
388 445 326 268
392 445 330 269
379 449 331 276
383 449 335 276
