533 134 398 95
508 140 387 120
514 140 390 115
466 146 374 156
472 146 377 150
484 146 380 143
490 146 383 136
502 146 388 129
508 146 391 123
533 146 405 99
435 152 361 191
466 152 382 153
417 159 354 211
423 159 357 206
454 159 377 167
460 159 381 161
472 159 392 151
429 165 372 205
484 165 410 151
381 171 356 238
478 171 408 158
496 171 420 148
326 177 333 292
381 177 363 241
387 177 366 235
393 177 368 229
454 177 392 185
460 177 395 177
466 177 399 169
271 183 308 338
277 183 312 332
289 183 316 325
296 183 320 319
314 183 328 307
320 183 331 300
344 183 345 274
350 183 348 267
356 183 352 262
362 183 355 254
369 183 357 249
448 183 394 192
454 183 397 187
472 183 411 163
320 189 335 302
326 189 339 297
344 189 348 282
350 189 352 278
362 189 360 258
369 189 362 252
399 189 374 232
271 195 315 342
277 195 319 335
283 195 322 330
362 195 366 261
369 195 368 254
387 195 373 246
393 195 376 241
417 195 385 230
423 195 390 222
460 195 411 183
466 195 415 176
472 195 420 168
484 195 426 159
271 201 320 345
277 201 324 338
296 201 333 324
332 201 350 292
362 201 373 265
381 201 379 250
399 201 386 238
417 201 392 234
441 201 408 199
448 201 411 194
466 201 421 180
472 201 426 173
478 201 428 167
484 201 431 162
490 201 433 156
496 201 437 149
271 207 327 348
277 207 331 342
289 207 335 333
296 207 338 327
320 207 349 309
362 207 379 269
369 207 381 262
393 207 386 245
405 207 396 225
472 207 431 174
484 207 435 165
496 207 441 158
271 213 332 352
277 213 336 345
326 213 354 303
332 213 356 298
381 213 388 256
393 213 392 247
411 213 408 227
448 213 424 200
466 213 429 177
484 213 441 168
496 213 447 162
356 219 385 279
362 219 389 273
375 219 390 264
381 219 394 258
393 219 398 251
271 225 340 358
283 225 345 348
326 225 373 312
332 225 376 306
338 225 380 301
344 225 384 295
350 225 387 289
356 225 390 283
362 225 395 277
375 225 396 267
381 225 398 261
417 225 418 230
283 232 351 352
332 232 381 309
362 232 399 280
369 232 402 274
381 232 407 266
387 232 408 258
423 232 428 227
448 232 439 206
454 232 443 200
460 232 445 195
496 232 450 164
502 232 454 158
283 238 357 355
289 238 361 350
362 238 404 287
369 238 406 279
375 238 410 273
381 238 412 268
387 238 415 262
496 238 457 168
277 244 361 364
283 244 364 358
289 244 367 352
296 244 371 348
356 244 406 298
369 244 414 281
381 244 419 270
454 244 454 208
277 250 367 369
283 250 372 362
289 250 374 356
296 250 377 350
320 250 386 337
326 250 388 331
332 250 391 324
338 250 384 319
362 250 415 294
369 250 420 287
381 250 425 274
277 256 373 374
283 256 378 366
289 256 379 359
302 256 383 351
308 256 387 347
320 256 391 341
326 256 394 335
289 262 386 363
320 262 397 344
338 262 399 321
362 262 427 301
369 262 431 293
320 268 405 347
326 268 409 342
332 268 401 331
344 268 421 321
375 268 437 289
381 268 440 283
387 268 444 278
283 274 393 378
289 274 399 371
296 274 403 366
302 274 406 358
314 274 410 350
326 274 415 344
332 274 419 338
344 274 426 325
308 280 409 366
314 280 414 353
