428 75 399 101
463 89 420 109
449 103 416 124
519 110 478 117
442 117 425 136
512 117 474 125
512 124 475 132
435 131 422 145
442 131 428 144
498 131 467 136
498 139 469 141
505 139 474 141
407 146 401 153
414 146 409 154
421 146 415 153
435 146 422 151
379 153 382 167
449 153 438 155
386 160 384 173
393 160 391 170
442 160 430 162
449 160 440 161
393 167 391 179
428 167 421 167
386 174 387 188
400 174 400 177
379 181 381 194
393 181 394 187
400 181 400 185
414 181 414 182
435 181 426 178
379 188 382 201
386 188 389 194
393 188 395 193
400 188 401 191
407 188 408 190
414 188 414 188
442 188 436 184
379 195 384 206
386 195 391 205
393 195 396 200
400 195 402 198
407 195 411 195
414 195 416 193
442 195 437 191
456 195 446 189
379 202 385 213
393 202 399 205
400 202 405 202
421 202 424 194
428 202 430 191
442 202 439 197
463 202 453 200
393 209 401 210
407 209 413 204
414 209 418 204
421 209 425 202
442 209 441 203
456 209 448 210
470 209 463 200
379 216 388 222
386 216 395 219
400 216 408 211
414 216 421 209
421 216 427 208
428 216 434 207
463 216 460 207
358 223 375 224
372 223 384 230
393 223 403 219
428 223 434 213
435 223 437 217
442 223 443 217
449 223 449 215
343 230 367 233
393 230 405 226
407 230 417 222
414 230 423 220
435 230 438 231
442 230 444 223
456 230 457 220
336 237 363 240
350 237 371 237
358 237 376 237
365 237 383 236
372 237 389 234
386 237 400 233
393 237 407 231
400 237 413 229
414 237 424 228
336 244 365 246
358 244 378 244
365 244 384 243
372 244 391 241
379 244 397 240
386 244 403 238
400 244 414 235
407 244 419 235
414 244 425 235
358 251 379 250
372 251 392 249
379 251 399 248
400 251 415 242
407 251 419 242
414 251 426 240
442 251 452 235
350 258 376 252
358 258 381 256
379 258 401 253
386 258 406 251
400 258 416 248
407 258 422 248
336 265 363 263
343 265 370 262
372 265 394 253
393 265 410 257
400 265 417 255
407 265 423 254
358 272 382 265
372 272 397 260
379 272 403 266
393 272 411 264
400 272 418 262
407 272 425 261
315 279 341 292
372 286 399 279
379 286 405 277
393 286 414 272
407 286 432 269
414 286 438 267
421 286 445 266
428 286 450 250
407 293 433 275
414 293 439 274
365 307 397 296
414 307 439 289
421 307 446 288
407 315 433 301
301 322 340 320
308 322 340 328
343 322 376 329
407 322 434 308
287 329 327 337
358 329 390 325
400 329 428 317
386 336 416 334
280 343 318 352
287 343 330 350
294 343 338 348
407 343 432 339
329 350 373 348
343 350 384 347
358 350 394 345
336 357 380 353
343 357 386 353
372 357 407 350
386 357 420 348
315 364 355 365
322 364 361 364
343 364 389 360
358 371 397 364
379 371 417 356
358 378 398 371
