372 83 350 181
430 102 359 194
468 102 456 160
487 102 480 147
493 109 489 153
519 109 516 139
360 115 356 253
506 115 503 156
512 115 511 148
519 115 517 146
334 121 307 228
366 121 403 259
506 121 505 163
500 128 499 170
506 128 506 168
512 128 512 164
544 128 538 143
436 134 425 261
442 134 433 258
487 134 491 195
525 134 525 153
531 134 532 151
544 134 541 148
430 140 418 271
436 140 426 269
449 140 439 259
487 140 492 205
500 140 506 199
519 140 524 174
525 140 530 172
557 140 555 154
436 147 428 275
519 147 525 182
525 147 534 179
544 147 549 192
557 153 559 167
442 159 428 283
449 159 436 281
500 159 514 204
557 159 561 174
436 166 424 293
442 166 431 291
449 166 438 288
500 166 516 211
506 166 523 206
512 166 509 251
538 166 548 184
557 166 561 182
436 172 424 299
442 172 431 296
449 172 438 294
455 172 420 203
462 172 426 203
481 172 476 265
487 172 455 204
506 172 470 203
512 172 532 212
557 172 565 193
385 178 384 313
430 178 418 307
436 178 425 305
442 178 432 302
481 178 476 272
500 178 465 209
519 178 522 246
271 185 298 282
423 185 413 316
430 185 421 313
436 185 427 311
442 185 434 308
474 185 471 282
481 185 478 279
493 185 509 243
512 185 518 254
519 185 525 252
531 185 537 247
538 185 544 244
551 185 560 206
557 185 566 204
430 191 422 319
449 191 443 309
474 191 472 288
500 191 526 226
506 191 513 264
525 191 531 255
531 191 539 253
551 191 561 211
557 191 568 210
283 198 306 279
449 198 445 316
481 198 480 286
512 198 519 265
519 198 525 263
525 198 531 262
531 198 540 259
551 198 563 218
557 198 569 217
271 204 299 288
436 204 411 234
442 204 418 234
468 204 453 226
474 204 474 295
506 204 514 272
512 204 519 270
525 204 533 267
436 210 413 243
442 210 419 242
449 210 425 238
462 210 457 313
551 210 564 225
557 210 572 225
290 217 312 292
442 217 421 250
449 217 427 248
474 217 476 302
506 217 516 279
519 217 525 277
525 217 531 275
551 217 572 231
283 223 309 300
290 223 313 299
360 223 363 324
462 223 464 310
468 223 471 309
493 223 533 248
544 223 566 238
277 229 309 307
290 229 315 305
551 229 573 239
366 236 373 323
372 236 379 322
296 242 325 318
296 255 328 326
366 255 369 310
372 255 375 309
474 261 549 264
500 261 536 274
481 274 517 291
322 280 376 352
372 293 414 352
379 293 420 350
392 293 427 348
404 293 442 345
360 299 403 363
392 299 429 357
