436 128 404 264
551 134 557 171
430 140 402 282
442 140 414 272
557 140 549 150
436 147 411 285
442 147 415 279
500 147 490 213
551 153 546 166
442 159 413 293
436 166 408 303
442 166 420 300
449 166 428 297
506 166 511 204
512 166 518 201
538 166 535 180
436 172 409 309
500 172 507 212
506 172 514 208
512 172 521 207
538 172 537 185
551 172 545 189
500 178 509 216
519 178 514 239
525 178 522 238
531 178 529 237
436 185 418 317
442 185 424 313
455 185 437 303
500 185 505 234
519 185 516 248
525 185 522 246
531 185 530 241
436 191 419 323
449 191 434 313
512 191 511 257
519 191 517 253
557 191 564 201
442 198 427 322
525 198 526 254
531 198 534 250
538 198 539 248
481 204 473 290
512 204 514 264
519 204 520 263
525 204 527 259
531 204 534 255
538 204 542 253
462 210 450 313
500 210 507 265
474 217 470 300
493 217 494 284
506 217 514 271
519 217 522 268
500 223 508 273
544 223 560 227
468 229 466 311
