332 144 311 295
332 148 316 296
422 165 385 191
450 169 404 163
377 181 379 244
320 185 349 322
373 185 382 252
377 185 385 247
320 189 356 326
348 189 366 296
377 189 391 251
316 193 360 334
320 193 361 328
348 193 372 297
414 202 417 216
361 206 395 278
401 206 419 232
410 206 421 225
414 206 423 219
336 210 375 306
361 210 398 280
405 210 426 228
328 214 377 321
336 214 381 308
397 214 426 235
299 218 378 358
328 218 382 323
299 222 383 360
295 226 387 367
299 226 389 361
308 226 392 353
328 226 390 326
308 234 400 356
312 234 400 350
316 234 396 344
332 234 403 325
336 234 406 318
357 234 430 273
308 238 405 359
312 238 406 352
316 238 403 346
308 242 411 362
312 242 412 355
316 242 410 349
324 242 411 340
328 242 413 335
340 246 430 327
426 246 486 204
324 250 425 348
