422 44 346 106
329 90 298 183
336 90 311 177
343 90 317 176
316 97 290 201
329 97 301 190
343 97 320 181
329 104 309 187
336 104 314 185
329 124 317 208
329 130 318 215
529 137 473 136
535 137 479 134
482 144 448 154
349 150 342 230
542 150 532 143
542 157 534 152
549 157 540 149
535 163 531 162
542 163 537 161
349 183 356 265
356 190 366 269
575 197 550 146
562 210 543 195
575 210 554 152
303 217 343 295
323 217 363 284
329 217 370 281
575 217 556 158
575 223 561 198
383 230 408 275
369 236 401 280
396 236 422 270
402 236 428 267
422 236 442 262
509 236 519 215
549 236 547 220
363 243 397 288
369 243 404 286
376 243 412 283
389 243 419 279
396 243 425 278
402 243 431 274
422 243 445 268
436 243 454 265
509 243 516 222
515 243 524 221
376 250 413 289
389 250 422 286
502 250 512 231
509 250 518 228
515 250 525 227
522 250 531 225
376 256 415 295
383 256 421 293
396 256 428 289
416 256 441 279
475 256 494 248
482 256 500 246
509 270 525 243
542 270 549 225
549 270 554 222
542 276 552 232
449 303 497 279
