416 37 365 45
422 37 373 45
409 44 363 51
436 44 380 50
409 51 366 59
416 51 372 59
343 64 299 85
349 64 305 86
369 64 318 88
383 64 310 76
389 64 317 74
409 64 368 65
436 64 389 71
449 64 398 71
329 70 277 96
336 70 282 96
343 70 299 92
349 70 304 93
416 70 376 72
436 70 378 86
442 70 393 78
323 77 272 103
329 77 278 102
336 77 283 102
343 77 299 99
356 77 305 99
416 77 376 79
436 77 384 86
449 77 399 83
329 84 280 110
336 84 292 105
343 84 299 106
442 84 392 91
449 84 401 90
462 84 411 110
469 84 418 111
329 90 280 118
336 90 294 113
343 90 300 114
383 90 333 129
469 90 420 116
475 90 427 116
303 97 265 112
309 97 272 112
329 97 281 130
383 97 334 137
469 97 421 123
475 97 428 123
303 104 266 120
396 104 348 171
296 110 256 149
309 110 274 126
376 110 329 148
383 110 334 152
396 110 349 178
462 110 411 146
475 110 432 144
436 117 391 115
469 117 415 148
469 124 417 160
475 124 432 153
329 130 291 153
343 130 301 159
349 130 308 157
462 130 412 168
522 130 452 83
329 137 291 161
343 137 303 166
349 137 308 169
422 137 385 131
469 137 419 169
475 137 426 167
482 137 434 167
495 137 445 155
509 137 454 154
323 144 287 166
329 144 295 168
336 144 297 173
416 144 380 137
462 144 413 178
469 144 420 177
475 144 428 175
489 144 441 158
522 144 453 90
529 144 459 90
542 144 513 101
549 144 519 101
323 150 288 173
329 150 294 178
343 150 305 180
416 150 380 144
456 150 406 187
482 150 434 175
529 150 459 94
555 150 529 115
562 150 537 114
303 157 272 177
316 157 281 177
323 157 290 180
336 157 299 186
343 157 298 195
389 157 363 146
409 157 374 147
456 157 406 192
482 157 435 181
562 157 536 121
316 163 282 188
323 163 290 188
462 163 414 198
489 163 445 180
535 163 503 146
542 163 510 145
549 163 520 146
555 163 526 145
562 163 537 129
309 170 276 193
316 170 282 195
323 170 290 196
369 170 325 213
389 170 360 156
396 170 367 156
409 170 374 160
482 170 437 188
489 170 445 188
522 170 485 174
529 170 497 156
542 170 511 152
549 170 520 152
555 170 527 152
303 177 271 198
309 177 277 200
316 177 284 202
323 177 291 203
469 177 425 204
475 177 431 203
482 177 439 194
489 177 446 195
515 177 471 182
542 177 508 171
549 177 514 172
555 177 528 158
562 177 535 157
575 177 551 154
303 183 272 206
309 183 279 206
316 183 286 209
422 183 376 211
429 183 384 209
449 183 405 215
462 183 414 216
489 183 446 202
509 183 465 189
515 183 472 188
529 183 494 181
535 183 502 178
542 183 509 177
549 183 516 177
555 183 523 176
303 190 273 213
309 190 280 213
316 190 287 217
363 190 325 227
422 190 376 218
429 190 383 219
436 190 392 223
442 190 399 222
449 190 404 222
462 190 413 222
469 190 421 221
475 190 432 211
482 190 441 203
515 190 475 196
522 190 487 188
529 190 496 186
535 190 503 184
542 190 510 183
549 190 517 182
555 190 524 181
562 190 532 180
575 190 550 166
343 197 313 228
349 197 318 229
389 197 348 230
422 197 377 228
429 197 386 230
442 197 399 229
449 197 404 229
469 197 427 218
475 197 432 218
482 197 440 216
489 197 448 216
495 197 456 206
502 197 463 205
509 197 470 206
515 197 482 188
535 197 504 190
549 197 517 188
555 197 525 187
562 197 533 187
575 197 550 173
309 203 281 232
316 203 288 232
329 203 304 231
343 203 314 234
349 203 320 234
363 203 328 234
369 203 334 233
436 203 392 234
462 203 421 225
469 203 427 225
475 203 434 223
482 203 442 222
489 203 449 221
502 203 464 212
509 203 470 211
515 203 477 211
522 203 488 193
535 203 499 201
542 203 511 193
549 203 518 195
555 203 524 195
575 203 547 179
303 210 276 236
316 210 291 239
323 210 297 240
329 210 305 239
429 210 385 242
436 210 393 241
442 210 400 238
456 210 413 235
522 210 486 209
529 210 493 208
535 210 500 206
542 210 512 199
555 210 526 202
568 210 539 185
575 210 548 186
323 217 299 245
329 217 304 245
336 217 311 245
343 217 320 243
389 217 362 229
429 217 387 248
436 217 394 248
442 217 400 247
449 217 407 243
462 217 423 233
469 217 430 233
475 217 436 233
482 217 442 231
489 217 449 231
495 217 457 231
515 217 479 220
522 217 485 218
529 217 493 215
549 217 521 206
575 217 548 193
436 223 395 254
442 223 400 252
456 223 417 242
462 223 424 239
469 223 430 239
475 223 436 239
495 223 459 236
509 223 473 226
515 223 480 225
522 223 485 224
535 223 501 215
542 223 508 213
549 223 521 213
555 223 528 212
575 223 551 201
329 230 316 251
336 230 322 250
349 230 342 239
449 230 410 250
462 230 425 246
482 230 446 237
489 230 453 237
502 230 466 235
529 230 494 224
535 230 502 222
542 230 508 223
549 230 517 222
555 230 529 219
383 236 365 242
389 236 373 241
396 236 380 240
469 236 432 249
475 236 439 246
482 236 447 243
489 236 453 242
495 236 458 243
502 236 466 242
515 236 482 233
522 236 487 233
529 236 494 232
535 236 503 229
542 236 509 229
549 236 516 228
562 236 543 207
376 243 359 252
383 243 365 251
389 243 373 249
396 243 381 248
469 243 432 255
475 243 439 253
515 243 483 238
522 243 488 238
529 243 496 237
535 243 502 237
542 243 509 236
549 243 517 235
555 243 523 235
568 243 539 231
376 250 360 259
383 250 367 258
389 250 375 256
396 250 383 254
402 250 388 255
482 250 448 253
489 250 454 252
495 250 461 251
502 250 468 249
522 250 489 244
529 250 497 243
549 250 518 242
555 250 524 242
562 250 543 216
376 256 361 265
383 256 369 263
389 256 375 262
396 256 381 262
402 256 387 261
409 256 395 260
482 256 448 258
489 256 455 259
495 256 462 258
502 256 468 257
509 256 478 249
515 256 485 248
535 256 506 245
542 256 512 245
555 256 538 223
356 263 340 276
363 263 347 275
383 263 369 270
389 263 375 269
396 263 382 268
402 263 389 268
509 263 477 256
515 263 484 254
522 263 491 254
529 263 499 252
542 263 512 250
549 263 530 231
343 270 334 283
349 270 341 282
356 270 348 282
442 270 443 267
502 270 470 263
509 270 476 261
515 270 483 260
522 270 492 259
542 270 519 249
389 276 390 275
