298 121 308 144
314 121 331 143
360 126 370 144
293 131 304 155
340 136 338 158
454 136 456 145
459 136 463 145
500 136 520 141
371 141 384 159
490 141 509 147
495 141 514 147
500 141 520 146
505 141 527 145
340 147 363 172
360 147 340 176
454 147 463 157
485 147 504 154
490 147 510 154
495 147 515 152
500 147 521 151
505 147 528 149
314 152 334 177
428 152 466 168
438 152 441 166
485 152 505 164
309 157 329 182
366 157 380 177
329 162 351 181
335 162 357 184
376 162 393 187
407 162 427 177
464 162 495 176
480 167 501 180
480 173 501 187
485 173 513 186
371 178 363 242
376 178 370 241
407 178 457 193
423 178 444 188
371 183 363 248
376 183 370 248
386 183 377 200
397 183 417 201
423 183 445 194
407 188 383 206
443 188 434 200
480 188 513 231
278 193 300 191
360 198 345 221
381 198 353 230
397 198 414 219
402 198 380 223
459 198 487 211
480 198 514 209
485 198 521 208
505 198 541 230
350 204 383 245
355 204 338 229
480 204 514 215
485 204 521 215
490 204 526 213
495 204 532 207
500 204 536 235
505 204 540 236
371 209 328 233
474 209 507 238
485 209 522 221
490 209 528 220
490 214 529 224
495 214 534 218
288 219 307 253
366 219 337 262
485 219 520 259
340 224 373 286
407 224 445 250
423 224 436 257
428 224 430 275
272 230 294 267
288 230 308 266
345 230 339 290
490 230 525 242
272 235 294 274
278 235 300 276
283 235 305 277
288 235 311 275
340 235 341 295
283 240 305 281
288 240 311 281
417 240 443 285
454 240 462 253
495 240 536 241
500 240 541 239
474 245 499 273
495 245 536 247
303 250 518 288
454 255 467 286
485 255 516 282
490 266 524 281
