419 66 375 116
424 66 380 114
436 66 390 105
407 72 369 123
419 72 376 123
419 77 377 128
419 83 378 133
436 88 392 118
464 94 443 128
458 105 442 145
407 111 370 146
407 117 371 151
447 117 426 155
436 122 411 165
481 122 456 154
486 122 461 153
379 128 355 162
441 128 419 170
486 128 463 159
379 134 356 169
396 134 370 163
441 134 421 181
458 134 437 171
492 134 469 162
391 139 366 171
458 139 438 177
430 145 418 193
447 145 428 187
453 145 434 185
469 145 445 180
475 145 449 179
402 151 370 170
447 151 429 192
453 151 434 190
458 151 441 188
447 156 430 196
475 156 458 189
453 162 433 203
464 162 446 203
469 162 450 203
453 167 434 209
458 167 440 207
430 173 414 200
430 179 416 211
351 184 339 214
357 184 345 213
430 184 418 217
436 184 424 215
441 184 430 214
447 184 435 213
351 190 341 220
357 190 347 218
436 190 425 220
441 190 431 220
357 196 349 224
385 196 373 228
391 196 379 226
396 196 385 225
407 196 401 221
413 196 407 220
357 201 351 228
374 201 369 236
385 201 374 234
391 201 382 232
396 201 387 230
407 201 404 228
413 201 409 225
430 201 422 229
385 207 376 239
391 207 383 237
396 207 387 236
407 207 405 232
413 207 410 231
430 207 423 234
464 207 459 213
469 207 464 210
475 207 468 210
402 213 392 237
481 213 477 213
379 218 377 246
385 218 382 245
402 218 394 243
419 218 405 239
464 218 460 221
481 218 473 217
385 224 383 250
391 224 389 248
402 224 397 248
407 224 404 247
419 224 406 245
464 224 461 225
481 224 475 223
357 229 362 255
396 229 393 254
402 229 399 253
407 229 405 252
413 229 411 251
419 229 416 252
458 229 458 230
464 229 462 230
351 235 358 261
385 235 387 255
402 235 400 258
407 235 406 258
413 235 410 256
385 241 388 260
391 241 392 260
407 241 407 262
413 241 411 262
447 241 448 240
453 241 451 239
379 246 383 263
396 246 400 264
447 246 449 245
453 246 453 244
362 252 371 271
368 252 376 270
379 252 384 269
385 252 389 268
391 252 395 266
334 258 334 262
374 258 380 275
379 258 385 274
385 258 391 274
391 258 396 272
396 258 402 269
351 263 353 270
374 263 380 281
379 263 386 280
385 263 392 279
391 263 397 277
385 269 393 283
391 269 398 282
374 275 382 286
447 275 450 267
436 280 443 272
351 286 367 297
357 286 371 295
362 286 377 294
424 286 434 278
430 286 439 277
357 292 373 300
362 292 378 298
368 292 384 297
430 292 445 275
357 297 375 305
374 297 391 296
351 303 369 308
357 308 376 312
351 314 371 312
362 314 383 309
