403 104 458 229
464 104 544 146
381 115 362 177
381 120 356 183
508 137 557 159
425 154 465 233
480 181 445 257
336 215 381 174
331 220 370 176
331 226 365 182
358 226 329 214
331 231 361 188
342 231 376 193
386 231 436 192
419 231 377 281
342 237 365 194
386 237 432 197
392 237 444 196
342 242 366 205
347 242 373 209
381 242 421 198
403 242 448 207
375 248 411 200
381 248 418 204
386 248 428 204
392 248 434 208
436 248 390 263
464 248 398 288
386 253 424 210
392 253 430 214
381 259 411 212
386 259 421 215
303 265 263 220
375 265 401 213
381 265 407 218
386 265 415 221
381 270 404 223
430 270 305 223
442 270 320 236
442 276 315 243
358 281 370 215
370 287 381 236
342 292 344 295
336 298 318 303
353 314 320 312
