439 76 463 116
432 88 459 121
426 95 434 134
439 95 463 131
528 108 519 187
528 114 514 194
413 120 423 142
445 120 465 175
452 120 471 180
509 120 500 187
516 120 506 189
407 127 413 145
413 127 419 149
452 127 459 172
484 127 435 201
503 127 492 190
509 127 497 192
516 127 504 194
458 133 450 174
503 133 489 195
420 140 420 160
458 140 447 180
464 140 453 183
516 140 498 204
413 146 412 163
420 146 417 166
426 146 417 174
452 146 439 179
407 152 406 160
458 152 442 188
388 159 382 163
400 159 395 163
407 159 402 167
413 159 411 169
445 159 430 191
458 159 438 194
464 159 444 198
477 159 455 203
394 165 385 165
400 165 392 170
407 165 398 174
413 165 407 175
464 165 440 204
400 172 387 177
407 172 394 181
413 172 401 183
464 172 436 210
400 178 383 183
407 178 390 187
413 178 397 190
426 178 406 195
432 178 411 198
439 178 416 201
458 178 470 184
490 178 454 226
400 184 381 189
407 184 386 193
413 184 393 196
426 184 403 201
432 184 408 205
439 184 413 207
464 184 479 194
484 184 424 235
490 184 449 232
407 191 384 199
420 191 393 203
426 191 399 207
432 191 404 210
439 191 409 212
445 191 408 219
452 191 464 192
458 191 470 196
477 191 491 205
407 197 382 205
420 197 389 208
426 197 395 212
458 197 468 201
464 197 474 206
471 197 480 209
477 197 486 211
388 204 374 191
400 204 372 208
413 204 384 215
381 210 282 236
407 210 377 211
420 210 390 218
464 210 399 248
388 216 356 209
394 216 362 211
400 216 368 214
407 216 374 218
413 216 380 221
420 216 388 225
426 216 394 230
362 223 333 202
368 223 338 205
394 223 359 216
400 223 365 220
407 223 370 223
426 223 384 231
356 229 326 202
362 229 329 208
368 229 336 211
375 229 341 214
400 229 361 225
407 229 367 228
349 236 317 204
356 236 322 209
388 236 347 222
394 236 354 225
420 236 372 237
426 236 380 240
458 236 418 243
349 242 314 210
356 242 318 215
362 242 324 219
368 242 329 222
381 242 338 224
388 242 344 229
394 242 349 232
400 242 355 236
413 242 364 240
420 242 370 243
426 242 376 245
432 242 382 248
343 248 304 213
349 248 309 217
356 248 316 222
362 248 321 225
368 248 326 228
381 248 335 231
388 248 341 235
394 248 346 237
407 248 356 242
413 248 361 245
420 248 367 248
426 248 372 252
439 248 381 256
343 255 300 219
349 255 306 223
356 255 313 228
362 255 318 230
381 255 332 238
388 255 338 241
394 255 344 242
400 255 350 246
413 255 359 252
420 255 364 255
426 255 369 258
439 255 378 262
445 255 386 265
452 255 398 264
336 261 290 223
343 261 296 226
349 261 307 232
362 261 315 236
388 261 335 248
394 261 340 249
400 261 345 253
407 261 351 257
420 261 361 261
426 261 366 264
432 261 371 266
445 261 381 272
452 261 386 276
336 268 286 230
343 268 293 233
349 268 303 237
375 268 323 248
407 268 349 265
420 268 359 267
426 268 364 269
445 268 377 277
452 268 382 280
362 274 310 244
368 274 316 247
388 274 331 254
394 274 337 258
400 274 344 261
420 274 355 272
426 274 360 275
432 274 365 277
445 274 374 282
343 280 296 242
356 280 301 246
362 280 307 249
388 280 329 259
394 280 335 264
400 280 339 267
356 287 298 251
362 287 304 254
388 287 325 267
394 287 331 270
400 287 336 273
420 287 349 279
317 293 267 234
368 293 309 258
375 293 318 260
375 300 314 267
311 306 250 245
368 306 303 270
375 306 308 274
311 312 247 251
324 312 261 258
368 312 301 277
375 312 306 280
407 312 336 289
420 312 343 293
426 312 349 295
388 319 310 290
420 319 338 299
426 319 346 302
336 325 261 273
356 325 275 280
362 325 285 287
368 325 291 291
381 325 301 294
388 325 306 297
407 325 321 305
413 325 330 303
420 325 336 305
343 332 264 282
349 332 270 285
356 332 277 289
362 332 283 293
368 332 288 297
381 332 297 300
413 332 327 309
420 332 332 312
388 338 302 306
394 338 309 309
413 338 322 314
368 344 278 302
375 344 284 305
407 344 312 316
413 344 319 321
381 351 286 314
