432 68 456 80
414 80 448 91
469 80 506 101
408 86 443 92
463 86 500 108
469 86 505 109
481 86 512 106
493 86 537 118
408 92 442 99
414 92 447 100
432 92 471 107
439 92 484 116
451 92 490 117
493 92 535 123
499 92 540 124
390 98 426 103
396 98 433 103
402 98 438 103
439 98 483 123
463 98 502 120
487 98 529 129
493 98 533 130
384 104 419 107
390 104 425 109
396 104 431 109
426 104 469 128
432 104 476 128
439 104 483 131
457 104 495 126
463 104 501 127
469 104 508 128
475 104 514 128
487 104 527 137
493 104 532 137
511 104 548 134
396 110 431 115
451 110 487 136
463 110 502 140
469 110 508 134
475 110 513 133
493 110 531 143
517 110 551 141
384 116 416 120
396 116 429 127
445 116 485 144
481 116 514 148
487 116 521 149
372 122 404 125
378 122 411 125
384 122 416 125
451 122 486 149
469 122 500 147
475 122 506 148
372 128 405 130
378 128 410 131
384 128 415 131
390 128 420 134
402 128 439 150
420 128 453 147
426 128 459 147
445 128 478 155
451 128 485 155
469 128 499 153
475 128 504 159
499 128 534 164
372 134 402 136
378 134 408 136
390 134 420 140
396 134 432 155
402 134 438 155
408 134 444 156
426 134 457 154
432 134 464 153
439 134 471 160
445 134 479 162
451 134 485 163
463 134 491 159
475 134 503 164
360 140 393 141
384 140 414 141
396 140 426 148
426 140 457 160
439 140 471 167
445 140 478 168
451 140 482 169
360 146 392 148
366 146 399 145
378 146 408 145
384 146 413 147
390 146 418 146
414 146 444 165
420 146 449 166
426 146 462 172
439 146 469 174
445 146 476 175
451 146 480 176
475 146 503 179
487 146 514 176
499 146 523 174
360 152 392 157
366 152 399 150
372 152 405 150
384 152 413 151
390 152 417 153
408 152 436 170
414 152 442 170
426 152 461 179
439 152 469 180
445 152 475 181
469 152 487 176
475 152 501 184
481 152 506 181
487 152 513 181
517 152 546 186
523 152 552 187
529 152 557 189
360 158 392 164
366 158 397 164
445 158 473 187
463 158 480 181
481 158 507 187
523 158 551 193
360 164 391 169
366 164 396 170
378 164 411 158
420 164 447 185
426 164 453 186
451 164 480 196
457 164 485 196
463 164 479 187
481 164 506 194
487 164 512 194
493 164 517 195
499 164 523 195
523 164 546 200
354 170 383 180
414 170 438 191
420 170 446 192
451 170 478 202
463 170 477 217
481 170 504 200
487 170 511 200
493 170 516 203
499 170 523 202
505 170 529 204
523 170 545 207
354 176 380 187
451 176 477 210
463 176 484 204
481 176 504 208
487 176 510 206
499 176 523 209
505 176 528 209
511 176 534 210
517 176 541 212
463 182 483 210
481 182 504 213
487 182 508 213
505 182 528 216
511 182 534 223
463 188 482 217
475 188 496 224
481 188 501 219
487 188 508 220
499 188 516 222
505 188 522 223
511 188 527 224
378 194 397 211
384 194 403 211
451 194 474 228
463 194 481 227
469 194 488 228
481 194 499 226
487 194 506 226
493 194 513 227
499 194 519 228
511 194 527 230
360 200 384 215
366 200 390 216
372 200 395 215
378 200 403 216
463 200 479 233
475 200 493 232
481 200 498 232
487 200 506 233
493 200 512 234
499 200 519 235
505 200 524 235
312 207 328 212
324 207 338 214
360 207 382 221
366 207 388 221
372 207 395 221
378 207 402 222
475 207 492 237
481 207 498 238
487 207 504 239
493 207 511 240
499 207 518 241
505 207 523 242
312 213 324 219
324 213 337 220
330 213 342 222
366 213 394 230
408 213 432 236
414 213 438 237
426 213 453 238
457 213 472 241
469 213 484 243
475 213 491 243
481 213 497 243
493 213 506 245
499 213 516 247
318 219 329 226
342 219 361 231
360 219 387 236
366 219 392 236
378 219 400 236
408 219 431 243
414 219 438 243
420 219 445 244
426 219 452 245
439 219 458 246
445 219 465 246
463 219 477 254
469 219 484 250
475 219 489 250
481 219 496 249
493 219 505 252
499 219 511 252
330 225 348 230
336 225 354 230
348 225 367 237
360 225 386 240
366 225 381 234
378 225 405 244
390 225 413 238
420 225 445 252
426 225 452 252
439 225 458 253
445 225 463 253
457 225 469 260
463 225 477 262
475 225 487 257
481 225 494 256
493 225 504 259
499 225 510 260
354 231 372 241
360 231 379 242
426 231 451 257
439 231 456 257
445 231 462 259
457 231 468 266
463 231 475 266
469 231 481 264
475 231 487 264
481 231 495 264
493 231 503 265
499 231 509 266
505 231 514 267
300 237 320 232
312 237 333 234
318 237 339 236
348 237 366 246
354 237 371 246
360 237 377 247
378 237 398 251
384 237 404 251
402 237 424 254
414 237 442 262
439 237 456 265
445 237 461 266
469 237 480 271
475 237 487 270
481 237 493 270
493 237 502 271
499 237 508 272
300 243 321 239
306 243 327 239
312 243 332 239
318 243 338 241
324 243 344 242
336 243 352 249
342 243 359 250
348 243 365 251
354 243 370 251
360 243 376 252
378 243 396 258
384 243 402 258
390 243 410 258
396 243 417 259
402 243 423 259
457 243 473 276
469 243 480 277
475 243 485 277
481 243 491 277
493 243 501 279
499 243 507 278
300 249 319 244
306 249 325 244
312 249 331 245
318 249 337 247
330 249 346 251
336 249 351 255
342 249 358 256
348 249 364 256
354 249 369 257
360 249 374 258
372 249 390 263
378 249 396 264
384 249 402 264
390 249 408 272
402 249 415 272
445 249 460 279
463 249 474 281
469 249 479 282
475 249 484 284
481 249 489 284
493 249 499 286
499 249 506 286
306 255 324 250
312 255 331 251
318 255 336 254
330 255 346 257
342 255 357 262
348 255 363 263
354 255 368 263
360 255 374 265
372 255 389 270
378 255 395 270
384 255 401 271
402 255 413 278
469 255 478 287
475 255 483 289
481 255 489 290
493 255 499 292
499 255 505 292
306 261 322 256
312 261 329 258
318 261 335 260
330 261 345 262
336 261 350 263
342 261 356 269
348 261 362 269
360 261 372 271
372 261 388 276
378 261 393 277
384 261 400 277
390 261 406 278
445 261 459 286
475 261 483 295
481 261 488 295
493 261 498 298
306 267 321 263
312 267 328 264
318 267 334 265
330 267 343 267
336 267 350 271
354 267 367 273
372 267 387 282
378 267 392 283
384 267 399 284
390 267 405 284
445 267 458 292
475 267 482 301
481 267 488 301
493 267 498 302
318 273 329 271
324 273 336 272
330 273 342 273
336 273 348 276
342 273 355 278
348 273 361 279
354 273 367 281
378 273 391 289
384 273 398 290
396 273 405 290
408 273 417 291
414 273 424 292
445 273 452 298
493 273 496 309
499 273 502 307
330 279 341 279
336 279 347 281
348 279 360 284
354 279 365 286
360 279 371 287
372 279 379 289
384 279 396 295
396 279 404 296
414 279 422 298
426 279 436 302
451 279 444 296
378 285 385 295
384 285 391 296
414 285 423 306
420 285 430 306
481 285 477 301
390 291 395 303
402 291 404 305
408 291 409 305
426 291 435 309
402 297 403 309
408 297 409 311
420 297 421 313
439 297 440 322
481 297 474 314
487 297 480 315
499 297 503 311
426 303 428 322
475 303 480 320
469 309 474 321
493 309 493 329
426 315 425 328
469 315 473 328
475 315 479 330
481 315 485 331
432 321 430 334
451 321 445 329
457 321 452 330
475 321 477 340
481 321 485 337
414 327 412 336
420 327 417 337
463 327 463 339
439 333 437 343
445 333 443 344
451 333 449 344
408 339 410 345
414 339 416 346
420 339 423 347
439 339 435 351
445 339 454 351
