419 137 501 95
498 137 527 139
498 142 517 142
488 147 436 318
493 147 438 323
503 147 525 147
503 152 519 150
394 157 493 90
488 157 467 140
469 182 478 142
493 182 498 173
488 187 495 168
493 187 493 177
374 192 449 77
409 192 461 105
498 197 484 197
479 202 453 179
374 207 365 82
379 207 374 86
469 207 390 159
389 212 372 103
379 217 357 87
399 217 370 112
548 222 496 224
543 232 488 225
414 236 360 181
439 241 437 195
563 246 448 297
419 251 346 200
434 256 354 205
563 256 441 300
419 261 339 187
503 266 408 269
578 266 436 340
503 271 401 272
518 271 413 291
454 276 359 233
508 276 402 279
513 276 404 286
518 276 406 292
523 276 411 300
454 281 353 235
459 281 356 242
493 281 390 269
498 281 390 274
508 281 396 281
513 281 397 287
518 281 401 295
523 281 405 302
548 281 373 299
563 281 383 326
459 286 350 246
488 286 381 266
493 286 384 271
498 286 386 276
508 286 390 284
513 286 392 290
488 291 375 269
493 291 379 274
543 291 363 294
568 291 369 330
459 296 342 266
488 296 368 275
503 296 381 287
558 296 354 314
563 296 355 320
449 301 328 254
454 301 332 261
459 301 336 266
498 301 374 291
553 301 352 308
454 306 326 263
459 306 331 269
523 306 348 284
553 306 345 311
558 306 347 317
454 311 321 267
513 311 337 275
523 311 344 287
459 316 321 274
488 316 349 300
528 316 338 292
533 316 339 299
538 321 336 307
543 321 338 312
