0.9686924815177917 0.07077150046825409 -0.237962394952774 0.08032964915037155 
-0.07763522863388062 0.9967894554138184 -0.01958443410694599 0.02739664912223816 
0.2358123809099197 0.03744561597704887 0.9710767865180969 -0.3682673275470734 
0 0 0 1 

0.5322666764259338 0.7973331809043884 -0.2845204472541809 0.07679015398025513 
-0.8292933106422424 0.558635413646698 0.01410551927983761 0.02910442091524601 
0.1701899617910385 0.2284430414438248 0.9585661888122559 -0.2224017083644867 
0 0 0 1 

0.5259884595870972 0.8011136054992676 -0.2855746746063232 0.07409955561161041 
-0.8490989208221436 0.5138468742370605 -0.1224426999688148 0.06511355191469193 
0.0486510694026947 0.3068846464157104 0.9505024552345276 -0.2183029055595398 
0 0 0 1 

0.5376369953155518 0.7849628329277039 -0.307863175868988 0.07666119188070297 
-0.8418267369270325 0.4790668785572052 -0.2486411929130554 0.09695873409509659 
-0.0476871058344841 0.3928461670875549 0.9183669090270996 -0.2063498049974442 
0 0 0 1 

0.5053813457489014 0.7993956208229065 -0.3248942196369171 0.07968689501285553 
-0.8445904850959778 0.3811154067516327 -0.3760556578636169 0.1297875791788101 
-0.176795095205307 0.4644541144371033 0.8677706122398376 -0.1874135136604309 
0 0 0 1 

0.6042495369911194 0.7346360087394714 -0.3085322380065918 0.06473076343536377 
-0.7709787487983704 0.4412930905818939 -0.4591861069202423 0.1480399370193481 
-0.201181635260582 0.5153348445892334 0.8330401182174683 -0.2018212378025055 
0 0 0 1 

0.6300720572471619 0.7386279702186584 -0.2396619766950607 0.04469385743141174 
-0.7583314776420593 0.5188264846801758 -0.3946546316146851 0.1303435266017914 
-0.1671600490808487 0.4304040670394897 0.8870230317115784 -0.2225608825683594 
0 0 0 1 

0.7628489136695862 0.5176687836647034 -0.3874021172523499 0.09685538709163666 
-0.5616374611854553 0.827383279800415 -0.0003458316205069423 0.02486802823841572 
0.3203509747982025 0.2178434431552887 0.9219107627868652 -0.2346276938915253 
0 0 0 1 

0.7526076436042786 0.530187726020813 -0.3904898762702942 0.0960521399974823 
-0.6188929080963135 0.7720589637756348 -0.1445551216602325 0.06803495436906815 
0.2248397469520569 0.3504648506641388 0.9091871976852417 -0.2252225279808044 
0 0 0 1 

0.7770001292228699 0.5269691348075867 -0.3443461656570435 0.07788216322660446 
-0.6191441416740417 0.7385589480400085 -0.266816645860672 0.1020349115133286 
0.1137157455086708 0.4205165207386017 0.9001303315162659 -0.2175855487585068 
0 0 0 1 

