330 191 503 293
319 196 491 284
335 196 505 300
308 207 462 280
248 212 429 245
253 212 433 247
308 223 453 293
357 223 515 323
259 229 422 265
351 229 505 326
259 234 419 270
270 234 425 274
210 239 407 253
341 239 486 321
335 245 479 318
346 250 486 330
308 256 452 307
313 256 457 312
324 256 468 319
335 256 474 324
302 261 443 309
308 261 449 314
319 261 459 320
324 261 464 324
341 261 476 333
346 261 481 337
319 267 456 325
346 267 479 341
324 278 457 337
275 283 418 310
292 283 429 319
297 283 435 321
341 283 460 347
346 283 464 349
292 288 427 322
346 288 462 354
351 288 467 357
205 294 375 275
215 294 381 279
264 294 399 313
270 294 408 314
275 294 413 317
248 305 384 298
248 310 381 303
346 316 445 368
362 321 466 374
357 327 456 375
362 327 463 379
292 332 393 350
308 332 403 358
341 332 432 376
362 332 458 384
297 337 394 360
302 337 400 363
313 337 406 369
335 337 424 378
357 337 450 385
292 343 387 355
319 343 408 376
362 343 454 390
286 348 379 356
292 348 383 361
297 348 389 366
302 348 395 371
346 348 429 391
357 348 445 392
351 354 435 394
