1 0 0 -0.01792658120393753 
0 1 0 0.02243540808558464 
0 0 1 -0.3816788792610168 
0 0 0 1 

0.7281566858291626 0.6836357712745667 -0.0492933914065361 -0.01954402402043343 
-0.6773776412010193 0.7067809700965881 -0.2040099054574966 0.07631028443574905 
-0.1046288833022118 0.1819414049386978 0.9777269959449768 -0.269666463136673 
0 0 0 1 

0.7646055221557617 0.6444389820098877 -0.008752822875976562 -0.03560282289981842 
-0.6382781267166138 0.7552739977836609 -0.1488690823316574 0.05796793848276138 
-0.08932630717754364 0.1194128468632698 0.9888181686401367 -0.276370108127594 
0 0 0 1 

0.7863101959228516 0.6154282093048096 0.05444494262337685 -0.05903347209095955 
-0.6122442483901978 0.7879924178123474 -0.06499829888343811 0.03050049021840096 
-0.08290399610996246 0.01777520775794983 0.9963989853858948 -0.2817636430263519 
0 0 0 1 

0.8097318410873413 0.5788164734840393 0.09646443277597427 -0.07612893730401993 
-0.582761824131012 0.8124716281890869 0.01667886786162853 0.003646401455625892 
-0.06872057169675827 -0.06972125172615051 0.9951966404914856 -0.2852540910243988 
0 0 0 1 

0.8441922664642334 0.5231898427009583 0.1166697442531586 -0.08638643473386765 
-0.5343305468559265 0.8386971354484558 0.1052497923374176 -0.02819239720702171 
-0.0427849255502224 -0.1511912643909454 0.9875782132148743 -0.286863386631012 
0 0 0 1 

0.8525712490081787 0.5104833245277405 0.111932098865509 -0.0887024849653244 
-0.5225098133087158 0.8284094929695129 0.2017956078052521 -0.06085839122533798 
0.01028777845203876 -0.2305308431386948 0.9730104207992554 -0.2862151563167572 
0 0 0 1 

0.8551070690155029 0.5139346718788147 0.06828494369983673 -0.07829210162162781 
-0.5105963945388794 0.8119742870330811 0.2828240990638733 -0.09023791551589966 
0.08990759402513504 -0.2767107486724854 0.9567381143569946 -0.2864946722984314 
0 0 0 1 

0.8527998924255371 0.5216464400291443 0.02481975965201855 -0.06725423783063889 
-0.4942965507507324 0.7909249067306519 0.3607053458690643 -0.1184160113334656 
0.1685302406549454 -0.3198781609535217 0.9323496222496033 -0.2844354510307312 
0 0 0 1 

0.7956116795539856 -0.002998057287186384 0.6057996153831482 -0.1343924254179001 
-0.09013165533542633 0.9882728457450867 0.1232631877064705 -0.04860993474721909 
-0.599064826965332 -0.152671292424202 0.7860110998153687 -0.2057960033416748 
0 0 0 1 

