487 159 482 153
530 159 525 143
468 166 461 164
480 166 474 161
511 166 512 152
523 166 519 150
474 172 470 170
505 172 507 157
511 172 514 156
474 178 470 178
480 178 475 169
487 178 481 169
480 184 477 183
370 190 366 202
376 190 373 206
388 190 387 204
395 190 393 203
401 190 401 203
407 190 409 203
474 190 472 194
480 190 478 190
523 190 523 169
542 190 543 181
370 196 368 208
382 196 380 212
388 196 388 211
395 196 395 210
401 196 401 210
407 196 407 210
419 196 417 209
425 196 422 209
431 196 427 209
462 196 455 204
468 196 467 201
474 196 473 200
480 196 479 197
302 202 298 220
388 202 389 218
395 202 397 218
401 202 402 216
413 202 411 216
419 202 418 216
456 202 449 213
462 202 456 211
468 202 462 209
493 202 492 201
505 202 505 199
536 202 551 194
309 209 305 224
315 209 311 223
321 209 324 221
388 209 389 225
395 209 397 224
438 209 437 218
444 209 442 218
456 209 449 218
462 209 457 218
493 209 489 208
499 209 495 207
523 209 514 210
536 209 552 199
560 209 565 199
296 215 295 232
395 215 397 230
407 215 410 229
450 215 444 225
456 215 455 223
487 215 485 220
493 215 489 215
499 215 495 214
523 215 515 217
536 215 554 206
395 221 397 236
407 221 411 237
425 221 425 234
431 221 431 233
444 221 439 232
523 221 516 225
566 221 567 212
309 227 308 247
425 227 425 240
370 233 373 249
388 233 388 246
573 233 575 223
309 239 311 261
333 239 342 256
364 239 368 253
480 239 481 249
493 239 493 247
499 239 499 251
345 245 351 261
395 245 396 263
462 245 467 255
339 252 345 269
401 252 404 276
407 252 409 276
315 258 318 279
401 258 405 283
315 264 319 285
321 264 325 285
327 264 331 285
315 270 319 291
315 301 329 312
