299 139 322 142
309 139 333 142
482 139 512 146
487 139 516 145
492 139 523 146
497 139 529 145
451 144 452 150
471 144 501 151
487 144 517 151
492 144 523 151
497 144 529 151
466 149 495 160
471 149 501 161
476 149 505 160
487 149 517 161
497 149 532 161
283 155 316 159
395 155 430 159
461 155 488 166
466 155 495 167
471 155 501 165
482 155 517 166
497 155 534 166
278 160 305 164
466 160 494 171
471 160 501 171
476 160 506 171
482 160 517 172
487 160 528 173
471 170 499 177
476 170 505 177
360 175 366 181
482 175 517 182
487 175 522 178
283 180 305 186
360 180 366 186
375 180 333 182
421 180 434 188
456 180 461 187
466 180 478 187
471 180 484 188
273 185 301 187
283 185 305 192
355 185 365 192
421 185 435 193
426 185 440 193
466 185 457 187
471 185 483 193
476 185 511 188
482 185 518 187
395 190 370 198
400 190 376 198
415 190 429 199
421 190 434 199
461 190 472 198
476 190 511 194
497 190 538 199
273 195 301 203
283 195 316 208
344 195 342 198
390 195 359 202
395 195 369 203
431 195 441 204
451 195 462 199
456 195 468 205
466 195 489 204
476 195 512 203
482 195 521 203
497 195 537 204
390 200 359 208
446 200 456 204
482 200 522 210
487 200 527 210
446 205 456 210
487 205 527 215
492 205 533 214
497 205 538 214
273 210 305 175
355 210 381 219
441 210 452 214
446 210 430 224
466 210 429 220
497 210 537 219
294 216 322 224
461 216 485 220
487 216 529 221
370 221 336 225
375 221 343 225
390 221 402 229
426 221 468 232
456 221 479 224
461 221 485 225
466 221 494 226
487 221 531 227
487 226 532 231
421 231 413 253
466 231 496 240
487 231 516 252
365 236 343 235
415 236 428 248
426 236 423 262
487 236 516 259
492 236 522 258
365 241 336 257
370 241 347 251
375 241 353 250
426 241 441 253
446 241 473 258
482 241 505 247
487 241 517 264
355 246 343 272
370 246 347 256
375 246 352 256
380 246 358 257
426 246 424 273
431 246 429 273
436 246 435 273
446 246 483 254
466 246 494 252
487 246 516 269
355 251 341 279
360 251 348 278
375 251 350 263
380 251 358 263
421 251 412 278
426 251 424 278
492 251 534 241
487 256 526 248
492 256 533 246
497 256 536 254
319 261 338 278
360 261 353 285
415 261 418 273
421 261 425 284
314 266 330 288
319 266 337 287
492 266 528 269
446 271 461 284
451 271 466 283
487 271 516 284
492 271 526 275
492 276 521 285
