334 275 433 166
330 280 421 166
379 280 491 195
357 284 459 181
388 284 493 201
392 284 498 205
410 284 522 229
428 284 528 234
330 289 413 178
352 289 450 183
370 289 472 193
374 289 476 196
379 289 484 201
388 289 489 206
392 289 494 210
415 289 514 227
428 289 525 238
455 289 539 265
361 293 459 192
374 293 473 201
401 293 499 220
406 293 503 223
419 293 515 234
294 298 364 153
352 298 445 189
357 298 451 193
366 298 467 197
401 298 495 224
406 298 500 228
415 298 507 235
419 298 510 238
428 298 518 245
464 298 534 271
330 302 407 185
348 302 435 191
352 302 440 195
357 302 446 197
374 302 467 207
379 302 472 212
406 302 497 233
419 302 506 242
428 302 513 250
455 302 531 253
460 302 534 258
330 307 402 190
339 307 422 187
348 307 431 195
352 307 437 198
392 307 483 224
442 307 518 266
330 311 396 195
334 311 412 188
339 311 417 192
357 311 438 204
361 311 443 208
451 311 518 276
339 316 413 196
352 316 429 206
357 316 435 208
374 316 465 226
437 316 507 265
271 320 320 175
348 320 419 208
361 320 437 214
366 320 445 220
392 320 469 239
442 320 508 276
455 320 513 291
334 325 402 199
348 325 415 212
352 325 424 209
357 325 429 214
361 325 433 219
401 325 474 247
419 325 484 255
433 325 499 275
442 325 504 280
451 325 509 290
352 329 419 215
357 329 425 219
361 329 430 224
370 329 441 228
374 329 445 231
401 329 470 252
406 329 474 256
419 329 481 260
446 329 503 291
352 334 416 220
357 334 421 224
370 334 436 233
374 334 440 237
392 334 458 250
397 334 463 254
406 334 471 260
410 334 475 263
419 334 482 272
428 334 489 278
433 334 492 283
442 334 498 288
334 338 391 210
361 338 422 230
370 338 432 236
374 338 437 240
424 338 481 280
433 338 488 288
442 338 493 294
446 338 496 297
352 343 409 228
357 343 414 232
366 343 423 236
370 343 427 240
374 343 432 244
388 343 446 251
392 343 452 257
397 343 456 261
406 343 463 268
415 343 471 275
419 343 474 279
343 347 397 227
348 347 401 232
357 347 410 237
388 347 444 256
392 347 448 261
397 347 453 265
406 347 460 273
410 347 464 277
419 347 471 284
433 347 482 295
442 347 486 300
460 347 504 303
334 352 376 228
339 352 382 233
348 352 397 238
361 352 413 243
370 352 419 248
374 352 426 251
383 352 426 266
424 352 471 293
433 352 478 299
442 352 483 306
446 352 486 310
348 356 392 241
357 356 404 245
361 356 408 248
370 356 417 252
388 356 437 264
392 356 441 269
397 356 446 273
446 356 482 315
455 356 491 305
460 356 497 310
334 361 371 235
339 361 376 239
343 361 382 245
357 361 400 249
374 361 420 260
392 361 438 274
397 361 442 278
401 361 447 283
419 361 460 294
424 361 465 298
433 361 471 304
460 361 494 314
339 365 372 245
348 365 386 248
357 365 397 253
361 365 401 255
370 365 411 260
374 365 416 264
392 365 433 279
397 365 438 282
415 365 455 298
433 365 467 310
437 365 470 315
446 365 476 323
339 370 367 248
343 370 375 250
348 370 381 254
361 370 398 260
370 370 407 265
374 370 412 269
388 370 428 275
410 370 447 296
424 370 459 305
437 370 466 321
446 370 473 327
455 370 478 332
460 370 477 343
343 374 371 254
388 374 422 281
392 374 428 285
397 374 434 289
401 374 438 293
410 374 444 300
419 374 451 307
424 374 455 311
433 374 462 317
446 374 468 332
455 374 474 337
460 374 472 349
339 378 363 255
348 378 376 260
361 378 394 265
366 378 398 269
374 378 405 275
392 378 424 290
406 378 436 301
415 378 444 308
424 378 451 315
428 378 456 319
437 378 462 327
343 383 363 266
366 383 394 274
410 383 438 308
460 383 468 353
294 387 308 226
321 387 327 258
325 387 333 261
330 387 339 266
339 387 352 268
343 387 359 272
357 387 384 266
361 387 389 272
401 387 424 303
406 387 430 307
410 387 435 312
419 387 441 319
424 387 446 324
428 387 450 327
460 387 464 359
469 387 467 363
312 392 314 255
316 392 319 259
321 392 323 263
325 392 329 267
361 392 384 277
366 392 387 282
401 392 420 305
406 392 426 311
415 392 432 318
419 392 437 323
428 392 446 332
460 392 459 364
316 396 314 264
321 396 318 268
325 396 324 274
334 396 336 273
348 396 361 276
455 396 452 361
469 396 464 368
343 401 351 276
361 401 378 284
366 401 382 289
379 401 395 299
383 401 400 302
410 401 423 323
419 401 431 330
424 401 436 334
307 405 300 264
316 405 308 268
321 405 314 273
348 405 357 282
352 405 363 286
366 405 378 294
370 405 383 297
379 405 391 304
388 405 397 309
392 405 403 312
428 405 441 339
460 405 453 372
469 405 459 376
316 410 303 273
325 410 319 278
343 410 347 284
348 410 352 287
370 410 380 302
397 410 406 319
401 410 411 323
424 410 430 341
428 410 437 344
433 410 441 349
460 410 449 378
330 414 313 284
334 414 319 289
343 414 340 288
352 414 357 293
357 414 363 298
366 414 374 309
392 414 397 317
397 414 402 322
415 414 422 338
419 414 424 343
428 414 432 350
451 414 442 370
339 419 325 295
352 419 352 299
357 419 357 303
428 419 427 355
433 419 431 359
451 419 437 375
455 419 443 380
464 419 448 388
415 423 414 347
419 423 418 351
464 423 442 392
401 428 398 341
415 428 410 351
419 428 414 356
428 428 419 362
433 428 424 366
370 432 359 323
388 432 381 336
397 432 388 340
401 432 393 345
406 432 398 349
415 432 406 356
419 432 409 360
428 432 415 367
433 432 420 371
361 437 326 315
383 437 371 337
388 437 376 341
397 437 383 346
401 437 388 350
406 437 393 354
415 437 401 362
428 437 409 372
446 437 415 389
451 437 421 395
366 441 323 321
388 441 364 342
392 441 370 347
397 441 376 352
366 446 317 326
388 446 359 347
392 446 364 353
401 446 370 359
406 446 374 364
424 446 399 383
437 446 409 396
379 450 350 360
401 450 365 364
406 450 370 369
415 450 381 379
