487 82 504 107
492 82 509 112
498 82 513 119
471 88 484 95
482 88 497 105
498 88 510 122
487 93 497 113
492 93 503 120
427 99 441 80
460 99 474 96
465 99 479 101
482 99 492 111
443 104 453 89
465 104 477 105
427 110 436 86
427 115 426 86
400 170 389 159
394 175 381 159
400 175 386 162
405 175 390 168
465 186 430 199
411 203 377 186
411 235 354 214
416 235 360 219
422 235 370 217
443 246 377 235
432 252 367 232
438 252 373 237
443 252 381 241
427 257 362 229
438 273 362 240
438 279 359 247
443 279 364 251
443 284 361 256
449 284 367 260
443 295 356 261
