487 77 470 112
471 82 444 107
476 88 448 111
482 88 454 114
476 93 445 116
465 99 431 117
405 104 386 101
416 104 392 106
405 115 382 107
416 115 390 110
389 175 353 180
465 181 412 212
471 181 418 214
465 186 409 217
471 186 415 219
394 197 350 187
411 208 352 225
465 213 430 233
443 224 401 234
449 224 405 238
454 224 410 246
454 230 407 253
454 235 404 259
454 241 400 263
460 241 408 276
525 241 441 299
460 246 400 279
438 257 359 258
465 263 381 284
509 263 439 306
558 263 457 324
558 273 448 332
563 273 453 334
498 279 424 321
558 279 443 338
438 284 343 288
476 290 401 319
438 301 340 308
