443 70 545 241
436 83 541 247
350 96 492 183
356 96 498 189
363 96 503 195
336 116 485 198
330 130 476 199
330 136 468 203
356 136 472 210
330 143 464 207
376 143 491 238
389 143 484 209
396 143 497 221
502 143 522 285
509 143 527 289
323 156 450 209
330 156 456 215
429 156 509 232
323 163 443 214
343 163 472 243
436 170 508 245
443 170 513 251
469 170 471 299
356 176 377 234
443 183 507 266
449 183 510 271
323 189 436 225
449 196 505 277
323 203 433 234
436 203 482 311
323 209 429 240
330 209 434 247
330 216 428 252
336 216 433 258
389 223 456 306
476 223 464 303
323 229 417 251
330 229 423 257
336 229 427 263
429 236 441 361
323 243 412 258
330 243 415 264
376 243 426 309
383 243 431 316
389 243 439 321
396 243 443 327
429 243 437 365
316 249 401 257
336 249 421 281
376 249 420 315
383 249 425 320
389 249 432 325
370 256 416 309
376 262 414 321
383 262 417 326
389 262 423 331
396 262 429 337
383 269 411 331
396 269 422 342
509 269 433 387
489 276 447 332
496 282 446 342
496 296 438 349
330 309 390 309
509 309 405 392
449 329 422 386
449 336 416 392
