536 137 481 132
542 137 487 130
517 143 462 139
523 143 468 138
529 143 475 138
536 143 480 138
542 143 486 137
499 150 446 144
505 150 452 145
536 150 480 144
542 150 485 145
499 156 370 179
505 156 391 173
542 156 486 149
462 162 415 155
468 162 422 155
474 162 428 154
517 162 457 161
468 168 421 161
474 168 428 160
480 168 433 161
468 174 422 169
474 174 427 168
480 174 433 168
486 174 438 168
499 174 450 167
523 174 462 169
419 180 371 168
468 180 419 176
474 180 427 175
480 180 432 174
486 180 438 173
492 180 445 173
523 180 462 175
412 187 365 174
468 187 421 181
474 187 427 180
480 187 432 180
486 187 438 179
492 187 446 180
505 187 451 180
511 187 457 180
529 187 474 173
363 193 321 182
382 193 340 181
394 193 347 181
400 193 353 180
431 193 384 187
449 193 407 187
474 193 427 191
480 193 432 187
486 193 439 188
492 193 445 188
499 193 450 188
523 193 469 186
529 193 475 179
536 193 480 179
351 199 298 191
369 199 321 190
375 199 329 191
388 199 335 192
394 199 347 191
400 199 353 191
406 199 358 191
412 199 371 191
419 199 375 192
425 199 382 193
437 199 394 193
462 199 414 194
468 199 420 195
474 199 426 196
480 199 432 196
486 199 438 197
492 199 444 195
499 199 450 195
517 199 462 186
332 205 256 205
338 205 262 204
351 205 297 197
357 205 302 198
363 205 310 198
369 205 320 196
375 205 327 198
382 205 333 199
388 205 339 199
394 205 346 200
400 205 352 199
406 205 365 198
412 205 370 198
419 205 377 199
425 205 382 200
431 205 389 200
437 205 395 200
443 205 401 199
455 205 409 203
462 205 415 203
468 205 420 203
474 205 428 202
480 205 433 202
486 205 439 203
492 205 444 200
499 205 450 200
529 205 481 192
326 211 250 210
332 211 255 209
338 211 261 209
351 211 296 203
357 211 302 203
363 211 309 203
369 211 317 200
375 211 327 204
382 211 333 205
388 211 339 206
394 211 346 206
400 211 353 206
406 211 360 205
412 211 371 205
455 211 408 209
462 211 414 209
468 211 421 209
480 211 433 209
486 211 438 210
560 211 501 206
566 211 507 207
573 211 511 209
320 217 278 204
363 217 310 210
369 217 315 204
375 217 327 211
382 217 333 211
388 217 339 211
394 217 345 211
400 217 353 212
455 217 407 216
462 217 414 216
468 217 421 215
474 217 426 216
486 217 438 216
492 217 443 212
548 217 486 217
554 217 492 216
560 217 499 216
573 217 504 218
295 224 236 216
301 224 243 216
308 224 250 216
326 224 280 211
369 224 317 216
382 224 333 218
388 224 340 218
455 224 407 223
462 224 414 222
468 224 421 221
474 224 425 222
480 224 431 218
492 224 443 217
499 224 449 217
523 224 474 217
554 224 493 224
560 224 500 223
566 224 506 222
295 230 237 222
301 230 244 223
308 230 250 222
314 230 254 222
375 230 324 225
382 230 333 225
388 230 341 225
449 230 402 224
492 230 444 229
295 236 237 228
301 236 244 230
308 236 251 229
314 236 256 228
332 236 279 225
351 236 292 224
357 236 299 223
382 236 333 231
388 236 340 233
394 236 347 233
400 236 353 235
455 236 408 228
462 236 414 228
492 236 445 234
499 236 450 234
505 236 456 235
301 242 244 235
308 242 250 235
314 242 254 234
320 242 260 233
357 242 299 230
382 242 333 237
394 242 347 240
400 242 352 241
406 242 358 247
301 248 244 241
308 248 256 247
314 248 254 240
369 248 315 246
388 248 339 246
394 248 346 247
400 248 352 247
406 248 359 254
431 248 383 240
437 248 389 239
443 248 400 236
449 248 407 236
455 248 414 236
308 254 255 255
375 254 322 247
382 254 328 246
394 254 346 254
431 254 383 249
437 254 389 247
443 254 396 247
449 254 408 246
308 261 253 260
320 261 266 259
382 261 329 253
388 261 335 254
394 261 345 258
425 261 382 254
437 261 389 254
443 261 401 253
449 261 408 253
455 261 413 248
314 267 259 267
320 267 265 266
332 267 279 264
338 267 285 264
345 267 291 265
351 267 298 265
394 267 344 266
400 267 351 264
425 267 376 260
437 267 390 259
443 267 401 258
455 267 414 255
462 267 420 255
314 273 254 276
320 273 266 271
326 273 272 270
332 273 278 270
351 273 297 271
388 273 336 272
394 273 344 272
400 273 351 270
406 273 358 270
419 273 369 266
425 273 377 266
431 273 383 266
437 273 394 264
314 279 254 283
338 279 291 276
363 279 274 242
382 279 333 279
388 279 339 279
394 279 345 278
400 279 352 277
419 279 377 271
425 279 383 271
314 285 254 290
394 285 341 283
314 291 259 288
357 291 322 285
388 291 333 288
320 297 266 297
332 297 278 291
320 304 263 301
345 304 292 294
