536 137 467 118
542 137 473 117
529 143 410 150
536 143 418 149
542 143 467 129
517 150 406 159
474 156 427 136
480 156 434 135
486 156 440 133
499 156 356 185
517 156 407 165
523 156 413 162
462 162 416 144
468 162 422 143
474 162 428 142
480 162 433 141
437 168 398 150
443 168 404 150
468 168 423 149
474 168 428 148
480 168 434 146
437 174 398 157
455 174 410 158
468 174 424 155
474 174 429 155
406 180 383 161
412 180 390 160
431 180 392 166
437 180 399 164
462 180 418 165
468 180 424 163
474 180 431 160
480 180 436 158
406 187 387 166
449 187 413 168
468 187 427 170
474 187 433 168
369 193 330 185
375 193 336 185
382 193 342 184
394 193 374 176
400 193 380 174
406 193 386 173
419 193 393 174
431 193 400 176
437 193 405 175
455 193 419 175
474 193 435 175
480 193 440 174
511 193 467 170
548 193 485 173
369 199 331 192
382 199 343 191
412 199 387 181
431 199 402 182
437 199 407 182
468 199 430 183
474 199 436 182
480 199 442 181
486 199 447 181
492 199 453 180
505 199 462 177
554 199 496 186
338 205 298 203
345 205 304 202
351 205 311 202
363 205 329 198
369 205 335 199
375 205 341 198
419 205 389 192
425 205 396 190
431 205 403 189
437 205 408 188
443 205 414 188
462 205 428 189
474 205 438 188
486 205 449 186
332 211 293 209
338 211 298 209
345 211 304 208
375 211 342 205
394 211 357 204
406 211 376 200
412 211 382 199
443 211 410 197
455 211 424 195
462 211 429 195
468 211 435 194
499 211 463 190
566 211 459 217
573 211 509 192
301 217 248 230
345 217 299 218
375 217 343 211
382 217 349 210
388 217 358 210
400 217 371 207
406 217 377 208
412 217 384 207
455 217 424 201
462 217 430 201
468 217 437 200
295 224 243 238
301 224 255 236
308 224 260 235
369 224 334 220
382 224 353 218
400 224 371 214
425 224 399 212
431 224 404 212
455 224 425 208
462 224 432 208
573 224 466 224
295 230 248 243
301 230 258 242
357 230 320 228
382 230 354 226
388 230 361 225
394 230 367 224
400 230 373 228
431 230 405 218
437 230 411 217
455 230 427 217
308 236 265 244
314 236 270 243
338 236 297 239
345 236 301 238
351 236 307 236
375 236 349 234
382 236 355 232
388 236 363 232
394 236 368 231
425 236 400 226
431 236 406 225
437 236 413 224
455 236 428 222
462 236 426 229
474 236 447 220
308 242 265 249
338 242 297 245
345 242 303 244
351 242 310 244
375 242 350 239
382 242 356 239
388 242 364 238
394 242 370 237
400 242 376 239
431 242 408 232
437 242 414 231
486 242 459 224
301 248 264 261
308 248 271 262
320 248 278 260
388 248 364 243
394 248 371 243
301 254 253 282
308 254 273 273
314 254 279 273
400 254 382 255
499 254 468 228
308 261 275 280
314 261 280 279
357 261 319 269
369 261 345 259
308 267 276 287
314 267 282 286
351 267 315 277
357 267 321 275
419 267 397 266
437 267 415 236
455 267 437 239
462 267 443 239
308 273 261 297
351 273 319 283
388 273 360 278
406 273 387 265
314 279 270 303
326 279 271 248
332 279 276 247
351 279 321 289
400 279 385 274
406 279 391 273
314 285 272 310
326 285 271 253
332 285 278 252
338 285 284 254
357 285 343 293
394 285 380 282
400 285 387 280
357 291 344 300
363 291 319 315
314 297 271 314
338 304 306 324
345 304 313 323
332 310 294 333
