419 75 462 128
426 75 467 132
419 82 457 132
426 88 463 148
485 95 498 185
492 95 505 191
498 95 509 195
505 95 516 199
439 101 467 165
485 101 494 190
492 101 501 196
505 101 508 202
400 108 437 134
446 108 469 175
465 108 479 186
485 108 493 196
492 108 498 200
505 108 503 207
400 115 431 139
419 115 444 145
465 115 476 191
472 115 480 196
400 121 425 143
419 121 439 150
446 121 458 174
459 121 468 185
393 128 414 144
413 128 428 152
419 128 432 158
426 128 438 160
439 128 447 173
459 128 465 191
393 134 410 149
400 134 416 151
413 134 424 158
426 134 433 166
433 134 438 171
446 134 447 182
406 141 417 160
419 141 425 167
426 141 429 171
433 141 434 176
439 141 439 181
452 141 450 192
387 147 392 155
400 147 412 156
419 147 422 172
426 147 427 175
433 147 431 180
439 147 435 185
446 147 441 190
459 147 447 197
472 147 458 208
492 147 471 218
393 154 402 157
400 154 407 161
406 154 412 165
419 154 417 177
452 154 440 198
459 154 443 203
465 154 448 209
472 154 454 212
485 154 462 219
492 154 467 223
380 161 383 158
393 161 398 162
400 161 402 165
413 161 405 177
419 161 410 181
426 161 417 184
433 161 422 188
439 161 428 193
459 161 438 209
465 161 442 213
472 161 448 218
426 167 412 189
433 167 417 194
439 167 423 199
446 167 428 204
419 174 402 190
426 174 406 194
433 174 413 198
439 174 418 203
446 174 424 209
393 180 386 171
413 180 395 190
419 180 399 195
426 180 403 199
433 180 409 203
439 180 414 207
446 180 419 214
452 180 424 220
459 180 432 223
465 180 439 229
400 187 389 182
419 187 396 199
426 187 399 203
446 187 415 217
459 187 428 229
465 187 433 234
387 193 378 175
393 193 383 180
400 193 382 188
413 193 389 197
433 193 402 211
439 193 407 215
452 193 413 227
459 193 422 234
367 200 360 169
387 200 372 179
393 200 378 185
400 200 377 194
413 200 383 202
419 200 388 207
426 200 393 211
433 200 398 216
439 200 403 220
459 200 418 240
465 200 424 241
387 206 366 185
393 206 366 192
413 206 378 207
419 206 383 211
426 206 388 216
433 206 394 221
439 206 399 225
446 206 404 230
452 206 401 237
459 206 405 242
367 213 339 181
373 213 345 184
380 213 354 186
387 213 356 193
393 213 362 197
419 213 379 216
426 213 384 220
433 213 390 226
439 213 395 229
452 213 396 242
459 213 400 248
367 220 336 184
373 220 341 188
380 220 348 192
387 220 351 197
393 220 357 203
400 220 362 209
419 220 375 221
426 220 380 226
433 220 385 230
439 220 389 235
380 226 342 199
387 226 347 203
413 226 364 221
419 226 370 227
426 226 375 232
433 226 381 237
367 233 329 193
373 233 337 205
380 233 341 209
446 233 385 244
452 233 391 249
367 239 323 199
373 239 332 211
406 239 352 225
413 239 357 229
419 239 362 234
426 239 368 239
439 239 375 243
446 239 381 249
452 239 386 254
360 246 312 198
367 246 321 210
373 246 326 216
387 246 333 223
393 246 337 229
406 246 347 228
413 246 343 234
419 246 357 238
426 246 363 244
433 246 368 248
446 246 376 254
452 246 381 259
465 246 386 265
367 252 316 218
373 252 322 224
413 252 338 240
419 252 351 244
426 252 359 249
433 252 365 255
439 252 370 260
465 252 382 270
354 259 292 209
360 259 304 218
413 259 340 244
419 259 348 251
426 259 355 256
433 259 360 261
439 259 365 265
446 259 370 269
465 259 376 277
354 265 289 213
360 265 299 223
387 265 311 235
400 265 326 239
413 265 337 250
419 265 343 257
426 265 349 262
433 265 355 266
439 265 359 270
452 265 367 276
465 265 372 282
419 272 341 268
433 272 347 271
439 272 353 275
459 272 359 283
472 272 370 292
413 279 332 268
419 279 338 273
426 279 343 278
459 279 353 289
419 285 331 278
459 285 346 297
341 305 265 226
347 305 266 235
354 305 274 241
360 305 278 247
341 311 259 232
347 311 263 241
334 318 251 230
341 318 256 239
439 318 401 259
341 325 251 243
373 325 274 262
400 325 295 284
439 325 397 263
446 325 324 309
452 325 330 314
334 331 241 245
360 331 257 260
367 331 263 265
373 331 268 270
380 331 274 273
387 331 279 279
393 331 283 284
400 331 291 290
446 331 317 315
367 338 257 271
373 338 263 276
380 338 268 281
387 338 273 286
393 338 278 290
400 338 284 295
367 344 253 277
373 344 258 282
380 344 263 286
387 344 268 290
393 344 274 297
400 344 279 302
406 344 284 308
419 344 291 311
439 344 307 317
446 344 312 321
387 351 263 295
393 351 269 301
400 351 275 308
406 351 280 313
426 351 287 315
433 351 293 319
439 351 299 325
446 351 307 326
400 357 271 312
406 357 276 316
413 357 281 321
433 357 287 325
439 357 294 333
