1.000000000000000000e+00 0.000000000000000000e+00 0.000000000000000000e+00 -4.542167112231254578e-02
0.000000000000000000e+00 1.000000000000000000e+00 0.000000000000000000e+00 9.935460984706878662e-04
0.000000000000000000e+00 0.000000000000000000e+00 1.000000000000000000e+00 -2.875000238418579102e-01
0.000000000000000000e+00 0.000000000000000000e+00 0.000000000000000000e+00 1.000000000000000000e+00
9.961664676666259766e-01 8.495900034904479980e-02 2.084232494235038757e-02 -5.012351647019386292e-02
-8.466035127639770508e-02 9.962996840476989746e-01 -1.481705065816640854e-02 9.308909066021442413e-03
-2.202403731644153595e-02 1.299574226140975952e-02 9.996729493141174316e-01 -2.931255400180816650e-01
0.000000000000000000e+00 0.000000000000000000e+00 0.000000000000000000e+00 1.000000000000000000e+00
9.856213331222534180e-01 1.645772159099578857e-01 3.827336058020591736e-02 -5.352722853422164917e-02
-1.626421660184860229e-01 9.854606389999389648e-01 -4.914078861474990845e-02 2.491207979619503021e-02
-4.580437764525413513e-02 4.220930859446525574e-02 9.980582594871520996e-01 -2.924569547176361084e-01
0.000000000000000000e+00 0.000000000000000000e+00 0.000000000000000000e+00 1.000000000000000000e+00
9.652905464172363281e-01 2.573622465133666992e-01 4.448304325342178345e-02 -5.300379171967506409e-02
-2.536404132843017578e-01 9.643577933311462402e-01 -7.536820322275161743e-02 3.798100724816322327e-02
-6.229453906416893005e-02 6.146948784589767456e-02 9.961630105972290039e-01 -2.916600704193115234e-01
0.000000000000000000e+00 0.000000000000000000e+00 0.000000000000000000e+00 1.000000000000000000e+00
9.361804723739624023e-01 3.476062119007110596e-01 5.230539292097091675e-02 -5.260146781802177429e-02
-3.397867977619171143e-01 9.329820871353149414e-01 -1.186980903148651123e-01 5.606850236654281616e-02
-9.006022661924362183e-02 9.335012733936309814e-02 9.915517568588256836e-01 -2.894537150859832764e-01
0.000000000000000000e+00 0.000000000000000000e+00 0.000000000000000000e+00 1.000000000000000000e+00
8.877298235893249512e-01 4.585513174533843994e-01 4.081794619560241699e-02 -4.585439339280128479e-02
-4.499291479587554932e-01 8.829614520072937012e-01 -1.339501291513442993e-01 6.507057696580886841e-02
-9.746374934911727905e-02 1.005463153123855591e-01 9.901470541954040527e-01 -2.899728715419769287e-01
0.000000000000000000e+00 0.000000000000000000e+00 0.000000000000000000e+00 1.000000000000000000e+00
8.440567255020141602e-01 5.359724164009094238e-01 1.736449263989925385e-02 -3.597430884838104248e-02
-5.263139605522155762e-01 8.341829776763916016e-01 -1.647184342145919800e-01 7.794416695833206177e-02
-1.027697771787643433e-01 1.298924833536148071e-01 9.861877560615539551e-01 -2.888849377632141113e-01
0.000000000000000000e+00 0.000000000000000000e+00 0.000000000000000000e+00 1.000000000000000000e+00
7.902365922927856445e-01 6.127550005912780762e-01 7.587751373648643494e-03 -2.966627292335033417e-02
-6.031907796859741211e-01 7.799669504165649414e-01 -1.667689383029937744e-01 8.247125148773193359e-02
-1.081067025661468506e-01 1.272099763154983521e-01 9.859670400619506836e-01 -2.896378636360168457e-01
0.000000000000000000e+00 0.000000000000000000e+00 0.000000000000000000e+00 1.000000000000000000e+00
7.189241051673889160e-01 6.947555541992187500e-01 -2.150917425751686096e-02 -1.548226363956928253e-02
-6.882116198539733887e-01 7.071282863616943359e-01 -1.622785329818725586e-01 8.405744284391403198e-02
-9.753422439098358154e-02 1.314687877893447876e-01 9.865103960037231445e-01 -2.906190156936645508e-01
0.000000000000000000e+00 0.000000000000000000e+00 0.000000000000000000e+00 1.000000000000000000e+00
6.455323100090026855e-01 7.633299827575683594e-01 -2.478920109570026398e-02 -9.401804767549037933e-03
-7.585871815681457520e-01 6.370841264724731445e-01 -1.366328895092010498e-01 7.846935093402862549e-02
-8.850324153900146484e-02 1.070057526230812073e-01 9.903116822242736816e-01 -2.935331761837005615e-01
0.000000000000000000e+00 0.000000000000000000e+00 0.000000000000000000e+00 1.000000000000000000e+00
5.469456911087036133e-01 8.363879919052124023e-01 -3.612967580556869507e-02 9.624725498724728823e-05
-8.349885940551757812e-01 5.419012308120727539e-01 -9.558988362550735474e-02 6.763572990894317627e-02
-6.037155166268348694e-02 8.245029300451278687e-02 9.947646856307983398e-01 -2.985266447067260742e-01
0.000000000000000000e+00 0.000000000000000000e+00 0.000000000000000000e+00 1.000000000000000000e+00
4.631762802600860596e-01 8.825430870056152344e-01 -8.115224540233612061e-02 2.025973610579967499e-02
-8.862046003341674805e-01 4.601200819015502930e-01 -5.413472652435302734e-02 5.518759414553642273e-02
-1.043644081801176071e-02 9.699139744043350220e-02 9.952306151390075684e-01 -3.026775121688842773e-01
0.000000000000000000e+00 0.000000000000000000e+00 0.000000000000000000e+00 1.000000000000000000e+00
3.508858978748321533e-01 9.311708807945251465e-01 -9.899635612964630127e-02 3.058228082954883575e-02
-9.361395239830017090e-01 3.513932824134826660e-01 -1.284034084528684616e-02 3.971993550658226013e-02
2.283008955419063568e-02 9.717992693185806274e-02 9.950050115585327148e-01 -3.042317628860473633e-01
0.000000000000000000e+00 0.000000000000000000e+00 0.000000000000000000e+00 1.000000000000000000e+00
2.703032791614532471e-01 9.556257128715515137e-01 -1.171114966273307800e-01 3.889857605099678040e-02
-9.597450494766235352e-01 2.770950496196746826e-01 4.591254889965057373e-02 1.716426573693752289e-02
7.632623612880706787e-02 9.998685866594314575e-02 9.920568466186523438e-01 -3.037568032741546631e-01
0.000000000000000000e+00 0.000000000000000000e+00 0.000000000000000000e+00 1.000000000000000000e+00
1.912893205881118774e-01 9.697875976562500000e-01 -1.513955444097518921e-01 5.109550058841705322e-02
-9.723936319351196289e-01 2.082406133413314819e-01 1.052911132574081421e-01 -4.576422274112701416e-03
1.336366981267929077e-01 1.270749717950820923e-01 9.828494787216186523e-01 -3.019750416278839111e-01
0.000000000000000000e+00 0.000000000000000000e+00 0.000000000000000000e+00 1.000000000000000000e+00
1.170367151498794556e-01 9.823486208915710449e-01 -1.459223926067352295e-01 5.126426741480827332e-02
-9.704412817955017090e-01 1.443478316068649292e-01 1.934088319540023804e-01 -3.485475108027458191e-02
2.110584974288940430e-01 1.189731806516647339e-01 9.702058434486389160e-01 -2.994956672191619873e-01
0.000000000000000000e+00 0.000000000000000000e+00 0.000000000000000000e+00 1.000000000000000000e+00
1.903946846723556519e-01 9.727428555488586426e-01 -1.323668509721755981e-01 4.605884477496147156e-02
-9.534315466880798340e-01 2.153498530387878418e-01 2.111692279577255249e-01 -4.017563909292221069e-02
2.339185625314712524e-01 8.599727600812911987e-02 9.684452414512634277e-01 -2.968370318412780762e-01
0.000000000000000000e+00 0.000000000000000000e+00 0.000000000000000000e+00 1.000000000000000000e+00
2.710456252098083496e-01 9.523645043373107910e-01 -1.397709697484970093e-01 4.608538001775741577e-02
-9.377095103263854980e-01 2.940336465835571289e-01 1.850543916225433350e-01 -2.951413393020629883e-02
2.173365950584411621e-01 8.090636134147644043e-02 9.727378487586975098e-01 -2.956016957759857178e-01
0.000000000000000000e+00 0.000000000000000000e+00 0.000000000000000000e+00 1.000000000000000000e+00
3.259709179401397705e-01 9.346718192100524902e-01 -1.418845355510711670e-01 4.493075236678123474e-02
-9.338588118553161621e-01 3.417104482650756836e-01 1.055524051189422607e-01 -1.780942315235733986e-03
1.471403092145919800e-01 9.809317439794540405e-02 9.842393994331359863e-01 -2.956338524818420410e-01
0.000000000000000000e+00 0.000000000000000000e+00 0.000000000000000000e+00 1.000000000000000000e+00
3.633545041084289551e-01 9.154073596000671387e-01 -1.732127666473388672e-01 5.310426652431488037e-02
-9.286546707153320312e-01 3.707696199417114258e-01 1.139797642827033997e-02 3.112432919442653656e-02
7.465581595897674561e-02 1.567133963108062744e-01 9.848185777664184570e-01 -2.917059361934661865e-01
0.000000000000000000e+00 0.000000000000000000e+00 0.000000000000000000e+00 1.000000000000000000e+00
4.015348851680755615e-01 8.965776562690734863e-01 -1.868631988763809204e-01 5.549634993076324463e-02
-9.156751632690429688e-01 3.969286382198333740e-01 -6.313697248697280884e-02 5.651731789112091064e-02
1.756415702402591705e-02 1.964576840400695801e-01 9.803549051284790039e-01 -2.867832183837890625e-01
0.000000000000000000e+00 0.000000000000000000e+00 0.000000000000000000e+00 1.000000000000000000e+00
4.571658074855804443e-01 8.629457354545593262e-01 -2.152299284934997559e-01 6.063609197735786438e-02
-8.883817791938781738e-01 4.316087663173675537e-01 -1.564970910549163818e-01 8.514665812253952026e-02
-4.215340688824653625e-02 2.627514600753784180e-01 9.639420509338378906e-01 -2.766387164592742920e-01
0.000000000000000000e+00 0.000000000000000000e+00 0.000000000000000000e+00 1.000000000000000000e+00
5.342878699302673340e-01 8.210927248001098633e-01 -2.008559256792068481e-01 5.047894641757011414e-02
-8.405979275703430176e-01 4.910623133182525635e-01 -2.285895943641662598e-01 1.051718369126319885e-01
-8.906053751707077026e-02 2.909718155860900879e-01 9.525774121284484863e-01 -2.691692411899566650e-01
0.000000000000000000e+00 0.000000000000000000e+00 0.000000000000000000e+00 1.000000000000000000e+00
5.910375118255615234e-01 7.826507687568664551e-01 -1.952755749225616455e-01 4.484589397907257080e-02
-7.969126701354980469e-01 5.290502905845642090e-01 -2.916082739830017090e-01 1.204997375607490540e-01
-1.249169632792472839e-01 3.279690444469451904e-01 9.363927841186523438e-01 -2.608252167701721191e-01
0.000000000000000000e+00 0.000000000000000000e+00 0.000000000000000000e+00 1.000000000000000000e+00
6.742746233940124512e-01 7.186826467514038086e-01 -1.698495596647262573e-01 3.106313943862915039e-02
-7.201187014579772949e-01 5.889123678207397461e-01 -3.668928742408752441e-01 1.360238045454025269e-01
-1.636531800031661987e-01 3.696985542774200439e-01 9.146257638931274414e-01 -2.501686811447143555e-01
0.000000000000000000e+00 0.000000000000000000e+00 0.000000000000000000e+00 1.000000000000000000e+00
7.330109477043151855e-01 6.620810627937316895e-01 -1.560239344835281372e-01 2.318208105862140656e-02
-6.515870094299316406e-01 6.175929903984069824e-01 -4.404689669609069824e-01 1.510256379842758179e-01
-1.952670067548751831e-01 4.245316982269287109e-01 8.841060996055603027e-01 -2.360515594482421875e-01
0.000000000000000000e+00 0.000000000000000000e+00 0.000000000000000000e+00 1.000000000000000000e+00
7.564164400100708008e-01 6.402168273925781250e-01 -1.340015232563018799e-01 1.508717890828847885e-02
-6.011252999305725098e-01 5.996628999710083008e-01 -5.282541513442993164e-01 1.709937900304794312e-01
-2.578415274620056152e-01 4.801318049430847168e-01 8.384454846382141113e-01 -2.150320559740066528e-01
0.000000000000000000e+00 0.000000000000000000e+00 0.000000000000000000e+00 1.000000000000000000e+00
7.879407405853271484e-01 6.004810929298400879e-01 -1.362778246402740479e-01 1.255041733384132385e-02
-5.355209708213806152e-01 5.590432286262512207e-01 -6.329991221427917480e-01 1.978297531604766846e-01
-3.039188981056213379e-01 5.717453956604003906e-01 7.620632052421569824e-01 -1.869207471609115601e-01
0.000000000000000000e+00 0.000000000000000000e+00 0.000000000000000000e+00 1.000000000000000000e+00
8.087791204452514648e-01 5.723792910575866699e-01 -1.351231634616851807e-01 1.077458262443542480e-02
-4.844403564929962158e-01 5.181142091751098633e-01 -7.048936486244201660e-01 2.167263329029083252e-01
-3.334572613239288330e-01 6.355623006820678711e-01 6.963237524032592773e-01 -1.634604930877685547e-01
0.000000000000000000e+00 0.000000000000000000e+00 0.000000000000000000e+00 1.000000000000000000e+00
8.409665226936340332e-01 5.251476764678955078e-01 -1.303647160530090332e-01 6.147846113890409470e-03
-4.137572944164276123e-01 4.688663780689239502e-01 -7.803646326065063477e-01 2.363214194774627686e-01
-3.486830890178680420e-01 7.102000117301940918e-01 6.115847229957580566e-01 -1.392787843942642212e-01
0.000000000000000000e+00 0.000000000000000000e+00 0.000000000000000000e+00 1.000000000000000000e+00
8.691151142120361328e-01 4.860202670097351074e-01 -9.177771210670471191e-02 -7.008031941950321198e-03
-3.294860422611236572e-01 4.305195212364196777e-01 -8.402925133705139160e-01 2.507064044475555420e-01
-3.688872456550598145e-01 7.605505585670471191e-01 5.343080163002014160e-01 -1.187687739729881287e-01
0.000000000000000000e+00 0.000000000000000000e+00 0.000000000000000000e+00 1.000000000000000000e+00
8.890132904052734375e-01 4.539386034011840820e-01 -5.996004492044448853e-02 -1.605175435543060303e-02
-2.253687679767608643e-01 3.198127746582031250e-01 -9.202871918678283691e-01 2.659746110439300537e-01
-3.985779285430908203e-01 8.316606283187866211e-01 3.866213858127593994e-01 -7.867238670587539673e-02
0.000000000000000000e+00 0.000000000000000000e+00 0.000000000000000000e+00 1.000000000000000000e+00
8.763008117675781250e-01 4.812175631523132324e-01 -2.294421382248401642e-02 -3.086410276591777802e-02
-9.208796173334121704e-02 1.205653473734855652e-01 -9.884247779846191406e-01 2.829069793224334717e-01
-4.728812277317047119e-01 8.682704567909240723e-01 1.499658674001693726e-01 -1.200420130044221878e-02
0.000000000000000000e+00 0.000000000000000000e+00 0.000000000000000000e+00 1.000000000000000000e+00
8.741209506988525391e-01 4.847178757190704346e-01 -3.099604509770870209e-02 -2.620976604521274567e-02
-9.091337025165557861e-02 1.005935370922088623e-01 -9.907651543617248535e-01 2.830290794372558594e-01
-4.771236181259155273e-01 8.688665628433227539e-01 1.319982409477233887e-01 -1.355126965790987015e-02
0.000000000000000000e+00 0.000000000000000000e+00 0.000000000000000000e+00 1.000000000000000000e+00
8.322938680648803711e-01 5.539289116859436035e-01 -2.120592072606086731e-02 -2.430217340588569641e-02
-9.721257537603378296e-02 1.081890687346458435e-01 -9.893656969070434570e-01 2.829890549182891846e-01
-5.457441210746765137e-01 8.255043625831604004e-01 1.438939720392227173e-01 -1.542364619672298431e-02
0.000000000000000000e+00 0.000000000000000000e+00 0.000000000000000000e+00 1.000000000000000000e+00
8.112164735794067383e-01 5.817793607711791992e-01 -5.882618576288223267e-02 -1.374407205730676651e-02
-2.411283850669860840e-01 2.411700040102005005e-01 -9.400500655174255371e-01 2.750392854213714600e-01
-5.327146649360656738e-01 7.767687439918518066e-01 3.359246253967285156e-01 -5.888846889138221741e-02
0.000000000000000000e+00 0.000000000000000000e+00 0.000000000000000000e+00 1.000000000000000000e+00
8.299242854118347168e-01 5.497209429740905762e-01 -9.503930807113647461e-02 -4.588422831147909164e-03
-3.068433403968811035e-01 3.075272142887115479e-01 -9.007073044776916504e-01 2.666655182838439941e-01
-4.659106731414794922e-01 7.766810655593872070e-01 4.239026308059692383e-01 -8.497076481580734253e-02
0.000000000000000000e+00 0.000000000000000000e+00 0.000000000000000000e+00 1.000000000000000000e+00
8.129745125770568848e-01 5.727501511573791504e-01 -1.050222665071487427e-01 -1.799519523046910763e-03
-3.691700100898742676e-01 3.674840629100799561e-01 -8.536210060119628906e-01 2.565499246120452881e-01
-4.503177106380462646e-01 7.327432632446289062e-01 5.101974606513977051e-01 -1.094677895307540894e-01
0.000000000000000000e+00 0.000000000000000000e+00 0.000000000000000000e+00 1.000000000000000000e+00
8.333750963211059570e-01 5.469484925270080566e-01 -7.958040386438369751e-02 -1.388831250369548798e-02
-4.523477554321289062e-01 5.922101140022277832e-01 -6.668347716331481934e-01 2.164791822433471680e-01
-3.175959587097167969e-01 5.917214155197143555e-01 7.409443259239196777e-01 -1.804979443550109863e-01
0.000000000000000000e+00 0.000000000000000000e+00 0.000000000000000000e+00 1.000000000000000000e+00
8.357075452804565430e-01 5.462367534637451172e-01 -5.672917515039443970e-02 -2.213809825479984283e-02
-4.643315076828002930e-01 6.476595997810363770e-01 -6.040967702865600586e-01 1.979855746030807495e-01
-2.932388484477996826e-01 5.311893224716186523e-01 7.948890924453735352e-01 -1.973072290420532227e-01
0.000000000000000000e+00 0.000000000000000000e+00 0.000000000000000000e+00 1.000000000000000000e+00
8.580278754234313965e-01 5.104868412017822266e-01 -5.649147555232048035e-02 -2.243566885590553284e-02
-4.596604108810424805e-01 7.141826748847961426e-01 -5.278782248497009277e-01 1.753022521734237671e-01
-2.291296869516372681e-01 4.789009690284729004e-01 8.474392294883728027e-01 -2.148594111204147339e-01
0.000000000000000000e+00 0.000000000000000000e+00 0.000000000000000000e+00 1.000000000000000000e+00
8.710429668426513672e-01 4.909500181674957275e-01 -1.587100513279438019e-02 -3.243935480713844299e-02
-4.579068422317504883e-01 7.998759150505065918e-01 -3.879684805870056152e-01 1.347454488277435303e-01
-1.777784675359725952e-01 3.452046215534210205e-01 9.215359091758728027e-01 -2.371209859848022461e-01
0.000000000000000000e+00 0.000000000000000000e+00 0.000000000000000000e+00 1.000000000000000000e+00
8.784962892532348633e-01 4.774160385131835938e-01 -1.783312484622001648e-02 -3.015866130590438843e-02
-4.655756950378417969e-01 8.471424579620361328e-01 -2.561031281948089600e-01 9.821662306785583496e-02
-1.071605980396270752e-01 2.332883626222610474e-01 9.664849042892456055e-01 -2.526237964630126953e-01
0.000000000000000000e+00 0.000000000000000000e+00 0.000000000000000000e+00 1.000000000000000000e+00
8.786358833312988281e-01 4.773401319980621338e-01 -1.203492842614650726e-02 -2.785225398838520050e-02
-4.773797988891601562e-01 8.776041269302368164e-01 -4.380976408720016479e-02 3.847698494791984558e-02
-1.035027205944061279e-02 4.423807933926582336e-02 9.989674091339111328e-01 -2.660200297832489014e-01
0.000000000000000000e+00 0.000000000000000000e+00 0.000000000000000000e+00 1.000000000000000000e+00
8.872164487838745117e-01 4.612106382846832275e-01 -1.148210093379020691e-02 -2.627177536487579346e-02
-4.601585566997528076e-01 8.864345550537109375e-01 4.988041147589683533e-02 1.052505895495414734e-02
3.318351134657859802e-02 -3.897111862897872925e-02 9.986893534660339355e-01 -2.685450911521911621e-01
0.000000000000000000e+00 0.000000000000000000e+00 0.000000000000000000e+00 1.000000000000000000e+00
8.943364620208740234e-01 4.473560452461242676e-01 -5.890886299312114716e-03 -2.754254080355167389e-02
-4.414234459400177002e-01 8.844672441482543945e-01 1.512038409709930420e-01 -2.080057375133037567e-02
7.285230606794357300e-02 -1.326267272233963013e-01 9.884850978851318359e-01 -2.674697637557983398e-01
0.000000000000000000e+00 0.000000000000000000e+00 0.000000000000000000e+00 1.000000000000000000e+00
8.971668481826782227e-01 4.415384531021118164e-01 -1.162251830101013184e-02 -2.582891099154949188e-02
-4.240115880966186523e-01 8.683274984359741211e-01 2.573358714580535889e-01 -5.447703599929809570e-02
1.237158924341201782e-01 -2.259452044963836670e-01 9.662522077560424805e-01 -2.630101442337036133e-01
0.000000000000000000e+00 0.000000000000000000e+00 0.000000000000000000e+00 1.000000000000000000e+00
8.995485901832580566e-01 4.364627599716186523e-01 -1.766365766525268555e-02 -2.361525595188140869e-02
-3.992877006530761719e-01 8.379841446876525879e-01 3.719563484191894531e-01 -9.223625063896179199e-02
1.771471202373504639e-01 -3.275399506092071533e-01 9.280821084976196289e-01 -2.532519400119781494e-01
0.000000000000000000e+00 0.000000000000000000e+00 0.000000000000000000e+00 1.000000000000000000e+00
9.048638939857482910e-01 4.255579710006713867e-01 -1.100991666316986084e-02 -2.685301005840301514e-02
-3.737154901027679443e-01 8.064851164817810059e-01 4.581686556339263916e-01 -1.207035407423973083e-01
2.038568258285522461e-01 -4.104656875133514404e-01 8.887968063354492188e-01 -2.436675578355789185e-01
0.000000000000000000e+00 0.000000000000000000e+00 0.000000000000000000e+00 1.000000000000000000e+00
9.151567220687866211e-01 4.030262529850006104e-01 -7.632568944245576859e-03 -3.059619478881359100e-02
-3.323545157909393311e-01 7.651253342628479004e-01 5.514742732048034668e-01 -1.517639458179473877e-01
2.280985414981842041e-01 -5.021483302116394043e-01 8.341570496559143066e-01 -2.300440669059753418e-01
0.000000000000000000e+00 0.000000000000000000e+00 0.000000000000000000e+00 1.000000000000000000e+00
9.090431332588195801e-01 4.164308905601501465e-01 1.501668523997068405e-02 -3.847270086407661438e-02
-3.323640227317810059e-01 7.028512954711914062e-01 6.289150714874267578e-01 -1.752816140651702881e-01
2.513453960418701172e-01 -5.767018795013427734e-01 7.773289680480957031e-01 -2.165847122669219971e-01
0.000000000000000000e+00 0.000000000000000000e+00 0.000000000000000000e+00 1.000000000000000000e+00
9.173192381858825684e-01 3.967936635017395020e-01 3.287567570805549622e-02 -4.579984769225120544e-02
-2.945605218410491943e-01 6.207763552665710449e-01 7.265470027923583984e-01 -2.064024507999420166e-01
2.678811252117156982e-01 -6.761593222618103027e-01 6.863297224044799805e-01 -1.911331415176391602e-01
0.000000000000000000e+00 0.000000000000000000e+00 0.000000000000000000e+00 1.000000000000000000e+00
9.274622201919555664e-01 3.698793649673461914e-01 5.479519814252853394e-02 -5.409856513142585754e-02
-2.646646201610565186e-01 5.458695292472839355e-01 7.949711084365844727e-01 -2.288557589054107666e-01
2.641324400901794434e-01 -7.518081665039062500e-01 6.041675209999084473e-01 -1.661035716533660889e-01
0.000000000000000000e+00 0.000000000000000000e+00 0.000000000000000000e+00 1.000000000000000000e+00
9.350120425224304199e-01 3.506067097187042236e-01 5.317054316401481628e-02 -5.545372888445854187e-02
-2.253913730382919312e-01 4.718137085437774658e-01 8.524024486541748047e-01 -2.488092333078384399e-01
2.737715244293212891e-01 -8.089911341667175293e-01 5.201753377914428711e-01 -1.423645168542861938e-01
0.000000000000000000e+00 0.000000000000000000e+00 0.000000000000000000e+00 1.000000000000000000e+00
9.442893266677856445e-01 3.252176642417907715e-01 5.051163956522941589e-02 -5.778929963707923889e-02
-1.872290670871734619e-01 4.046040177345275879e-01 8.951204419136047363e-01 -2.634304761886596680e-01
2.706717848777770996e-01 -8.547098636627197266e-01 4.429534673690795898e-01 -1.209901943802833557e-01
0.000000000000000000e+00 0.000000000000000000e+00 0.000000000000000000e+00 1.000000000000000000e+00
9.592014551162719727e-01 2.798284292221069336e-01 4.036066681146621704e-02 -5.793920904397964478e-02
-1.378570795059204102e-01 3.382833302021026611e-01 9.308916330337524414e-01 -2.774184644222259521e-01
2.468365877866744995e-01 -8.984765410423278809e-01 3.630582988262176514e-01 -9.628073126077651978e-02
0.000000000000000000e+00 0.000000000000000000e+00 0.000000000000000000e+00 1.000000000000000000e+00
9.618251323699951172e-01 2.643124759197235107e-01 7.092859596014022827e-02 -6.926663219928741455e-02
-1.407693028450012207e-01 2.555815875530242920e-01 9.564839601516723633e-01 -2.890702784061431885e-01
2.346826791763305664e-01 -9.299553632736206055e-01 2.830319702625274658e-01 -6.797022372484207153e-02
0.000000000000000000e+00 0.000000000000000000e+00 0.000000000000000000e+00 1.000000000000000000e+00
9.755689501762390137e-01 2.112985402345657349e-01 6.014655530452728271e-02 -6.908018141984939575e-02
-9.324788302183151245e-02 1.503660678863525391e-01 9.842228889465332031e-01 -3.019537329673767090e-01
1.989208906888961792e-01 -9.657865166664123535e-01 1.663956046104431152e-01 -2.715574577450752258e-02
0.000000000000000000e+00 0.000000000000000000e+00 0.000000000000000000e+00 1.000000000000000000e+00
9.920530319213867188e-01 1.257064342498779297e-01 5.361538846045732498e-03 -5.540887638926506042e-02
-2.219101786613464355e-02 1.328650712966918945e-01 9.908856749534606934e-01 -3.061800003051757812e-01
1.238483265042304993e-01 -9.831299781799316406e-01 1.345987915992736816e-01 -1.784850656986236572e-02
0.000000000000000000e+00 0.000000000000000000e+00 0.000000000000000000e+00 1.000000000000000000e+00
9.951853156089782715e-01 9.722398966550827026e-02 -1.240749470889568329e-02 -5.106244236230850220e-02
-1.152728591114282608e-02 2.418150156736373901e-01 9.702537655830383301e-01 -3.017624616622924805e-01
9.733225405216217041e-02 -9.654389619827270508e-01 2.417713999748229980e-01 -5.152785778045654297e-02
0.000000000000000000e+00 0.000000000000000000e+00 0.000000000000000000e+00 1.000000000000000000e+00
9.978547096252441406e-01 3.329313546419143677e-02 -5.637173727154731750e-02 -3.604232147336006165e-02
4.438531771302223206e-02 2.889302074909210205e-01 9.563204646110534668e-01 -3.084235489368438721e-01
4.812639579176902771e-02 -9.567708969116210938e-01 2.868324816226959229e-01 -6.361965090036392212e-02
0.000000000000000000e+00 0.000000000000000000e+00 0.000000000000000000e+00 1.000000000000000000e+00
9.891198277473449707e-01 -4.833048954606056213e-02 -1.389447152614593506e-01 -4.392055794596672058e-03
1.468610316514968872e-01 2.694281339645385742e-01 9.517566561698913574e-01 -3.187909126281738281e-01
-8.563260547816753387e-03 -9.618067145347595215e-01 2.735945284366607666e-01 -5.667044967412948608e-02
0.000000000000000000e+00 0.000000000000000000e+00 0.000000000000000000e+00 1.000000000000000000e+00
9.688411951065063477e-01 -5.800371989607810974e-02 -2.407941967248916626e-01 2.963395603001117706e-02
2.476019859313964844e-01 2.515194714069366455e-01 9.356448650360107422e-01 -3.232694566249847412e-01
6.293525919318199158e-03 -9.661126732826232910e-01 2.580442726612091064e-01 -5.076856166124343872e-02
0.000000000000000000e+00 0.000000000000000000e+00 0.000000000000000000e+00 1.000000000000000000e+00
9.723421335220336914e-01 -2.010370045900344849e-02 -2.326933145523071289e-01 2.563780359923839569e-02
2.283822745084762573e-01 2.904586195945739746e-01 9.292337298393249512e-01 -3.211689889430999756e-01
4.890673235058784485e-02 -9.566763639450073242e-01 2.870165109634399414e-01 -6.335234642028808594e-02
0.000000000000000000e+00 0.000000000000000000e+00 0.000000000000000000e+00 1.000000000000000000e+00
9.817644953727722168e-01 4.016065970063209534e-02 -1.858115643262863159e-01 6.894846446812152863e-03
1.626901924610137939e-01 3.281254172325134277e-01 9.305191040039062500e-01 -3.188413083553314209e-01
9.833972156047821045e-02 -9.437798857688903809e-01 3.156080245971679688e-01 -7.829469442367553711e-02
0.000000000000000000e+00 0.000000000000000000e+00 0.000000000000000000e+00 1.000000000000000000e+00
9.850572943687438965e-01 1.248468607664108276e-01 -1.186412647366523743e-01 -1.851528324186801910e-02
6.527876853942871094e-02 3.668159544467926025e-01 9.280003309249877930e-01 -3.125819861888885498e-01
1.593774259090423584e-01 -9.218779206275939941e-01 3.531848192214965820e-01 -9.803944081068038940e-02
0.000000000000000000e+00 0.000000000000000000e+00 0.000000000000000000e+00 1.000000000000000000e+00
9.772137999534606934e-01 2.114546746015548706e-01 -1.843994110822677612e-02 -5.309211462736129761e-02
-4.823552072048187256e-02 3.058351576328277588e-01 9.508617520332336426e-01 -3.134334981441497803e-01
2.067037969827651978e-01 -9.283058047294616699e-01 3.090658783912658691e-01 -8.811219036579132080e-02
0.000000000000000000e+00 0.000000000000000000e+00 0.000000000000000000e+00 1.000000000000000000e+00
9.163721203804016113e-01 3.891508579254150391e-01 9.393368661403656006e-02 -8.784817159175872803e-02
-2.296382188796997070e-01 3.187805116176605225e-01 9.195893406867980957e-01 -2.935053408145904541e-01
3.279149532318115234e-01 -8.642569780349731445e-01 3.814855813980102539e-01 -1.221521124243736267e-01
0.000000000000000000e+00 0.000000000000000000e+00 0.000000000000000000e+00 1.000000000000000000e+00
8.725646734237670898e-01 4.794877469539642334e-01 9.339446574449539185e-02 -8.590696752071380615e-02
-2.833088636398315430e-01 3.409666717052459717e-01 8.963690996170043945e-01 -2.820324301719665527e-01
3.979538381099700928e-01 -8.085995316505432129e-01 4.333586692810058594e-01 -1.469493508338928223e-01
0.000000000000000000e+00 0.000000000000000000e+00 0.000000000000000000e+00 1.000000000000000000e+00
8.353560566902160645e-01 5.456008911132812500e-01 6.708433479070663452e-02 -7.577165961265563965e-02
-3.391147851943969727e-01 4.154308438301086426e-01 8.440487980842590332e-01 -2.618925273418426514e-01
4.326446950435638428e-01 -7.278304696083068848e-01 5.320538282394409180e-01 -1.830294281244277954e-01
0.000000000000000000e+00 0.000000000000000000e+00 0.000000000000000000e+00 1.000000000000000000e+00
8.005988001823425293e-01 5.973917841911315918e-01 4.652498662471771240e-02 -6.662214547395706177e-02
-4.261797368526458740e-01 5.131241083145141602e-01 7.450332045555114746e-01 -2.235703617334365845e-01
4.212036728858947754e-01 -6.163005232810974121e-01 6.654029488563537598e-01 -2.269834280014038086e-01
0.000000000000000000e+00 0.000000000000000000e+00 0.000000000000000000e+00 1.000000000000000000e+00
7.734281420707702637e-01 6.336238384246826172e-01 1.816469617187976837e-02 -5.632421001791954041e-02
-5.039021968841552734e-01 5.971942543983459473e-01 6.240525841712951660e-01 -1.779889762401580811e-01
3.845665752887725830e-01 -4.918128252029418945e-01 7.811712622642517090e-01 -2.629450857639312744e-01
0.000000000000000000e+00 0.000000000000000000e+00 0.000000000000000000e+00 1.000000000000000000e+00
7.491398453712463379e-01 6.622748374938964844e-01 1.347461342811584473e-02 -5.322529003024101257e-02
-5.673706531524658203e-01 6.310234069824218750e-01 5.290555953979492188e-01 -1.422792375087738037e-01
3.418774902820587158e-01 -4.039815664291381836e-01 8.484801650047302246e-01 -2.827155292034149170e-01
0.000000000000000000e+00 0.000000000000000000e+00 0.000000000000000000e+00 1.000000000000000000e+00
6.534146666526794434e-01 7.569350004196166992e-01 9.944392368197441101e-03 -4.554063081741333008e-02
-6.741782426834106445e-01 5.759010314941406250e-01 4.624076485633850098e-01 -1.123730540275573730e-01
3.442857265472412109e-01 -3.088482618331909180e-01 8.866117000579833984e-01 -2.971847951412200928e-01
0.000000000000000000e+00 0.000000000000000000e+00 0.000000000000000000e+00 1.000000000000000000e+00
5.839688181877136230e-01 8.113467693328857422e-01 -2.639940567314624786e-02 -2.845538407564163208e-02
-7.383458614349365234e-01 5.443800091743469238e-01 3.981150984764099121e-01 -8.608082681894302368e-02
3.373809158802032471e-01 -2.129947990179061890e-01 9.169553518295288086e-01 -3.082799911499023438e-01
0.000000000000000000e+00 0.000000000000000000e+00 0.000000000000000000e+00 1.000000000000000000e+00
5.375211238861083984e-01 8.407772779464721680e-01 -6.453081220388412476e-02 -1.180146913975477219e-02
-7.815557718276977539e-01 5.254666805267333984e-01 3.362368941307067871e-01 -6.150463968515396118e-02
3.166092634201049805e-01 -1.303000003099441528e-01 9.395642280578613281e-01 -3.146275877952575684e-01
0.000000000000000000e+00 0.000000000000000000e+00 0.000000000000000000e+00 1.000000000000000000e+00
5.045270323753356934e-01 8.548507690429687500e-01 -1.211708337068557739e-01 1.031241100281476974e-02
-8.177523612976074219e-01 5.181525349617004395e-01 2.505967020988464355e-01 -3.004932962357997894e-02
2.770076990127563477e-01 -2.734504826366901398e-02 9.604784846305847168e-01 -3.196906447410583496e-01
0.000000000000000000e+00 0.000000000000000000e+00 0.000000000000000000e+00 1.000000000000000000e+00
4.382824003696441650e-01 8.815166950225830078e-01 -1.756034493446350098e-01 3.427917882800102234e-02
-8.566445112228393555e-01 4.688140153884887695e-01 2.153440415859222412e-01 -1.500312052667140961e-02
2.721548080444335938e-01 5.604830384254455566e-02 9.606197476387023926e-01 -3.198354840278625488e-01
0.000000000000000000e+00 0.000000000000000000e+00 0.000000000000000000e+00 1.000000000000000000e+00
3.545645773410797119e-01 8.955208659172058105e-01 -2.689353227615356445e-01 7.229762524366378784e-02
-8.927742242813110352e-01 4.097244739532470703e-01 1.872968971729278564e-01 -3.091173246502876282e-03
2.779176235198974609e-01 1.736896187067031860e-01 9.447717070579528809e-01 -3.145370781421661377e-01
0.000000000000000000e+00 0.000000000000000000e+00 0.000000000000000000e+00 1.000000000000000000e+00
2.921401262283325195e-01 8.829950690269470215e-01 -3.673872649669647217e-01 1.093137860298156738e-01
-9.135279059410095215e-01 3.713355660438537598e-01 1.660627871751785278e-01 5.572597961872816086e-03
2.830566167831420898e-01 2.871049344539642334e-01 9.151227474212646484e-01 -3.052062690258026123e-01
0.000000000000000000e+00 0.000000000000000000e+00 0.000000000000000000e+00 1.000000000000000000e+00
2.694400846958160400e-01 8.507491946220397949e-01 -4.512507915496826172e-01 1.379718184471130371e-01
-9.321705102920532227e-01 3.480514585971832275e-01 9.959086775779724121e-02 2.925465442240238190e-02
2.417853176593780518e-01 3.938089311122894287e-01 8.868227005004882812e-01 -2.925871610641479492e-01
0.000000000000000000e+00 0.000000000000000000e+00 0.000000000000000000e+00 1.000000000000000000e+00
1.741086542606353760e-01 7.723884582519531250e-01 -6.108211874961853027e-01 1.965586245059967041e-01
-9.623255133628845215e-01 2.650131881237030029e-01 6.080989539623260498e-02 4.300607740879058838e-02
2.088446468114852905e-01 5.772211551666259766e-01 7.894300222396850586e-01 -2.585794925689697266e-01
0.000000000000000000e+00 0.000000000000000000e+00 0.000000000000000000e+00 1.000000000000000000e+00
1.346060037612915039e-01 6.722028851509094238e-01 -7.280278801918029785e-01 2.376093864440917969e-01
-9.732996225357055664e-01 2.275501489639282227e-01 3.014710173010826111e-02 5.354475229978561401e-02
1.859277635812759399e-01 7.045310735702514648e-01 6.848843097686767578e-01 -2.236329019069671631e-01
0.000000000000000000e+00 0.000000000000000000e+00 0.000000000000000000e+00 1.000000000000000000e+00
1.080274283885955811e-01 5.742959380149841309e-01 -8.114887475967407227e-01 2.661749422550201416e-01
-9.839524030685424805e-01 1.783675849437713623e-01 -4.754301626235246658e-03 6.550696492195129395e-02
1.420129090547561646e-01 7.989799976348876953e-01 5.843485593795776367e-01 -1.883809119462966919e-01
0.000000000000000000e+00 0.000000000000000000e+00 0.000000000000000000e+00 1.000000000000000000e+00
7.574030011892318726e-02 5.080007314682006836e-01 -8.580201864242553711e-01 2.835287153720855713e-01
-9.908385872840881348e-01 1.348345726728439331e-01 -7.634163834154605865e-03 6.677214801311492920e-02
1.118126064538955688e-01 8.507377505302429199e-01 5.135592818260192871e-01 -1.637541800737380981e-01
0.000000000000000000e+00 0.000000000000000000e+00 0.000000000000000000e+00 1.000000000000000000e+00
1.529211252927780151e-01 5.139684677124023438e-01 -8.440684676170349121e-01 2.720772325992584229e-01
-9.880696535110473633e-01 9.529912471771240234e-02 -1.209806129336357117e-01 1.033645421266555786e-01
1.825873740017414093e-02 8.524988293647766113e-01 5.224098563194274902e-01 -1.592578440904617310e-01
0.000000000000000000e+00 0.000000000000000000e+00 0.000000000000000000e+00 1.000000000000000000e+00
2.617052793502807617e-01 5.745870471000671387e-01 -7.754737734794616699e-01 2.422055453062057495e-01
-9.603384733200073242e-01 7.491386681795120239e-02 -2.685856521129608154e-01 1.489466279745101929e-01
-9.623204171657562256e-02 8.150078058242797852e-01 5.714035034179687500e-01 -1.650825440883636475e-01
0.000000000000000000e+00 0.000000000000000000e+00 0.000000000000000000e+00 1.000000000000000000e+00
3.224228918552398682e-01 6.137732863426208496e-01 -7.206429839134216309e-01 2.211958467960357666e-01
-9.288045763969421387e-01 5.822371318936347961e-02 -3.659671843051910400e-01 1.773316264152526855e-01
-1.826623529195785522e-01 7.873327136039733887e-01 5.888479948043823242e-01 -1.641535907983779907e-01
0.000000000000000000e+00 0.000000000000000000e+00 0.000000000000000000e+00 1.000000000000000000e+00
3.667215704917907715e-01 6.295140385627746582e-01 -6.850018501281738281e-01 2.066981345415115356e-01
-8.903574943542480469e-01 2.397142723202705383e-02 -4.546308517456054688e-01 2.022677212953567505e-01
-2.697758972644805908e-01 7.766194939613342285e-01 5.692833662033081055e-01 -1.507095545530319214e-01
0.000000000000000000e+00 0.000000000000000000e+00 0.000000000000000000e+00 1.000000000000000000e+00
4.246162176132202148e-01 6.310844421386718750e-01 -6.491789221763610840e-01 1.900897622108459473e-01
-8.388575315475463867e-01 4.473612178117036819e-03 -5.443325042724609375e-01 2.259544730186462402e-01
-3.406156301498413086e-01 7.757012844085693359e-01 5.312895774841308594e-01 -1.319705694913864136e-01
0.000000000000000000e+00 0.000000000000000000e+00 0.000000000000000000e+00 1.000000000000000000e+00
5.240777730941772461e-01 6.338207721710205078e-01 -5.688702464103698730e-01 1.585966944694519043e-01
-7.312530875205993652e-01 -7.529953960329294205e-03 -6.820646524429321289e-01 2.587284147739410400e-01
-4.365902841091156006e-01 7.734432220458984375e-01 4.595371782779693604e-01 -9.912948310375213623e-02
0.000000000000000000e+00 0.000000000000000000e+00 0.000000000000000000e+00 1.000000000000000000e+00
6.341472268104553223e-01 6.661128401756286621e-01 -3.926202058792114258e-01 9.490007162094116211e-02
-5.758895874023437500e-01 6.805957108736038208e-02 -8.146890997886657715e-01 2.911880612373352051e-01
-5.159538388252258301e-01 7.427388429641723633e-01 4.267675876617431641e-01 -8.146078139543533325e-02
0.000000000000000000e+00 0.000000000000000000e+00 0.000000000000000000e+00 1.000000000000000000e+00
6.376836299896240234e-01 7.162064313888549805e-01 -2.835634648799896240e-01 6.364904344081878662e-02
-4.980782568454742432e-01 1.025617346167564392e-01 -8.610454201698303223e-01 3.002996742725372314e-01
-5.876033902168273926e-01 6.903112530708312988e-01 4.221286773681640625e-01 -7.512556761503219604e-02
0.000000000000000000e+00 0.000000000000000000e+00 0.000000000000000000e+00 1.000000000000000000e+00
6.120841503143310547e-01 7.622562050819396973e-01 -2.105191498994827271e-01 4.618626087903976440e-02
-3.922027349472045898e-01 6.145124509930610657e-02 -9.178240299224853516e-01 3.110803961753845215e-01
-6.866803765296936035e-01 6.443517208099365234e-01 3.365722894668579102e-01 -4.596615582704544067e-02
0.000000000000000000e+00 0.000000000000000000e+00 0.000000000000000000e+00 1.000000000000000000e+00
4.383403360843658447e-01 8.968980908393859863e-01 -5.857893079519271851e-02 1.698776148259639740e-02
-2.111031711101531982e-01 3.938320279121398926e-02 -9.766700863838195801e-01 3.188402354717254639e-01
-8.736665248870849609e-01 4.404799640178680420e-01 2.066012322902679443e-01 -5.596056580543518066e-03
0.000000000000000000e+00 0.000000000000000000e+00 0.000000000000000000e+00 1.000000000000000000e+00
3.146103620529174805e-01 9.452125430107116699e-01 8.714034408330917358e-02 -2.438220381736755371e-02
-2.582141160964965820e-01 1.735613048076629639e-01 -9.503692388534545898e-01 3.203676640987396240e-01
-9.134252071380615234e-01 2.764950692653656006e-01 2.986715137958526611e-01 -3.931723162531852722e-02
0.000000000000000000e+00 0.000000000000000000e+00 0.000000000000000000e+00 1.000000000000000000e+00
3.284563124179840088e-01 9.439548850059509277e-01 -3.263980150222778320e-02 1.517574861645698547e-02
-3.698307871818542480e-01 9.673399478197097778e-02 -9.240498542785644531e-01 3.141370713710784912e-01
-8.691038489341735840e-01 3.155811131000518799e-01 3.808765411376953125e-01 -6.441529840230941772e-02
0.000000000000000000e+00 0.000000000000000000e+00 0.000000000000000000e+00 1.000000000000000000e+00
2.953152954578399658e-01 9.547591209411621094e-01 -3.498253226280212402e-02 2.205985598266124725e-02
-4.597423672676086426e-01 1.099141016602516174e-01 -8.812239170074462891e-01 3.045949935913085938e-01
-8.375115394592285156e-01 2.763218283653259277e-01 4.714026153087615967e-01 -9.618960320949554443e-02
0.000000000000000000e+00 0.000000000000000000e+00 0.000000000000000000e+00 1.000000000000000000e+00
1.833035796880722046e-01 9.806216359138488770e-01 -6.914377957582473755e-02 3.780319541692733765e-02
-4.750916957855224609e-01 2.679131738841533661e-02 -8.795282840728759766e-01 3.032291829586029053e-01
-8.606320023536682129e-01 1.940702050924301147e-01 4.707962274551391602e-01 -9.736264497041702271e-02
0.000000000000000000e+00 0.000000000000000000e+00 0.000000000000000000e+00 1.000000000000000000e+00
7.096382230520248413e-02 9.964944720268249512e-01 -4.430453106760978699e-02 3.499652817845344543e-02
-4.673336148262023926e-01 -6.025232374668121338e-03 -8.840604424476623535e-01 3.053604364395141602e-01
-8.812282681465148926e-01 8.344122767448425293e-02 4.652677178382873535e-01 -9.874611347913742065e-02
0.000000000000000000e+00 0.000000000000000000e+00 0.000000000000000000e+00 1.000000000000000000e+00
-1.312945187091827393e-01 9.901890754699707031e-01 4.782358556985855103e-02 1.089123263955116272e-02
-3.789134323596954346e-01 -5.546950735151767731e-03 -9.254154562950134277e-01 3.198272883892059326e-01
-9.160709977149963379e-01 -1.396230012178421021e-01 3.759243190288543701e-01 -7.470182329416275024e-02
0.000000000000000000e+00 0.000000000000000000e+00 0.000000000000000000e+00 1.000000000000000000e+00
-1.811518520116806030e-01 9.752590656280517578e-01 1.267036497592926025e-01 -1.295198872685432434e-02
-5.068064332008361816e-01 1.783514022827148438e-02 -8.618752360343933105e-01 3.072367012500762939e-01
-8.428113460540771484e-01 -2.203446179628372192e-01 4.910367131233215332e-01 -1.181519627571105957e-01
0.000000000000000000e+00 0.000000000000000000e+00 0.000000000000000000e+00 1.000000000000000000e+00
-2.280168980360031128e-01 9.484816789627075195e-01 2.199785709381103516e-01 -4.270508512854576111e-02
-6.178224682807922363e-01 3.367517888545989990e-02 -7.855960726737976074e-01 2.884967923164367676e-01
-7.525314688682556152e-01 -3.150369524955749512e-01 5.783150196075439453e-01 -1.522978097200393677e-01
0.000000000000000000e+00 0.000000000000000000e+00 0.000000000000000000e+00 1.000000000000000000e+00
-2.430950403213500977e-01 9.215418696403503418e-01 3.027626276016235352e-01 -6.815731525421142578e-02
-7.138329744338989258e-01 4.137613624334335327e-02 -6.990924477577209473e-01 2.652088105678558350e-01
-6.567701101303100586e-01 -3.860680162906646729e-01 6.477689146995544434e-01 -1.829759478569030762e-01
0.000000000000000000e+00 0.000000000000000000e+00 0.000000000000000000e+00 1.000000000000000000e+00
-2.362696528434753418e-01 8.653560280799865723e-01 4.419678449630737305e-01 -1.152542382478713989e-01
-8.072097897529602051e-01 7.840371131896972656e-02 -5.850343108177185059e-01 2.318175137042999268e-01
-5.409147739410400391e-01 -4.949867129325866699e-01 6.799995303153991699e-01 -2.041574716567993164e-01
0.000000000000000000e+00 0.000000000000000000e+00 0.000000000000000000e+00 1.000000000000000000e+00
-1.991154849529266357e-01 8.269473910331726074e-01 5.258429646492004395e-01 -1.476667672395706177e-01
-8.639096617698669434e-01 1.051835939288139343e-01 -4.925407171249389648e-01 2.032646983861923218e-01
-4.626153111457824707e-01 -5.523533821105957031e-01 6.934643387794494629e-01 -2.138513177633285522e-01
0.000000000000000000e+00 0.000000000000000000e+00 0.000000000000000000e+00 1.000000000000000000e+00
-1.860175430774688721e-01 7.559905648231506348e-01 6.275951862335205078e-01 -1.879928112030029297e-01
-9.025909304618835449e-01 1.209096089005470276e-01 -4.131712913513183594e-01 1.769080013036727905e-01
-3.882359266281127930e-01 -6.433188319206237793e-01 6.598588824272155762e-01 -2.033027857542037964e-01
0.000000000000000000e+00 0.000000000000000000e+00 0.000000000000000000e+00 1.000000000000000000e+00
-1.600943803787231445e-01 7.349610924720764160e-01 6.589398384094238281e-01 -2.008382380008697510e-01
-9.353213906288146973e-01 1.004196330904960632e-01 -3.392483890056610107e-01 1.532669514417648315e-01
-3.155048191547393799e-01 -6.706324815750122070e-01 6.713484525680541992e-01 -2.078362554311752319e-01
0.000000000000000000e+00 0.000000000000000000e+00 0.000000000000000000e+00 1.000000000000000000e+00
-1.051051095128059387e-01 7.127441167831420898e-01 6.935046911239624023e-01 -2.153619825839996338e-01
-9.648209810256958008e-01 9.590534120798110962e-02 -2.447907924652099609e-01 1.213560625910758972e-01
-2.409840077161788940e-01 -6.948367357254028320e-01 6.775903701782226562e-01 -2.078097164630889893e-01
0.000000000000000000e+00 0.000000000000000000e+00 0.000000000000000000e+00 1.000000000000000000e+00
-1.387698352336883545e-01 6.243793964385986328e-01 7.686957716941833496e-01 -2.417251020669937134e-01
-9.680563211441040039e-01 7.815449684858322144e-02 -2.382412403821945190e-01 1.218063384294509888e-01
-2.088299095630645752e-01 -7.772014737129211426e-01 5.935888886451721191e-01 -1.751686483621597290e-01
0.000000000000000000e+00 0.000000000000000000e+00 0.000000000000000000e+00 1.000000000000000000e+00
