380 145 414 144
376 150 409 150
380 150 414 147
357 154 360 187
371 159 390 163
376 159 400 161
366 164 401 177
400 164 437 176
352 169 391 181
366 169 403 182
438 169 474 152
414 174 455 175
328 178 343 238
352 178 372 221
380 178 419 195
390 178 428 202
352 183 373 226
390 183 429 207
323 188 345 251
409 188 451 199
414 188 455 200
419 188 460 198
409 193 452 205
323 198 350 260
333 198 353 253
371 221 408 244
376 221 413 241
380 221 419 240
438 221 493 208
376 226 416 247
385 226 430 242
390 226 436 241
424 226 482 223
438 226 496 213
443 226 500 211
376 231 418 252
438 231 498 217
443 231 503 216
376 236 420 257
380 236 425 255
414 236 456 246
457 236 502 204
352 241 393 286
371 241 403 281
433 255 493 238
357 260 430 307
428 260 490 244
428 264 492 250
433 264 496 248
457 264 519 227
462 264 524 226
404 269 447 284
433 269 499 253
457 269 520 232
462 269 525 231
467 269 530 230
376 279 434 317
447 279 494 290
376 284 436 321
380 288 448 323
385 288 452 321
409 288 452 316
438 288 498 294
443 288 502 293
443 293 503 297
390 298 456 327
414 298 485 310
