536 75 288 152
508 81 309 125
520 81 306 118
536 81 294 148
520 92 302 151
559 98 285 192
559 103 290 189
564 103 294 171
570 120 300 145
413 165 336 227
430 165 386 163
441 165 395 199
413 171 343 224
441 171 399 195
385 182 426 254
402 182 352 226
413 182 347 221
391 187 428 244
396 187 426 240
402 187 356 223
413 187 353 216
385 193 360 228
402 193 427 230
385 199 366 224
374 204 381 238
385 204 455 249
396 204 432 236
424 210 427 178
368 221 505 219
374 221 501 215
385 221 474 231
374 227 506 210
396 227 486 191
385 243 502 228
413 243 487 177
503 255 474 133
452 288 490 138
