465 89 425 64
454 95 412 74
471 95 434 68
437 100 401 84
471 100 437 73
477 100 445 72
483 106 455 76
426 112 398 95
437 112 401 102
414 146 382 160
414 152 385 166
511 152 503 109
380 163 363 193
352 174 348 210
363 180 356 213
295 197 315 241
301 197 323 239
306 197 327 236
329 197 347 226
352 197 361 220
397 197 405 189
289 203 317 249
352 203 364 225
397 203 407 197
443 203 430 193
471 203 464 169
477 203 470 165
483 203 476 161
278 208 298 260
284 208 314 257
289 208 320 255
312 208 335 241
318 208 343 236
465 208 462 178
471 208 467 174
477 208 473 171
284 214 317 263
301 214 328 252
306 214 333 249
329 214 353 238
465 214 467 183
494 214 496 163
358 220 369 239
460 220 462 195
465 220 469 191
488 220 488 176
289 225 326 269
301 225 330 260
306 225 350 265
312 225 337 255
448 225 455 207
500 225 499 186
380 231 383 233
460 231 464 211
323 237 349 258
329 237 364 259
386 237 394 238
341 242 370 256
346 242 377 253
426 242 441 236
318 248 361 275
346 248 379 259
386 248 418 249
323 259 376 285
329 259 383 283
335 259 389 280
397 259 422 263
318 265 362 293
329 265 388 288
335 265 394 286
352 265 402 273
392 265 421 271
397 265 425 269
403 265 434 267
323 271 384 298
329 271 391 295
329 282 397 306
341 282 405 297
352 282 414 293
358 282 419 290
420 282 456 280
335 288 404 306
358 288 423 296
346 294 419 305
358 294 426 302
358 299 430 308
369 311 434 307
369 316 437 312
363 322 435 322
