534 144 529 139
509 151 510 146
534 151 529 146
540 151 533 144
479 157 479 156
509 157 517 153
534 157 529 151
467 163 467 163
479 163 480 163
534 163 528 157
540 163 535 157
460 169 457 173
467 169 463 171
473 169 468 172
479 169 473 171
546 169 539 160
552 169 547 158
430 175 436 175
436 175 443 175
448 175 448 175
454 175 452 178
460 175 459 178
467 175 464 178
485 175 486 170
497 175 491 172
503 175 497 172
540 175 534 164
546 175 540 169
552 175 546 169
442 181 442 183
448 181 448 184
454 181 453 185
460 181 461 184
467 181 465 184
473 181 470 184
485 181 480 181
491 181 484 181
497 181 491 178
503 181 497 177
540 181 534 170
546 181 540 176
552 181 545 176
558 181 560 182
405 187 406 195
430 187 430 188
436 187 437 190
442 187 443 190
448 187 449 191
460 187 460 190
467 187 465 190
473 187 471 189
479 187 477 188
558 187 560 187
393 193 393 201
412 193 411 198
418 193 406 201
430 193 428 200
442 193 441 199
454 193 453 196
460 193 460 196
467 193 466 196
473 193 472 196
479 193 477 195
485 193 485 195
491 193 490 195
497 193 496 194
558 193 560 194
399 200 399 206
412 200 411 205
424 200 424 206
430 200 435 205
467 200 467 202
473 200 473 203
479 200 479 203
485 200 485 203
491 200 490 202
497 200 496 201
565 200 565 195
350 206 356 215
369 206 368 215
381 206 382 217
387 206 388 214
405 206 399 217
418 206 419 212
424 206 429 212
473 206 473 209
479 206 479 209
485 206 484 208
491 206 489 208
522 206 522 194
565 206 564 200
344 212 351 220
350 212 357 219
375 212 374 223
387 212 389 220
418 212 423 219
479 212 480 215
485 212 485 215
491 212 490 213
509 212 510 202
558 212 558 208
565 212 565 208
344 218 349 227
350 218 356 226
387 218 388 226
399 218 393 230
460 218 460 224
473 218 474 220
479 218 481 220
485 218 486 220
491 218 490 219
509 218 510 208
558 218 559 214
565 218 565 213
571 218 571 212
307 224 314 235
460 224 461 231
479 224 481 225
485 224 487 226
491 224 492 226
509 224 509 220
516 224 515 220
565 224 564 220
307 230 315 241
314 230 321 240
375 230 375 239
381 230 381 239
387 230 388 239
393 230 393 239
467 230 472 230
473 230 477 230
479 230 483 229
491 230 492 232
497 230 498 231
503 230 503 230
509 230 510 226
369 236 370 245
375 236 376 245
381 236 382 245
393 236 393 245
399 236 399 245
405 236 405 245
497 236 498 238
503 236 504 238
295 242 296 260
301 242 303 258
314 242 319 256
350 242 358 251
356 242 362 251
381 242 383 251
387 242 388 251
393 242 394 250
399 242 400 250
405 242 406 251
473 242 478 239
479 242 486 239
491 242 491 244
497 242 497 244
503 242 505 244
344 249 350 257
381 249 382 261
393 249 394 257
399 249 400 261
405 249 406 256
491 249 491 250
497 249 497 250
307 255 313 273
314 255 319 270
387 255 391 266
307 261 314 279
314 261 319 276
320 261 324 275
399 261 400 268
307 267 315 285
314 267 320 281
320 267 325 280
350 267 356 280
448 267 449 267
307 273 315 291
314 273 319 287
320 273 325 287
326 273 332 286
332 273 340 286
412 273 424 274
418 273 429 273
442 273 449 274
314 279 319 294
320 279 326 294
375 279 374 291
418 279 428 280
314 285 320 300
375 285 376 297
381 285 381 298
424 285 430 290
332 297 339 310
375 304 387 310
