370 100 352 114
359 111 321 129
370 116 348 124
375 116 353 123
380 116 359 122
375 121 354 128
380 121 360 126
375 127 356 134
380 127 363 133
397 127 413 136
375 132 357 140
380 132 364 140
429 138 452 129
326 143 300 185
321 148 307 157
332 148 320 153
445 148 432 125
342 154 327 153
348 154 333 152
353 154 339 151
359 154 347 151
440 154 449 142
435 165 423 147
451 165 455 147
359 170 377 175
435 170 424 153
451 170 457 152
445 181 458 165
451 181 465 164
418 192 399 153
299 197 299 211
305 197 304 210
370 197 367 186
413 197 395 159
418 197 401 159
424 197 416 208
397 208 358 218
445 208 431 217
305 214 312 227
456 214 465 225
348 219 340 216
353 219 346 215
494 219 491 187
348 224 341 223
353 224 346 229
359 224 423 246
516 224 484 214
332 230 365 251
516 230 485 218
332 235 373 254
370 235 391 220
375 235 397 219
451 235 440 231
456 235 447 229
386 241 434 238
451 241 440 237
494 241 526 238
364 246 391 253
505 246 543 190
521 246 490 260
402 251 405 249
500 251 538 197
342 257 353 258
348 257 360 257
353 257 381 260
408 257 412 260
500 257 540 203
353 262 368 262
494 262 534 210
500 262 540 210
516 262 550 195
500 268 541 217
375 279 345 255
380 279 352 254
408 279 445 268
413 279 452 267
408 284 447 275
413 284 454 273
408 289 448 281
413 289 454 280
478 300 482 285
473 306 505 294
478 306 510 293
467 311 500 302
