484 146 446 86
467 164 443 96
473 164 449 94
479 164 457 97
450 170 410 142
467 170 445 102
455 175 440 113
525 175 499 110
450 181 435 120
455 181 443 118
525 181 500 116
426 187 401 158
444 193 428 128
403 204 386 185
566 204 533 122
455 210 444 130
473 210 447 138
554 210 520 133
566 210 534 128
479 216 461 134
496 216 500 140
566 216 535 134
502 222 508 142
397 228 386 193
444 228 431 166
455 228 444 155
415 233 408 186
421 233 413 184
444 233 432 171
450 233 440 169
455 233 446 167
473 233 460 163
450 239 443 175
455 239 452 174
467 239 457 171
473 239 463 171
479 239 470 169
519 239 521 156
403 245 402 197
415 245 411 196
421 245 417 193
432 245 428 183
444 245 438 180
455 245 453 180
467 245 460 178
473 245 465 177
479 245 472 176
525 245 528 154
426 251 425 191
432 251 430 190
444 251 440 186
508 251 499 186
525 251 528 161
403 257 408 210
444 257 442 198
461 257 463 194
479 257 468 186
508 257 495 207
415 262 421 206
455 262 458 204
461 262 465 202
484 262 478 198
490 262 486 197
502 262 503 197
508 262 509 194
409 268 417 219
415 268 423 214
426 268 432 216
432 268 490 127
444 268 447 212
450 268 453 211
473 268 476 210
490 268 490 208
403 274 411 224
415 274 421 227
421 274 427 225
426 274 433 223
432 274 440 222
450 274 455 218
467 274 471 219
473 274 478 217
479 274 483 216
484 274 490 215
490 274 498 213
351 280 374 249
392 280 400 236
397 280 406 233
403 280 413 231
409 280 421 234
421 280 429 232
426 280 436 230
432 280 442 228
444 280 451 227
450 280 457 226
461 280 466 224
467 280 474 227
473 280 480 225
479 280 485 224
484 280 492 223
392 286 403 242
397 286 408 240
403 286 417 244
421 286 430 240
426 286 438 237
432 286 445 236
444 286 454 240
450 286 460 238
461 286 468 237
467 286 476 234
473 286 483 232
374 291 391 260
403 291 412 253
409 291 420 252
421 291 432 248
426 291 439 245
438 291 451 249
444 291 456 247
450 291 462 247
368 297 381 271
374 297 388 268
380 297 395 266
386 297 401 264
409 297 421 258
438 297 452 257
444 297 458 257
450 297 464 255
455 297 471 254
328 303 351 301
334 303 357 299
368 303 385 278
374 303 389 276
380 303 397 274
386 303 403 272
392 303 410 270
397 303 416 268
409 303 431 269
438 303 454 265
444 303 461 263
328 309 352 307
357 309 376 285
368 309 386 284
374 309 391 282
380 309 398 281
386 309 405 279
392 309 411 277
397 309 421 280
403 309 427 278
444 309 464 274
322 315 349 314
374 315 394 290
380 315 403 291
386 315 409 289
392 315 416 288
397 315 422 286
415 315 436 284
310 320 337 327
316 320 344 323
345 320 369 310
368 320 390 305
374 320 396 303
380 320 405 298
386 320 412 296
392 320 417 295
397 320 424 294
421 320 447 294
310 326 337 333
374 326 399 310
380 326 405 308
386 326 412 304
305 332 331 343
310 332 339 340
322 332 352 331
328 332 359 328
339 332 381 322
374 332 401 317
380 332 408 314
310 338 341 348
322 338 354 338
328 338 361 336
310 344 343 353
322 344 353 352
328 344 360 350
334 344 365 349
339 344 372 347
368 344 394 348
374 344 401 346
380 344 408 343
322 349 354 360
328 349 361 358
334 349 366 356
339 349 374 353
