490 141 484 105
496 141 491 103
484 146 484 108
496 146 493 107
496 158 487 116
508 158 515 117
467 164 443 153
490 164 500 124
508 164 515 122
479 170 495 126
496 170 509 126
421 187 420 168
426 187 426 166
432 187 431 164
415 193 415 174
421 193 421 173
426 193 426 171
409 199 410 182
415 199 415 180
409 204 410 188
415 204 422 180
455 204 380 283
403 210 404 193
542 210 514 144
566 210 541 149
403 216 405 198
409 216 415 201
566 216 544 157
397 222 401 204
403 222 407 203
397 228 402 211
403 228 409 210
409 228 415 209
397 233 403 216
444 233 402 286
450 233 408 283
513 233 470 236
386 239 400 219
397 239 411 216
438 239 467 206
525 239 481 232
542 239 511 210
386 245 399 226
432 245 371 326
438 245 377 325
426 251 460 218
432 251 465 217
438 251 406 306
421 257 455 226
426 257 460 224
432 257 466 222
345 262 336 294
409 262 443 235
415 262 450 235
426 262 462 230
496 262 498 216
502 262 504 215
339 268 331 302
345 268 337 301
351 268 344 299
403 268 438 245
409 268 445 241
484 268 487 224
328 274 339 281
334 274 346 279
339 274 334 309
345 274 340 308
351 274 345 306
357 274 351 305
409 274 440 249
415 274 445 248
426 274 453 245
473 274 406 245
484 274 488 230
490 274 494 228
322 280 334 289
328 280 341 287
334 280 348 286
339 280 336 315
345 280 343 313
351 280 347 312
357 280 352 311
392 280 423 261
328 286 343 294
334 286 349 292
351 286 350 318
392 286 424 267
334 291 336 323
444 291 443 260
392 297 420 280
455 297 467 255
397 303 426 281
322 309 340 333
392 309 422 289
310 315 334 335
316 320 346 339
328 320 358 330
403 320 408 317
409 320 413 311
310 326 339 343
305 332 336 349
310 332 342 349
310 338 344 354
316 338 357 350
310 344 347 359
339 344 370 348
345 344 375 346
339 349 372 354
345 349 376 353
