426 78 444 100
431 78 450 101
437 78 454 103
469 78 481 112
474 78 470 106
480 78 474 106
485 78 481 107
491 78 487 110
496 78 492 110
431 83 449 106
469 83 479 116
474 83 469 110
480 83 490 120
491 83 486 113
496 83 491 114
431 89 442 109
453 89 458 112
474 89 467 115
512 89 501 118
447 94 446 114
453 94 457 117
458 94 463 118
523 94 511 126
512 100 508 136
501 105 497 139
507 105 501 140
523 105 513 136
534 105 522 143
518 110 508 140
523 110 513 141
528 110 518 144
491 116 446 165
512 116 499 144
523 116 512 147
528 116 517 149
534 116 521 150
507 121 489 141
523 121 513 152
474 127 460 217
501 127 497 155
518 127 507 157
523 127 512 158
528 127 519 155
518 132 507 162
523 132 512 163
528 132 518 161
512 137 498 173
518 137 507 166
480 154 466 191
491 154 473 237
480 159 466 196
485 159 470 196
474 164 460 201
480 164 465 202
485 164 468 203
393 170 419 121
399 175 422 125
366 181 395 126
372 181 400 126
383 181 412 125
388 181 417 126
383 186 410 129
388 186 416 129
393 186 420 130
399 186 428 128
404 186 432 130
410 186 437 130
334 191 372 131
361 191 381 137
366 191 387 140
383 191 404 138
388 191 409 139
393 191 419 135
399 191 427 133
404 191 432 134
410 191 436 135
415 191 442 136
420 191 446 138
426 191 450 139
329 197 351 143
334 197 370 137
356 197 378 149
372 197 388 151
383 197 403 143
388 197 408 145
393 197 418 141
404 197 431 140
410 197 433 140
420 197 445 142
431 197 457 141
329 202 350 149
334 202 344 156
339 202 373 143
388 202 411 147
404 202 430 146
426 202 451 145
350 208 440 235
399 208 418 174
404 208 423 170
410 208 432 152
420 208 445 148
464 208 476 150
334 213 335 193
339 213 340 195
361 213 376 158
366 213 380 161
372 213 386 163
383 213 403 156
388 213 408 157
410 213 431 157
415 213 436 158
431 213 462 162
464 213 483 168
469 213 489 169
474 213 495 170
334 218 334 198
361 218 375 164
372 218 386 168
377 218 390 169
383 218 397 170
388 218 408 162
469 218 488 175
474 218 494 176
334 224 353 231
372 224 385 174
377 224 390 174
431 224 463 184
447 224 468 165
453 224 473 167
458 224 481 174
469 224 490 186
480 224 497 188
323 229 325 196
383 229 396 181
388 229 402 182
458 229 481 179
474 229 493 193
323 235 323 213
383 235 396 186
431 235 444 171
447 235 458 161
480 235 497 199
323 240 322 218
329 240 330 208
345 240 346 223
404 240 414 212
485 240 503 206
334 245 334 222
393 245 401 214
431 245 432 199
329 251 328 226
334 251 333 227
383 251 389 218
399 251 406 217
415 251 431 222
334 256 332 232
339 256 337 233
345 256 341 213
366 256 368 245
383 256 387 223
388 256 394 222
393 256 399 222
399 256 405 223
415 256 430 228
339 262 339 250
350 262 369 264
356 262 359 248
366 262 367 250
383 262 386 228
388 262 393 229
420 262 439 240
339 267 339 255
345 267 343 256
350 267 353 253
356 267 359 253
393 267 396 236
447 267 416 263
458 267 450 259
350 272 352 258
464 272 437 272
469 272 443 274
350 278 350 268
469 278 483 241
431 283 427 265
361 289 354 274
366 289 360 271
388 289 377 270
393 289 384 270
420 289 416 267
426 289 421 268
431 289 426 270
437 289 431 272
464 289 474 254
372 294 365 279
420 294 409 277
426 294 420 275
431 294 425 277
469 294 444 291
383 299 389 290
388 299 370 280
393 299 374 281
399 299 385 283
404 299 391 285
410 299 397 285
420 299 412 283
388 305 369 285
393 305 374 286
410 305 396 291
415 305 400 290
420 305 410 288
426 305 416 288
