1 0 0 -0.01792658120393753 
0 1 0 0.02243540808558464 
0 0 1 -0.3816788792610168 
0 0 0 1 

0.996263325214386 0.0487297922372818 -0.0713079646229744 0.01223166473209858 
-0.05024856701493263 0.9985431432723999 -0.01966103538870811 0.02692776173353195 
0.07024598866701126 0.02317072637379169 0.9972605109214783 -0.3786690533161163 
0 0 0 1 

0.9987780451774597 0.04817942529916763 0.01101354137063026 -0.01918361335992813 
-0.04824727028608322 0.998817503452301 0.005979939363896847 0.01788952574133873 
-0.01071240659803152 -0.006504006683826447 0.999921441078186 -0.3677394986152649 
0 0 0 1 

0.9956989288330078 0.05510363727807999 -0.07448070496320724 0.0165073499083519 
-0.05256232246756554 0.9979806542396545 0.03566182032227516 0.00963185541331768 
0.0762953907251358 -0.03159355372190475 0.9965845346450806 -0.3666044175624847 
0 0 0 1 

0.6512601375579834 0.7544642686843872 -0.08150909841060638 -0.003331364365294576 
-0.7316198945045471 0.5957371592521667 -0.3314050137996674 0.1143686547875404 
-0.2014753222465515 0.2754645347595215 0.9399611353874207 -0.2449973821640015 
0 0 0 1 

0.6678314208984375 0.7437031269073486 -0.03011120483279228 -0.02077548578381538 
-0.7206739783287048 0.6359781622886658 -0.2759720683097839 0.09818214923143387 
-0.1860912591218948 0.2060031741857529 0.960693895816803 -0.2549054622650146 
0 0 0 1 

0.7068915367126465 0.7058752775192261 0.04521283134818077 -0.04835439100861549 
-0.6847344636917114 0.6989430785179138 -0.2064388394355774 0.07756230235099792 
-0.1773213297128677 0.1149710267782211 0.9774143099784851 -0.2640222311019897 
0 0 0 1 

0.7477536201477051 0.6584142446517944 0.08576121926307678 -0.06479795277118683 
-0.6435347199440002 0.7504647970199585 -0.150549978017807 0.05914723873138428 
-0.1634850800037384 0.05738390609622002 0.9848754405975342 -0.2693260312080383 
0 0 0 1 

0.772766649723053 0.6175894737243652 0.1463372707366943 -0.08770467340946198 
-0.6154613494873047 0.7854881286621094 -0.06492680311203003 0.03127094358205795 
-0.155044287443161 -0.03989171609282494 0.9871017932891846 -0.2728538513183594 
0 0 0 1 

0.7789227962493896 0.6031983494758606 0.1715532243251801 -0.09699822217226028 
-0.6064744591712952 0.7941606044769287 -0.03870129585266113 0.02278118021786213 
-0.1595853567123413 -0.07389739155769348 0.9844143986701965 -0.2736528813838959 
0 0 0 1 

