328 279 420 165
341 283 439 171
429 283 528 232
328 287 413 177
346 287 443 177
350 287 449 180
363 287 464 186
368 287 470 190
376 287 478 195
456 287 539 263
346 292 439 180
359 292 456 187
363 292 461 191
376 292 474 200
398 292 496 214
403 292 501 218
407 292 504 221
416 292 512 228
420 292 517 232
429 292 522 239
341 296 433 177
403 296 497 223
407 296 501 226
416 296 508 233
420 296 512 236
429 296 519 243
434 296 522 247
328 301 406 183
341 301 429 182
346 301 434 185
359 301 448 194
363 301 454 197
376 301 468 207
438 301 520 255
328 305 400 188
341 305 424 187
346 305 430 190
354 305 439 196
359 305 445 199
363 305 450 201
385 305 473 214
390 305 478 219
394 305 482 223
398 305 488 228
416 305 501 240
420 305 504 244
429 305 511 251
442 305 520 264
337 309 414 189
354 309 435 200
359 309 441 203
394 309 479 228
416 309 498 244
425 309 503 251
429 309 507 256
460 309 529 264
332 314 398 197
346 314 420 199
354 314 432 205
363 314 443 210
412 314 492 248
425 314 500 255
429 314 504 260
456 314 518 285
341 318 411 200
346 318 416 204
359 318 434 210
363 318 439 214
372 318 460 225
341 323 407 206
354 323 426 210
359 323 431 214
368 323 450 225
372 323 456 229
390 323 469 242
398 323 474 245
407 323 481 253
425 323 492 260
429 323 496 267
451 323 510 288
456 323 513 293
341 327 403 211
363 327 433 222
368 327 438 224
376 327 447 230
403 327 471 251
407 327 476 256
416 327 483 261
429 327 493 271
434 327 497 276
442 327 502 280
456 327 508 297
354 331 419 218
359 331 424 222
363 331 429 226
372 331 438 231
376 331 442 235
434 331 493 280
442 331 498 286
451 331 504 294
346 336 407 215
354 336 415 223
359 336 421 227
363 336 425 230
394 336 457 251
398 336 462 255
407 336 469 262
412 336 473 265
420 336 480 272
429 336 486 279
442 336 495 292
447 336 498 296
337 340 393 211
341 340 392 222
354 340 410 227
359 340 417 230
368 340 428 235
376 340 436 242
385 340 443 246
390 340 448 251
394 340 453 255
403 340 461 262
407 340 465 266
416 340 473 273
420 340 475 276
429 340 482 284
434 340 485 288
332 345 380 221
346 345 396 227
350 345 402 232
368 345 422 239
372 345 426 242
376 345 432 246
429 345 478 288
434 345 482 293
442 345 487 300
341 349 386 230
346 349 392 233
354 349 407 236
368 349 417 243
372 349 423 246
390 349 442 259
394 349 447 263
403 349 454 269
407 349 458 273
412 349 464 279
420 349 469 285
332 353 374 227
341 353 383 234
346 353 388 238
350 353 397 239
354 353 403 240
376 353 425 253
385 353 433 259
390 353 438 263
394 353 443 267
403 353 450 274
407 353 453 278
412 353 461 284
429 353 472 295
434 353 475 298
456 353 493 303
460 353 498 309
280 358 315 193
284 358 316 203
350 358 392 243
363 358 409 249
376 358 422 258
398 358 443 276
403 358 449 282
434 358 471 303
275 362 304 192
341 362 377 241
346 362 382 244
359 362 400 250
394 362 437 275
412 362 453 289
420 362 461 297
429 362 465 301
442 362 474 315
447 362 477 320
456 362 487 312
460 362 492 315
350 367 386 250
363 367 402 255
372 367 410 260
376 367 414 263
390 367 428 277
394 367 433 281
398 367 438 284
407 367 445 289
412 367 448 293
420 367 457 301
429 367 461 305
434 367 465 311
447 367 474 324
460 367 488 321
293 371 316 213
332 371 363 239
341 371 371 247
346 371 375 252
350 371 381 255
363 371 398 260
372 371 406 265
376 371 411 269
381 371 416 273
385 371 421 279
394 371 428 285
398 371 434 289
438 371 465 322
456 371 477 333
341 375 366 251
346 375 371 257
372 375 403 270
376 375 406 274
407 375 438 296
412 375 443 301
420 375 450 308
425 375 454 312
438 375 462 327
447 375 467 332
456 375 472 337
460 375 473 347
332 380 354 250
341 380 363 257
346 380 369 262
407 380 434 301
412 380 438 305
420 380 446 312
425 380 450 317
456 380 468 343
328 384 338 256
332 384 351 256
337 384 357 260
368 384 393 275
420 384 443 316
425 384 446 320
460 384 468 353
324 389 327 258
328 389 334 262
332 389 340 266
359 389 384 266
407 389 430 308
412 389 433 312
447 389 458 343
460 389 463 359
469 389 467 362
319 393 322 261
328 393 330 267
337 393 349 268
359 393 380 271
363 393 384 277
368 393 388 282
407 393 425 311
412 393 430 316
420 393 437 323
447 393 451 348
460 393 458 363
469 393 463 368
315 397 312 262
319 397 317 267
337 397 344 272
350 397 362 278
359 397 379 279
368 397 385 287
456 397 452 360
302 402 296 250
310 402 308 259
346 402 353 278
350 402 357 283
412 402 422 324
416 402 428 328
460 402 454 370
469 402 459 375
310 406 301 265
354 406 364 287
368 406 378 295
372 406 383 298
390 406 397 309
394 406 403 313
398 406 407 317
425 406 435 335
429 406 440 340
324 411 313 275
328 411 319 280
346 411 348 285
403 411 410 323
425 411 430 341
429 411 436 345
434 411 440 350
460 411 449 377
469 411 454 383
332 415 314 286
337 415 320 290
346 415 342 289
354 415 356 295
359 415 361 298
394 415 397 319
398 415 402 323
416 415 420 338
425 415 426 346
429 415 431 351
442 415 441 361
451 415 442 370
346 419 336 295
354 419 353 299
407 419 408 339
416 419 415 343
425 419 422 351
429 419 426 355
442 419 437 365
451 419 435 375
456 419 442 379
464 419 448 388
337 424 311 300
368 424 363 310
390 424 392 324
394 424 396 328
429 424 422 359
460 424 440 388
464 424 443 392
390 428 387 330
394 428 391 333
407 428 403 346
416 428 409 352
420 428 413 355
456 428 432 391
390 433 380 335
403 433 392 346
407 433 397 350
416 433 404 356
420 433 409 359
434 433 418 372
385 437 370 338
390 437 375 340
416 437 398 362
420 437 405 366
429 437 409 373
438 437 417 380
381 441 360 347
385 441 366 352
394 441 377 352
398 441 383 357
372 446 343 344
376 446 350 348
381 446 355 352
429 446 398 384
434 446 403 390
381 450 350 358
403 450 366 365
412 450 377 376
416 450 383 382
