442 120 381 119
451 120 393 113
490 133 425 116
499 133 432 114
411 138 367 149
490 138 427 121
495 138 432 120
499 138 420 115
499 142 421 124
389 151 351 159
508 151 435 131
385 155 348 169
508 155 436 137
512 155 442 135
521 155 460 130
372 160 331 183
438 160 391 222
508 160 438 143
512 160 444 140
516 160 450 140
521 160 461 136
372 164 333 188
376 164 340 185
521 164 507 173
372 168 334 192
455 168 426 190
464 168 367 203
385 173 345 209
389 173 360 175
381 177 345 215
385 177 350 213
429 177 385 176
433 177 390 174
376 181 342 222
381 181 347 220
385 181 353 218
525 181 500 169
381 186 348 225
420 186 368 185
363 190 329 224
368 190 338 234
372 195 345 235
446 195 400 213
372 199 346 240
451 199 360 197
372 203 347 245
416 203 357 206
446 208 394 166
460 208 404 149
508 212 439 169
455 216 400 169
460 216 406 168
464 216 412 166
495 216 405 187
455 221 400 207
516 225 457 192
376 234 341 246
499 234 431 211
516 234 459 204
495 238 444 185
499 238 433 216
508 238 445 213
512 238 452 218
516 238 457 217
490 243 434 199
495 243 445 192
499 243 451 189
512 243 453 225
411 256 362 254
424 256 380 254
438 256 391 245
464 256 422 226
477 256 441 228
407 260 363 264
416 260 376 262
424 260 382 260
433 260 385 253
446 260 404 248
455 260 413 239
460 260 418 233
464 260 424 231
473 260 437 228
495 260 448 236
416 265 377 267
424 265 382 265
429 265 389 264
433 265 388 259
438 265 392 257
455 265 415 247
460 265 421 243
477 265 438 240
481 265 445 237
499 265 538 270
481 269 445 245
486 269 451 243
424 273 384 274
429 273 398 273
490 273 457 243
429 278 392 277
438 278 414 272
442 278 420 270
438 282 416 277
442 282 421 276
446 282 428 275
451 282 433 273
460 282 444 270
451 287 436 278
451 291 438 284
