430 52 406 53
436 52 418 55
442 52 419 49
430 58 406 60
436 58 418 60
442 58 424 60
425 63 401 65
430 63 412 69
436 63 419 67
448 63 448 82
453 63 454 82
430 69 412 75
436 69 419 77
442 69 424 77
453 69 455 87
419 75 397 83
436 75 419 84
442 75 426 83
436 81 418 90
442 81 425 88
465 81 478 106
470 98 472 113
476 98 479 112
482 98 484 111
402 104 378 118
425 104 397 118
476 104 479 118
482 104 467 101
425 109 397 123
459 109 438 117
476 109 459 106
493 109 449 78
465 115 472 141
384 121 373 117
436 121 408 129
470 121 477 141
436 127 408 136
470 127 477 147
384 132 356 153
407 132 396 130
338 138 325 147
361 138 350 142
384 138 355 160
390 138 366 154
407 138 397 136
448 138 465 147
327 144 316 154
333 144 321 154
338 144 324 152
390 144 366 160
407 144 398 147
425 144 449 180
448 144 430 112
511 144 500 141
516 144 505 141
522 144 513 141
327 150 314 160
333 150 319 160
338 150 325 159
476 150 501 183
511 150 501 147
516 150 506 147
350 155 342 160
511 155 525 176
338 161 327 170
344 161 331 170
350 161 337 170
528 161 542 180
333 167 320 176
338 167 326 175
344 167 331 176
350 167 339 176
333 172 320 180
338 172 326 182
344 172 332 183
396 172 401 187
407 172 415 182
522 172 512 165
551 172 542 164
333 178 325 187
338 178 331 187
373 178 374 194
384 178 379 163
402 178 407 188
407 178 414 188
459 178 448 175
516 178 506 170
545 178 535 171
338 184 331 194
361 184 362 200
373 184 374 201
379 184 378 194
350 190 355 209
390 190 394 201
396 190 400 200
511 190 495 187
384 195 390 198
396 195 400 206
488 195 479 171
396 201 397 212
402 201 403 212
430 201 425 188
482 201 472 176
488 201 477 177
522 201 530 199
402 207 402 218
407 207 408 218
430 207 424 193
436 207 431 192
476 207 473 209
522 207 531 207
534 207 506 193
551 207 529 187
557 207 535 187
568 207 560 199
367 213 362 221
470 213 466 216
476 213 472 215
522 213 508 198
568 213 561 205
407 218 413 234
528 218 514 205
534 218 518 204
390 224 385 230
396 224 397 230
402 224 409 239
413 224 408 230
499 224 496 230
505 224 502 228
545 224 531 211
574 224 567 229
390 230 384 235
402 230 389 223
413 230 379 206
545 230 531 216
568 230 561 230
574 230 566 234
390 236 385 240
396 236 379 229
539 236 530 234
551 236 536 224
562 236 547 227
574 236 567 239
396 241 390 245
425 241 413 239
430 241 420 239
534 241 506 241
539 241 530 240
545 241 537 239
557 241 542 235
562 241 548 235
402 247 397 251
407 247 396 246
425 247 414 245
430 247 420 246
436 247 426 247
442 247 430 247
448 247 436 246
534 247 505 248
568 247 562 248
419 253 413 256
430 253 421 253
436 253 430 256
448 253 443 257
470 253 467 258
476 253 473 258
488 253 484 253
539 253 538 252
425 259 418 262
430 259 425 262
436 259 430 262
442 259 435 262
448 259 442 263
453 259 449 263
459 259 455 262
470 259 467 263
476 259 473 263
482 259 478 259
539 259 537 257
425 264 419 267
459 264 455 269
465 264 461 268
493 264 489 233
505 264 502 234
511 264 508 235
522 264 521 258
545 264 543 258
459 270 455 274
465 270 461 274
482 270 473 275
499 270 506 256
505 270 500 269
528 270 525 268
545 270 544 265
465 276 462 281
482 276 472 282
488 276 478 283
493 276 484 275
522 276 519 275
528 276 524 274
534 276 530 274
528 282 523 281
465 287 460 287
482 287 474 288
493 287 484 288
516 293 501 298
