0.8520081043243408 0.5101267099380493 0.1176978349685669 -0.09067194163799286 
-0.5235004425048828 0.8278278708457947 0.2016139775514603 -0.06089275330305099 
0.005415170919150114 -0.2333916276693344 0.9723677039146423 -0.2857449054718018 
0 0 0 1 

0.8534263968467712 0.5148165225982666 0.0814075767993927 -0.08228627592325211 
-0.5147708654403687 0.8080522418022156 0.2864649891853333 -0.0914384052157402 
0.08169543743133545 -0.2863830327987671 0.9546258449554443 -0.2851004898548126 
0 0 0 1 

0.85566645860672 0.5164402723312378 0.03353057056665421 -0.07036441564559937 
-0.4915938377380371 0.7908280491828918 0.3645907640457153 -0.1200078278779984 
0.1617724746465683 -0.3284515142440796 0.9305639266967773 -0.2830550372600555 
0 0 0 1 

0.9236645698547363 -0.2000178694725037 0.3268586099147797 -0.05622062459588051 
0.1276961863040924 0.9648740291595459 0.2295903116464615 -0.08457145094871521 
-0.3612995743751526 -0.170325830578804 0.9167615175247192 -0.2327019423246384 
0 0 0 1 

0.8803439736366272 -0.2469756156206131 0.404965877532959 -0.0808776319026947 
0.1490542739629745 0.9545450210571289 0.258121132850647 -0.09543471038341522 
-0.4503078162670135 -0.166873425245285 0.8771407604217529 -0.2180071473121643 
0 0 0 1 

0.8658351302146912 -0.2689332067966461 0.4219054877758026 -0.08838685601949692 
0.159495010972023 0.9476214051246643 0.2767216861248016 -0.103600837290287 
-0.4742263555526733 -0.1723034530878067 0.8633774518966675 -0.2092382162809372 
0 0 0 1 

0.8709273338317871 -0.2960213720798492 0.3922457993030548 -0.08216224610805511 
0.1898642480373383 0.9389201402664185 0.2870200276374817 -0.108792819082737 
-0.4532516002655029 -0.1755000650882721 0.8739351034164429 -0.207560658454895 
0 0 0 1 

0.8773564696311951 -0.2895632684230804 0.3826208412647247 -0.08289353549480438 
0.1780803799629211 0.9369381070137024 0.3007229268550873 -0.1144615188241005 
-0.4455704092979431 -0.1957038938999176 0.8735942840576172 -0.2047679573297501 
0 0 0 1 

0.8598003387451172 -0.2880704998970032 0.4216142594814301 -0.09529219567775726 
0.1489711552858353 0.9312651753425598 0.332494705915451 -0.1243061944842339 
-0.4884166121482849 -0.2230706512928009 0.8436163663864136 -0.1944051533937454 
0 0 0 1 

0.8286677002906799 -0.2748386561870575 0.4876202344894409 -0.1143583133816719 
0.08542279154062271 0.9230444431304932 0.3750893473625183 -0.1336336731910706 
-0.5531842112541199 -0.2691706120967865 0.7883747816085815 -0.1776441782712936 
0 0 0 1 

