405 77 399 60
405 83 399 67
480 89 452 72
430 95 413 88
436 95 420 85
480 95 452 77
486 95 457 76
405 114 389 108
412 114 395 108
461 114 433 92
499 114 495 121
505 114 501 122
399 120 382 114
418 120 396 114
436 127 407 108
511 127 493 117
518 127 498 117
393 133 375 127
399 133 381 127
430 133 406 121
380 139 363 135
393 139 375 134
399 139 381 134
412 139 390 131
430 139 408 129
387 145 369 140
399 145 377 141
412 145 389 137
418 145 396 138
424 145 402 138
530 145 546 185
405 152 384 144
412 152 389 144
418 152 396 144
468 152 426 105
518 152 502 141
524 152 508 140
536 152 518 140
374 158 356 152
380 158 362 152
393 158 372 152
405 158 383 149
436 158 409 141
468 158 426 112
499 158 477 148
518 158 503 147
524 158 508 147
536 158 518 147
380 164 363 159
399 164 376 157
405 164 383 156
430 164 404 147
486 164 465 156
499 164 478 154
524 164 509 153
318 170 316 161
324 170 323 161
337 170 324 167
368 170 351 167
374 170 356 167
380 170 363 166
393 170 371 166
474 170 452 164
480 170 458 163
518 170 498 163
524 170 505 162
543 170 522 153
312 177 298 175
318 177 304 175
324 177 310 174
330 177 317 174
337 177 325 172
343 177 331 172
368 177 351 173
374 177 357 173
387 177 365 172
474 177 453 169
480 177 459 168
486 177 469 168
511 177 491 168
518 177 498 169
524 177 507 168
530 177 513 168
305 183 292 181
312 183 297 180
324 183 306 181
330 183 316 180
355 183 339 179
368 183 350 180
374 183 357 179
499 183 479 172
511 183 491 174
518 183 499 174
524 183 506 174
555 183 552 186
299 189 286 188
305 189 291 187
324 189 306 188
330 189 313 187
337 189 320 187
343 189 327 188
349 189 333 188
355 189 339 187
362 189 344 186
368 189 350 186
374 189 357 185
380 189 364 185
480 189 459 180
486 189 467 180
493 189 473 179
499 189 478 178
511 189 492 180
518 189 499 180
524 189 507 179
536 189 524 180
543 189 529 178
561 189 559 192
299 195 285 195
305 195 291 195
312 195 298 195
324 195 306 194
330 195 313 194
337 195 320 194
343 195 326 194
349 195 332 193
355 195 338 193
362 195 344 192
368 195 350 192
374 195 357 192
380 195 364 192
393 195 372 191
449 195 432 188
468 195 447 187
474 195 453 187
480 195 461 187
486 195 467 186
493 195 473 185
499 195 479 185
505 195 486 185
536 195 520 185
543 195 532 184
561 195 560 198
299 202 285 202
305 202 291 201
312 202 299 201
324 202 307 199
330 202 312 200
337 202 318 200
343 202 325 200
349 202 332 200
355 202 339 199
362 202 346 199
368 202 351 199
374 202 357 198
387 202 367 197
393 202 373 197
399 202 379 195
405 202 386 195
455 202 437 194
468 202 447 194
474 202 454 193
480 202 461 192
486 202 467 192
493 202 473 191
499 202 479 191
505 202 485 191
530 202 510 187
293 208 281 208
299 208 286 207
305 208 292 207
312 208 301 207
318 208 307 206
349 208 334 205
355 208 340 205
374 208 359 203
393 208 379 203
399 208 396 169
405 208 388 203
418 208 399 203
436 208 420 202
443 208 426 201
449 208 432 201
455 208 438 201
461 208 444 200
474 208 454 200
480 208 464 199
493 208 473 197
499 208 480 197
505 208 487 197
530 208 510 194
543 208 534 194
287 214 278 215
299 214 288 213
305 214 295 214
312 214 302 213
318 214 308 212
330 214 325 212
349 214 339 211
362 214 346 212
368 214 353 212
380 214 368 211
387 214 375 210
405 214 388 210
412 214 395 210
418 214 401 209
424 214 406 209
430 214 412 208
436 214 419 207
443 214 425 207
449 214 431 207
455 214 439 207
461 214 445 206
468 214 451 205
480 214 461 205
486 214 467 205
524 214 504 200
530 214 510 200
543 214 535 201
555 214 548 200
561 214 554 199
299 220 288 219
305 220 296 220
349 220 341 217
393 220 375 217
399 220 382 217
405 220 389 215
412 220 395 216
418 220 402 215
424 220 407 215
436 220 419 214
443 220 427 214
449 220 433 213
455 220 439 212
461 220 446 212
468 220 452 212
480 220 465 211
493 220 474 210
499 220 484 209
505 220 491 209
511 220 500 209
518 220 507 208
524 220 514 208
536 220 528 208
543 220 535 207
555 220 547 206
561 220 554 206
299 226 289 227
349 226 342 223
380 226 362 218
387 226 367 219
393 226 374 222
399 226 382 223
405 226 389 223
412 226 395 222
418 226 401 222
424 226 407 221
430 226 413 221
436 226 420 220
443 226 426 220
449 226 433 219
455 226 439 219
461 226 446 219
468 226 452 218
474 226 459 218
486 226 468 218
493 226 476 216
499 226 485 216
505 226 493 216
511 226 498 216
518 226 506 215
524 226 513 215
530 226 521 214
536 226 526 213
543 226 535 214
549 226 542 213
555 226 548 214
561 226 554 213
299 233 289 234
305 233 294 231
312 233 303 230
318 233 307 234
324 233 315 235
330 233 321 233
355 233 348 233
368 233 346 224
374 233 354 223
380 233 361 225
387 233 367 229
393 233 374 229
399 233 382 229
405 233 388 229
412 233 395 228
418 233 400 228
424 233 406 228
443 233 426 226
449 233 433 226
455 233 439 226
461 233 446 225
468 233 452 224
474 233 458 225
480 233 466 224
486 233 473 225
499 233 486 223
505 233 492 223
511 233 498 222
518 233 506 222
524 233 513 222
530 233 520 220
536 233 528 219
543 233 535 220
549 233 542 220
555 233 547 219
561 233 554 218
299 239 289 241
305 239 294 237
324 239 317 242
330 239 322 240
337 239 327 239
374 239 354 229
380 239 360 231
393 239 375 235
399 239 382 235
405 239 389 235
412 239 394 234
418 239 401 233
424 239 408 233
430 239 414 233
436 239 421 233
443 239 427 233
449 239 433 232
455 239 440 232
461 239 446 231
468 239 453 231
480 239 463 230
486 239 474 231
493 239 480 230
499 239 486 229
505 239 493 229
511 239 500 228
518 239 507 227
524 239 514 227
536 239 528 226
543 239 535 226
549 239 543 227
555 239 550 227
305 245 294 243
312 245 300 243
330 245 324 247
337 245 329 246
374 245 355 236
380 245 361 245
387 245 368 242
393 245 375 242
399 245 383 242
405 245 389 241
412 245 395 240
418 245 401 240
424 245 408 240
430 245 415 239
436 245 421 239
443 245 427 239
449 245 433 238
455 245 441 238
461 245 447 238
468 245 453 237
480 245 467 237
486 245 473 238
493 245 479 236
499 245 487 236
505 245 493 234
511 245 501 234
518 245 507 234
524 245 516 234
530 245 522 233
536 245 527 234
549 245 548 232
312 251 302 249
318 251 308 248
337 251 330 251
355 251 336 251
374 251 356 246
380 251 363 250
387 251 369 249
393 251 376 248
399 251 382 248
405 251 389 247
412 251 395 247
418 251 402 246
424 251 408 246
430 251 415 246
436 251 421 245
443 251 427 245
449 251 434 244
455 251 442 243
461 251 447 243
468 251 454 243
474 251 460 244
480 251 468 244
486 251 473 244
499 251 488 242
505 251 495 241
511 251 503 240
518 251 508 240
524 251 517 239
536 251 528 241
543 251 535 241
312 258 303 255
349 258 342 253
362 258 349 253
374 258 357 253
380 258 363 255
387 258 370 254
393 258 377 254
399 258 382 253
418 258 402 252
424 258 408 252
430 258 415 252
436 258 422 251
443 258 428 251
455 258 441 250
461 258 448 250
468 258 454 250
474 258 460 250
480 258 468 251
493 258 481 250
499 258 489 249
505 258 496 247
511 258 504 247
518 258 511 247
524 258 517 246
530 258 523 246
324 264 310 262
330 264 314 262
343 264 328 261
362 264 350 260
424 264 409 258
430 264 416 258
449 264 435 255
468 264 456 258
474 264 463 257
480 264 469 256
486 264 476 255
493 264 483 255
499 264 491 255
505 264 497 254
511 264 504 254
518 264 511 253
318 270 304 268
324 270 310 268
330 270 315 268
337 270 322 267
355 270 338 267
362 270 350 267
368 270 356 266
380 270 364 266
387 270 371 266
393 270 378 266
399 270 384 265
405 270 389 265
412 270 396 265
443 270 429 262
449 270 437 262
455 270 443 261
461 270 449 261
480 270 471 261
486 270 478 261
493 270 485 262
499 270 492 261
505 270 497 261
318 276 305 274
324 276 310 274
330 276 316 274
337 276 322 274
349 276 331 274
355 276 338 273
362 276 344 273
368 276 350 273
374 276 357 273
380 276 365 272
387 276 372 272
393 276 378 272
399 276 384 271
405 276 390 272
418 276 402 271
424 276 410 270
430 276 417 270
436 276 424 269
443 276 431 268
449 276 438 267
455 276 445 267
461 276 450 267
468 276 457 266
474 276 465 266
493 276 486 268
324 283 311 280
330 283 317 281
355 283 338 279
362 283 344 279
368 283 351 279
374 283 357 278
380 283 364 279
387 283 372 279
393 283 378 278
399 283 385 278
405 283 391 278
412 283 398 278
418 283 404 277
424 283 410 276
430 283 417 275
436 283 424 275
443 283 431 274
449 283 438 275
455 283 445 275
461 283 452 274
468 283 460 273
474 283 466 272
480 283 474 273
486 283 479 275
330 289 318 287
343 289 331 287
362 289 346 286
368 289 351 285
374 289 358 285
380 289 365 285
387 289 371 284
393 289 378 285
399 289 385 284
405 289 391 283
412 289 398 283
418 289 405 283
424 289 412 283
430 289 417 282
436 289 425 281
443 289 432 281
449 289 439 281
455 289 446 281
461 289 453 280
468 289 460 279
474 289 472 276
318 295 310 293
330 295 319 293
337 295 324 292
343 295 331 293
362 295 347 292
368 295 352 292
374 295 359 291
380 295 365 291
387 295 371 290
393 295 377 290
399 295 384 290
405 295 391 289
412 295 398 289
418 295 405 289
424 295 412 289
430 295 418 288
436 295 425 288
443 295 433 287
449 295 440 287
455 295 447 287
461 295 454 286
468 295 463 285
343 301 332 299
355 301 339 297
362 301 346 298
368 301 353 298
374 301 359 298
380 301 365 297
387 301 372 296
393 301 378 296
399 301 385 296
405 301 392 296
412 301 399 296
418 301 406 295
424 301 413 295
430 301 419 294
436 301 427 294
443 301 433 293
449 301 441 293
455 301 447 293
461 301 454 293
362 308 347 304
380 308 365 303
387 308 372 302
393 308 379 302
399 308 386 302
405 308 393 302
412 308 399 302
418 308 406 301
424 308 413 301
430 308 420 300
436 308 428 300
443 308 434 299
449 308 440 299
455 308 451 299
343 314 331 307
349 314 339 307
374 314 361 310
380 314 367 310
387 314 373 309
393 314 380 309
399 314 387 308
405 314 393 308
412 314 400 308
418 314 406 307
424 314 413 307
430 314 421 306
436 314 430 306
443 314 438 306
449 314 446 305
337 320 328 314
343 320 332 313
349 320 340 313
355 320 346 312
380 320 367 315
387 320 373 315
393 320 380 315
399 320 388 314
405 320 394 314
412 320 399 313
418 320 407 313
424 320 415 313
430 320 425 312
436 320 432 312
443 320 439 313
349 326 340 319
355 326 346 319
362 326 352 319
368 326 360 323
387 326 374 321
393 326 382 321
399 326 389 320
405 326 395 320
412 326 400 320
418 326 409 319
424 326 416 319
430 326 425 319
349 333 341 326
355 333 346 325
405 333 396 326
412 333 402 326
418 333 410 325
424 333 419 325
430 333 426 327
368 339 360 331
374 339 367 331
418 339 414 332
424 339 421 332
368 345 361 336
374 345 369 337
380 345 376 337
387 345 381 337
393 345 387 337
399 345 393 338
405 345 402 340
412 345 408 340
