1.000000000000000000e+00 0.000000000000000000e+00 0.000000000000000000e+00 -1.792658120393753052e-02
0.000000000000000000e+00 1.000000000000000000e+00 0.000000000000000000e+00 2.243540808558464050e-02
0.000000000000000000e+00 0.000000000000000000e+00 1.000000000000000000e+00 -3.816788792610168457e-01
0.000000000000000000e+00 0.000000000000000000e+00 0.000000000000000000e+00 1.000000000000000000e+00
9.968080520629882812e-01 5.139640718698501587e-02 -6.109210476279258728e-02 8.014690130949020386e-03
-5.274321138858795166e-02 9.983947873115539551e-01 -2.064049243927001953e-02 2.687470801174640656e-02
5.993320047855377197e-02 2.379675954580307007e-02 9.979187250137329102e-01 -3.786849975585937500e-01
0.000000000000000000e+00 0.000000000000000000e+00 0.000000000000000000e+00 1.000000000000000000e+00
9.733659625053405762e-01 6.781738996505737305e-02 -2.189963757991790771e-01 7.239971309900283813e-02
-7.405098527669906616e-02 9.970463514328002930e-01 -2.037308551371097565e-02 2.755435556173324585e-02
2.169678658246994019e-01 3.604738041758537292e-02 9.755129814147949219e-01 -3.692358136177062988e-01
0.000000000000000000e+00 0.000000000000000000e+00 0.000000000000000000e+00 1.000000000000000000e+00
9.386967420578002930e-01 6.170922890305519104e-02 -3.391760289669036865e-01 1.216089800000190735e-01
-6.048252806067466736e-02 9.980682730674743652e-01 1.419695932418107986e-02 1.509406324476003647e-02
3.393969237804412842e-01 7.187596056610345840e-03 9.406157135963439941e-01 -3.561131954193115234e-01
0.000000000000000000e+00 0.000000000000000000e+00 0.000000000000000000e+00 1.000000000000000000e+00
9.200702905654907227e-01 7.310967147350311279e-02 -3.848707675933837891e-01 1.412076503038406372e-01
-6.232041120529174805e-02 9.972360730171203613e-01 4.045108333230018616e-02 8.588919416069984436e-03
3.867643773555755615e-01 -1.323250494897365570e-02 9.220835566520690918e-01 -3.469504117965698242e-01
0.000000000000000000e+00 0.000000000000000000e+00 0.000000000000000000e+00 1.000000000000000000e+00
1.692010611295700073e-01 9.273474663496017456e-02 -9.812089204788208008e-01 3.983134329319000244e-01
-4.443807527422904968e-02 9.952689409255981445e-01 8.640059083700180054e-02 -5.195405799895524979e-03
9.845790266990661621e-01 2.898398414254188538e-02 1.725215166807174683e-01 -6.390240788459777832e-02
0.000000000000000000e+00 0.000000000000000000e+00 0.000000000000000000e+00 1.000000000000000000e+00
1.552101820707321167e-01 1.078595146536827087e-01 -9.819758534431457520e-01 3.963771462440490723e-01
-3.000516258180141449e-02 9.940778613090515137e-01 1.044462174177169800e-01 -7.669706828892230988e-03
9.874257445335388184e-01 1.325322315096855164e-02 1.575274318456649780e-01 -5.116781964898109436e-02
0.000000000000000000e+00 0.000000000000000000e+00 0.000000000000000000e+00 1.000000000000000000e+00
1.550608426332473755e-01 1.022456958889961243e-01 -9.825994968414306641e-01 3.930636048316955566e-01
-3.144792467355728149e-02 9.946365356445312500e-01 9.853553026914596558e-02 -1.471997122280299664e-03
9.874041676521301270e-01 1.562173105776309967e-02 1.574446409940719604e-01 -4.283858835697174072e-02
0.000000000000000000e+00 0.000000000000000000e+00 0.000000000000000000e+00 1.000000000000000000e+00
1.686387658119201660e-01 9.844861924648284912e-02 -9.807491302490234375e-01 3.888119757175445557e-01
-4.125212132930755615e-02 9.948326349258422852e-01 9.276907891035079956e-02 2.695092698559165001e-03
9.848139286041259766e-01 2.481353469192981720e-02 1.718285232782363892e-01 -3.849009796977043152e-02
0.000000000000000000e+00 0.000000000000000000e+00 0.000000000000000000e+00 1.000000000000000000e+00
1.812078654766082764e-01 1.023265272378921509e-01 -9.781067967414855957e-01 3.858977258205413818e-01
-6.211923435330390930e-02 9.937771558761596680e-01 9.245752543210983276e-02 4.452172666788101196e-03
9.814810752868652344e-01 4.400523379445075989e-02 1.864367574453353882e-01 -3.453798964619636536e-02
0.000000000000000000e+00 0.000000000000000000e+00 0.000000000000000000e+00 1.000000000000000000e+00
1.962421983480453491e-01 9.725186228752136230e-02 -9.757207036018371582e-01 3.829136490821838379e-01
-8.574524521827697754e-02 9.929594397544860840e-01 8.172450959682464600e-02 1.073915697634220123e-02
9.767993092536926270e-01 6.762565672397613525e-02 2.031994611024856567e-01 -3.093465603888034821e-02
0.000000000000000000e+00 0.000000000000000000e+00 0.000000000000000000e+00 1.000000000000000000e+00
1.958189904689788818e-01 9.059865027666091919e-02 -9.764458537101745605e-01 3.819158673286437988e-01
-1.133576780557632446e-01 9.911394715309143066e-01 6.922895461320877075e-02 1.880268007516860962e-02
9.740661382675170898e-01 9.713131934404373169e-02 2.043539881706237793e-01 -2.246751450002193451e-02
0.000000000000000000e+00 0.000000000000000000e+00 0.000000000000000000e+00 1.000000000000000000e+00
2.112312614917755127e-01 1.039908006787300110e-01 -9.718883633613586426e-01 3.818486630916595459e-01
-1.144141256809234619e-01 9.901194572448730469e-01 8.107464760541915894e-02 1.803716644644737244e-02
9.707164764404296875e-01 9.407225251197814941e-02 2.210421562194824219e-01 -2.318505197763442993e-02
0.000000000000000000e+00 0.000000000000000000e+00 0.000000000000000000e+00 1.000000000000000000e+00
2.162581086158752441e-01 1.158330589532852173e-01 -9.694407582283020020e-01 3.832345604896545410e-01
-1.379459202289581299e-01 9.866014719009399414e-01 8.711123466491699219e-02 1.951969601213932037e-02
9.665418863296508789e-01 1.148918867111206055e-01 2.293392121791839600e-01 -2.039326354861259460e-02
0.000000000000000000e+00 0.000000000000000000e+00 0.000000000000000000e+00 1.000000000000000000e+00
2.308646440505981445e-01 1.234126389026641846e-01 -9.651273488998413086e-01 3.843836486339569092e-01
-1.547993272542953491e-01 9.839475750923156738e-01 8.879020810127258301e-02 2.142218314111232758e-02
9.605928659439086914e-01 1.289025396108627319e-01 2.462629824876785278e-01 -2.086114324629306793e-02
0.000000000000000000e+00 0.000000000000000000e+00 0.000000000000000000e+00 1.000000000000000000e+00
2.329394817352294922e-01 1.338913440704345703e-01 -9.632299542427062988e-01 3.865004777908325195e-01
-1.791689991950988770e-01 9.794304966926574707e-01 9.281446784734725952e-02 2.212413772940635681e-02
9.558439850807189941e-01 1.509608030319213867e-01 2.521371543407440186e-01 -1.481464784592390060e-02
0.000000000000000000e+00 0.000000000000000000e+00 0.000000000000000000e+00 1.000000000000000000e+00
2.614617645740509033e-01 1.418686360120773315e-01 -9.547308683395385742e-01 3.881551921367645264e-01
-1.924829483032226562e-01 9.769353866577148438e-01 9.245490282773971558e-02 2.513272315263748169e-02
9.458265900611877441e-01 1.595960557460784912e-01 2.827385663986206055e-01 -1.793116889894008636e-02
0.000000000000000000e+00 0.000000000000000000e+00 0.000000000000000000e+00 1.000000000000000000e+00
3.026018142700195312e-01 1.465408653020858765e-01 -9.417846202850341797e-01 3.881107866764068604e-01
-2.190085202455520630e-01 9.723606109619140625e-01 8.092961460351943970e-02 3.049921430647373199e-02
9.276139140129089355e-01 1.817693412303924561e-01 3.263317942619323730e-01 -2.603691071271896362e-02
0.000000000000000000e+00 0.000000000000000000e+00 0.000000000000000000e+00 1.000000000000000000e+00
3.723365962505340576e-01 1.735780239105224609e-01 -9.117212891578674316e-01 3.913481831550598145e-01
-2.376088201999664307e-01 9.674435257911682129e-01 8.714993298053741455e-02 2.809225209057331085e-02
8.971660733222961426e-01 1.841839700937271118e-01 4.014583528041839600e-01 -3.986889496445655823e-02
0.000000000000000000e+00 0.000000000000000000e+00 0.000000000000000000e+00 1.000000000000000000e+00
4.147137403488159180e-01 2.239237129688262939e-01 -8.819698095321655273e-01 4.072184264659881592e-01
-2.416793555021286011e-01 9.615427255630493164e-01 1.304857730865478516e-01 1.256485283374786377e-02
8.772705793380737305e-01 1.590396910905838013e-01 4.528827369213104248e-01 -4.425423219799995422e-02
0.000000000000000000e+00 0.000000000000000000e+00 0.000000000000000000e+00 1.000000000000000000e+00
4.457979798316955566e-01 2.483427226543426514e-01 -8.599939942359924316e-01 4.113638997077941895e-01
-2.761472165584564209e-01 9.520390033721923828e-01 1.317754685878753662e-01 1.327223051339387894e-02
8.514733314514160156e-01 1.787398308515548706e-01 4.929961562156677246e-01 -6.135743483901023865e-02
0.000000000000000000e+00 0.000000000000000000e+00 0.000000000000000000e+00 1.000000000000000000e+00
4.238870739936828613e-01 2.528155446052551270e-01 -8.697149753570556641e-01 4.031071364879608154e-01
-2.075893282890319824e-01 9.618088006973266602e-01 1.784099787473678589e-01 -6.829034537076950073e-03
8.816044926643371582e-01 1.049178913235664368e-01 4.601801633834838867e-01 -5.585097521543502808e-02
0.000000000000000000e+00 0.000000000000000000e+00 0.000000000000000000e+00 1.000000000000000000e+00
4.283836483955383301e-01 2.507977783679962158e-01 -8.680944442749023438e-01 3.971040844917297363e-01
-1.726348847150802612e-01 9.657292962074279785e-01 1.938139498233795166e-01 -1.453732326626777649e-02
8.869525194168090820e-01 6.683668494224548340e-02 4.569991827011108398e-01 -5.824343115091323853e-02
0.000000000000000000e+00 0.000000000000000000e+00 0.000000000000000000e+00 1.000000000000000000e+00
3.909955024719238281e-01 2.611096799373626709e-01 -8.825781941413879395e-01 3.767090141773223877e-01
-6.982141733169555664e-02 9.645666480064392090e-01 2.544339299201965332e-01 -4.468600824475288391e-02
9.177403450012207031e-01 -3.785959631204605103e-02 3.953720927238464355e-01 -4.349842295050621033e-02
0.000000000000000000e+00 0.000000000000000000e+00 0.000000000000000000e+00 1.000000000000000000e+00
3.875069320201873779e-01 2.978189289569854736e-01 -8.724347949028015137e-01 3.553178012371063232e-01
-3.390302881598472595e-02 9.503421187400817871e-01 3.093552291393280029e-01 -7.515988498926162720e-02
9.212431907653808594e-01 -9.029906988143920898e-02 3.783610165119171143e-01 -4.070164263248443604e-02
0.000000000000000000e+00 0.000000000000000000e+00 0.000000000000000000e+00 1.000000000000000000e+00
3.985658586025238037e-01 3.456811904907226562e-01 -8.494995832443237305e-01 3.368467092514038086e-01
8.136373944580554962e-03 9.248798489570617676e-01 3.801725506782531738e-01 -1.029841080307960510e-01
9.171035289764404297e-01 -1.584356278181076050e-01 3.658129870891571045e-01 -3.781112655997276306e-02
0.000000000000000000e+00 0.000000000000000000e+00 0.000000000000000000e+00 1.000000000000000000e+00
4.327664375305175781e-01 3.620480298995971680e-01 -8.256114125251770020e-01 3.212358057498931885e-01
5.111594498157501221e-02 9.044856429100036621e-01 4.234299659729003906e-01 -1.197267994284629822e-01
9.000556468963623047e-01 -2.254481762647628784e-01 3.729245364665985107e-01 -4.283273220062255859e-02
0.000000000000000000e+00 0.000000000000000000e+00 0.000000000000000000e+00 1.000000000000000000e+00
4.841639697551727295e-01 3.945503234863281250e-01 -7.809705734252929688e-01 2.977762520313262939e-01
1.186226829886436462e-01 8.547220230102539062e-01 5.053502917289733887e-01 -1.502998620271682739e-01
8.668991327285766602e-01 -3.373131155967712402e-01 3.670230805873870850e-01 -4.492544755339622498e-02
0.000000000000000000e+00 0.000000000000000000e+00 0.000000000000000000e+00 1.000000000000000000e+00
5.003671050071716309e-01 4.292674958705902100e-01 -7.519056200981140137e-01 2.832058966159820557e-01
1.377028524875640869e-01 8.179286122322082520e-01 5.585967898368835449e-01 -1.704666763544082642e-01
8.547928333282470703e-01 -3.830430209636688232e-01 3.501531779766082764e-01 -4.192646220326423645e-02
0.000000000000000000e+00 0.000000000000000000e+00 0.000000000000000000e+00 1.000000000000000000e+00
5.039287209510803223e-01 4.744350910186767578e-01 -7.217804193496704102e-01 2.667239904403686523e-01
1.623418927192687988e-01 7.687239050865173340e-01 6.186344623565673828e-01 -1.902407556772232056e-01
8.483518362045288086e-01 -4.289229214191436768e-01 3.103614449501037598e-01 -3.115943633019924164e-02
0.000000000000000000e+00 0.000000000000000000e+00 0.000000000000000000e+00 1.000000000000000000e+00
5.311205983161926270e-01 4.822902977466583252e-01 -6.966397166252136230e-01 2.525518834590911865e-01
1.619409471750259399e-01 7.492533326148986816e-01 6.421795487403869629e-01 -1.984371989965438843e-01
8.316766023635864258e-01 -4.538891911506652832e-01 3.198412358760833740e-01 -3.633142262697219849e-02
0.000000000000000000e+00 0.000000000000000000e+00 0.000000000000000000e+00 1.000000000000000000e+00
5.446481704711914062e-01 4.921551942825317383e-01 -6.790740489959716797e-01 2.407001405954360962e-01
1.764741390943527222e-01 7.243248820304870605e-01 6.664906740188598633e-01 -2.055780589580535889e-01
8.198871612548828125e-01 -4.828419089317321777e-01 3.076497316360473633e-01 -3.465971350669860840e-02
0.000000000000000000e+00 0.000000000000000000e+00 0.000000000000000000e+00 1.000000000000000000e+00
5.176815986633300781e-01 5.441015958786010742e-01 -6.602719426155090332e-01 2.272160202264785767e-01
1.759019345045089722e-01 6.875580549240112305e-01 7.045015692710876465e-01 -2.168395221233367920e-01
8.372957706451416016e-01 -4.808504879474639893e-01 2.602277100086212158e-01 -2.290346100926399231e-02
0.000000000000000000e+00 0.000000000000000000e+00 0.000000000000000000e+00 1.000000000000000000e+00
4.719429910182952881e-01 6.194092631340026855e-01 -6.273769736289978027e-01 2.054686695337295532e-01
1.448614299297332764e-01 6.474578380584716797e-01 7.482066154479980469e-01 -2.274653315544128418e-01
8.696463704109191895e-01 -4.439936578273773193e-01 2.158347070217132568e-01 -1.685146056115627289e-02
0.000000000000000000e+00 0.000000000000000000e+00 0.000000000000000000e+00 1.000000000000000000e+00
3.920661807060241699e-01 6.802493333816528320e-01 -6.193100214004516602e-01 1.980924755334854126e-01
1.328535676002502441e-01 6.242838501930236816e-01 7.698178887367248535e-01 -2.318584471940994263e-01
9.102935194969177246e-01 -3.840971291065216064e-01 1.543869972229003906e-01 -3.647438948974013329e-03
0.000000000000000000e+00 0.000000000000000000e+00 0.000000000000000000e+00 1.000000000000000000e+00
4.440657198429107666e-01 7.058361172676086426e-01 -5.519066452980041504e-01 1.726286858320236206e-01
1.266427487134933472e-01 5.603425502777099609e-01 8.185217976570129395e-01 -2.423883676528930664e-01
8.869988918304443359e-01 -4.333723783493041992e-01 1.594399511814117432e-01 -1.481575984507799149e-02
0.000000000000000000e+00 0.000000000000000000e+00 0.000000000000000000e+00 1.000000000000000000e+00
5.826385617256164551e-01 6.520583629608154297e-01 -4.851308763027191162e-01 1.483803689479827881e-01
1.194355413317680359e-01 5.217387080192565918e-01 8.447035551071166992e-01 -2.456387877464294434e-01
8.039075136184692383e-01 -5.500985980033874512e-01 2.261060625314712524e-01 -4.097928479313850403e-02
0.000000000000000000e+00 0.000000000000000000e+00 0.000000000000000000e+00 1.000000000000000000e+00
7.065865397453308105e-01 5.995394587516784668e-01 -3.758826255798339844e-01 1.110654696822166443e-01
4.803869873285293579e-02 4.893212616443634033e-01 8.707795143127441406e-01 -2.456726431846618652e-01
7.059940695762634277e-01 -6.333378553390502930e-01 3.169466853141784668e-01 -6.980765610933303833e-02
0.000000000000000000e+00 0.000000000000000000e+00 0.000000000000000000e+00 1.000000000000000000e+00
7.880318760871887207e-01 5.514734387397766113e-01 -2.736474871635437012e-01 8.465334028005599976e-02
-1.136197056621313095e-02 4.574489593505859375e-01 8.891633749008178711e-01 -2.425851821899414062e-01
6.155297756195068359e-01 -6.975796222686767578e-01 3.667500913143157959e-01 -8.436949551105499268e-02
0.000000000000000000e+00 0.000000000000000000e+00 0.000000000000000000e+00 1.000000000000000000e+00
7.895265817642211914e-01 5.917654633522033691e-01 -1.626695990562438965e-01 6.095143035054206848e-02
-8.716891705989837646e-02 3.704985976219177246e-01 9.247336387634277344e-01 -2.546383440494537354e-01
6.074943542480468750e-01 -7.159220576286315918e-01 3.441020250320434570e-01 -7.566670328378677368e-02
0.000000000000000000e+00 0.000000000000000000e+00 0.000000000000000000e+00 1.000000000000000000e+00
7.782306671142578125e-01 6.264197826385498047e-01 -4.421693086624145508e-02 3.000685945153236389e-02
-1.579749435186386108e-01 2.634339630603790283e-01 9.516545534133911133e-01 -2.712471485137939453e-01
6.077834367752075195e-01 -7.336217164993286133e-01 3.039710223674774170e-01 -6.086044386029243469e-02
0.000000000000000000e+00 0.000000000000000000e+00 0.000000000000000000e+00 1.000000000000000000e+00
7.919595241546630859e-01 6.075387597084045410e-01 6.080216541886329651e-02 -3.495705546811223030e-03
-1.966883689165115356e-01 1.595777571201324463e-01 9.673925638198852539e-01 -2.837972640991210938e-01
5.780257582664489746e-01 -7.780948281288146973e-01 2.458748966455459595e-01 -4.218495264649391174e-02
0.000000000000000000e+00 0.000000000000000000e+00 0.000000000000000000e+00 1.000000000000000000e+00
8.021406531333923340e-01 5.751739144325256348e-01 1.604536771774291992e-01 -4.165248572826385498e-02
-2.293791323900222778e-01 4.870602115988731384e-02 9.721177816390991211e-01 -2.915189266204833984e-01
5.513216853141784668e-01 -8.165798783302307129e-01 1.710020005702972412e-01 -1.977424882352352142e-02
0.000000000000000000e+00 0.000000000000000000e+00 0.000000000000000000e+00 1.000000000000000000e+00
8.120316267013549805e-01 5.347800850868225098e-01 2.336980551481246948e-01 -7.378101348876953125e-02
-2.350093424320220947e-01 -6.690444052219390869e-02 9.696878194808959961e-01 -2.978509962558746338e-01
5.342051386833190918e-01 -8.423385024070739746e-01 7.134981453418731689e-02 1.094921957701444626e-02
0.000000000000000000e+00 0.000000000000000000e+00 0.000000000000000000e+00 1.000000000000000000e+00
7.749219536781311035e-01 6.130641698837280273e-01 1.537803560495376587e-01 -4.084385186433792114e-02
-2.955060303211212158e-01 1.363400816917419434e-01 9.455619454383850098e-01 -2.727467119693756104e-01
5.587238073348999023e-01 -7.781795859336853027e-01 2.868171036243438721e-01 -6.788279116153717041e-02
0.000000000000000000e+00 0.000000000000000000e+00 0.000000000000000000e+00 1.000000000000000000e+00
7.568581104278564453e-01 6.428773999214172363e-01 1.177890375256538391e-01 -2.509986609220504761e-02
-3.665606975555419922e-01 2.683261930942535400e-01 8.908614516258239746e-01 -2.464745640754699707e-01
5.411089062690734863e-01 -7.174326181411743164e-01 4.387384951114654541e-01 -1.119548454880714417e-01
0.000000000000000000e+00 0.000000000000000000e+00 0.000000000000000000e+00 1.000000000000000000e+00
7.409378886222839355e-01 6.695489287376403809e-01 5.210904777050018311e-02 -2.650586189702153206e-03
-4.354238212108612061e-01 4.198752641677856445e-01 7.963107824325561523e-01 -2.058389633893966675e-01
5.112897157669067383e-01 -6.127062439918518066e-01 6.026389598846435547e-01 -1.556934863328933716e-01
0.000000000000000000e+00 0.000000000000000000e+00 0.000000000000000000e+00 1.000000000000000000e+00
7.193300724029541016e-01 6.946299672126770020e-01 -7.301519159227609634e-03 1.656315475702285767e-02
-5.035323500633239746e-01 5.286206007003784180e-01 6.833851337432861328e-01 -1.624686270952224731e-01
4.785595536231994629e-01 -4.879029989242553711e-01 7.300213575363159180e-01 -1.847812980413436890e-01
0.000000000000000000e+00 0.000000000000000000e+00 0.000000000000000000e+00 1.000000000000000000e+00
7.129154801368713379e-01 7.006770372390747070e-01 -2.833895944058895111e-02 2.232156880199909210e-02
-5.580089688301086426e-01 5.913037657737731934e-01 5.822246670722961426e-01 -1.284063011407852173e-01
4.247084856033325195e-01 -3.992635905742645264e-01 8.125337958335876465e-01 -2.019398957490921021e-01
0.000000000000000000e+00 0.000000000000000000e+00 0.000000000000000000e+00 1.000000000000000000e+00
6.801612377166748047e-01 7.330611944198608398e-01 1.325438264757394791e-03 1.187307666987180710e-02
-6.535512804985046387e-01 6.055680513381958008e-01 4.540460407733917236e-01 -9.326829761266708374e-02
3.320409953594207764e-01 -3.096907138824462891e-01 8.909772038459777832e-01 -2.172510474920272827e-01
0.000000000000000000e+00 0.000000000000000000e+00 0.000000000000000000e+00 1.000000000000000000e+00
6.540401577949523926e-01 7.561065554618835449e-01 -2.311149612069129944e-02 1.484869886189699173e-02
-7.047469615936279297e-01 6.201467514038085938e-01 3.446004688739776611e-01 -6.224298104643821716e-02
2.748872935771942139e-01 -2.090947628021240234e-01 9.384648799896240234e-01 -2.245764285326004028e-01
0.000000000000000000e+00 0.000000000000000000e+00 0.000000000000000000e+00 1.000000000000000000e+00
6.337507963180541992e-01 7.709338665008544922e-01 -6.341020017862319946e-02 2.194803953170776367e-02
-7.460462450981140137e-01 6.308303475379943848e-01 2.132319360971450806e-01 -2.422818914055824280e-02
2.043888270854949951e-01 -8.782894164323806763e-02 9.749416708946228027e-01 -2.283302992582321167e-01
0.000000000000000000e+00 0.000000000000000000e+00 0.000000000000000000e+00 1.000000000000000000e+00
6.114723682403564453e-01 7.879296541213989258e-01 -7.258114963769912720e-02 2.312515862286090851e-02
-7.756905555725097656e-01 6.150193214416503906e-01 1.416157931089401245e-01 -4.450934007763862610e-03
1.562221348285675049e-01 -3.029358014464378357e-02 9.872573018074035645e-01 -2.292495369911193848e-01
0.000000000000000000e+00 0.000000000000000000e+00 0.000000000000000000e+00 1.000000000000000000e+00
5.711061954498291016e-01 8.176801800727844238e-01 -7.236507534980773926e-02 2.045403607189655304e-02
-8.194011449813842773e-01 5.731428861618041992e-01 9.431332349777221680e-03 3.007255122065544128e-02
4.918733984231948853e-02 5.390974134206771851e-02 9.973335862159729004e-01 -2.288680672645568848e-01
0.000000000000000000e+00 0.000000000000000000e+00 0.000000000000000000e+00 1.000000000000000000e+00
