312 177 502 224
318 177 507 229
394 182 558 275
257 194 506 237
389 194 533 259
400 216 542 290
400 221 548 295
362 232 461 251
340 238 451 242
340 243 447 246
345 243 451 252
356 265 435 257
394 265 458 301
372 270 434 275
389 270 453 297
367 282 420 280
394 282 443 399
345 287 422 259
378 292 423 293
394 292 448 319
384 309 416 319
389 309 424 324
384 314 412 323
389 314 419 329
367 320 393 312
378 320 402 322
384 320 407 326
372 326 393 321
378 326 398 326
411 326 482 388
378 336 392 349
389 342 397 358
394 342 401 361
389 348 392 360
394 348 397 365
328 353 368 306
367 358 446 338
372 358 452 343
384 358 383 359
389 358 387 365
394 358 390 371
367 364 441 342
389 364 382 369
394 370 445 359
367 375 427 347
394 380 442 363
406 380 449 404
378 397 420 372
345 402 362 339
306 408 371 361
340 408 357 336
