405 154 463 215
405 159 462 220
377 177 340 203
382 177 344 204
387 177 351 200
391 177 357 200
396 177 364 200
405 177 378 197
410 177 383 198
377 182 339 210
382 182 344 210
391 182 358 205
405 182 375 204
364 186 324 213
382 186 343 216
410 186 375 214
368 191 330 216
396 191 361 220
405 191 368 220
410 191 374 221
428 191 437 180
364 196 324 221
373 196 334 222
400 196 360 226
405 196 365 227
414 196 376 227
446 196 430 210
464 196 457 210
469 196 492 183
414 200 373 232
419 200 379 233
469 200 492 188
382 205 347 231
419 205 377 238
423 205 382 240
359 209 322 225
364 209 329 226
368 209 336 227
373 209 341 228
414 209 370 240
432 209 389 243
442 209 401 244
464 209 440 231
469 209 447 231
364 214 330 232
373 214 339 234
382 214 347 236
428 214 383 248
432 214 389 249
437 214 393 249
442 214 399 250
464 214 439 236
368 218 334 236
373 218 363 288
414 218 370 247
419 218 375 248
437 218 393 255
442 218 398 256
446 218 406 252
350 223 280 270
364 223 327 240
368 223 333 242
373 223 337 243
382 223 345 243
391 223 352 244
414 223 369 253
419 223 374 254
451 223 405 257
332 228 262 276
341 228 271 277
364 228 326 245
368 228 331 246
373 228 337 247
423 228 382 253
469 228 424 265
327 232 257 280
332 232 263 281
341 232 270 281
460 232 412 269
464 232 417 269
469 232 422 270
410 237 360 264
350 241 277 289
460 241 410 278
464 241 417 278
469 241 421 279
460 246 410 282
464 246 416 283
469 246 421 284
368 250 292 299
419 250 373 272
410 255 360 277
414 255 366 277
428 255 391 279
419 260 371 283
414 264 369 296
382 269 327 335
414 269 368 303
428 269 381 293
432 269 387 294
437 269 392 294
377 273 324 341
391 273 292 304
414 273 368 309
423 273 374 303
428 273 380 303
432 273 386 298
309 278 249 298
318 278 299 343
377 278 324 347
382 278 329 347
423 278 373 309
428 278 378 309
313 283 292 348
318 283 303 356
322 283 299 348
327 283 304 350
391 283 308 326
368 292 290 329
373 292 296 330
377 292 301 331
368 296 288 335
373 296 294 336
437 301 349 350
432 305 343 355
437 305 349 355
451 305 354 358
368 310 311 358
391 310 319 346
437 315 346 364
442 315 352 364
368 319 310 363
405 319 334 359
437 319 345 368
368 324 267 312
373 324 272 312
400 324 328 364
405 324 333 365
368 328 265 317
373 328 271 318
373 333 271 325
405 342 321 371
414 342 327 373
419 342 333 374
410 347 327 377
414 347 332 379
