399 78 492 161
464 85 499 229
476 85 502 235
476 91 494 238
470 98 485 235
406 130 436 187
438 136 436 213
387 142 416 169
425 142 425 203
393 149 412 179
419 149 417 200
425 149 419 205
431 149 421 212
412 155 411 199
425 155 413 208
431 155 410 215
457 155 416 235
412 162 406 202
438 162 406 222
457 162 409 237
412 168 399 205
438 168 399 224
425 175 392 212
431 175 395 219
425 181 388 213
431 181 390 220
438 181 392 228
444 181 393 234
431 187 385 224
425 194 380 218
451 194 382 239
425 200 374 218
431 200 375 226
444 207 365 236
419 213 354 218
425 213 356 224
419 220 349 221
438 220 352 235
425 226 347 228
374 232 329 184
431 232 343 234
438 232 345 241
470 232 360 260
367 239 320 179
374 239 322 184
431 239 338 236
444 239 340 246
367 245 314 180
380 245 319 192
412 245 326 221
419 245 327 228
425 245 328 233
431 245 331 239
444 245 333 247
457 245 337 254
399 252 316 209
444 252 328 248
457 252 330 256
470 252 333 267
425 258 317 232
431 258 318 237
457 258 324 262
470 258 326 270
476 258 328 277
374 264 301 191
451 271 317 258
444 277 315 252
444 284 307 255
451 284 308 262
444 290 300 258
451 290 302 264
399 297 282 219
444 297 295 260
451 297 296 265
399 303 277 222
451 303 292 267
457 303 294 274
393 316 269 217
393 329 255 220
444 329 269 266
431 335 260 255
451 335 264 274
438 341 254 263
457 341 259 278
367 348 230 207
393 348 242 224
438 348 247 266
444 348 249 273
457 348 253 280
464 348 253 285
387 354 235 221
393 354 237 226
457 354 245 282
464 354 247 286
399 361 230 236
457 361 240 283
464 361 241 290
