372 127 412 75
410 127 424 81
410 132 422 94
427 132 440 89
444 132 459 96
449 132 463 97
333 138 363 89
416 138 430 95
421 138 436 96
438 138 451 96
322 143 353 96
327 143 359 95
333 143 363 94
338 143 369 96
344 143 376 98
416 143 430 105
421 143 435 105
427 143 440 105
444 143 457 102
338 149 370 103
355 149 395 104
455 149 463 103
338 160 373 120
344 160 369 109
438 160 450 114
344 182 374 136
460 193 474 150
460 199 473 156
449 204 466 161
449 210 466 166
349 221 373 174
355 221 378 173
460 221 476 179
471 221 484 162
344 232 366 167
349 232 372 168
466 232 483 186
344 237 365 173
471 237 489 192
477 237 495 192
338 243 358 179
394 243 436 177
444 243 454 173
466 243 482 197
338 248 358 184
394 248 435 184
438 248 448 178
444 248 454 179
444 265 453 191
460 265 475 207
372 271 399 182
466 276 485 238
482 276 504 240
360 287 380 214
438 287 447 218
360 293 380 220
360 298 378 227
366 298 385 227
466 298 480 221
360 304 379 233
466 304 480 227
360 309 379 239
360 315 380 245
360 321 379 251
344 326 366 250
355 326 372 257
477 326 497 257
482 326 501 258
477 332 495 262
482 332 501 263
460 337 472 266
482 337 501 270
488 337 508 274
355 343 371 274
388 343 401 271
482 343 500 274
493 343 513 282
349 348 363 280
355 348 370 280
366 348 375 280
377 348 388 275
383 348 395 275
355 354 371 286
372 354 390 281
466 354 477 278
377 365 394 292
