-0.8843507170677185 -0.4652822315692902 -0.03790409862995148 0.0543021596968174 
-0.4614166021347046 0.8835435509681702 -0.08028439432382584 0.05431577935814857 
0.07084482163190842 -0.05350996553897858 -0.9960512518882751 0.3082075417041779 
0 0 0 1 

-0.922131359577179 -0.3842164874076843 -0.04529078677296638 0.05780650302767754 
-0.3815905451774597 0.9225640296936035 -0.0571339912712574 0.04594191536307335 
0.0637354701757431 -0.03540251404047012 -0.9973387122154236 0.3082943856716156 
0 0 0 1 

-0.9571332335472107 -0.2882687151432037 -0.02823435142636299 0.05397526547312737 
-0.285736620426178 0.9556768536567688 -0.07096726447343826 0.04973778873682022 
0.047440554946661 -0.05985753610730171 -0.9970789551734924 0.3077834248542786 
0 0 0 1 

-0.9804293513298035 -0.1964657306671143 -0.01260487735271454 0.05028953030705452 
-0.194732129573822 0.9772040247917175 -0.08456730097532272 0.05232689529657364 
0.0289321169257164 -0.08045771718025208 -0.9963377714157104 0.3077484369277954 
0 0 0 1 

-0.9945052862167358 -0.1022252440452576 -0.0225568450987339 0.05605699867010117 
-0.1007748395204544 0.9932122230529785 -0.05808548629283905 0.03831684216856956 
0.02834153920412064 -0.05549317225813866 -0.9980565309524536 0.309076339006424 
0 0 0 1 

-0.9999901652336121 -0.003335732966661453 0.002948684385046363 0.04862260445952415 
-0.003397468943148851 0.9997698068618774 -0.02118583023548126 0.01504441443830729 
-0.002877335296943784 -0.02119563892483711 -0.9997711777687073 0.3130010962486267 
0 0 0 1 

-0.90403813123703 -0.3991793394088745 -0.1528743207454681 0.09327740222215652 
-0.4007686078548431 0.9159237742424011 -0.0216363575309515 0.03112334944307804 
0.1486580222845078 0.04170714691281319 -0.9880086183547974 0.309244692325592 
0 0 0 1 

-0.875197172164917 -0.4272980391979218 -0.2268172651529312 0.1167536899447441 
-0.44451704621315 0.8953155875205994 0.02854064106941223 0.01953875087201595 
0.1908776760101318 0.1258028447628021 -0.9735190868377686 0.3039335310459137 
0 0 0 1 

-0.8603324294090271 -0.3363154232501984 -0.3830399215221405 0.1688728928565979 
-0.3908966779708862 0.9175888895988464 0.07232113182544708 0.002772019943222404 
0.3271504640579224 0.2119492888450623 -0.9208959937095642 0.2818974852561951 
0 0 0 1 

-0.8057204484939575 -0.3248655200004578 -0.4952541887760162 0.2039128094911575 
-0.3972087502479553 0.9166271090507507 0.04494406655430794 0.01368141826242208 
0.4393626153469086 0.2329316735267639 -0.8675845265388489 0.2602041959762573 
0 0 0 1 

