259 118 249 163
264 118 256 162
269 118 261 160
296 118 284 148
315 118 305 136
320 118 311 132
324 118 316 129
246 122 211 186
250 122 241 175
255 122 247 172
259 122 253 170
264 122 259 167
269 122 264 167
246 127 231 183
255 127 250 177
259 127 256 174
264 127 262 171
255 132 253 182
356 132 318 134
361 132 323 129
246 136 238 192
292 136 292 165
296 136 298 162
361 136 327 137
370 136 328 127
356 141 322 139
380 141 340 133
384 141 351 126
403 141 362 119
407 141 373 115
250 146 255 195
269 146 277 184
366 146 336 135
375 146 347 131
407 146 372 121
412 146 378 119
255 150 263 199
264 150 273 193
269 150 280 190
343 150 324 153
370 150 344 139
380 150 349 136
389 150 356 132
393 150 360 130
417 150 387 121
384 155 353 140
393 155 362 133
403 155 369 131
407 155 376 128
417 155 389 126
417 159 392 130
250 169 266 212
264 169 284 206
269 169 290 203
287 169 305 195
356 169 338 151
246 173 264 221
250 173 269 217
287 173 308 200
292 173 314 196
241 178 257 226
246 178 267 227
250 178 272 223
264 178 287 215
269 178 294 211
338 178 337 173
343 178 332 164
356 178 343 162
236 183 255 233
241 183 262 230
264 183 291 220
343 183 334 168
347 183 339 166
236 187 259 237
241 187 266 235
246 187 274 230
347 187 342 171
232 192 253 273
241 192 269 233
246 192 277 234
412 192 404 162
232 196 255 278
236 196 265 244
241 196 274 238
264 196 302 227
412 196 406 168
236 201 270 246
241 201 276 244
246 201 282 240
259 201 300 234
264 201 304 232
417 201 411 172
236 206 273 251
241 206 279 248
246 206 286 244
250 206 291 242
255 206 297 238
264 206 307 236
273 206 316 231
292 206 331 222
417 206 414 177
236 210 277 255
241 210 283 252
246 210 289 249
250 210 295 247
259 210 307 245
264 210 311 241
269 210 316 237
296 210 340 224
333 210 358 207
232 215 272 261
246 215 293 254
250 215 299 250
278 215 325 236
287 215 337 235
296 215 343 229
333 215 361 211
232 220 276 266
236 220 282 263
241 220 288 259
246 220 296 258
250 220 301 255
278 220 327 241
283 220 332 238
324 220 355 215
407 220 410 186
412 220 419 190
241 224 290 264
259 224 314 255
269 224 324 249
306 224 345 257
315 224 355 224
324 224 358 221
407 224 415 191
241 229 293 269
246 229 299 266
250 229 304 263
315 229 358 228
320 229 362 226
246 233 302 271
250 233 308 268
315 233 362 232
320 233 365 230
329 233 370 229
324 238 369 235
259 243 336 243
370 243 372 209
250 247 327 263
255 247 331 261
259 247 339 247
315 247 372 242
241 252 314 279
315 252 374 246
227 256 301 295
232 256 308 291
236 256 313 287
241 256 317 284
338 256 387 240
222 261 298 302
227 261 303 299
232 261 311 295
236 261 316 292
246 261 332 283
310 261 375 254
315 261 379 253
329 261 382 247
218 266 273 305
218 270 276 311
236 270 318 298
361 270 396 233
218 275 278 315
222 275 284 312
227 275 310 310
222 280 292 315
380 280 384 271
