255 118 254 118
259 118 258 118
264 118 262 118
269 118 267 118
273 118 272 118
278 118 277 117
283 118 281 117
287 118 286 117
292 118 291 117
301 118 299 117
310 118 309 117
315 118 313 117
320 118 318 117
324 118 324 117
329 118 328 117
246 122 245 122
250 122 250 122
255 122 254 122
259 122 258 122
264 122 263 122
269 122 267 122
273 122 272 122
278 122 276 122
283 122 281 122
287 122 285 122
292 122 290 122
296 122 295 122
301 122 300 122
306 122 304 121
310 122 309 122
315 122 313 121
320 122 318 121
329 122 327 122
333 122 332 122
338 122 338 122
343 122 343 122
246 127 244 127
250 127 249 127
255 127 254 127
259 127 258 127
264 127 263 127
269 127 267 126
273 127 272 126
278 127 276 127
283 127 281 126
287 127 285 126
292 127 290 126
296 127 295 127
301 127 300 127
306 127 304 126
310 127 309 126
315 127 314 126
320 127 318 126
324 127 323 127
329 127 327 127
333 127 332 127
352 127 351 126
246 132 244 131
250 132 249 131
255 132 254 131
259 132 258 131
264 132 263 131
269 132 268 131
273 132 272 131
278 132 277 131
283 132 281 131
287 132 286 131
292 132 291 131
296 132 295 131
301 132 300 131
306 132 304 131
310 132 309 131
315 132 314 130
320 132 318 130
324 132 323 131
329 132 327 132
333 132 332 131
338 132 337 131
343 132 342 130
347 132 346 130
352 132 351 131
361 132 360 131
246 136 244 136
250 136 249 136
255 136 253 136
259 136 258 137
264 136 263 136
269 136 267 136
273 136 272 136
278 136 277 136
292 136 291 135
296 136 295 136
301 136 300 136
306 136 304 135
310 136 309 135
315 136 314 135
320 136 318 135
324 136 323 135
329 136 328 135
333 136 332 135
343 136 341 135
347 136 346 136
352 136 350 135
356 136 355 136
366 136 365 135
370 136 369 135
246 141 245 141
250 141 249 141
255 141 253 141
259 141 258 141
264 141 262 140
269 141 267 141
273 141 272 141
278 141 277 141
287 141 286 141
292 141 291 140
296 141 295 140
301 141 300 140
306 141 304 140
310 141 309 140
315 141 314 140
320 141 318 140
324 141 323 140
329 141 328 140
333 141 333 141
347 141 346 140
352 141 350 140
356 141 355 139
366 141 365 139
370 141 369 139
375 141 374 139
380 141 379 139
384 141 382 139
393 141 390 139
398 141 397 139
403 141 402 139
407 141 406 139
412 141 411 139
246 146 244 145
250 146 249 145
255 146 254 145
259 146 258 145
264 146 263 145
269 146 268 145
273 146 272 145
278 146 277 145
287 146 286 145
292 146 290 145
296 146 295 145
301 146 300 144
306 146 304 144
310 146 309 144
315 146 314 145
320 146 318 145
324 146 323 145
329 146 328 144
343 146 341 145
347 146 346 144
352 146 350 144
361 146 359 144
366 146 364 143
370 146 369 144
375 146 373 144
380 146 378 144
384 146 383 144
389 146 388 143
393 146 393 143
398 146 398 143
403 146 403 143
407 146 407 143
412 146 411 143
246 150 245 149
250 150 249 150
255 150 253 150
259 150 258 150
264 150 263 149
269 150 268 150
273 150 272 150
287 150 286 149
292 150 290 149
296 150 295 149
301 150 300 149
306 150 304 149
310 150 309 149
315 150 314 150
320 150 318 149
324 150 324 149
329 150 328 149
333 150 332 148
338 150 338 149
343 150 342 149
347 150 346 149
352 150 351 149
356 150 355 149
366 150 365 148
370 150 369 148
375 150 374 148
380 150 379 148
384 150 384 148
389 150 389 148
393 150 394 148
398 150 398 148
403 150 403 148
407 150 407 148
412 150 411 148
417 150 416 148
246 155 244 154
250 155 249 154
255 155 254 155
259 155 258 154
264 155 263 154
269 155 268 154
273 155 272 154
287 155 286 154
292 155 291 153
296 155 295 154
301 155 300 154
306 155 304 154
310 155 309 154
315 155 314 154
320 155 318 154
324 155 324 154
329 155 328 154
333 155 334 153
338 155 338 154
343 155 343 154
347 155 348 154
352 155 351 154
356 155 355 154
361 155 360 153
366 155 365 153
370 155 369 153
375 155 374 153
380 155 379 153
389 155 384 154
393 155 390 153
398 155 397 153
403 155 402 153
407 155 406 152
412 155 410 153
417 155 416 153
246 159 244 159
250 159 249 159
255 159 254 159
259 159 258 159
264 159 262 159
269 159 267 159
273 159 272 159
287 159 286 159
292 159 291 159
296 159 296 158
301 159 300 158
306 159 304 158
310 159 309 158
315 159 314 158
320 159 319 158
324 159 324 158
329 159 329 158
338 159 338 163
343 159 343 159
347 159 348 159
352 159 352 158
356 159 355 158
361 159 360 158
366 159 365 157
370 159 369 158
375 159 374 158
380 159 379 158
384 159 384 157
412 159 411 157
417 159 415 158
246 164 245 164
250 164 249 164
255 164 254 164
259 164 259 164
264 164 263 163
269 164 268 163
273 164 272 163
278 164 277 163
292 164 291 163
296 164 296 163
301 164 300 163
306 164 305 163
310 164 309 163
315 164 314 163
320 164 319 163
324 164 324 162
329 164 328 163
333 164 333 163
338 164 338 168
343 164 342 167
347 164 347 166
352 164 351 163
356 164 355 163
361 164 360 163
366 164 365 162
370 164 370 162
375 164 374 162
380 164 379 162
246 169 245 169
250 169 249 168
255 169 254 168
259 169 259 169
264 169 264 168
269 169 268 168
273 169 273 168
278 169 277 168
283 169 281 168
287 169 286 168
292 169 291 168
296 169 296 168
301 169 300 168
306 169 304 168
310 169 309 168
315 169 314 168
320 169 319 168
324 169 324 167
329 169 328 168
338 169 338 173
352 169 351 168
356 169 356 167
361 169 360 167
366 169 365 167
370 169 370 167
241 173 240 172
246 173 245 173
250 173 250 173
255 173 254 173
259 173 259 173
264 173 264 173
269 173 268 173
273 173 273 173
278 173 277 173
283 173 281 172
287 173 286 172
292 173 291 172
296 173 296 172
301 173 300 173
306 173 305 172
310 173 310 172
315 173 315 172
320 173 319 172
324 173 324 172
329 173 328 172
352 173 351 173
356 173 356 172
361 173 360 172
366 173 365 172
370 173 369 172
375 173 374 171
241 178 240 178
246 178 245 178
250 178 250 178
255 178 254 177
259 178 259 177
264 178 264 177
269 178 268 178
273 178 273 177
278 178 277 177
283 178 282 177
287 178 286 176
292 178 291 177
296 178 296 177
301 178 300 177
306 178 305 177
310 178 310 177
315 178 315 177
320 178 320 177
324 178 324 177
329 178 328 176
333 178 334 176
338 178 339 177
347 178 348 177
352 178 352 177
361 178 360 177
366 178 365 177
370 178 369 176
236 183 235 181
241 183 241 182
246 183 245 182
250 183 250 182
255 183 254 181
259 183 259 182
264 183 264 182
269 183 268 182
273 183 273 182
278 183 277 182
283 183 282 182
287 183 287 182
292 183 291 181
296 183 296 182
301 183 300 182
306 183 305 182
310 183 310 182
315 183 314 181
320 183 319 181
324 183 324 181
329 183 328 181
333 183 333 181
338 183 338 181
343 183 343 181
347 183 347 182
356 183 356 183
361 183 361 182
366 183 365 181
417 183 416 181
236 187 236 187
241 187 241 187
246 187 245 187
250 187 250 187
255 187 254 186
259 187 259 187
264 187 264 187
269 187 268 187
273 187 273 187
278 187 277 186
292 187 291 187
296 187 296 187
301 187 300 187
306 187 305 186
310 187 310 186
315 187 315 186
320 187 319 185
324 187 324 186
329 187 328 185
333 187 333 185
338 187 338 185
343 187 342 186
347 187 346 187
356 187 356 187
361 187 360 186
366 187 365 186
236 192 236 191
241 192 241 192
246 192 245 192
250 192 250 191
255 192 254 191
259 192 259 191
264 192 264 192
269 192 269 191
273 192 273 191
278 192 278 191
283 192 282 191
287 192 287 191
292 192 292 191
296 192 296 190
301 192 300 190
306 192 305 190
310 192 310 190
315 192 315 190
320 192 319 190
329 192 329 189
333 192 333 190
338 192 337 190
343 192 342 190
347 192 346 191
356 192 357 190
361 192 361 191
366 192 364 191
412 192 412 186
417 192 416 188
232 196 232 190
236 196 236 196
241 196 241 196
246 196 245 197
250 196 250 196
255 196 254 196
259 196 259 196
264 196 264 196
269 196 268 196
273 196 273 196
278 196 278 196
283 196 282 196
287 196 287 195
292 196 292 195
296 196 296 195
301 196 300 195
306 196 305 195
310 196 310 195
315 196 315 195
320 196 319 195
324 196 324 192
329 196 328 194
333 196 333 194
338 196 337 195
343 196 341 195
347 196 346 195
352 196 351 195
361 196 360 195
366 196 365 195
412 196 412 192
417 196 416 192
236 201 236 201
241 201 241 201
246 201 245 201
250 201 250 200
255 201 254 201
259 201 259 200
264 201 264 201
269 201 268 200
273 201 273 200
278 201 278 200
283 201 282 200
287 201 287 200
292 201 292 200
296 201 296 200
301 201 301 199
306 201 305 199
310 201 310 199
315 201 315 199
320 201 320 199
324 201 323 196
329 201 328 199
333 201 332 198
338 201 337 199
343 201 341 199
347 201 346 199
352 201 352 200
356 201 356 200
361 201 361 199
366 201 365 199
412 201 412 196
417 201 416 199
232 206 231 207
236 206 236 206
241 206 241 206
246 206 245 205
250 206 250 205
255 206 254 205
259 206 259 205
264 206 264 205
269 206 269 205
273 206 273 205
278 206 278 205
283 206 282 204
287 206 287 204
292 206 292 204
296 206 296 204
301 206 301 204
306 206 305 204
310 206 310 203
324 206 324 204
329 206 329 203
333 206 332 203
338 206 337 204
343 206 342 204
352 206 351 204
356 206 356 204
361 206 360 204
366 206 365 204
412 206 412 201
232 210 231 211
236 210 236 210
241 210 241 210
246 210 245 210
250 210 250 210
255 210 255 210
259 210 259 210
264 210 264 210
269 210 269 210
273 210 274 210
278 210 278 209
283 210 283 210
287 210 287 209
292 210 292 209
296 210 297 209
301 210 301 208
306 210 305 208
310 210 310 208
315 210 315 208
320 210 319 209
324 210 324 209
329 210 329 209
333 210 334 209
338 210 338 209
343 210 343 209
347 210 348 209
352 210 352 209
356 210 355 209
361 210 360 208
366 210 365 208
407 210 407 205
412 210 412 206
417 210 417 207
232 215 231 215
236 215 236 215
241 215 241 215
246 215 245 215
250 215 250 214
255 215 255 215
259 215 259 215
264 215 264 214
269 215 269 214
273 215 274 214
278 215 278 214
283 215 283 214
287 215 287 214
292 215 292 213
296 215 297 213
301 215 301 213
306 215 306 213
310 215 311 213
315 215 315 213
324 215 324 213
329 215 328 213
333 215 334 213
338 215 338 214
343 215 343 214
347 215 348 214
352 215 352 214
356 215 356 213
361 215 360 213
407 215 407 213
412 215 412 211
417 215 417 212
232 220 231 220
236 220 236 220
241 220 241 219
246 220 246 219
250 220 250 219
255 220 255 219
259 220 260 219
264 220 264 219
269 220 269 219
273 220 274 219
278 220 278 219
283 220 283 219
287 220 288 218
292 220 292 218
296 220 297 218
301 220 301 217
306 220 307 217
310 220 311 217
315 220 315 218
320 220 320 218
324 220 324 218
329 220 328 217
333 220 334 217
338 220 338 218
343 220 343 218
347 220 347 219
366 220 366 215
407 220 407 218
412 220 412 217
417 220 416 217
421 220 420 215
232 224 231 225
236 224 236 224
241 224 240 224
246 224 246 224
250 224 250 224
255 224 255 224
259 224 260 224
264 224 265 223
269 224 269 223
273 224 273 224
278 224 278 224
283 224 282 224
287 224 288 223
292 224 292 223
296 224 297 222
301 224 301 222
306 224 306 222
310 224 311 222
315 224 315 223
320 224 320 223
324 224 324 222
329 224 329 222
333 224 333 222
338 224 338 222
343 224 343 223
347 224 346 223
352 224 351 222
356 224 356 222
361 224 361 222
366 224 366 219
403 224 402 222
407 224 407 222
412 224 412 222
417 224 416 223
421 224 421 222
232 229 232 228
236 229 236 228
241 229 241 228
246 229 246 228
250 229 251 228
255 229 255 228
259 229 260 228
264 229 265 228
269 229 269 228
273 229 274 229
278 229 279 228
283 229 282 229
287 229 288 228
292 229 292 228
296 229 297 227
301 229 301 227
306 229 306 227
310 229 311 227
315 229 315 227
320 229 320 227
324 229 324 227
329 229 329 226
333 229 333 227
338 229 338 226
343 229 343 227
347 229 347 227
352 229 351 227
356 229 357 226
361 229 361 226
366 229 366 227
403 229 402 227
407 229 407 227
412 229 411 227
417 229 416 227
421 229 420 226
227 233 227 234
232 233 232 233
236 233 236 233
241 233 241 233
246 233 246 233
250 233 251 233
255 233 255 233
259 233 260 233
264 233 265 232
269 233 270 232
273 233 273 233
278 233 278 233
283 233 282 232
287 233 287 232
292 233 292 232
296 233 297 232
301 233 302 232
306 233 306 232
310 233 311 232
315 233 315 232
320 233 320 232
324 233 325 232
329 233 328 231
333 233 333 231
338 233 338 231
343 233 342 231
347 233 347 232
352 233 352 232
356 233 357 231
361 233 361 231
366 233 366 232
370 233 370 233
398 233 398 231
403 233 403 231
407 233 407 231
412 233 412 231
417 233 416 231
227 238 227 238
232 238 232 238
236 238 236 238
241 238 241 238
246 238 246 238
250 238 251 237
255 238 256 237
259 238 260 237
264 238 265 237
269 238 269 237
273 238 274 237
278 238 278 237
283 238 282 236
287 238 287 237
292 238 293 237
296 238 297 237
301 238 302 237
306 238 306 237
310 238 310 236
315 238 315 236
320 238 320 236
324 238 325 237
329 238 329 236
333 238 333 236
338 238 338 236
343 238 343 236
347 238 347 236
352 238 352 236
356 238 357 236
361 238 361 237
366 238 366 236
370 238 370 237
393 238 393 236
398 238 398 236
403 238 403 236
407 238 408 235
412 238 412 235
222 243 223 242
227 243 227 242
232 243 232 242
236 243 237 242
241 243 241 242
246 243 246 242
250 243 251 242
255 243 256 242
259 243 260 242
264 243 265 242
269 243 269 242
273 243 274 242
278 243 279 241
283 243 283 241
287 243 288 241
292 243 293 241
296 243 297 242
301 243 302 242
306 243 306 242
310 243 311 241
315 243 315 241
320 243 321 241
324 243 325 241
329 243 329 241
333 243 334 242
338 243 338 241
343 243 343 241
347 243 348 241
352 243 353 241
356 243 357 241
361 243 361 241
366 243 366 240
370 243 370 240
393 243 394 240
398 243 398 240
403 243 404 240
407 243 408 240
222 247 223 247
227 247 227 247
232 247 232 247
236 247 236 247
241 247 242 247
246 247 247 246
250 247 251 247
255 247 256 247
259 247 260 247
264 247 265 247
269 247 270 246
273 247 274 247
278 247 279 246
283 247 283 246
287 247 288 246
292 247 293 246
296 247 297 246
301 247 301 247
306 247 306 246
310 247 311 246
315 247 316 246
320 247 321 246
324 247 325 246
329 247 329 246
333 247 334 246
338 247 339 246
343 247 344 247
347 247 348 246
352 247 353 246
356 247 358 246
361 247 361 245
366 247 366 245
370 247 370 245
389 247 389 246
393 247 394 245
398 247 399 245
403 247 403 245
407 247 408 245
218 252 218 252
222 252 223 252
227 252 228 252
232 252 232 252
236 252 237 252
241 252 242 251
246 252 247 251
250 252 251 251
255 252 256 251
259 252 260 251
264 252 265 251
269 252 269 251
273 252 274 251
278 252 279 251
283 252 283 251
287 252 288 251
292 252 293 251
296 252 297 251
301 252 301 251
306 252 306 251
310 252 311 251
315 252 316 251
320 252 320 250
324 252 325 250
329 252 329 250
333 252 334 250
338 252 339 250
343 252 344 251
347 252 348 251
352 252 353 251
356 252 358 250
361 252 362 250
366 252 365 250
370 252 370 250
384 252 384 250
389 252 389 250
393 252 394 250
398 252 399 250
403 252 403 249
407 252 408 249
218 256 218 257
222 256 223 257
227 256 228 256
232 256 232 256
236 256 237 256
241 256 242 256
246 256 246 256
250 256 251 256
255 256 256 256
259 256 261 256
264 256 265 256
269 256 270 255
273 256 274 255
278 256 279 255
283 256 283 255
287 256 288 256
292 256 293 255
296 256 297 255
301 256 301 255
306 256 306 255
310 256 311 255
315 256 316 255
320 256 320 255
324 256 325 255
329 256 329 255
333 256 334 254
338 256 339 255
343 256 344 255
347 256 348 255
352 256 353 255
356 256 358 255
361 256 362 254
366 256 366 254
370 256 370 254
375 256 375 254
380 256 380 254
384 256 385 254
389 256 390 254
393 256 394 254
398 256 398 254
403 256 403 254
407 256 407 254
218 261 219 261
222 261 223 261
227 261 228 261
232 261 232 261
236 261 237 261
241 261 242 261
246 261 246 261
250 261 251 261
255 261 256 260
259 261 261 260
264 261 265 260
269 261 270 260
273 261 274 260
278 261 279 260
283 261 283 260
287 261 288 260
292 261 293 260
296 261 297 260
301 261 301 260
306 261 306 260
310 261 311 260
315 261 316 260
320 261 320 260
324 261 325 259
329 261 329 259
333 261 334 259
338 261 339 259
343 261 344 259
347 261 348 260
352 261 353 259
356 261 358 259
361 261 362 259
366 261 366 259
370 261 371 259
375 261 376 259
380 261 380 259
384 261 385 259
389 261 390 259
393 261 394 258
398 261 399 259
403 261 403 259
218 266 219 265
222 266 223 265
227 266 228 265
232 266 232 265
236 266 237 265
241 266 242 265
246 266 247 265
250 266 251 265
255 266 255 265
259 266 261 265
264 266 265 265
269 266 269 265
273 266 274 264
278 266 278 264
283 266 283 265
287 266 288 265
292 266 292 265
296 266 297 265
301 266 302 265
306 266 306 264
310 266 311 264
315 266 316 264
320 266 321 264
324 266 325 264
329 266 330 264
333 266 334 264
338 266 339 264
343 266 344 264
347 266 348 264
352 266 353 264
356 266 357 264
361 266 362 264
366 266 367 263
370 266 371 263
375 266 375 263
380 266 380 263
384 266 385 264
389 266 390 263
393 266 394 263
398 266 399 263
218 270 218 270
222 270 223 270
227 270 228 270
232 270 232 269
236 270 236 269
241 270 242 269
246 270 247 270
250 270 251 270
255 270 255 270
259 270 261 270
264 270 265 270
269 270 269 269
273 270 273 269
278 270 278 269
283 270 283 269
287 270 287 269
292 270 292 268
296 270 296 269
301 270 302 269
306 270 307 269
310 270 311 269
315 270 316 269
320 270 321 269
324 270 325 269
329 270 329 269
333 270 334 269
338 270 339 269
343 270 344 269
347 270 348 269
352 270 353 269
356 270 357 269
361 270 362 268
366 270 367 268
370 270 371 268
375 270 376 268
380 270 380 268
384 270 385 268
389 270 390 268
393 270 395 268
218 275 218 274
222 275 223 275
227 275 228 274
232 275 232 274
241 275 241 274
250 275 250 274
255 275 255 274
264 275 265 274
269 275 269 274
273 275 273 274
278 275 278 274
283 275 283 275
287 275 288 274
292 275 292 274
296 275 297 274
301 275 302 273
306 275 307 274
310 275 311 274
315 275 315 274
320 275 320 274
324 275 325 273
329 275 329 273
333 275 334 274
338 275 338 274
343 275 343 274
347 275 348 274
352 275 352 274
356 275 358 273
361 275 362 273
366 275 367 273
370 275 371 273
380 275 379 274
384 275 385 273
389 275 390 273
393 275 393 273
222 280 223 280
227 280 228 279
232 280 232 279
236 280 237 279
241 280 241 279
246 280 246 279
250 280 250 278
255 280 255 278
259 280 260 278
264 280 269 279
269 280 274 278
278 280 277 279
283 280 282 279
287 280 288 279
292 280 292 279
296 280 297 278
301 280 302 278
306 280 306 278
315 280 315 279
324 280 325 278
329 280 329 278
333 280 334 279
338 280 339 278
343 280 343 278
347 280 347 278
352 280 352 278
356 280 357 278
361 280 362 277
366 280 366 277
370 280 372 277
375 280 375 278
380 280 379 278
384 280 384 278
222 284 222 283
227 284 228 284
232 284 232 284
236 284 236 284
241 284 241 284
246 284 246 284
250 284 251 283
255 284 256 282
259 284 260 282
264 284 263 282
269 284 273 283
278 284 278 284
283 284 282 284
287 284 287 284
292 284 292 284
296 284 296 284
301 284 301 283
324 284 325 283
329 284 329 283
333 284 334 283
338 284 338 283
343 284 344 282
347 284 347 283
352 284 352 283
356 284 357 282
361 284 362 282
366 284 367 282
370 284 372 282
375 284 376 282
227 289 226 288
232 289 231 288
236 289 237 288
241 289 241 288
250 289 251 288
255 289 256 287
259 289 261 288
264 289 264 288
269 289 269 288
273 289 274 288
278 289 279 289
283 289 283 288
287 289 287 288
292 289 292 288
296 289 296 288
301 289 301 288
306 289 306 288
324 289 325 288
329 289 329 288
333 289 334 288
338 289 338 288
347 289 347 288
352 289 352 287
356 289 357 287
361 289 362 286
366 289 367 286
370 289 371 286
241 293 242 293
250 293 251 293
255 293 256 292
259 293 261 293
273 293 275 293
278 293 279 293
283 293 283 293
287 293 287 293
292 293 292 293
296 293 297 293
301 293 301 293
310 293 305 292
315 293 311 292
320 293 318 292
324 293 324 292
329 293 328 293
333 293 333 293
338 293 338 292
343 293 342 292
347 293 347 293
352 293 352 292
356 293 357 292
366 293 366 292
232 298 231 297
236 298 237 298
246 298 247 298
255 298 256 298
259 298 260 297
264 298 264 297
273 298 274 297
278 298 279 297
283 298 283 297
287 298 288 297
292 298 293 297
301 298 301 297
315 298 315 297
324 298 324 296
329 298 328 297
333 298 332 297
343 298 342 297
347 298 346 297
356 298 357 297
241 303 242 303
246 303 246 302
250 303 251 302
255 303 255 302
259 303 260 302
264 303 264 302
269 303 268 302
278 303 279 302
283 303 284 301
287 303 288 302
292 303 293 302
296 303 300 302
320 303 320 301
324 303 324 301
329 303 329 301
333 303 333 301
338 303 338 302
343 303 342 301
352 303 352 301
356 303 357 301
246 307 247 307
250 307 251 307
255 307 256 306
259 307 260 307
264 307 265 307
269 307 269 307
273 307 274 306
278 307 279 306
283 307 283 306
287 307 288 306
292 307 293 306
296 307 298 306
301 307 302 306
306 307 307 306
310 307 312 306
315 307 316 306
320 307 321 306
324 307 324 305
329 307 329 306
333 307 334 306
338 307 339 306
347 307 346 307
356 307 356 306
283 312 283 311
287 312 288 311
292 312 293 311
296 312 297 311
301 312 302 311
306 312 307 311
310 312 311 311
315 312 316 311
320 312 320 311
324 312 326 311
329 312 330 310
333 312 334 310
338 312 339 310
343 312 343 310
347 312 346 311
320 317 321 315
324 317 325 315
329 317 330 315
333 317 334 315
338 317 339 315
