379 81 496 163
405 81 500 204
411 81 502 210
418 81 502 218
424 81 503 224
405 88 492 206
418 88 493 219
462 88 500 246
418 94 487 215
462 94 494 246
469 94 489 255
398 100 477 203
405 100 479 209
462 100 488 247
392 107 470 191
398 107 471 205
405 107 473 210
437 107 484 230
450 107 480 244
462 107 481 249
392 113 463 199
398 113 466 204
437 113 472 233
443 113 473 239
450 113 474 245
462 113 474 251
392 120 457 193
386 126 447 187
392 126 450 195
398 126 451 201
373 132 436 170
379 132 438 177
386 132 440 189
437 132 464 233
469 132 458 261
373 139 370 179
379 139 372 186
360 145 356 171
373 145 417 170
411 145 425 209
418 145 426 215
424 145 427 220
392 152 415 195
398 152 415 204
405 152 416 210
411 152 419 215
418 152 419 222
462 152 424 257
392 158 410 196
398 158 410 204
424 158 414 225
430 158 495 224
437 158 498 231
456 158 415 252
462 158 417 258
405 164 408 218
411 164 406 213
437 164 410 239
462 164 410 259
443 184 467 245
366 196 382 171
450 196 462 253
456 196 396 260
418 203 387 223
398 209 386 244
430 209 385 238
366 216 357 174
424 216 363 235
366 222 352 177
386 222 349 204
437 222 364 268
386 228 342 206
437 228 356 265
366 235 325 189
392 235 360 251
405 235 340 220
424 235 347 252
430 235 349 258
437 235 351 265
354 241 323 179
366 241 320 190
424 241 339 241
430 241 340 247
437 241 344 267
354 248 317 180
373 248 322 204
379 248 323 210
424 248 331 241
430 248 333 249
437 248 336 264
354 254 311 179
360 254 313 192
373 254 314 204
379 254 317 211
405 254 320 224
418 254 322 232
424 254 325 243
430 254 326 252
437 254 329 265
443 254 329 270
354 260 304 187
360 260 305 193
366 260 306 199
373 260 308 206
379 260 310 212
398 260 312 219
405 260 314 226
411 260 314 232
424 260 317 244
450 260 322 265
354 267 297 184
360 267 299 195
373 267 301 202
379 267 302 209
405 267 307 229
411 267 309 235
456 267 317 275
347 273 290 179
354 273 292 185
373 273 295 204
405 273 301 230
456 273 310 276
386 280 300 217
405 280 295 232
424 280 307 248
430 280 308 254
437 280 310 261
450 280 302 270
456 280 305 277
360 286 282 201
424 286 301 250
430 286 302 256
430 292 295 258
347 299 284 184
405 312 275 243
347 318 265 189
354 318 267 198
405 318 271 244
347 324 258 191
354 324 261 200
341 331 251 185
347 331 252 192
354 331 254 201
386 331 265 277
424 337 262 264
430 337 262 271
379 344 245 223
386 344 247 229
392 344 248 233
341 350 231 190
386 350 239 229
392 350 241 235
430 350 250 268
437 350 251 274
443 350 251 282
347 356 226 198
386 356 233 231
392 356 234 237
398 356 236 244
437 356 244 275
366 363 223 213
373 363 224 220
379 363 226 226
386 363 228 233
392 363 229 240
430 363 236 271
437 363 237 278
450 363 239 284
