396 77 488 136
396 84 483 136
460 84 496 188
390 90 479 130
396 90 477 139
480 90 499 212
377 97 458 133
390 97 466 137
415 103 406 186
377 110 444 138
390 110 454 142
415 110 401 188
473 116 380 244
467 122 367 242
486 122 460 234
377 129 424 146
390 129 433 150
422 129 447 185
448 129 450 209
486 129 455 236
390 135 425 153
415 135 437 181
422 135 439 188
435 135 439 196
448 135 444 212
377 142 415 150
390 142 417 156
396 142 421 164
409 142 425 176
448 142 439 218
377 148 408 151
403 148 417 173
409 148 419 179
480 148 440 236
403 155 412 175
409 155 413 181
428 155 419 197
435 155 422 204
448 155 491 188
473 155 427 227
428 161 414 199
435 161 417 206
441 161 419 213
448 161 421 220
473 161 428 232
435 167 409 210
441 167 411 216
448 167 414 223
441 174 405 220
435 180 396 215
441 180 399 221
435 187 391 218
428 200 380 215
435 200 382 221
409 206 366 196
428 206 373 217
435 206 375 222
441 206 378 229
428 213 367 220
435 213 369 226
403 219 343 204
415 219 352 208
428 219 359 223
435 219 362 229
454 219 360 238
428 225 353 225
435 225 355 232
428 232 347 228
435 232 349 234
460 232 355 248
467 232 358 254
403 238 332 211
448 238 352 242
370 245 316 182
383 245 321 191
435 245 341 238
448 245 346 246
377 251 313 187
383 251 315 194
390 251 318 202
396 251 320 208
403 251 323 213
415 251 326 221
422 251 329 228
428 251 332 234
435 251 335 241
448 251 340 249
454 251 342 254
370 258 307 186
377 258 309 194
403 258 318 215
415 258 321 224
422 258 323 230
428 258 326 237
435 258 328 243
448 258 333 252
454 258 335 258
460 258 336 263
473 258 340 272
480 258 343 278
390 264 312 204
422 264 318 232
428 264 320 238
473 264 335 275
480 264 338 281
370 271 297 191
377 271 302 198
396 271 309 212
435 271 322 247
460 271 331 267
377 277 294 201
422 277 308 238
428 277 311 243
441 277 316 251
448 277 320 258
454 277 322 263
460 277 325 270
467 277 327 277
396 283 299 215
403 283 303 224
422 283 304 239
428 283 306 245
441 283 310 253
448 283 316 264
460 283 318 273
390 290 290 213
396 290 293 219
403 290 297 227
415 290 300 234
448 290 307 263
454 290 312 272
467 290 314 282
390 296 283 215
396 296 285 221
454 296 303 272
460 296 305 278
480 296 310 292
370 303 272 204
377 303 275 211
390 303 277 218
377 309 269 213
390 309 270 221
441 309 291 266
454 309 294 275
460 309 296 281
370 316 258 209
377 316 263 216
390 316 265 223
435 316 287 262
448 316 287 272
454 316 290 277
460 316 291 282
364 322 254 203
377 322 256 218
390 322 258 225
409 322 270 238
435 322 282 263
454 322 282 281
460 322 285 287
473 322 286 295
364 328 246 207
370 328 250 214
403 328 258 234
409 328 262 241
415 328 265 248
428 328 271 261
435 328 275 266
441 328 278 271
460 328 279 290
364 335 241 210
370 335 244 216
377 335 246 224
415 335 258 250
422 335 262 257
428 335 265 264
435 335 268 269
441 335 271 275
454 335 274 285
364 341 236 211
370 341 239 219
377 341 241 226
415 341 253 253
422 341 256 260
428 341 259 266
435 341 262 271
441 341 265 278
448 341 268 284
460 341 270 293
473 341 273 300
364 348 229 213
370 348 232 222
441 348 259 280
448 348 261 288
460 348 264 296
377 354 234 228
390 354 239 235
403 354 242 248
415 354 244 258
422 354 247 264
428 354 250 269
441 354 251 284
448 354 255 291
473 354 265 304
390 361 229 237
396 361 233 245
403 361 235 253
409 361 238 258
422 361 242 265
428 361 244 272
435 361 246 279
460 361 254 299
473 361 259 306
