394 170 405 206
398 170 409 206
401 170 413 205
405 170 417 206
459 170 479 214
463 170 483 214
386 173 396 212
398 173 409 210
401 173 413 210
409 173 418 211
413 173 422 211
444 173 426 211
456 173 474 219
459 173 479 219
483 173 509 222
486 173 510 224
490 173 515 223
390 177 400 217
398 177 408 217
401 177 412 218
409 177 417 218
448 177 431 219
467 177 461 222
486 177 509 229
490 177 514 229
401 181 412 222
405 181 417 223
409 181 422 223
440 181 446 226
486 181 509 233
490 181 514 234
494 181 518 234
409 185 421 228
440 185 465 232
475 185 495 237
486 185 510 239
490 185 514 239
494 185 517 240
401 189 416 233
405 189 420 233
440 189 464 236
494 189 517 244
409 193 425 238
428 193 428 238
440 193 464 240
444 193 469 241
398 197 410 241
405 197 420 242
409 197 425 243
413 197 432 247
444 197 468 245
405 200 420 246
452 200 451 234
494 200 516 257
432 208 437 246
494 208 516 267
405 212 423 249
448 212 451 247
452 212 450 252
401 216 418 254
490 216 511 274
494 216 515 275
448 224 444 262
436 235 440 265
405 239 449 270
428 239 428 269
432 239 430 270
436 239 435 270
425 243 423 273
428 243 427 274
432 243 430 274
436 243 434 274
479 243 497 269
483 243 501 269
405 247 448 279
417 247 413 275
421 247 417 276
425 247 422 277
428 247 427 277
432 247 430 277
417 251 413 280
421 251 417 280
467 251 464 285
374 254 365 273
409 254 452 288
417 254 413 285
421 254 417 284
425 254 421 282
428 254 427 281
467 254 464 288
374 258 364 278
417 258 412 289
421 258 417 289
425 258 421 286
428 258 426 285
471 258 469 293
479 258 502 282
374 262 363 282
421 262 416 294
425 262 421 294
428 262 425 289
432 262 429 295
444 262 440 277
475 262 469 297
483 262 505 288
417 266 412 298
421 266 415 298
428 266 426 300
432 266 430 300
444 266 440 282
436 270 432 304
444 270 436 305
459 270 456 305
463 270 459 306
467 270 463 306
479 270 472 307
390 274 383 305
394 274 388 305
398 274 392 305
401 274 398 306
436 274 432 308
440 274 437 309
448 274 442 309
452 274 447 309
456 274 451 309
459 274 455 310
463 274 459 310
467 274 463 310
475 274 469 308
456 278 450 314
459 278 454 314
475 278 468 312
386 293 413 268
448 312 473 303
