415 288 378 134
388 292 335 133
392 292 338 133
419 292 366 134
383 297 331 138
388 297 334 137
392 297 338 138
392 301 338 141
397 301 341 141
415 301 357 141
433 301 374 142
442 301 385 142
446 301 390 142
388 306 334 145
392 306 338 145
415 306 357 145
428 306 370 145
433 306 390 154
442 306 385 146
451 306 394 146
388 310 333 149
415 310 358 149
424 310 365 149
428 310 369 150
437 310 379 150
451 310 394 151
361 315 323 151
366 315 326 152
419 315 365 155
433 315 374 154
446 315 389 158
374 319 326 158
397 319 341 157
415 319 362 159
419 319 365 159
424 319 368 159
451 319 395 161
361 324 318 165
374 324 325 162
392 324 338 162
397 324 341 162
401 324 345 162
415 324 361 163
437 324 379 162
361 328 317 168
374 328 325 165
392 328 338 167
397 328 341 166
401 328 344 166
406 328 349 166
410 328 352 165
415 328 357 165
419 328 360 165
424 328 364 166
428 328 369 166
433 328 373 166
442 328 382 166
374 333 325 169
379 333 328 169
388 333 334 170
397 333 341 170
401 333 344 170
406 333 348 170
410 333 353 169
415 333 357 169
419 333 361 170
424 333 364 169
428 333 369 170
433 333 373 170
437 333 378 171
442 333 382 171
397 337 342 173
401 337 345 174
406 337 348 174
415 337 357 173
419 337 361 174
424 337 365 173
428 337 369 174
433 337 373 175
442 337 382 176
374 342 325 181
392 342 338 178
397 342 342 178
406 342 349 178
410 342 352 177
415 342 357 178
419 342 361 178
374 346 325 184
379 346 328 181
388 346 334 182
397 346 341 182
410 346 352 182
415 346 357 182
419 346 360 182
424 346 364 183
428 346 369 183
437 346 377 184
374 351 325 188
388 351 334 186
397 351 341 186
401 351 345 186
415 351 356 185
419 351 360 186
428 351 369 187
433 351 373 187
388 355 334 190
392 355 337 190
401 355 344 190
410 355 358 189
415 355 352 189
428 355 369 191
455 355 400 195
374 360 325 196
392 360 337 194
401 360 344 194
410 360 349 194
415 360 361 194
428 360 369 194
455 360 404 208
392 364 337 198
401 364 344 198
406 364 347 198
410 364 352 198
415 364 356 198
419 364 361 198
428 364 369 198
455 364 403 211
460 364 412 211
361 369 316 204
406 369 348 202
410 369 352 201
415 369 356 201
419 369 361 201
424 369 366 202
455 369 400 208
370 373 324 206
392 373 340 206
406 373 348 205
410 373 351 205
415 373 356 205
419 373 360 206
361 377 317 208
366 377 320 209
392 377 340 209
406 377 348 208
410 377 351 209
415 377 356 209
455 377 400 215
460 377 404 215
464 377 415 219
366 382 320 212
374 382 324 214
401 382 344 212
406 382 348 212
410 382 351 212
460 382 403 219
464 382 412 222
366 386 320 216
379 386 332 217
383 386 336 216
424 386 364 222
446 386 387 219
460 386 403 223
383 391 338 220
460 391 402 228
361 395 315 228
455 395 396 231
361 404 316 236
464 404 406 239
379 409 324 237
383 409 328 237
388 409 331 236
406 409 343 236
419 409 356 242
451 409 391 242
374 413 320 241
379 413 323 241
383 413 327 241
397 413 335 240
401 413 339 240
455 413 394 247
464 413 406 248
374 418 319 244
424 418 358 245
428 418 363 245
424 422 358 249
428 422 363 249
433 422 366 249
451 422 386 254
455 422 392 254
419 427 354 253
424 427 358 253
451 427 387 257
455 427 393 258
374 431 320 256
415 431 350 256
419 431 354 256
424 431 358 257
428 431 362 258
446 431 382 262
451 431 387 262
410 436 346 260
415 436 350 260
433 436 367 262
392 440 330 264
410 440 347 265
433 440 367 265
383 445 324 268
388 445 326 268
392 445 331 269
406 445 344 269
415 445 359 269
