464 274 430 129
330 279 311 132
469 279 435 132
348 283 323 129
455 283 422 144
325 288 307 149
330 288 310 149
415 288 378 134
455 288 421 135
460 288 425 135
469 288 434 148
289 292 282 148
303 292 290 148
307 292 294 148
388 292 335 133
392 292 338 133
419 292 366 134
469 292 434 151
294 297 285 151
298 297 289 151
307 297 294 151
312 297 298 151
383 297 331 138
388 297 334 137
392 297 338 138
451 297 416 164
388 301 335 142
392 301 338 141
397 301 341 141
415 301 357 141
433 301 374 142
442 301 385 142
446 301 390 142
383 306 331 146
388 306 334 145
392 306 338 145
415 306 357 145
419 306 361 145
428 306 370 145
433 306 390 154
442 306 385 146
446 306 389 146
451 306 394 146
280 310 266 167
388 310 333 149
415 310 358 149
419 310 361 150
424 310 365 149
428 310 369 150
437 310 379 150
451 310 394 151
361 315 323 151
366 315 326 152
419 315 365 155
433 315 374 154
446 315 389 158
374 319 326 158
392 319 338 158
397 319 341 157
415 319 362 159
419 319 365 159
424 319 368 159
442 319 384 159
451 319 395 161
361 324 318 165
366 324 321 162
374 324 325 162
388 324 335 162
392 324 338 162
397 324 341 162
401 324 345 162
415 324 361 163
437 324 379 162
442 324 384 162
361 328 317 168
374 328 325 165
388 328 335 166
392 328 338 167
397 328 341 166
401 328 344 166
406 328 349 166
410 328 352 165
415 328 357 165
419 328 360 165
424 328 364 166
428 328 369 166
433 328 373 166
437 328 378 166
442 328 382 166
446 328 388 167
374 333 325 169
379 333 328 169
388 333 334 170
392 333 338 170
397 333 341 170
401 333 344 170
406 333 348 170
410 333 353 169
415 333 357 169
419 333 361 170
424 333 364 169
428 333 369 170
433 333 373 170
437 333 378 171
442 333 382 171
446 333 388 172
451 333 394 172
366 337 318 177
388 337 334 174
397 337 342 173
401 337 345 174
406 337 348 174
410 337 352 173
415 337 357 173
419 337 361 174
424 337 365 173
428 337 369 174
433 337 373 175
437 337 378 175
442 337 382 176
446 337 388 176
366 342 318 181
370 342 321 181
374 342 325 181
388 342 334 178
392 342 338 178
397 342 342 178
401 342 345 178
406 342 349 178
410 342 352 177
415 342 357 178
419 342 361 178
428 342 369 179
433 342 374 179
437 342 378 179
442 342 382 179
446 342 389 182
370 346 321 185
374 346 325 184
379 346 328 181
388 346 334 182
392 346 338 182
397 346 341 182
401 346 345 181
410 346 352 182
415 346 357 182
419 346 360 182
424 346 364 183
428 346 369 183
433 346 373 183
437 346 377 184
442 346 381 183
451 346 394 186
361 351 317 188
370 351 321 188
374 351 325 188
379 351 328 186
388 351 334 186
392 351 337 186
397 351 341 186
401 351 345 186
415 351 356 185
419 351 360 186
424 351 365 187
428 351 369 187
433 351 373 187
437 351 377 188
442 351 384 187
446 351 389 188
451 351 394 190
361 355 317 192
370 355 321 192
374 355 325 192
388 355 334 190
392 355 337 190
397 355 341 190
401 355 344 190
410 355 358 189
415 355 352 189
424 355 365 190
428 355 369 191
433 355 373 191
437 355 377 191
442 355 384 191
446 355 388 194
451 355 395 194
455 355 400 195
361 360 317 196
370 360 321 195
374 360 325 196
379 360 327 195
392 360 337 194
397 360 340 194
401 360 344 194
410 360 349 194
415 360 361 194
428 360 369 194
433 360 373 195
437 360 377 196
442 360 383 197
446 360 388 198
451 360 394 198
455 360 404 208
357 364 313 200
361 364 316 200
366 364 320 200
374 364 324 199
379 364 328 199
388 364 334 198
392 364 337 198
397 364 340 198
401 364 344 198
406 364 347 198
410 364 352 198
415 364 356 198
419 364 361 198
428 364 369 198
433 364 373 199
446 364 388 201
451 364 394 202
455 364 403 211
460 364 412 211
361 369 316 204
379 369 327 203
383 369 331 202
388 369 335 202
397 369 341 202
401 369 344 202
406 369 348 202
410 369 352 201
415 369 356 201
419 369 361 201
424 369 366 202
442 369 383 205
446 369 387 205
455 369 400 208
366 373 320 205
370 373 324 206
383 373 331 206
388 373 336 206
392 373 340 206
401 373 345 204
406 373 348 205
410 373 351 205
415 373 356 205
419 373 360 206
437 373 380 207
446 373 387 210
451 373 392 211
361 377 317 208
366 377 320 209
374 377 324 210
379 377 327 210
388 377 336 210
392 377 340 209
401 377 345 208
406 377 348 208
410 377 351 209
415 377 356 209
446 377 388 214
451 377 392 215
455 377 400 215
460 377 404 215
464 377 415 219
366 382 320 212
374 382 324 214
379 382 332 213
392 382 336 213
397 382 340 213
401 382 344 212
406 382 348 212
410 382 351 212
451 382 392 218
455 382 399 219
460 382 403 219
464 382 412 222
325 386 300 228
330 386 301 231
366 386 320 216
379 386 332 217
383 386 336 216
424 386 364 222
446 386 387 219
455 386 399 222
460 386 403 223
321 391 296 231
383 391 338 220
451 391 391 225
455 391 398 226
460 391 402 228
312 395 292 236
361 395 315 228
437 395 376 221
451 395 392 231
455 395 396 231
321 400 295 235
352 400 308 232
437 400 375 231
451 400 392 234
455 400 396 235
460 400 400 236
325 404 296 239
361 404 316 236
424 404 358 237
455 404 395 239
460 404 399 240
464 404 406 239
312 409 292 246
316 409 295 247
379 409 324 237
383 409 328 237
388 409 331 236
397 409 336 236
401 409 340 236
406 409 343 236
419 409 356 242
424 409 358 241
451 409 391 242
455 409 394 243
460 409 399 244
464 409 406 244
374 413 320 241
379 413 323 241
383 413 327 241
397 413 335 240
401 413 339 240
406 413 343 240
419 413 355 245
433 413 368 242
451 413 390 246
455 413 394 247
460 413 398 248
464 413 406 248
361 418 312 244
366 418 315 244
374 418 319 244
424 418 358 245
428 418 363 245
433 418 367 246
451 418 386 250
464 418 403 254
361 422 311 248
366 422 314 249
424 422 358 249
428 422 363 249
433 422 366 249
451 422 386 254
455 422 392 254
460 422 398 255
361 427 311 252
366 427 314 253
374 427 319 252
397 427 334 250
419 427 354 253
424 427 358 253
428 427 362 253
433 427 366 254
451 427 387 257
455 427 393 258
374 431 320 256
406 431 343 256
410 431 346 256
415 431 350 256
419 431 354 256
424 431 358 257
428 431 362 258
446 431 382 262
451 431 387 262
460 431 426 263
410 436 346 260
415 436 350 260
433 436 367 262
383 440 322 264
392 440 330 264
410 440 347 265
433 440 367 265
383 445 324 268
388 445 326 268
392 445 331 269
406 445 344 269
415 445 359 269
