339 274 312 120
410 279 363 118
460 279 426 124
464 279 430 124
469 279 434 125
303 288 288 140
312 288 295 140
325 288 304 141
357 288 319 125
361 288 323 125
419 288 371 125
460 288 426 128
289 292 279 143
303 292 288 143
307 292 291 142
312 292 295 143
325 292 303 144
357 292 318 128
361 292 323 128
437 292 362 126
464 292 429 132
469 292 433 137
289 297 279 147
294 297 283 146
298 297 288 146
303 297 292 146
307 297 295 146
325 297 303 149
406 297 358 138
446 297 401 151
464 301 429 144
321 306 304 152
442 306 373 142
451 306 401 155
455 306 405 156
460 306 425 148
464 306 429 148
460 310 409 159
401 315 353 151
424 315 351 145
464 315 428 152
437 319 369 150
451 319 385 154
383 324 322 156
388 324 326 156
392 324 330 156
433 324 372 162
446 324 380 158
451 324 385 158
361 328 311 160
383 328 321 160
388 328 326 160
392 328 329 160
401 328 335 160
406 328 339 160
410 328 342 160
415 328 346 160
424 328 354 159
442 328 376 162
446 328 380 162
451 328 385 162
370 333 314 164
383 333 322 164
388 333 326 164
392 333 329 164
397 333 332 164
410 333 342 164
424 333 354 164
428 333 358 164
433 333 364 166
437 333 369 165
442 333 376 166
446 333 380 166
451 333 385 167
374 337 318 169
383 337 323 169
388 337 325 168
392 337 328 168
397 337 332 167
401 337 336 167
410 337 342 168
415 337 346 168
419 337 350 168
424 337 354 168
428 337 359 170
433 337 364 169
437 337 367 169
442 337 373 169
446 337 380 170
374 342 318 172
383 342 323 173
388 342 326 173
392 342 329 173
397 342 332 172
401 342 336 172
410 342 342 171
415 342 345 172
419 342 349 172
424 342 354 172
428 342 359 174
433 342 364 173
437 342 368 173
442 342 371 173
446 342 380 175
379 346 323 177
388 346 327 177
392 346 329 176
397 346 332 176
401 346 336 176
410 346 342 176
415 346 345 176
419 346 349 176
424 346 353 176
433 346 364 177
437 346 368 177
442 346 372 177
446 346 380 179
451 346 385 179
383 351 322 181
388 351 326 180
392 351 329 180
397 351 332 180
406 351 337 180
410 351 341 180
415 351 345 179
419 351 349 180
424 351 353 180
428 351 359 182
437 351 368 182
442 351 372 181
446 351 380 182
451 351 385 183
455 351 397 194
388 355 326 185
392 355 329 184
397 355 332 184
401 355 336 185
419 355 348 184
424 355 353 184
428 355 360 185
433 355 364 186
437 355 368 186
442 355 372 186
446 355 380 186
451 355 392 197
455 355 397 198
388 360 325 188
392 360 328 188
397 360 332 188
406 360 337 188
410 360 342 189
415 360 346 189
424 360 352 189
433 360 363 190
437 360 368 190
442 360 372 190
451 360 391 201
455 360 396 202
370 364 318 186
388 364 325 192
392 364 328 193
397 364 332 193
406 364 338 193
410 364 342 193
415 364 345 193
419 364 349 193
428 364 360 193
433 364 363 194
437 364 368 194
442 364 372 194
446 364 377 195
455 364 395 206
460 364 403 206
370 369 317 191
388 369 325 196
392 369 327 197
397 369 331 196
401 369 335 197
410 369 341 197
415 369 345 196
419 369 348 196
424 369 352 195
433 369 364 198
437 369 368 198
446 369 377 198
451 369 384 200
388 373 324 200
392 373 328 200
397 373 331 200
401 373 335 199
410 373 341 200
415 373 345 199
419 373 348 200
424 373 351 199
433 373 363 201
437 373 368 202
442 373 372 202
446 373 378 204
451 373 384 204
455 373 391 205
374 377 318 200
388 377 324 204
392 377 328 203
397 377 331 203
401 377 335 204
410 377 340 204
415 377 344 204
419 377 348 203
433 377 363 205
437 377 368 205
442 377 372 206
455 377 391 209
374 382 317 212
392 382 328 207
397 382 331 207
406 382 336 207
410 382 340 208
424 382 351 204
433 382 363 210
446 382 378 210
455 382 391 214
460 382 396 214
464 382 403 214
325 386 301 223
361 386 309 214
397 386 329 212
401 386 332 211
406 386 336 211
446 386 378 214
451 386 383 217
455 386 391 218
469 386 430 224
316 391 292 225
321 391 297 226
361 391 309 218
383 391 333 215
451 391 383 221
455 391 390 222
460 391 395 223
464 391 402 223
366 395 315 231
428 395 360 216
437 395 363 216
442 395 415 243
455 395 386 225
428 400 359 219
455 400 386 228
464 400 398 230
469 400 403 229
424 404 355 224
428 404 359 224
433 404 359 228
460 404 390 233
464 404 398 234
357 409 311 243
392 409 323 231
433 409 359 232
455 409 383 237
464 409 397 238
352 413 308 246
374 413 312 235
379 413 316 235
392 413 323 234
406 413 332 234
410 413 335 234
451 413 378 240
455 413 382 241
469 413 399 242
374 418 312 239
379 418 316 239
388 418 320 237
406 418 332 238
410 418 335 238
415 418 340 239
424 418 347 240
433 418 355 240
455 418 382 245
460 418 389 245
469 418 430 247
383 422 316 242
388 422 319 242
392 422 323 243
410 422 336 243
415 422 340 243
424 422 351 243
451 422 422 242
455 422 382 249
460 422 387 249
464 422 394 250
383 427 315 246
388 427 319 246
428 427 351 247
433 427 355 248
455 427 382 253
464 427 428 251
388 431 319 250
392 431 323 251
415 431 340 250
433 431 413 257
437 431 416 254
383 436 315 254
388 436 319 254
392 436 324 254
401 436 331 254
406 436 335 254
415 436 339 255
419 436 343 259
428 436 351 256
392 440 319 258
397 440 328 259
401 440 331 260
419 440 343 264
433 440 358 260
