556 2 552 1
550 15 547 9
556 15 553 9
550 21 546 16
556 21 553 15
544 27 540 21
550 27 545 21
556 27 552 21
538 33 533 27
544 33 539 27
550 33 546 27
556 33 551 27
562 33 558 28
532 39 527 34
538 39 532 34
544 39 540 33
550 39 546 31
556 39 551 32
569 39 564 34
538 46 532 40
544 46 539 40
550 46 545 44
556 46 550 44
562 46 557 41
562 52 557 50
550 58 547 52
556 58 552 53
544 64 534 63
550 64 533 50
575 64 564 51
581 70 576 64
587 77 581 69
488 83 484 81
494 83 489 81
513 83 515 75
581 83 576 82
494 89 495 82
538 89 530 84
581 89 575 88
587 89 582 88
593 89 593 90
470 95 465 93
476 95 471 93
494 95 495 88
544 95 539 88
562 95 556 89
587 95 582 93
451 101 451 95
464 101 452 101
470 101 463 100
476 101 471 99
513 101 496 107
593 101 589 101
470 107 459 107
476 107 464 108
482 107 469 108
525 107 527 100
544 107 525 87
581 107 586 120
433 114 433 107
439 114 440 106
476 114 464 113
482 114 470 113
488 114 477 112
525 114 506 127
569 114 576 124
600 114 595 113
389 120 391 113
420 120 413 119
470 120 489 106
482 120 470 119
488 120 476 120
494 120 483 120
525 120 507 132
600 120 600 126
433 126 421 123
476 126 494 112
389 132 395 124
408 138 415 125
606 138 600 138
612 138 606 137
618 138 612 133
377 144 377 142
408 144 415 132
476 144 469 138
600 144 600 144
612 144 605 145
618 144 613 140
408 151 402 149
420 151 426 142
427 151 433 141
476 151 469 144
593 151 592 147
612 151 607 151
624 151 624 152
389 157 388 150
396 157 395 149
408 157 409 150
420 157 426 149
433 157 446 143
470 157 465 150
476 157 469 150
501 157 490 155
587 157 587 155
612 157 611 157
618 157 618 158
624 157 625 157
630 157 631 156
352 163 353 161
359 163 357 157
383 163 383 161
389 163 389 161
396 163 394 156
402 163 402 155
494 163 483 162
606 163 608 163
618 163 619 162
624 163 625 162
630 163 631 162
352 169 353 169
377 169 369 167
383 169 382 168
389 169 389 167
396 169 397 168
420 169 427 156
427 169 419 174
433 169 444 156
581 169 581 169
606 169 605 168
612 169 612 169
618 169 618 168
389 175 390 175
402 175 400 165
457 175 452 182
581 175 583 174
587 175 600 164
618 175 613 175
359 182 360 175
365 182 369 173
464 182 460 192
476 182 475 188
482 182 469 180
575 182 589 171
581 182 594 169
587 182 599 169
359 188 358 181
365 188 365 184
457 188 444 193
464 188 449 191
525 188 514 193
575 188 588 176
581 188 592 177
371 194 372 187
457 194 443 199
575 194 580 187
581 194 587 188
365 200 364 193
371 200 372 193
377 200 378 192
383 200 384 192
569 200 575 193
365 206 364 198
371 206 371 199
383 206 382 204
414 206 413 198
538 206 556 195
365 212 363 204
389 212 389 206
396 212 400 205
408 212 409 205
414 212 414 205
451 212 444 216
507 212 506 207
377 219 377 213
383 219 383 215
389 219 395 210
402 219 403 210
408 219 408 211
507 219 506 213
389 225 388 219
396 225 397 218
402 225 402 217
389 231 388 223
396 231 395 222
408 231 402 229
420 231 413 224
389 237 387 228
414 237 407 229
457 237 462 230
396 243 394 235
414 243 407 237
439 243 439 237
451 243 455 237
464 243 468 236
408 250 406 243
427 250 426 243
433 250 432 244
439 250 444 244
451 250 451 243
457 250 458 244
402 256 400 249
408 256 405 249
427 256 426 250
439 256 439 250
445 256 445 250
