414 191 414 82
419 191 421 84
414 200 418 98
471 204 474 120
475 204 482 120
479 204 489 122
514 204 510 130
406 213 396 114
419 230 430 114
436 230 457 130
423 234 430 120
427 234 437 121
518 234 496 160
432 238 450 138
436 238 457 139
518 238 496 167
423 243 428 142
458 243 460 155
462 243 467 156
427 256 417 176
432 256 421 177
423 260 413 185
440 260 442 188
492 260 410 271
423 264 413 192
427 264 420 195
471 264 473 178
475 264 406 240
414 269 404 191
436 269 366 317
423 273 411 256
427 273 419 259
432 273 427 259
453 273 394 270
358 277 334 232
432 277 426 266
453 277 392 278
449 282 384 284
453 282 391 285
458 282 399 286
449 286 383 291
453 286 390 292
384 290 378 179
375 295 368 186
384 295 376 186
393 295 385 187
371 299 349 322
397 303 318 331
401 312 324 347
397 316 317 349
410 316 333 350
414 316 339 351
401 321 323 356
414 321 338 357
419 321 345 357
410 325 330 362
419 325 345 365
440 325 418 310
423 329 345 373
432 329 410 322
406 334 315 369
410 334 322 372
419 334 337 379
423 334 344 381
