448 100 451 86
426 105 434 92
475 111 481 95
480 111 486 94
404 116 413 109
426 116 425 116
431 116 446 104
513 116 509 99
426 121 442 110
431 121 447 109
437 121 451 108
442 121 457 107
475 121 488 107
486 121 482 111
513 121 509 106
486 127 483 118
513 127 511 118
523 127 522 116
480 132 480 124
486 132 487 125
496 132 493 125
502 132 499 127
513 132 515 127
523 132 523 123
529 132 529 122
420 138 443 138
426 138 432 142
480 138 481 131
486 138 487 129
491 138 493 129
502 138 500 133
507 138 511 134
513 138 516 133
529 138 530 129
420 143 443 144
491 143 494 135
507 143 511 139
518 143 517 138
410 148 431 150
475 148 477 147
458 154 456 165
480 154 483 157
502 154 495 159
448 165 451 178
486 165 496 168
458 170 469 186
464 170 475 183
469 170 485 181
507 170 501 169
458 176 469 192
491 186 502 181
420 192 429 195
372 273 407 226
372 279 408 233
426 279 476 222
431 279 482 221
437 279 488 221
442 279 493 220
448 284 499 221
415 295 471 233
437 295 488 232
442 295 494 232
491 295 528 225
496 295 534 224
410 300 466 240
415 300 470 239
420 300 476 239
426 300 481 239
437 300 489 238
448 300 501 238
453 300 507 237
458 300 516 236
442 306 490 261
448 306 495 261
453 306 512 239
464 306 523 241
469 306 529 241
502 306 540 236
431 311 473 273
437 311 480 273
448 311 496 267
464 311 523 248
431 316 474 279
437 316 480 279
507 327 555 290
426 333 471 330
