498 78 564 156
498 95 556 177
418 129 397 167
527 129 563 162
481 135 451 174
389 152 390 166
527 158 539 195
544 158 552 198
510 164 512 200
515 164 521 197
521 164 526 199
527 164 533 201
532 164 542 203
544 164 550 204
515 169 518 204
527 169 532 207
498 175 503 207
372 181 404 170
378 181 411 172
384 181 419 173
498 181 501 212
361 187 391 172
367 187 396 174
372 187 402 176
378 187 411 177
384 187 418 180
492 187 510 208
344 192 364 174
361 192 389 178
367 192 395 180
492 192 508 216
349 198 379 178
389 198 441 179
401 198 446 187
412 198 462 188
355 204 383 186
378 204 426 184
384 204 431 186
395 204 439 190
407 204 453 193
412 204 461 193
435 204 434 224
326 209 337 187
378 209 424 189
384 209 429 191
395 209 439 195
401 209 446 197
418 209 472 198
361 215 391 196
378 215 421 196
384 215 427 198
389 215 432 200
401 215 451 199
407 215 457 200
412 215 466 202
395 221 443 203
401 221 450 204
407 221 457 206
418 221 473 205
424 221 479 207
338 227 327 224
344 227 365 205
378 227 420 205
384 227 427 207
389 227 435 208
395 227 443 209
401 227 448 210
412 227 464 212
418 227 471 212
424 227 477 213
378 232 424 212
418 232 468 219
367 238 407 216
384 238 431 217
389 238 437 218
401 238 381 255
412 238 420 244
424 238 391 267
441 238 407 271
447 238 411 273
372 244 415 220
378 244 423 222
384 244 430 223
395 244 408 241
401 244 414 243
412 244 373 276
424 244 390 274
429 244 396 276
441 244 405 278
447 244 411 281
355 249 399 221
384 249 426 230
395 249 406 249
401 249 373 270
424 249 388 282
429 249 394 283
441 249 403 286
447 249 408 289
361 255 403 232
378 255 416 235
395 255 403 256
412 255 379 284
424 255 387 288
429 255 393 291
435 255 448 260
441 255 455 262
349 261 387 233
361 261 402 237
412 261 378 292
418 261 384 296
315 267 344 228
338 267 377 239
349 267 386 241
418 267 382 302
315 272 340 234
326 272 362 241
332 272 367 242
338 272 373 244
344 272 380 245
349 272 387 248
321 278 345 236
332 278 365 249
338 284 372 254
332 290 334 278
321 295 327 277
332 295 332 285
338 295 339 287
344 295 346 286
309 301 318 305
321 301 323 284
332 301 330 293
344 301 345 293
401 301 314 244
424 301 341 314
321 307 322 290
338 307 338 297
344 307 344 299
309 312 317 314
321 312 319 297
326 312 327 300
344 312 349 309
349 312 356 309
315 318 322 322
