469 72 407 74
475 72 411 72
487 72 425 63
464 78 403 81
469 78 410 78
498 78 460 85
464 84 406 86
498 84 441 62
487 89 433 81
475 95 423 105
492 95 438 86
469 101 420 113
475 101 425 111
469 106 423 119
429 112 386 113
441 112 380 143
447 112 387 140
458 112 394 143
487 112 445 116
515 112 482 111
424 118 379 126
464 118 421 130
469 118 426 128
504 118 482 127
424 124 380 131
464 124 423 137
469 124 429 134
475 124 438 133
498 124 475 132
504 124 485 134
521 124 491 132
418 129 373 145
504 129 488 139
418 135 376 151
469 135 439 149
492 135 462 152
498 135 468 150
510 135 476 147
401 141 362 157
492 141 466 159
504 141 474 155
510 141 479 153
412 147 372 161
418 147 379 157
469 147 438 162
492 147 462 162
389 152 367 150
447 152 410 158
458 152 431 169
469 152 440 169
401 158 371 171
407 158 378 174
412 158 375 167
464 158 437 177
469 158 443 175
401 164 376 182
407 164 382 181
441 164 394 156
464 164 439 183
469 164 446 180
475 164 452 182
538 164 502 150
544 164 514 144
395 169 371 187
401 169 379 189
407 169 384 187
418 169 392 182
424 169 396 180
441 169 418 186
464 169 442 189
469 169 448 186
401 175 382 196
407 175 387 194
435 175 411 189
441 175 421 191
464 175 445 195
469 175 450 192
527 175 482 177
372 181 356 194
378 181 361 199
401 181 384 203
407 181 390 200
418 181 399 196
441 181 424 197
458 181 441 204
487 181 477 177
521 181 480 184
527 181 487 181
355 187 338 203
367 187 349 206
372 187 358 206
378 187 363 206
401 187 387 208
412 187 398 205
418 187 403 202
349 192 359 168
355 192 341 208
372 192 361 212
378 192 365 212
384 192 371 211
407 192 394 214
412 192 400 211
418 192 405 208
338 198 327 215
355 198 345 216
378 198 368 218
395 198 386 218
401 198 392 220
412 198 402 217
418 198 409 215
441 198 431 212
338 204 329 221
349 204 338 218
355 204 348 222
367 204 363 222
378 204 372 226
384 204 377 222
395 204 389 224
407 204 399 224
412 204 405 223
418 204 411 222
424 204 418 219
326 209 320 229
332 209 326 225
344 209 337 226
349 209 341 224
355 209 351 228
361 209 356 226
372 209 368 227
378 209 375 230
384 209 382 227
395 209 391 229
412 209 408 228
418 209 414 226
424 209 420 224
326 215 323 233
332 215 329 230
338 215 337 235
349 215 345 230
355 215 353 235
361 215 361 236
372 215 372 233
384 215 385 232
395 215 394 235
401 215 400 235
332 221 332 237
338 221 339 240
349 221 348 236
355 221 356 240
372 221 375 239
378 221 381 238
389 221 389 240
401 221 402 240
412 221 412 237
332 227 335 245
349 227 352 243
372 227 378 246
378 227 383 244
389 227 392 246
395 227 399 244
412 227 413 243
481 227 477 195
332 232 338 250
349 232 355 250
355 232 363 253
361 232 369 251
372 232 380 252
378 232 386 250
395 232 401 249
401 232 408 245
469 232 463 210
321 238 332 254
349 238 357 257
355 238 365 259
372 238 382 258
378 238 388 256
384 238 394 254
469 238 466 216
475 238 472 212
315 244 328 263
321 244 334 260
349 244 360 264
355 244 368 265
378 244 390 261
458 244 432 249
469 244 469 221
475 244 474 218
481 244 480 216
315 249 331 268
326 249 340 265
332 249 344 263
367 249 381 268
372 249 386 266
464 249 437 256
469 249 470 228
475 249 476 224
332 255 347 269
355 255 373 273
464 255 466 249
469 255 470 246
309 261 331 279
315 261 336 277
326 261 346 278
309 267 333 284
315 267 343 287
326 267 349 284
349 267 376 279
326 272 354 290
332 272 360 288
298 278 328 295
332 278 362 293
384 278 406 270
412 278 423 261
298 284 330 300
309 284 341 297
412 284 427 268
298 290 334 306
309 290 342 303
384 290 409 279
395 290 446 244
304 295 345 310
384 295 411 284
395 295 420 281
401 295 425 279
304 301 347 315
384 301 440 260
389 301 445 257
395 301 422 285
401 301 426 283
407 301 431 280
424 301 447 272
395 307 452 258
412 307 440 278
395 312 424 296
401 312 431 291
407 312 437 288
412 312 442 284
349 318 384 306
