451 28 448 36
467 60 468 92
489 66 496 94
473 71 474 106
489 71 493 96
483 77 488 109
478 82 482 117
478 88 481 124
288 98 291 177
500 98 500 107
288 104 292 183
293 104 297 182
358 104 345 187
364 104 371 191
380 104 386 187
386 104 392 185
288 109 293 188
293 109 298 189
299 109 304 187
358 109 347 193
364 109 371 197
375 109 381 195
380 109 387 194
386 109 393 191
288 115 293 194
293 115 299 195
353 115 341 196
364 115 373 202
375 115 382 201
380 115 387 201
386 115 393 199
396 115 400 197
304 120 308 199
309 120 315 199
369 120 377 208
375 120 383 207
380 120 387 207
386 120 393 206
402 120 408 203
467 120 474 191
304 126 309 206
309 126 316 205
358 126 369 215
369 126 378 214
375 126 382 213
380 126 388 213
473 126 480 192
293 131 297 209
309 131 311 213
337 131 343 213
391 131 398 213
396 131 404 212
462 131 469 200
467 131 474 199
282 137 290 210
293 137 297 216
309 137 312 219
369 137 379 222
375 137 384 221
391 137 399 217
396 137 404 216
445 137 447 197
451 137 454 197
462 137 468 205
375 142 384 227
380 142 393 227
445 142 448 203
473 142 477 211
299 147 305 221
413 147 417 222
277 153 286 223
299 153 307 226
304 153 312 227
320 153 324 223
326 153 331 222
331 153 337 221
337 153 343 220
347 153 352 220
386 153 394 233
391 153 399 232
293 158 301 228
304 158 312 233
320 158 325 229
326 158 331 228
331 158 337 227
337 158 344 226
347 158 354 225
353 158 359 225
418 158 420 235
293 164 301 234
304 164 314 239
315 164 322 239
326 164 332 236
331 164 339 235
358 164 374 236
418 164 421 241
299 169 309 239
331 169 341 241
337 169 346 241
342 169 352 239
358 169 376 243
364 169 380 242
391 169 401 246
440 169 437 213
293 175 302 241
326 175 328 244
337 175 347 246
342 175 353 245
353 180 362 243
473 180 478 218
375 186 382 249
396 186 404 251
402 186 410 251
424 186 431 253
429 186 435 246
424 191 432 259
429 191 436 258
315 196 323 250
364 196 369 256
375 196 375 249
386 196 389 253
391 196 396 254
445 196 454 230
451 196 460 228
369 202 378 261
375 202 384 260
386 202 391 260
391 202 399 260
418 202 428 267
424 202 432 267
445 202 454 236
451 202 461 235
456 202 467 234
315 207 324 259
353 207 359 265
358 207 366 265
364 207 370 264
386 207 394 266
396 207 405 269
462 207 474 240
309 213 318 266
315 213 324 265
364 213 373 270
375 213 381 269
386 213 395 272
391 213 400 273
440 213 450 250
445 213 456 243
326 218 334 270
375 218 380 275
380 218 388 275
386 218 396 279
391 218 402 278
396 218 407 278
402 218 419 275
451 218 464 256
326 224 334 276
375 224 382 281
380 224 389 281
396 224 408 284
337 229 347 281
364 229 374 283
380 229 389 288
386 229 396 287
429 229 445 263
435 229 451 261
424 234 440 269
435 234 452 268
