312 172 329 223
306 179 321 234
319 179 333 230
325 179 339 228
306 185 321 242
312 185 327 240
325 185 341 236
331 185 347 233
388 185 393 218
433 185 449 207
484 185 493 192
497 185 501 190
509 185 514 188
547 185 547 179
560 185 559 176
299 192 314 249
306 192 321 249
312 192 328 246
319 192 335 244
325 192 342 241
439 192 455 212
478 192 462 206
503 192 508 195
509 192 516 194
547 192 548 185
554 192 554 183
560 192 560 182
573 192 568 179
299 198 315 257
306 198 321 254
312 198 329 252
331 198 349 248
478 198 463 213
497 198 503 205
554 198 549 191
560 198 562 188
573 198 568 185
299 204 316 263
306 204 323 260
312 204 330 258
567 204 563 193
293 211 311 270
299 211 317 268
306 211 324 266
319 211 337 257
516 211 517 210
547 211 546 211
299 217 319 275
306 217 326 272
319 217 339 265
325 217 346 262
433 217 443 230
554 217 533 215
560 217 539 213
319 223 341 276
560 223 539 220
484 230 488 234
490 236 494 237
497 236 501 235
471 242 475 247
484 242 489 245
490 242 496 244
