1 0 0 -0.01792658120393753 
0 1 0 0.02243540808558464 
0 0 1 -0.3816788792610168 
0 0 0 1 

0.9953089356422424 0.05611313506960869 -0.07881231606006622 0.01522690709680319 
-0.05761431157588959 0.9981958270072937 -0.0169026255607605 0.02558516710996628 
0.07772165536880493 0.02136407047510147 0.9967461824417114 -0.3787890374660492 
0 0 0 1 

0.97203528881073 0.07267773896455765 -0.2233052253723145 0.07413846254348755 
-0.0783560574054718 0.9967861771583557 -0.0166618749499321 0.02637719176709652 
0.2213765978813171 0.03369325399398804 0.9746061563491821 -0.369233250617981 
0 0 0 1 

0.9384106993675232 0.05917822197079659 -0.34041628241539 0.1219655200839043 
-0.05739661306142807 0.9982340335845947 0.01531102135777473 0.01469571329653263 
0.3407211899757385 0.005170725286006927 0.9401501417160034 -0.3559874892234802 
0 0 0 1 

0.9122121334075928 0.07198557257652283 -0.4033445715904236 0.1488364040851593 
-0.05892480909824371 0.9972603917121887 0.04471713677048683 0.007116922177374363 
0.4054585695266724 -0.01702447794377804 0.9139547348022461 -0.3443250358104706 
0 0 0 1 

0.8117604851722717 0.521451473236084 -0.2629320621490479 0.08102398365736008 
-0.006912720389664173 0.4587818384170532 0.8885219693183899 -0.2428456246852875 
0.5839495062828064 -0.7194494009017944 0.3760257065296173 -0.08675163984298706 
0 0 0 1 

0.7809798717498779 0.6101869940757751 0.1332000643014908 -0.03086499124765396 
-0.3649771809577942 0.2728219628334045 0.8901458978652954 -0.2466051429510117 
0.5068156123161316 -0.7438009977340698 0.4357728362083435 -0.110620804131031 
0 0 0 1 

0.7621778845787048 0.6436695456504822 0.06909561902284622 -0.008486253209412098 
-0.4291407465934753 0.4224507212638855 0.7983567118644714 -0.2067727893590927 
0.4846885204315186 -0.6381415128707886 0.5982075333595276 -0.1541516184806824 
0 0 0 1 

0.7437827587127686 0.6680944561958313 0.02090471610426903 0.007785405963659286 
-0.4982834160327911 0.5333452224731445 0.6835615038871765 -0.1631865501403809 
0.4455342888832092 -0.5188376903533936 0.7295933961868286 -0.1845260858535767 
0 0 0 1 

0.7424592971801758 0.6696932315826416 0.01628171652555466 0.009707171469926834 
-0.5180205106735229 0.5585566759109497 0.6478186249732971 -0.1497848629951477 
0.42474564909935 -0.4894134104251862 0.7616204619407654 -0.1914249956607819 
0 0 0 1 

