399 179 403 192
410 185 413 191
421 185 425 187
399 191 409 191
410 191 413 197
478 191 497 166
371 196 374 203
388 196 391 202
427 196 427 199
472 196 490 172
483 196 499 179
371 202 373 209
388 202 391 208
393 202 396 206
399 202 403 203
405 202 403 208
421 202 420 208
438 202 438 204
360 208 355 219
399 208 397 214
405 208 404 213
410 208 409 213
416 208 414 213
438 208 438 209
354 213 350 223
365 213 367 225
382 213 379 219
388 213 386 219
393 213 391 220
399 213 397 219
405 213 402 219
410 213 407 219
416 213 413 218
421 213 419 219
354 219 350 229
377 219 372 231
382 219 379 224
388 219 385 225
393 219 390 227
399 219 395 226
405 219 400 225
410 219 406 225
416 219 414 225
377 224 373 238
382 224 377 230
388 224 382 232
393 224 388 232
399 224 394 232
405 224 399 232
410 224 405 231
416 224 413 231
365 230 361 242
377 230 374 244
382 230 379 244
388 230 382 242
393 230 388 238
399 230 395 237
405 230 400 237
410 230 405 237
416 230 412 237
365 236 360 246
388 236 377 248
393 236 388 242
405 236 396 243
410 236 405 243
416 236 411 243
399 241 388 254
405 241 395 250
410 241 406 249
382 247 372 254
388 247 377 255
393 247 383 256
399 247 388 258
405 247 395 256
410 247 401 256
287 253 285 260
382 253 371 259
405 253 394 262
410 258 394 266
303 286 301 284
421 286 405 289
303 292 301 291
298 297 296 297
303 297 302 297
320 309 312 315
326 309 317 315
332 309 322 314
332 365 315 337
