1.000000000000000000e+00 0.000000000000000000e+00 0.000000000000000000e+00 -1.792658120393753052e-02
0.000000000000000000e+00 1.000000000000000000e+00 0.000000000000000000e+00 2.243540808558464050e-02
0.000000000000000000e+00 0.000000000000000000e+00 1.000000000000000000e+00 -3.816788792610168457e-01
0.000000000000000000e+00 0.000000000000000000e+00 0.000000000000000000e+00 1.000000000000000000e+00
9.951900243759155273e-01 6.164349243044853210e-02 -7.613558322191238403e-02 1.429262477904558182e-02
-6.273618340492248535e-02 9.979574680328369141e-01 -1.204183045774698257e-02 2.406989783048629761e-02
7.523775100708007812e-02 1.676049269735813141e-02 9.970246553421020508e-01 -3.789269328117370605e-01
0.000000000000000000e+00 0.000000000000000000e+00 0.000000000000000000e+00 1.000000000000000000e+00
9.757896661758422852e-01 8.231770247220993042e-02 -2.026286423206329346e-01 6.551855057477951050e-02
-8.559329062700271606e-02 9.963023662567138672e-01 -7.440844085067510605e-03 2.308523841202259064e-02
2.012668848037719727e-01 2.460432983934879303e-02 9.792274236679077148e-01 -3.707091510295867920e-01
0.000000000000000000e+00 0.000000000000000000e+00 0.000000000000000000e+00 1.000000000000000000e+00
9.483900070190429688e-01 8.545969426631927490e-02 -3.053733706474304199e-01 1.073068976402282715e-01
-8.297999203205108643e-02 9.963274598121643066e-01 2.111658453941345215e-02 1.367366407066583633e-02
3.060564994812011719e-01 5.313166417181491852e-03 9.519984722137451172e-01 -3.597362041473388672e-01
0.000000000000000000e+00 0.000000000000000000e+00 0.000000000000000000e+00 1.000000000000000000e+00
9.132198095321655273e-01 9.697917848825454712e-02 -3.957581520080566406e-01 1.451350450515747070e-01
-8.512597531080245972e-02 9.952396750450134277e-01 4.745018854737281799e-02 7.257137913256883621e-03
3.984759151935577393e-01 -9.643127210438251495e-03 9.171280264854431152e-01 -3.454059064388275146e-01
0.000000000000000000e+00 0.000000000000000000e+00 0.000000000000000000e+00 1.000000000000000000e+00
