375 120 417 139
386 120 422 140
370 126 410 142
381 126 417 144
386 126 422 144
392 126 428 145
364 131 402 145
370 131 408 148
375 131 414 149
381 131 418 149
364 137 401 151
325 170 493 159
308 176 454 161
314 176 458 162
331 176 497 166
308 181 469 165
370 181 514 170
381 181 521 170
370 187 509 174
375 187 515 175
381 187 520 176
303 192 480 172
314 192 468 176
375 192 513 180
381 192 519 180
392 192 544 192
403 192 556 190
314 198 466 180
320 198 472 182
375 198 512 185
381 198 516 186
408 198 562 197
403 204 540 187
358 209 517 216
403 209 553 217
247 220 401 185
308 220 443 212
269 226 416 206
320 226 447 217
336 226 487 222
242 231 396 190
325 231 446 224
320 237 452 226
336 237 484 232
253 242 404 203
286 242 417 223
292 242 421 224
308 242 438 227
314 242 444 229
370 242 464 247
242 248 398 196
420 248 555 235
425 248 561 235
258 254 406 222
331 254 454 238
336 254 460 239
375 254 477 266
420 254 553 241
425 254 559 243
236 259 391 202
292 259 421 231
381 259 472 269
425 259 559 248
431 259 564 248
281 265 410 228
381 265 469 275
425 265 557 252
436 265 542 289
320 270 446 253
420 270 542 268
425 270 548 269
420 276 550 257
242 281 390 242
242 287 389 248
275 292 412 245
292 292 423 249
269 309 399 250
286 320 414 265
397 320 520 287
436 320 535 330
286 331 412 275
292 331 418 276
353 337 456 290
364 343 471 299
358 354 494 303
331 359 446 305
342 359 452 307
331 365 445 311
336 365 451 313
