401 138 284 42
406 138 291 43
411 138 302 43
391 143 274 48
396 143 279 48
411 143 302 48
411 148 302 54
417 148 308 54
391 154 278 62
417 154 309 62
391 159 280 74
396 159 284 75
401 159 290 82
422 159 317 75
396 164 286 86
401 164 290 87
422 164 321 86
427 164 328 87
432 164 334 87
437 164 340 88
447 164 347 89
462 164 357 88
396 169 285 93
401 169 290 94
406 169 297 94
411 169 304 93
417 169 310 93
422 169 316 93
427 169 328 93
432 169 334 93
437 169 341 93
447 169 348 94
452 169 354 94
473 169 365 94
396 174 284 99
401 174 291 100
406 174 297 100
411 174 305 98
417 174 311 98
422 174 323 99
427 174 329 99
432 174 334 99
437 174 340 100
442 174 346 100
473 174 366 100
483 174 377 100
508 174 397 94
386 179 273 106
391 179 279 105
396 179 285 105
401 179 290 106
406 179 297 106
411 179 305 105
422 179 321 105
427 179 327 105
437 179 340 105
473 179 365 106
478 179 371 106
483 179 377 106
514 179 402 98
386 184 272 111
396 184 284 113
401 184 291 112
417 184 316 111
422 184 321 111
442 184 340 118
386 189 272 117
401 189 290 122
406 189 296 123
437 189 335 125
442 189 341 125
452 189 353 118
493 189 384 110
498 189 390 110
503 189 396 110
376 194 260 129
396 194 285 131
401 194 292 131
406 194 296 131
417 194 311 135
437 194 335 130
442 194 342 130
371 199 254 136
376 199 260 136
406 199 296 138
432 199 327 138
437 199 334 137
483 199 371 143
508 199 410 132
371 204 254 142
493 204 383 144
508 204 410 137
371 210 253 148
503 210 403 142
376 215 272 136
350 220 241 149
360 220 247 147
355 225 241 155
524 225 452 193
355 230 240 162
396 230 274 148
519 230 447 199
355 235 240 168
488 286 408 267
478 291 397 272
483 291 403 272
473 296 390 278
478 296 396 278
406 306 317 285
411 306 321 285
427 327 323 297
401 332 285 292
396 337 278 296
406 337 289 296
396 342 274 299
396 347 273 305
406 347 286 305
411 347 292 305
427 347 310 310
432 347 317 310
396 352 273 311
401 352 278 310
406 352 285 310
411 352 291 310
422 352 303 309
437 352 323 315
442 352 328 315
406 358 285 316
411 358 290 315
427 358 310 316
468 358 360 317
483 358 371 308
411 363 290 321
422 363 303 320
427 363 310 321
493 363 371 315
