449 90 447 113
455 101 454 128
466 101 484 134
472 101 459 116
416 107 373 140
421 107 378 140
455 107 434 125
461 107 439 125
416 113 352 170
455 113 434 130
466 113 448 127
472 113 460 126
416 118 351 175
421 118 356 176
432 118 375 168
410 124 363 156
421 124 356 181
427 124 361 180
472 124 470 136
427 130 361 185
438 130 367 183
500 141 480 140
506 141 484 140
421 147 342 191
495 147 464 136
506 147 484 144
455 152 407 194
478 158 367 237
500 158 476 155
517 164 507 161
483 175 439 226
489 175 443 226
512 175 494 192
523 175 504 189
529 175 509 191
540 181 517 179
512 186 372 257
523 192 497 215
540 192 517 189
478 198 390 278
534 198 507 215
540 209 511 229
449 214 463 180
297 237 340 210
432 248 458 229
478 254 482 271
483 254 486 270
483 260 491 270
393 294 447 264
382 299 471 257
370 322 443 278
387 333 451 311
