1.000000000000000000e+00 0.000000000000000000e+00 0.000000000000000000e+00 -4.542167112231254578e-02
0.000000000000000000e+00 1.000000000000000000e+00 0.000000000000000000e+00 9.935460984706878662e-04
0.000000000000000000e+00 0.000000000000000000e+00 1.000000000000000000e+00 -2.875000238418579102e-01
0.000000000000000000e+00 0.000000000000000000e+00 0.000000000000000000e+00 1.000000000000000000e+00
9.961400628089904785e-01 8.150675147771835327e-02 3.258271515369415283e-02 -5.328132584691047668e-02
-8.098725229501724243e-02 9.965708255767822266e-01 -1.695997081696987152e-02 1.018461585044860840e-02
-3.385332971811294556e-02 1.425573509186506271e-02 9.993250966072082520e-01 -2.924161255359649658e-01
0.000000000000000000e+00 0.000000000000000000e+00 0.000000000000000000e+00 1.000000000000000000e+00
9.847421646118164062e-01 1.674348264932632446e-01 4.741464555263519287e-02 -5.611703917384147644e-02
-1.650147289037704468e-01 9.849684834480285645e-01 -5.106025189161300659e-02 2.554600872099399567e-02
-5.525122582912445068e-02 4.245704039931297302e-02 9.975693821907043457e-01 -2.917892336845397949e-01
0.000000000000000000e+00 0.000000000000000000e+00 0.000000000000000000e+00 1.000000000000000000e+00
9.638083577156066895e-01 2.599768936634063721e-01 5.903658643364906311e-02 -5.715970322489738464e-02
-2.550514638423919678e-01 9.636397957801818848e-01 -7.966819405555725098e-02 3.936026990413665771e-02
-7.760194689035415649e-02 6.172746047377586365e-02 9.950717091560363770e-01 -2.906406223773956299e-01
0.000000000000000000e+00 0.000000000000000000e+00 0.000000000000000000e+00 1.000000000000000000e+00
9.338853955268859863e-01 3.509853780269622803e-01 6.831669807434082031e-02 -5.695981532335281372e-02
-3.414398133754730225e-01 9.320650100708007812e-01 -1.211344450712203979e-01 5.694094300270080566e-02
-1.061920747160911560e-01 8.979960530996322632e-02 9.902824759483337402e-01 -2.883039116859436035e-01
0.000000000000000000e+00 0.000000000000000000e+00 0.000000000000000000e+00 1.000000000000000000e+00
8.889810442924499512e-01 4.559215903282165527e-01 4.298886656761169434e-02 -4.647370800375938416e-02
-4.466289281845092773e-01 8.839259743690490723e-01 -1.385549753904342651e-01 6.625799834728240967e-02
-1.011692136526107788e-01 1.039726510643959045e-01 9.894213080406188965e-01 -2.892688512802124023e-01
0.000000000000000000e+00 0.000000000000000000e+00 0.000000000000000000e+00 1.000000000000000000e+00
8.426187038421630859e-01 5.375719070434570312e-01 3.176733106374740601e-02 -4.003590345382690430e-02
-5.257273316383361816e-01 8.339619636535644531e-01 -1.676834970712661743e-01 7.926043123006820679e-02
-1.166347861289978027e-01 1.245923489332199097e-01 9.853294491767883301e-01 -2.878702878952026367e-01
0.000000000000000000e+00 0.000000000000000000e+00 0.000000000000000000e+00 1.000000000000000000e+00
7.903626561164855957e-01 6.124922037124633789e-01 1.343661453574895859e-02 -3.127048909664154053e-02
-6.019251346588134766e-01 7.804364562034606934e-01 -1.691283881664276123e-01 8.335004001855850220e-02
-1.140762642025947571e-01 1.255847066640853882e-01 9.855021834373474121e-01 -2.891049385070800781e-01
0.000000000000000000e+00 0.000000000000000000e+00 0.000000000000000000e+00 1.000000000000000000e+00
7.153478860855102539e-01 6.986655592918395996e-01 -1.198233105242252350e-02 -1.809122227132320404e-02
-6.907049417495727539e-01 7.043917179107666016e-01 -1.635809689760208130e-01 8.484338223934173584e-02
-1.058481931686401367e-01 1.252935379743576050e-01 9.864571690559387207e-01 -2.901830673217773438e-01
0.000000000000000000e+00 0.000000000000000000e+00 0.000000000000000000e+00 1.000000000000000000e+00
6.419938206672668457e-01 7.667040824890136719e-01 -2.900584368035197258e-03 -1.556025538593530655e-02
-7.594105005264282227e-01 6.353567838668823242e-01 -1.400611102581024170e-01 7.989661395549774170e-02
-1.055425778031349182e-01 9.212109446525573730e-02 9.901385903358459473e-01 -2.929706275463104248e-01
0.000000000000000000e+00 0.000000000000000000e+00 0.000000000000000000e+00 1.000000000000000000e+00
5.472036004066467285e-01 8.366842269897460938e-01 -2.297062054276466370e-02 -3.915878944098949432e-03
-8.342086672782897949e-01 5.429342985153198242e-01 -9.653034061193466187e-02 6.808863580226898193e-02
-6.829389184713363647e-02 7.198402285575866699e-02 9.950649142265319824e-01 -2.982385754585266113e-01
0.000000000000000000e+00 0.000000000000000000e+00 0.000000000000000000e+00 1.000000000000000000e+00
4.560537338256835938e-01 8.875756263732910156e-01 -6.499471515417098999e-02 1.590806618332862854e-02
-8.897477984428405762e-01 4.531663656234741211e-01 -5.467183515429496765e-02 5.541577935218811035e-02
-1.907198689877986908e-02 8.276219666004180908e-02 9.963868260383605957e-01 -3.028106689453125000e-01
0.000000000000000000e+00 0.000000000000000000e+00 0.000000000000000000e+00 1.000000000000000000e+00
3.469258844852447510e-01 9.344499707221984863e-01 -8.028431981801986694e-02 2.516272105276584625e-02
-9.378089308738708496e-01 3.467649221420288086e-01 -1.638768799602985382e-02 4.107311367988586426e-02
1.252631004899740219e-02 8.097666501998901367e-02 9.966372847557067871e-01 -3.045379519462585449e-01
0.000000000000000000e+00 0.000000000000000000e+00 0.000000000000000000e+00 1.000000000000000000e+00
2.729298174381256104e-01 9.576004743576049805e-01 -9.225203096866607666e-02 3.143450990319252014e-02
-9.594791531562805176e-01 2.779342830181121826e-01 4.639009758830070496e-02 1.733911596238613129e-02
7.006318122148513794e-02 7.585268467664718628e-02 9.946545362472534180e-01 -3.044484257698059082e-01
0.000000000000000000e+00 0.000000000000000000e+00 0.000000000000000000e+00 1.000000000000000000e+00
1.928857862949371338e-01 9.737153649330139160e-01 -1.211372762918472290e-01 4.204566404223442078e-02
-9.733232259750366211e-01 2.055017799139022827e-01 1.020331755280494690e-01 -3.328004619106650352e-03
1.242450177669525146e-01 9.822490066289901733e-02 9.873772263526916504e-01 -3.029917180538177490e-01
0.000000000000000000e+00 0.000000000000000000e+00 0.000000000000000000e+00 1.000000000000000000e+00
1.108424291014671326e-01 9.858446121215820312e-01 -1.257937997579574585e-01 4.568377137184143066e-02
-9.723274707794189453e-01 1.337626427412033081e-01 1.915365010499954224e-01 -3.405951336026191711e-02
2.056517601013183594e-01 1.010823771357536316e-01 9.733908176422119141e-01 -3.002766072750091553e-01
0.000000000000000000e+00 0.000000000000000000e+00 0.000000000000000000e+00 1.000000000000000000e+00
1.909964382648468018e-01 9.755557179450988770e-01 -1.086842343211174011e-01 3.922595828771591187e-02
-9.546748399734497070e-01 2.103679925203323364e-01 2.105750739574432373e-01 -3.941958025097846985e-02
2.282911986112594604e-01 6.353900581598281860e-02 9.715168476104736328e-01 -2.979651093482971191e-01
0.000000000000000000e+00 0.000000000000000000e+00 0.000000000000000000e+00 1.000000000000000000e+00
2.712483704090118408e-01 9.548276662826538086e-01 -1.213599368929862976e-01 4.053988680243492126e-02
-9.393570423126220703e-01 2.900996506214141846e-01 1.828945130109786987e-01 -2.859766408801078796e-02
2.098392397165298462e-01 6.439048051834106445e-02 9.756132960319519043e-01 -2.965443134307861328e-01
0.000000000000000000e+00 0.000000000000000000e+00 0.000000000000000000e+00 1.000000000000000000e+00
3.265493214130401611e-01 9.384751915931701660e-01 -1.123808398842811584e-01 3.635579720139503479e-02
-9.351630806922912598e-01 3.380610942840576172e-01 1.057558581233024597e-01 -1.712941331788897514e-03
1.372408270835876465e-01 7.055996358394622803e-02 9.880211949348449707e-01 -2.966607511043548584e-01
0.000000000000000000e+00 0.000000000000000000e+00 0.000000000000000000e+00 1.000000000000000000e+00
3.605326712131500244e-01 9.207256436347961426e-01 -1.492650806903839111e-01 4.680214077234268188e-02
-9.302757978439331055e-01 3.665840625762939453e-01 1.425964850932359695e-02 3.033841401338577271e-02
6.784741580486297607e-02 1.337166279554367065e-01 9.886947870254516602e-01 -2.927221059799194336e-01
0.000000000000000000e+00 0.000000000000000000e+00 0.000000000000000000e+00 1.000000000000000000e+00
3.980594575405120850e-01 9.026924967765808105e-01 -1.633840650320053101e-01 4.892573878169059753e-02
-9.173490405082702637e-01 3.925395607948303223e-01 -6.620440632104873657e-02 5.776078253984451294e-02
4.372504074126482010e-03 1.762335300445556641e-01 9.843383431434631348e-01 -2.878229618072509766e-01
0.000000000000000000e+00 0.000000000000000000e+00 0.000000000000000000e+00 1.000000000000000000e+00
4.525172114372253418e-01 8.686380386352539062e-01 -2.017320692539215088e-01 5.721741914749145508e-02
-8.901441693305969238e-01 4.263959228992462158e-01 -1.607165783643722534e-01 8.679341524839401245e-02
-5.358689278364181519e-02 2.522976398468017578e-01 9.661644101142883301e-01 -2.768951654434204102e-01
0.000000000000000000e+00 0.000000000000000000e+00 0.000000000000000000e+00 1.000000000000000000e+00
5.286111235618591309e-01 8.310685157775878906e-01 -1.729039549827575684e-01 4.296403750777244568e-02
-8.422528505325317383e-01 4.881269335746765137e-01 -2.287827730178833008e-01 1.054571717977523804e-01
-1.057351380586624146e-01 2.665662169456481934e-01 9.579992890357971191e-01 -2.705584764480590820e-01
0.000000000000000000e+00 0.000000000000000000e+00 0.000000000000000000e+00 1.000000000000000000e+00
5.873155593872070312e-01 7.908988595008850098e-01 -1.718705147504806519e-01 3.870286419987678528e-02
-7.969907522201538086e-01 5.281704068183898926e-01 -2.929866909980773926e-01 1.210741028189659119e-01
-1.409461349248886108e-01 3.090548217296600342e-01 9.405414462089538574e-01 -2.616583704948425293e-01
0.000000000000000000e+00 0.000000000000000000e+00 0.000000000000000000e+00 1.000000000000000000e+00
6.659221649169921875e-01 7.310133576393127441e-01 -1.488852351903915405e-01 2.580484002828598022e-02
-7.231130003929138184e-01 5.834122300148010254e-01 -3.697793781757354736e-01 1.372515708208084106e-01
-1.834524422883987427e-01 3.539053499698638916e-01 9.171129465103149414e-01 -2.502408027648925781e-01
0.000000000000000000e+00 0.000000000000000000e+00 0.000000000000000000e+00 1.000000000000000000e+00
7.261157035827636719e-01 6.732049584388732910e-01 -1.398263275623321533e-01 1.978364586830139160e-02
-6.534150838851928711e-01 6.123236417770385742e-01 -4.450940191745758057e-01 1.526728719472885132e-01
-2.140205651521682739e-01 4.145542085170745850e-01 8.845000863075256348e-01 -2.353191375732421875e-01
0.000000000000000000e+00 0.000000000000000000e+00 0.000000000000000000e+00 1.000000000000000000e+00
7.476412057876586914e-01 6.530221104621887207e-01 -1.208056285977363586e-01 1.177725661545991898e-02
-6.056057214736938477e-01 5.957601070404052734e-01 -5.275514721870422363e-01 1.712465435266494751e-01
-2.725316286087036133e-01 4.675797820091247559e-01 8.408892750740051270e-01 -2.150764316320419312e-01
0.000000000000000000e+00 0.000000000000000000e+00 0.000000000000000000e+00 1.000000000000000000e+00
7.769822478294372559e-01 6.187013387680053711e-01 -1.162202060222625732e-01 8.193162269890308380e-03
-5.352882146835327148e-01 5.521571636199951172e-01 -6.392096877098083496e-01 1.999968737363815308e-01
-3.313080668449401855e-01 5.588659644126892090e-01 7.601998448371887207e-01 -1.851056963205337524e-01
0.000000000000000000e+00 0.000000000000000000e+00 0.000000000000000000e+00 1.000000000000000000e+00
7.988309264183044434e-01 5.882992744445800781e-01 -1.255926638841629028e-01 9.070165455341339111e-03
-4.867283403873443604e-01 5.094140768051147461e-01 -7.096428275108337402e-01 2.184156626462936401e-01
-3.535032868385314941e-01 6.280138492584228516e-01 6.932779550552368164e-01 -1.616777926683425903e-01
0.000000000000000000e+00 0.000000000000000000e+00 0.000000000000000000e+00 1.000000000000000000e+00
8.299229741096496582e-01 5.441986322402954102e-01 -1.227807924151420593e-01 5.462772678583860397e-03
-4.173714518547058105e-01 4.596405923366546631e-01 -7.839208841323852539e-01 2.378209084272384644e-01
-3.701736032962799072e-01 7.018390297889709473e-01 6.085993051528930664e-01 -1.375672817230224609e-01
0.000000000000000000e+00 0.000000000000000000e+00 0.000000000000000000e+00 1.000000000000000000e+00
8.581256270408630371e-01 5.068089962005615234e-01 -8.224871009588241577e-02 -8.064294233918190002e-03
-3.342247307300567627e-01 4.297806918621063232e-01 -8.387978672981262207e-01 2.507488131523132324e-01
-3.897615969181060791e-01 7.472835183143615723e-01 5.381939411163330078e-01 -1.186982467770576477e-01
0.000000000000000000e+00 0.000000000000000000e+00 0.000000000000000000e+00 1.000000000000000000e+00
8.732631206512451172e-01 4.844852983951568604e-01 -5.182419717311859131e-02 -1.673058234155178070e-02
-2.300701737403869629e-01 3.162426650524139404e-01 -9.203575253486633301e-01 2.665687203407287598e-01
-4.295107424259185791e-01 8.156372308731079102e-01 3.876286447048187256e-01 -7.721798121929168701e-02
0.000000000000000000e+00 0.000000000000000000e+00 0.000000000000000000e+00 1.000000000000000000e+00
8.566732406616210938e-01 5.149169564247131348e-01 -3.116757050156593323e-02 -2.743249759078025818e-02
-1.100138351321220398e-01 1.233343407511711121e-01 -9.862481951713562012e-01 2.837488949298858643e-01
-5.039920806884765625e-01 8.483217358589172363e-01 1.623051911592483521e-01 -1.230610068887472153e-02
0.000000000000000000e+00 0.000000000000000000e+00 0.000000000000000000e+00 1.000000000000000000e+00
8.490293622016906738e-01 5.267413258552551270e-01 -4.114369675517082214e-02 -2.239277586340904236e-02
-1.091628670692443848e-01 9.869509190320968628e-02 -9.891118407249450684e-01 2.836544811725616455e-01
-5.169456005096435547e-01 8.442762494087219238e-01 1.412956267595291138e-01 -1.264947280287742615e-02
0.000000000000000000e+00 0.000000000000000000e+00 0.000000000000000000e+00 1.000000000000000000e+00
8.092395663261413574e-01 5.866937041282653809e-01 -3.036860004067420959e-02 -2.099270187318325043e-02
-1.117907539010047913e-01 1.030349358916282654e-01 -9.883756041526794434e-01 2.835622131824493408e-01
-5.767446756362915039e-01 8.032272458076477051e-01 1.489668637514114380e-01 -1.417603157460689545e-02
0.000000000000000000e+00 0.000000000000000000e+00 0.000000000000000000e+00 1.000000000000000000e+00
7.832314372062683105e-01 6.202853322029113770e-01 -4.236261919140815735e-02 -1.672888919711112976e-02
-2.415527850389480591e-01 2.408078908920288086e-01 -9.400337338447570801e-01 2.753112614154815674e-01
-5.728875994682312012e-01 7.464968562126159668e-01 3.384399414062500000e-01 -5.806481093168258667e-02
0.000000000000000000e+00 0.000000000000000000e+00 0.000000000000000000e+00 1.000000000000000000e+00
7.989062666893005371e-01 5.968459248542785645e-01 -7.432053238153457642e-02 -8.312571793794631958e-03
-3.092081248760223389e-01 3.015819489955902100e-01 -9.019079208374023438e-01 2.674044072628021240e-01
-5.158869028091430664e-01 7.435206174850463867e-01 4.254855513572692871e-01 -8.338908851146697998e-02
0.000000000000000000e+00 0.000000000000000000e+00 0.000000000000000000e+00 1.000000000000000000e+00
7.998306155204772949e-01 5.936040282249450684e-01 -8.891271799802780151e-02 -4.652250092476606369e-03
-3.661590516567230225e-01 3.651662468910217285e-01 -8.559098839759826660e-01 2.575299143791198730e-01
-4.756032228469848633e-01 7.171387672424316406e-01 5.094248652458190918e-01 -1.078732460737228394e-01
0.000000000000000000e+00 0.000000000000000000e+00 0.000000000000000000e+00 1.000000000000000000e+00
8.231428265571594238e-01 5.636101961135864258e-01 -6.912799179553985596e-02 -1.609802059829235077e-02
-4.563569724559783936e-01 5.841813087463378906e-01 -6.711710095405578613e-01 2.183364480733871460e-01
-3.378956913948059082e-01 5.840170383453369141e-01 7.380724549293518066e-01 -1.787994503974914551e-01
0.000000000000000000e+00 0.000000000000000000e+00 0.000000000000000000e+00 1.000000000000000000e+00
8.183606266975402832e-01 5.732671618461608887e-01 -4.062970355153083801e-02 -2.511417306959629059e-02
-4.781548380851745605e-01 6.399523615837097168e-01 -6.015214920043945312e-01 1.984677016735076904e-01
-3.188315331935882568e-01 5.116886496543884277e-01 7.978224754333496094e-01 -1.969163715839385986e-01
0.000000000000000000e+00 0.000000000000000000e+00 0.000000000000000000e+00 1.000000000000000000e+00
8.477080464363098145e-01 5.287513136863708496e-01 -4.257917776703834534e-02 -2.530166693031787872e-02
-4.663789868354797363e-01 7.046484947204589844e-01 -5.347539782524108887e-01 1.777579188346862793e-01
-2.527482509613037109e-01 4.731726944446563721e-01 8.439347743988037109e-01 -2.126317620277404785e-01
0.000000000000000000e+00 0.000000000000000000e+00 0.000000000000000000e+00 1.000000000000000000e+00
8.707987666130065918e-01 4.915313720703125000e-01 -1.032810937613248825e-02 -3.349544852972030640e-02
-4.559381306171417236e-01 7.995262742042541504e-01 -3.909962475299835205e-01 1.357017010450363159e-01
-1.839293986558914185e-01 3.451879024505615234e-01 9.203342199325561523e-01 -2.363069057464599609e-01
0.000000000000000000e+00 0.000000000000000000e+00 0.000000000000000000e+00 1.000000000000000000e+00
8.737461566925048828e-01 4.863803982734680176e-01 -1.320090028457343578e-03 -3.440315276384353638e-02
-4.707594811916351318e-01 8.449954390525817871e-01 -2.537064254283905029e-01 9.780983626842498779e-02
-1.222825050354003906e-01 2.222966551780700684e-01 9.672802686691284180e-01 -2.520286142826080322e-01
0.000000000000000000e+00 0.000000000000000000e+00 0.000000000000000000e+00 1.000000000000000000e+00
8.771610260009765625e-01 4.801930487155914307e-01 1.769948750734329224e-03 -3.138912096619606018e-02
-4.795465171337127686e-01 8.761597275733947754e-01 -4.877680540084838867e-02 3.993344679474830627e-02
-2.497304975986480713e-02 4.193633422255516052e-02 9.988081455230712891e-01 -2.651913464069366455e-01
0.000000000000000000e+00 0.000000000000000000e+00 0.000000000000000000e+00 1.000000000000000000e+00
8.861035108566284180e-01 4.634453356266021729e-01 6.237471476197242737e-03 -3.091736510396003723e-02
-4.631802141666412354e-01 8.849463462829589844e-01 4.831130430102348328e-02 1.127762719988822937e-02
1.686982624232769012e-02 -4.569788649678230286e-02 9.988128542900085449e-01 -2.680160999298095703e-01
0.000000000000000000e+00 0.000000000000000000e+00 0.000000000000000000e+00 1.000000000000000000e+00
8.931801915168762207e-01 4.496738612651824951e-01 4.738051444292068481e-03 -3.001058101654052734e-02
-4.453920722007751465e-01 8.831225633621215820e-01 1.473783105611801147e-01 -1.939097791910171509e-02
6.208791956305503845e-02 -1.337456703186035156e-01 9.890688061714172363e-01 -2.671284079551696777e-01
0.000000000000000000e+00 0.000000000000000000e+00 0.000000000000000000e+00 1.000000000000000000e+00
8.981490135192871094e-01 4.396906793117523193e-01 4.309083160478621721e-04 -2.879420854151248932e-02
-4.247873127460479736e-01 8.674523234367370605e-01 2.590022087097167969e-01 -5.451636761426925659e-02
1.135071218013763428e-01 -2.328056246042251587e-01 9.658765792846679688e-01 -2.625477313995361328e-01
0.000000000000000000e+00 0.000000000000000000e+00 0.000000000000000000e+00 1.000000000000000000e+00
9.006357789039611816e-01 4.345678687095642090e-01 -2.277585212141275406e-03 -2.772844024002552032e-02
-4.030889272689819336e-01 8.373321294784545898e-01 3.693156242370605469e-01 -9.124179929494857788e-02
1.623998880386352539e-01 -3.317006826400756836e-01 9.293013215065002441e-01 -2.532035708427429199e-01
0.000000000000000000e+00 0.000000000000000000e+00 0.000000000000000000e+00 1.000000000000000000e+00
9.061521291732788086e-01 4.229475855827331543e-01 1.633977983146905899e-03 -3.022756613790988922e-02
-3.773537576198577881e-01 8.067124485969543457e-01 4.547740817070007324e-01 -1.196577996015548706e-01
1.910277009010314941e-01 -4.127111434936523438e-01 8.906050920486450195e-01 -2.436968088150024414e-01
0.000000000000000000e+00 0.000000000000000000e+00 0.000000000000000000e+00 1.000000000000000000e+00
9.192001819610595703e-01 3.937865495681762695e-01 2.047377405688166618e-03 -3.313133865594863892e-02
-3.299075663089752197e-01 7.672300338745117188e-01 5.500176548957824707e-01 -1.513355821371078491e-01
2.150186747312545776e-01 -5.062510967254638672e-01 8.351505994796752930e-01 -2.296992242336273193e-01
0.000000000000000000e+00 0.000000000000000000e+00 0.000000000000000000e+00 1.000000000000000000e+00
9.128589034080505371e-01 4.074412584304809570e-01 2.607185766100883484e-02 -4.130053520202636719e-02
-3.319004476070404053e-01 7.033913135528564453e-01 6.285561919212341309e-01 -1.752453595399856567e-01
2.377611696720123291e-01 -5.824362635612487793e-01 7.773270606994628906e-01 -2.157766073942184448e-01
0.000000000000000000e+00 0.000000000000000000e+00 0.000000000000000000e+00 1.000000000000000000e+00
9.218598604202270508e-01 3.853211700916290283e-01 4.126359149813652039e-02 -4.794069379568099976e-02
-2.927718758583068848e-01 6.227378249168395996e-01 7.255907654762268066e-01 -2.062158584594726562e-01
2.538891732692718506e-01 -6.809735894203186035e-01 6.868880391120910645e-01 -1.904693990945816040e-01
0.000000000000000000e+00 0.000000000000000000e+00 0.000000000000000000e+00 1.000000000000000000e+00
9.315245747566223145e-01 3.578178286552429199e-01 6.502575427293777466e-02 -5.652820691466331482e-02
-2.657005786895751953e-01 5.475101470947265625e-01 7.934955358505249023e-01 -2.283077239990234375e-01
2.483245432376861572e-01 -7.564378976821899414e-01 6.050915122032165527e-01 -1.657047569751739502e-01
0.000000000000000000e+00 0.000000000000000000e+00 0.000000000000000000e+00 1.000000000000000000e+00
9.405165314674377441e-01 3.346297740936279297e-01 5.875324457883834839e-02 -5.675938725471496582e-02
-2.229490429162979126e-01 4.773958921432495117e-01 8.499332070350646973e-01 -2.480701059103012085e-01
2.563644647598266602e-01 -8.124752640724182129e-01 5.236042737960815430e-01 -1.423928886651992798e-01
0.000000000000000000e+00 0.000000000000000000e+00 0.000000000000000000e+00 1.000000000000000000e+00
9.498869180679321289e-01 3.068716526031494141e-01 5.953299626708030701e-02 -6.010800972580909729e-02
-1.876469999551773071e-01 4.074554443359375000e-01 8.937385082244873047e-01 -2.625702023506164551e-01
2.500059604644775391e-01 -8.601216673851013184e-01 4.446202814579010010e-01 -1.203396469354629517e-01
0.000000000000000000e+00 0.000000000000000000e+00 0.000000000000000000e+00 1.000000000000000000e+00
9.595691561698913574e-01 2.771162688732147217e-01 4.933417588472366333e-02 -5.989234149456024170e-02
-1.469759643077850342e-01 3.438199758529663086e-01 9.274621009826660156e-01 -2.755173444747924805e-01
2.400526851415634155e-01 -8.972147107124328613e-01 3.706483542919158936e-01 -9.788041561841964722e-02
0.000000000000000000e+00 0.000000000000000000e+00 0.000000000000000000e+00 1.000000000000000000e+00
9.700800180435180664e-01 2.332251518964767456e-01 6.746198982000350952e-02 -6.806980073451995850e-02
-1.292128115892410278e-01 2.607081532478332520e-01 9.567316770553588867e-01 -2.895234227180480957e-01
2.055459767580032349e-01 -9.368229508399963379e-01 2.830434739589691162e-01 -6.624070554971694946e-02
0.000000000000000000e+00 0.000000000000000000e+00 0.000000000000000000e+00 1.000000000000000000e+00
9.838039875030517578e-01 1.705129891633987427e-01 5.527104809880256653e-02 -6.688289344310760498e-02
-7.955781370401382446e-02 1.390641927719116211e-01 9.870823025703430176e-01 -3.029487729072570801e-01
1.606241464614868164e-01 -9.754928946495056152e-01 1.503774523735046387e-01 -2.063793316483497620e-02
0.000000000000000000e+00 0.000000000000000000e+00 0.000000000000000000e+00 1.000000000000000000e+00
9.959690570831298828e-01 8.936484903097152710e-02 7.674838416278362274e-03 -5.533253028988838196e-02
-1.855726353824138641e-02 1.215903982520103455e-01 9.924068450927734375e-01 -3.065449595451354980e-01
8.775311708450317383e-02 -9.885490536689758301e-01 1.227585747838020325e-01 -1.216337829828262329e-02
0.000000000000000000e+00 0.000000000000000000e+00 0.000000000000000000e+00 1.000000000000000000e+00
9.968857169151306152e-01 7.812590897083282471e-02 -1.075191423296928406e-02 -5.111210048198699951e-02
-8.772144094109535217e-03 2.453437149524688721e-01 9.693965911865234375e-01 -3.013118803501129150e-01
7.837288081645965576e-02 -9.662829637527465820e-01 2.452648580074310303e-01 -5.179060995578765869e-02
0.000000000000000000e+00 0.000000000000000000e+00 0.000000000000000000e+00 1.000000000000000000e+00
9.983736872673034668e-01 1.507864240556955338e-02 -5.497779697179794312e-02 -3.572006896138191223e-02
4.812199622392654419e-02 2.941433191299438477e-01 9.545490145683288574e-01 -3.078979551792144775e-01
3.056465834379196167e-02 -9.556423425674438477e-01 2.929393649101257324e-01 -6.437822431325912476e-02
0.000000000000000000e+00 0.000000000000000000e+00 0.000000000000000000e+00 1.000000000000000000e+00
9.893898963928222656e-01 -6.234324350953102112e-02 -1.312265247106552124e-01 -6.030607968568801880e-03
1.433768570423126221e-01 2.731651663780212402e-01 9.512225985527038574e-01 -3.182371556758880615e-01
-2.345576696097850800e-02 -9.599448442459106445e-01 2.792055308818817139e-01 -5.716218426823616028e-02
0.000000000000000000e+00 0.000000000000000000e+00 0.000000000000000000e+00 1.000000000000000000e+00
9.705176949501037598e-01 -7.276381552219390869e-02 -2.297842055559158325e-01 2.743592858314514160e-02
2.408366501331329346e-01 2.545935213565826416e-01 9.365790486335754395e-01 -3.229936361312866211e-01
-9.647489525377750397e-03 -9.643068313598632812e-01 2.646116614341735840e-01 -5.181142687797546387e-02
0.000000000000000000e+00 0.000000000000000000e+00 0.000000000000000000e+00 1.000000000000000000e+00
9.744145274162292480e-01 -4.440857470035552979e-02 -2.203278839588165283e-01 2.235435694456100464e-02
2.236195653676986694e-01 2.901251316070556641e-01 9.304956197738647461e-01 -3.211494982242584229e-01
2.260067872703075409e-02 -9.559576511383056641e-01 2.926328182220458984e-01 -6.377017498016357422e-02
0.000000000000000000e+00 0.000000000000000000e+00 0.000000000000000000e+00 1.000000000000000000e+00
9.838696718215942383e-01 2.963917329907417297e-02 -1.764143109321594238e-01 4.771408624947071075e-03
1.574093699455261230e-01 3.250784277915954590e-01 9.324945807456970215e-01 -3.188436329364776611e-01
8.498685806989669800e-02 -9.452221989631652832e-01 3.151694238185882568e-01 -7.713437825441360474e-02
0.000000000000000000e+00 0.000000000000000000e+00 0.000000000000000000e+00 1.000000000000000000e+00
9.880354404449462891e-01 1.101511493325233459e-01 -1.079479008913040161e-01 -2.110847830772399902e-02
5.988843739032745361e-02 3.709827065467834473e-01 9.267065525054931641e-01 -3.115036189556121826e-01
1.421245783567428589e-01 -9.220839142799377441e-01 3.599471747875213623e-01 -9.926295280456542969e-02
0.000000000000000000e+00 0.000000000000000000e+00 0.000000000000000000e+00 1.000000000000000000e+00
9.826226234436035156e-01 1.846921294927597046e-01 -1.848107948899269104e-02 -5.291368439793586731e-02
-3.986467793583869934e-02 3.072341680526733398e-01 9.507987499237060547e-01 -3.136588037014007568e-01
1.812830418348312378e-01 -9.335394501686096191e-01 3.092580139636993408e-01 -8.658803999423980713e-02
0.000000000000000000e+00 0.000000000000000000e+00 0.000000000000000000e+00 1.000000000000000000e+00
9.283249378204345703e-01 3.602447807788848877e-01 9.184885025024414062e-02 -8.777304738759994507e-02
-2.172756493091583252e-01 3.252555131912231445e-01 9.203257560729980469e-01 -2.940562665462493896e-01
3.016684949398040771e-01 -8.743183612823486328e-01 3.802156448364257812e-01 -1.198030337691307068e-01
0.000000000000000000e+00 0.000000000000000000e+00 0.000000000000000000e+00 1.000000000000000000e+00
8.806935548782348633e-01 4.640208184719085693e-01 9.520546346902847290e-02 -8.682500571012496948e-02
-2.782043218612670898e-01 3.440195024013519287e-01 8.968017101287841797e-01 -2.822265028953552246e-01
3.833821415901184082e-01 -8.162939548492431641e-01 4.320684373378753662e-01 -1.455216556787490845e-01
0.000000000000000000e+00 0.000000000000000000e+00 0.000000000000000000e+00 1.000000000000000000e+00
8.408536314964294434e-01 5.370463728904724121e-01 6.742767244577407837e-02 -7.583934068679809570e-02
-3.349379599094390869e-01 4.184160232543945312e-01 8.442420959472656250e-01 -2.621207237243652344e-01
4.251842200756072998e-01 -7.324677705764770508e-01 5.317034721374511719e-01 -1.822558343410491943e-01
0.000000000000000000e+00 0.000000000000000000e+00 0.000000000000000000e+00 1.000000000000000000e+00
8.073763251304626465e-01 5.879545807838439941e-01 4.952323809266090393e-02 -6.813234835863113403e-02
-4.199239015579223633e-01 5.136126279830932617e-01 7.482417225837707520e-01 -2.247588038444519043e-01
4.144966304302215576e-01 -6.249085068702697754e-01 6.615754365921020508e-01 -2.252580076456069946e-01
0.000000000000000000e+00 0.000000000000000000e+00 0.000000000000000000e+00 1.000000000000000000e+00
7.787866592407226562e-01 6.265046596527099609e-01 3.136079385876655579e-02 -6.042149662971496582e-02
-5.038737654685974121e-01 5.950046777725219727e-01 6.261638402938842773e-01 -1.783901602029800415e-01
3.736344873905181885e-01 -5.034498572349548340e-01 7.790602445602416992e-01 -2.613109052181243896e-01
0.000000000000000000e+00 0.000000000000000000e+00 0.000000000000000000e+00 1.000000000000000000e+00
7.575302720069885254e-01 6.524173617362976074e-01 2.235230617225170135e-02 -5.644216760993003845e-02
-5.639380812644958496e-01 6.367808580398559570e-01 5.258170962333679199e-01 -1.413036137819290161e-01
3.288188576698303223e-01 -4.109275341033935547e-01 8.503043055534362793e-01 -2.824355661869049072e-01
0.000000000000000000e+00 0.000000000000000000e+00 0.000000000000000000e+00 1.000000000000000000e+00
6.565192341804504395e-01 7.539045214653015137e-01 2.472107298672199249e-02 -5.032693594694137573e-02
-6.767205595970153809e-01 5.741953253746032715e-01 4.608127772808074951e-01 -1.113270148634910583e-01
3.332140147686004639e-01 -3.192614614963531494e-01 8.871526718139648438e-01 -2.963691651821136475e-01
0.000000000000000000e+00 0.000000000000000000e+00 0.000000000000000000e+00 1.000000000000000000e+00
5.883803367614746094e-01 8.085621595382690430e-01 -5.959032103419303894e-03 -3.499796614050865173e-02
-7.402235269546508789e-01 5.415875315666198730e-01 3.984366953372955322e-01 -8.589260280132293701e-02
3.253883123397827148e-01 -2.300212979316711426e-01 9.171764254570007324e-01 -3.073481321334838867e-01
0.000000000000000000e+00 0.000000000000000000e+00 0.000000000000000000e+00 1.000000000000000000e+00
5.393804907798767090e-01 8.409134745597839355e-01 -4.396772757172584534e-02 -1.830690912902355194e-02
-7.851082682609558105e-01 5.210895538330078125e-01 3.347697257995605469e-01 -6.056006252765655518e-02
3.044235110282897949e-01 -1.460488289594650269e-01 9.412736296653747559e-01 -3.143731057643890381e-01
0.000000000000000000e+00 0.000000000000000000e+00 0.000000000000000000e+00 1.000000000000000000e+00
5.053394436836242676e-01 8.561275005340576172e-01 -1.080638170242309570e-01 6.285532843321561813e-03
-8.185694217681884766e-01 5.152242779731750488e-01 2.539449930191040039e-01 -3.090992383658885956e-02
2.730863988399505615e-01 -3.987063840031623840e-02 9.611628651618957520e-01 -3.197217285633087158e-01
0.000000000000000000e+00 0.000000000000000000e+00 0.000000000000000000e+00 1.000000000000000000e+00
4.367541372776031494e-01 8.858116865158081055e-01 -1.567908227443695068e-01 2.865171246230602264e-02
-8.603776097297668457e-01 4.622191786766052246e-01 2.147172540426254272e-01 -1.452188380062580109e-02
2.626707851886749268e-01 4.112072288990020752e-02 9.640088677406311035e-01 -3.202547132968902588e-01
0.000000000000000000e+00 0.000000000000000000e+00 0.000000000000000000e+00 1.000000000000000000e+00
3.569628596305847168e-01 9.011228084564208984e-01 -2.460796833038330078e-01 6.514192372560501099e-02
-8.962371945381164551e-01 4.046489596366882324e-01 1.817101836204528809e-01 -7.813032134436070919e-04
2.633190155029296875e-01 1.556819230318069458e-01 9.520640373229980469e-01 -3.162068128585815430e-01
0.000000000000000000e+00 0.000000000000000000e+00 0.000000000000000000e+00 1.000000000000000000e+00
2.939997315406799316e-01 8.897472023963928223e-01 -3.491607308387756348e-01 1.040329262614250183e-01
-9.150083661079406738e-01 3.675881028175354004e-01 1.662504225969314575e-01 5.744862370193004608e-03
2.762681245803833008e-01 2.706075310707092285e-01 9.221968054771423340e-01 -3.071126043796539307e-01
0.000000000000000000e+00 0.000000000000000000e+00 0.000000000000000000e+00 1.000000000000000000e+00
2.726106643676757812e-01 8.640223741531372070e-01 -4.232599139213562012e-01 1.294369101524353027e-01
-9.337028264999389648e-01 3.437202572822570801e-01 1.002801731228828430e-01 2.931460179388523102e-02
2.321272194385528564e-01 3.678615093231201172e-01 9.004420638084411621e-01 -2.964660823345184326e-01
0.000000000000000000e+00 0.000000000000000000e+00 0.000000000000000000e+00 1.000000000000000000e+00
1.787078082561492920e-01 7.879745960235595703e-01 -5.892030596733093262e-01 1.902779787778854370e-01
-9.624033570289611816e-01 2.644959390163421631e-01 6.182470172643661499e-02 4.262958839535713196e-02
2.045581638813018799e-01 5.560021400451660156e-01 8.056172132492065430e-01 -2.632587552070617676e-01
0.000000000000000000e+00 0.000000000000000000e+00 0.000000000000000000e+00 1.000000000000000000e+00
1.383437067270278931e-01 6.840601563453674316e-01 -7.161864042282104492e-01 2.345730960369110107e-01
-9.732052087783813477e-01 2.280015349388122559e-01 2.978268451988697052e-02 5.425918102264404297e-02
1.836646497249603271e-01 6.928757429122924805e-01 6.972736120223999023e-01 -2.269318550825119019e-01
0.000000000000000000e+00 0.000000000000000000e+00 0.000000000000000000e+00 1.000000000000000000e+00
1.106569021940231323e-01 5.869583487510681152e-01 -8.020187020301818848e-01 2.638339102268218994e-01
-9.841832518577575684e-01 1.770424842834472656e-01 -6.221889052540063858e-03 6.618277728557586670e-02
1.383394151926040649e-01 7.900222539901733398e-01 5.972659587860107422e-01 -1.920606642961502075e-01
0.000000000000000000e+00 0.000000000000000000e+00 0.000000000000000000e+00 1.000000000000000000e+00
7.665552943944931030e-02 5.175733566284179688e-01 -8.521984219551086426e-01 2.822013199329376221e-01
-9.910035729408264160e-01 1.335961818695068359e-01 -8.002839982509613037e-03 6.704793870449066162e-02
1.097083166241645813e-01 8.451448678970336914e-01 5.231580138206481934e-01 -1.662958860397338867e-01
0.000000000000000000e+00 0.000000000000000000e+00 0.000000000000000000e+00 1.000000000000000000e+00
1.529823243618011475e-01 5.287017226219177246e-01 -8.349076509475708008e-01 2.699421048164367676e-01
-9.878607988357543945e-01 1.048727855086326599e-01 -1.145979017019271851e-01 1.017256453633308411e-01
2.697096951305866241e-02 8.423041105270385742e-01 5.383276939392089844e-01 -1.642541140317916870e-01
0.000000000000000000e+00 0.000000000000000000e+00 0.000000000000000000e+00 1.000000000000000000e+00
2.597506046295166016e-01 5.867176651954650879e-01 -7.670017480850219727e-01 2.404471933841705322e-01
-9.611387252807617188e-01 8.017224818468093872e-02 -2.641686499118804932e-01 1.481451243162155151e-01
-9.350004792213439941e-02 8.058134913444519043e-01 5.847417116165161133e-01 -1.688879281282424927e-01
0.000000000000000000e+00 0.000000000000000000e+00 0.000000000000000000e+00 1.000000000000000000e+00
3.188433051109313965e-01 6.257087588310241699e-01 -7.119184136390686035e-01 2.196658700704574585e-01
-9.302836656570434570e-01 6.282938271760940552e-02 -3.614204525947570801e-01 1.767605096101760864e-01
-1.814145296812057495e-01 7.775226235389709473e-01 6.021193861961364746e-01 -1.676967144012451172e-01
0.000000000000000000e+00 0.000000000000000000e+00 0.000000000000000000e+00 1.000000000000000000e+00
3.564832508563995361e-01 6.576326489448547363e-01 -6.636559963226318359e-01 2.014980465173721313e-01
-8.899077177047729492e-01 2.264105714857578278e-02 -4.555788934230804443e-01 2.026719599962234497e-01
-2.845775485038757324e-01 7.529985904693603516e-01 5.933035016059875488e-01 -1.573008894920349121e-01
0.000000000000000000e+00 0.000000000000000000e+00 0.000000000000000000e+00 1.000000000000000000e+00
4.090765416622161865e-01 6.607540845870971680e-01 -6.293333172798156738e-01 1.861495971679687500e-01
-8.414460420608520508e-01 6.332579534500837326e-03 -5.403041839599609375e-01 2.253796607255935669e-01
-3.530228435993194580e-01 7.505754828453063965e-01 5.585790872573852539e-01 -1.393860727548599243e-01
0.000000000000000000e+00 0.000000000000000000e+00 0.000000000000000000e+00 1.000000000000000000e+00
5.106473565101623535e-01 6.541957259178161621e-01 -5.579130053520202637e-01 1.569825112819671631e-01
-7.341803312301635742e-01 -5.924483295530080795e-03 -6.789288520812988281e-01 2.583523094654083252e-01
-4.474574327468872070e-01 7.563023567199707031e-01 4.772722125053405762e-01 -1.031445935368537903e-01
0.000000000000000000e+00 0.000000000000000000e+00 0.000000000000000000e+00 1.000000000000000000e+00
6.145574450492858887e-01 6.953529119491577148e-01 -3.725623190402984619e-01 9.125306457281112671e-02
-5.749987363815307617e-01 7.150701433420181274e-02 -8.150231838226318359e-01 2.914310395717620850e-01
-5.400885939598083496e-01 7.151014208793640137e-01 4.437722861766815186e-01 -8.524511009454727173e-02
0.000000000000000000e+00 0.000000000000000000e+00 0.000000000000000000e+00 1.000000000000000000e+00
6.186473965644836426e-01 7.409675121307373047e-01 -2.612334787845611572e-01 5.977379530668258667e-02
-4.914759397506713867e-01 1.055673360824584961e-01 -8.644692897796630859e-01 3.014742732048034668e-01
-6.129655838012695312e-01 6.631914377212524414e-01 4.294764697551727295e-01 -7.555966824293136597e-02
0.000000000000000000e+00 0.000000000000000000e+00 0.000000000000000000e+00 1.000000000000000000e+00
5.872292518615722656e-01 7.856338024139404297e-01 -1.947842240333557129e-01 4.421676322817802429e-02
-3.829779326915740967e-01 5.767752975225448608e-02 -9.219552278518676758e-01 3.121857941150665283e-01
-7.130847573280334473e-01 6.159971952438354492e-01 3.347502648830413818e-01 -4.471848160028457642e-02
0.000000000000000000e+00 0.000000000000000000e+00 0.000000000000000000e+00 1.000000000000000000e+00
4.190655052661895752e-01 9.063647985458374023e-01 -5.372736975550651550e-02 1.755121164023876190e-02
-2.294680029153823853e-01 4.847195744514465332e-02 -9.721087813377380371e-01 3.191357851028442383e-01
-8.784807324409484863e-01 4.197058677673339844e-01 2.282945811748504639e-01 -9.956917725503444672e-03
0.000000000000000000e+00 0.000000000000000000e+00 0.000000000000000000e+00 1.000000000000000000e+00
2.764236330986022949e-01 9.563045501708984375e-01 9.524591267108917236e-02 -2.454193122684955597e-02
-2.335118055343627930e-01 1.629719734191894531e-01 -9.585989117622375488e-01 3.221043050289154053e-01
-9.322350025177001953e-01 2.427385747432708740e-01 2.683580219745635986e-01 -2.994183078408241272e-02
0.000000000000000000e+00 0.000000000000000000e+00 0.000000000000000000e+00 1.000000000000000000e+00
2.948940098285675049e-01 9.551352858543395996e-01 -2.745244093239307404e-02 1.574017293751239777e-02
-3.644249737262725830e-01 8.586332947015762329e-02 -9.272658228874206543e-01 3.151790499687194824e-01
-8.833072781562805176e-01 2.834494709968566895e-01 3.733960390090942383e-01 -6.194705516099929810e-02
0.000000000000000000e+00 0.000000000000000000e+00 0.000000000000000000e+00 1.000000000000000000e+00
2.658066749572753906e-01 9.634145498275756836e-01 -3.434031084179878235e-02 2.389943227171897888e-02
-4.566573202610015869e-01 9.446056932210922241e-02 -8.846137523651123047e-01 3.051927089691162109e-01
-8.490056395530700684e-01 2.508178055286407471e-01 4.650586545467376709e-01 -9.455290436744689941e-02
0.000000000000000000e+00 0.000000000000000000e+00 0.000000000000000000e+00 1.000000000000000000e+00
1.451617926359176636e-01 9.878609776496887207e-01 -5.531078577041625977e-02 3.587973490357398987e-02
-4.688999056816101074e-01 1.946117356419563293e-02 -8.830368518829345703e-01 3.043410480022430420e-01
-8.712407946586608887e-01 1.541182100772857666e-01 4.660329818725585938e-01 -9.626953303813934326e-02
0.000000000000000000e+00 0.000000000000000000e+00 0.000000000000000000e+00 1.000000000000000000e+00
5.235022306442260742e-02 9.981343746185302734e-01 -3.141769766807556152e-02 3.269091993570327759e-02
-4.633457064628601074e-01 -3.591888351365923882e-03 -8.861697912216186523e-01 3.060434758663177490e-01
-8.846297860145568848e-01 6.094838678836822510e-02 4.622932374477386475e-01 -9.811852872371673584e-02
0.000000000000000000e+00 0.000000000000000000e+00 0.000000000000000000e+00 1.000000000000000000e+00
-1.558084785938262939e-01 9.850404262542724609e-01 7.360833883285522461e-02 5.084144882857799530e-03
-3.800469040870666504e-01 9.002245031297206879e-03 -9.249233603477478027e-01 3.205835819244384766e-01
-9.117501378059387207e-01 -1.720855385065078735e-01 3.729590773582458496e-01 -7.411959022283554077e-02
0.000000000000000000e+00 0.000000000000000000e+00 0.000000000000000000e+00 1.000000000000000000e+00
-2.103986293077468872e-01 9.684241414070129395e-01 1.337442994117736816e-01 -1.365371327847242355e-02
-5.023819208145141602e-01 1.025679055601358414e-02 -8.645847439765930176e-01 3.082444369792938232e-01
-8.386564850807189941e-01 -2.490982711315155029e-01 4.843606352806091309e-01 -1.164399683475494385e-01
0.000000000000000000e+00 0.000000000000000000e+00 0.000000000000000000e+00 1.000000000000000000e+00
-2.450230568647384644e-01 9.430421590805053711e-01 2.250200957059860229e-01 -4.321194812655448914e-02
-6.152738332748413086e-01 2.811863273382186890e-02 -7.878112196922302246e-01 2.894130647182464600e-01
-7.492672204971313477e-01 -3.314814269542694092e-01 5.733399987220764160e-01 -1.510429680347442627e-01
0.000000000000000000e+00 0.000000000000000000e+00 0.000000000000000000e+00 1.000000000000000000e+00
-2.562249302864074707e-01 9.147024750709533691e-01 3.125180602073669434e-01 -7.087183743715286255e-02
-7.127142548561096191e-01 3.963229805231094360e-02 -7.003335952758789062e-01 2.657627761363983154e-01
-6.529831886291503906e-01 -4.021794497966766357e-01 6.417671442031860352e-01 -1.813669651746749878e-01
0.000000000000000000e+00 0.000000000000000000e+00 0.000000000000000000e+00 1.000000000000000000e+00
-2.448872774839401245e-01 8.601938486099243164e-01 4.473217725753784180e-01 -1.163723990321159363e-01
-8.083307147026062012e-01 7.362733036279678345e-02 -5.841068625450134277e-01 2.320076078176498413e-01
-5.353801250457763672e-01 -5.046244263648986816e-01 6.772906184196472168e-01 -2.032734006643295288e-01
0.000000000000000000e+00 0.000000000000000000e+00 0.000000000000000000e+00 1.000000000000000000e+00
-2.225898057222366333e-01 8.094975948333740234e-01 5.432930588722229004e-01 -1.526239961385726929e-01
-8.613292574882507324e-01 9.776064008474349976e-02 -4.985526204109191895e-01 2.052870541810989380e-01
-4.566898047924041748e-01 -5.789268612861633301e-01 6.754835247993469238e-01 -2.087958902120590210e-01
0.000000000000000000e+00 0.000000000000000000e+00 0.000000000000000000e+00 1.000000000000000000e+00
-2.136258035898208618e-01 7.229281663894653320e-01 6.570681929588317871e-01 -1.970793455839157104e-01
-8.980758190155029297e-01 1.193812862038612366e-01 -4.233294427394866943e-01 1.806720942258834839e-01
-3.844783306121826172e-01 -6.805312037467956543e-01 6.237416267395019531e-01 -1.918297410011291504e-01
0.000000000000000000e+00 0.000000000000000000e+00 0.000000000000000000e+00 1.000000000000000000e+00
-1.971836090087890625e-01 6.891607046127319336e-01 6.972633004188537598e-01 -2.124209403991699219e-01
-9.306735992431640625e-01 9.197732061147689819e-02 -3.540997803211212158e-01 1.582828462123870850e-01
-3.081639707088470459e-01 -7.187473177909851074e-01 6.232473850250244141e-01 -1.927820593118667603e-01
0.000000000000000000e+00 0.000000000000000000e+00 0.000000000000000000e+00 1.000000000000000000e+00
-1.391945183277130127e-01 6.547256708145141602e-01 7.429397106170654297e-01 -2.304684072732925415e-01
-9.575453400611877441e-01 1.022729650139808655e-01 -2.695316970348358154e-01 1.294495612382888794e-01
-2.524519264698028564e-01 -7.489157319068908691e-01 6.126934885978698730e-01 -1.867482066154479980e-01
0.000000000000000000e+00 0.000000000000000000e+00 0.000000000000000000e+00 1.000000000000000000e+00
-1.751800626516342163e-01 5.625610351562500000e-01 8.079831004142761230e-01 -2.530095577239990234e-01
-9.628947377204895020e-01 7.322871685028076172e-02 -2.597524225711822510e-01 1.288450509309768677e-01
-2.052940875291824341e-01 -8.235062360763549805e-01 5.288589596748352051e-01 -1.540630310773849487e-01
0.000000000000000000e+00 0.000000000000000000e+00 0.000000000000000000e+00 1.000000000000000000e+00
-2.214747220277786255e-01 5.298867821693420410e-01 8.186383247375488281e-01 -2.555992305278778076e-01
-9.702535867691040039e-01 -3.558167815208435059e-02 -2.394615560770034790e-01 1.244686618447303772e-01
-9.775896370410919189e-02 -8.473215699195861816e-01 5.220052003860473633e-01 -1.504454314708709717e-01
0.000000000000000000e+00 0.000000000000000000e+00 0.000000000000000000e+00 1.000000000000000000e+00
-2.687987089157104492e-01 3.709669709205627441e-01 8.888930082321166992e-01 -2.701029181480407715e-01
-9.612249732017517090e-01 -4.430283233523368835e-02 -2.721826434135437012e-01 1.356906145811080933e-01
-6.159028410911560059e-02 -9.275885224342346191e-01 3.684913814067840576e-01 -9.793672710657119751e-02
0.000000000000000000e+00 0.000000000000000000e+00 0.000000000000000000e+00 1.000000000000000000e+00
-3.459449112415313721e-01 2.463436126708984375e-01 9.053378701210021973e-01 -2.651030421257019043e-01
-9.374989271163940430e-01 -1.294760406017303467e-01 -3.230035603046417236e-01 1.508857905864715576e-01
3.764975816011428833e-02 -9.604948163032531738e-01 2.757385969161987305e-01 -7.355312258005142212e-02
0.000000000000000000e+00 0.000000000000000000e+00 0.000000000000000000e+00 1.000000000000000000e+00
-3.668245971202850342e-01 2.973721325397491455e-01 8.814812898635864258e-01 -2.506527602672576904e-01
-9.233492612838745117e-01 -2.319123148918151855e-01 -3.060111403465270996e-01 1.431711465120315552e-01
1.134272143244743347e-01 -9.261676073074340820e-01 3.596495389938354492e-01 -1.079177558422088623e-01
0.000000000000000000e+00 0.000000000000000000e+00 0.000000000000000000e+00 1.000000000000000000e+00
-3.797173500061035156e-01 3.894885480403900146e-01 8.391143679618835449e-01 -2.322268486022949219e-01
-9.198166728019714355e-01 -2.557797431945800781e-01 -2.975125610828399658e-01 1.378585994243621826e-01
9.875085204839706421e-02 -8.848022818565368652e-01 4.553824067115783691e-01 -1.447863876819610596e-01
0.000000000000000000e+00 0.000000000000000000e+00 0.000000000000000000e+00 1.000000000000000000e+00
-3.829226195812225342e-01 5.147319287061691284e-02 9.223450422286987305e-01 -2.548120319843292236e-01
-9.121801853179931641e-01 -1.787999868392944336e-01 -3.687242865562438965e-01 1.581858992576599121e-01
1.459360122680664062e-01 -9.825379252433776855e-01 1.154195964336395264e-01 -4.309557378292083740e-02
0.000000000000000000e+00 0.000000000000000000e+00 0.000000000000000000e+00 1.000000000000000000e+00
-3.998285233974456787e-01 -8.172325044870376587e-02 9.129391908645629883e-01 -2.509345114231109619e-01
-9.117101430892944336e-01 -6.717865169048309326e-02 -4.053041934967041016e-01 1.691660434007644653e-01
9.445297718048095703e-02 -9.943881034851074219e-01 -4.764771088957786560e-02 1.031193416565656662e-02
0.000000000000000000e+00 0.000000000000000000e+00 0.000000000000000000e+00 1.000000000000000000e+00
-3.963241577148437500e-01 -2.964375913143157959e-01 8.689370155334472656e-01 -2.385788559913635254e-01
-9.147178530693054199e-01 4.620442166924476624e-02 -4.014425277709960938e-01 1.692896336317062378e-01
7.885404676198959351e-02 -9.539335370063781738e-01 -2.894684970378875732e-01 8.382903039455413818e-02
0.000000000000000000e+00 0.000000000000000000e+00 0.000000000000000000e+00 1.000000000000000000e+00
-4.232425391674041748e-01 -3.927083313465118408e-01 8.164840340614318848e-01 -2.229278236627578735e-01
-9.049893617630004883e-01 1.403442174196243286e-01 -4.016190767288208008e-01 1.702428907155990601e-01
4.313025251030921936e-02 -9.088913202285766602e-01 -4.147965312004089355e-01 1.212217584252357483e-01
0.000000000000000000e+00 0.000000000000000000e+00 0.000000000000000000e+00 1.000000000000000000e+00
-4.717645645141601562e-01 -4.691746234893798828e-01 7.465341091156005859e-01 -1.998504847288131714e-01
-8.814919590950012207e-01 2.315165251493453979e-01 -4.115485250949859619e-01 1.703256517648696899e-01
2.025326900184154510e-02 -8.522177934646606445e-01 -5.227949619293212891e-01 1.551417261362075806e-01
0.000000000000000000e+00 0.000000000000000000e+00 0.000000000000000000e+00 1.000000000000000000e+00
-4.971148371696472168e-01 -5.368719696998596191e-01 6.816485524177551270e-01 -1.812734156847000122e-01
-8.676474690437316895e-01 3.003016114234924316e-01 -3.962408900260925293e-01 1.652618348598480225e-01
8.030554279685020447e-03 -7.884081006050109863e-01 -6.150998473167419434e-01 1.861793994903564453e-01
0.000000000000000000e+00 0.000000000000000000e+00 0.000000000000000000e+00 1.000000000000000000e+00
-4.701292216777801514e-01 -5.950943231582641602e-01 6.517985463142395020e-01 -1.764549463987350464e-01
-8.811872005462646484e-01 3.582108616828918457e-01 -3.085350692272186279e-01 1.395388245582580566e-01
-4.987383633852005005e-02 -7.194077968597412109e-01 -6.927949786186218262e-01 2.146749645471572876e-01
0.000000000000000000e+00 0.000000000000000000e+00 0.000000000000000000e+00 1.000000000000000000e+00
-5.055915117263793945e-01 -6.435949802398681641e-01 5.745981335639953613e-01 -1.533420383930206299e-01
-8.625561594963073730e-01 3.919834792613983154e-01 -3.199149668216705322e-01 1.411368399858474731e-01
-1.933731138706207275e-02 -6.573694348335266113e-01 -7.533205151557922363e-01 2.325209379196166992e-01
0.000000000000000000e+00 0.000000000000000000e+00 0.000000000000000000e+00 1.000000000000000000e+00
-6.075214743614196777e-01 -6.628347635269165039e-01 4.376848638057708740e-01 -1.067939549684524536e-01
-7.928195595741271973e-01 4.723510444164276123e-01 -3.851261734962463379e-01 1.561646014451980591e-01
4.853410646319389343e-02 -5.809772610664367676e-01 -8.124715089797973633e-01 2.477293014526367188e-01
0.000000000000000000e+00 0.000000000000000000e+00 0.000000000000000000e+00 1.000000000000000000e+00
-6.771735548973083496e-01 -6.643997430801391602e-01 3.162424564361572266e-01 -6.531766802072525024e-02
-7.309557199478149414e-01 5.580432415008544922e-01 -3.928000330924987793e-01 1.566292941570281982e-01
8.449934422969818115e-02 -4.971528947353363037e-01 -8.635387420654296875e-01 2.644087076187133789e-01
0.000000000000000000e+00 0.000000000000000000e+00 0.000000000000000000e+00 1.000000000000000000e+00
-7.261229157447814941e-01 -6.405302286148071289e-01 2.499335259199142456e-01 -4.275794699788093567e-02
-6.837196350097656250e-01 6.342739462852478027e-01 -3.608657419681549072e-01 1.463693827390670776e-01
7.261910289525985718e-02 -4.329173266887664795e-01 -8.985040783882141113e-01 2.773393988609313965e-01
0.000000000000000000e+00 0.000000000000000000e+00 0.000000000000000000e+00 1.000000000000000000e+00
-7.723832726478576660e-01 -6.183978915214538574e-01 1.449459493160247803e-01 -6.239236332476139069e-03
-6.267928481101989746e-01 7.051850557327270508e-01 -3.314279019832611084e-01 1.358715891838073730e-01
1.027404889464378357e-01 -3.468401432037353516e-01 -9.322803020477294922e-01 2.879250347614288330e-01
0.000000000000000000e+00 0.000000000000000000e+00 0.000000000000000000e+00 1.000000000000000000e+00
-8.041570782661437988e-01 -5.906682610511779785e-01 6.664885580539703369e-02 1.990355364978313446e-02
-5.886952877044677734e-01 7.758756875991821289e-01 -2.268357723951339722e-01 1.019318103790283203e-01
8.227347582578659058e-02 -2.216474562883377075e-01 -9.716497063636779785e-01 3.015765547752380371e-01
0.000000000000000000e+00 0.000000000000000000e+00 0.000000000000000000e+00 1.000000000000000000e+00
-8.405824899673461914e-01 -5.413318872451782227e-01 1.950153522193431854e-02 3.584466129541397095e-02
-5.360934138298034668e-01 8.262110948562622070e-01 -1.731436401605606079e-01 8.453320711851119995e-02
7.761575281620025635e-02 -1.559961587190628052e-01 -9.847027659416198730e-01 3.061338663101196289e-01
0.000000000000000000e+00 0.000000000000000000e+00 0.000000000000000000e+00 1.000000000000000000e+00
-8.803986907005310059e-01 -4.724475443363189697e-01 -4.113297536969184875e-02 5.564226582646369934e-02
-4.676071703433990479e-01 8.792732954025268555e-01 -9.067577868700027466e-02 5.868710950016975403e-02
7.900665700435638428e-02 -6.059676036238670349e-02 -9.950308799743652344e-01 3.095902502536773682e-01
0.000000000000000000e+00 0.000000000000000000e+00 0.000000000000000000e+00 1.000000000000000000e+00
-9.222134351730346680e-01 -3.845527172088623047e-01 -4.051212966442108154e-02 5.655113980174064636e-02
-3.816016614437103271e-01 9.220165610313415527e-01 -6.530862301588058472e-02 4.965212941169738770e-02
6.246750056743621826e-02 -4.476902261376380920e-02 -9.970424771308898926e-01 3.101870715618133545e-01
0.000000000000000000e+00 0.000000000000000000e+00 0.000000000000000000e+00 1.000000000000000000e+00
-9.582261443138122559e-01 -2.847420573234558105e-01 -2.693006768822669983e-02 5.420900881290435791e-02
-2.820550799369812012e-01 9.563781023025512695e-01 -7.606796175241470337e-02 5.190289393067359924e-02
4.741506651043891907e-02 -6.529452651739120483e-02 -9.967395067214965820e-01 3.097198307514190674e-01
0.000000000000000000e+00 0.000000000000000000e+00 0.000000000000000000e+00 1.000000000000000000e+00
-9.811530709266662598e-01 -1.928297728300094604e-01 -1.244677323848009109e-02 5.076087638735771179e-02
-1.908416152000427246e-01 9.771071076393127441e-01 -9.402984380722045898e-02 5.586535483598709106e-02
3.029356710612773895e-02 -8.988228440284729004e-02 -9.954915642738342285e-01 3.093335330486297607e-01
0.000000000000000000e+00 0.000000000000000000e+00 0.000000000000000000e+00 1.000000000000000000e+00
-9.951739907264709473e-01 -9.661692380905151367e-02 -1.713071204721927643e-02 5.493381619453430176e-02
-9.536426514387130737e-02 9.934454560279846191e-01 -6.302107125520706177e-02 3.967080637812614441e-02
2.310734242200851440e-02 -6.108329817652702332e-02 -9.978650212287902832e-01 3.112950026988983154e-01
0.000000000000000000e+00 0.000000000000000000e+00 0.000000000000000000e+00 1.000000000000000000e+00
-9.999220371246337891e-01 -9.727307595312595367e-03 7.823743857443332672e-03 4.719038680195808411e-02
-9.947774931788444519e-03 9.995399713516235352e-01 -2.865209989249706268e-02 1.813282817602157593e-02
-7.541442289948463440e-03 -2.872770279645919800e-02 -9.995589256286621094e-01 3.151541352272033691e-01
0.000000000000000000e+00 0.000000000000000000e+00 0.000000000000000000e+00 1.000000000000000000e+00
-9.020126461982727051e-01 -4.024496972560882568e-01 -1.562306880950927734e-01 9.507279843091964722e-02
-4.030269682407379150e-01 9.147162437438964844e-01 -2.939113229513168335e-02 3.453276678919792175e-02
1.547352522611618042e-01 3.645402565598487854e-02 -9.872839450836181641e-01 3.107994794845581055e-01
0.000000000000000000e+00 0.000000000000000000e+00 0.000000000000000000e+00 1.000000000000000000e+00
-8.727046847343444824e-01 -4.301757514476776123e-01 -2.309430539608001709e-01 1.182924732565879822e-01
-4.463323354721069336e-01 8.946392536163330078e-01 2.019710466265678406e-02 2.308155037462711334e-02
1.979225128889083862e-01 1.207035109400749207e-01 -9.727573990821838379e-01 3.052974939346313477e-01
0.000000000000000000e+00 0.000000000000000000e+00 0.000000000000000000e+00 1.000000000000000000e+00
-8.570079803466796875e-01 -3.321745693683624268e-01 -3.939503431320190430e-01 1.726555228233337402e-01
-3.872810304164886475e-01 9.195106029510498047e-01 6.717858463525772095e-02 4.777343943715095520e-03
3.399265110492706299e-01 2.101421505212783813e-01 -9.166733026504516602e-01 2.820003628730773926e-01
0.000000000000000000e+00 0.000000000000000000e+00 0.000000000000000000e+00 1.000000000000000000e+00
-7.872756123542785645e-01 -3.233641982078552246e-01 -5.250070095062255859e-01 2.141029238700866699e-01
-3.999693393707275391e-01 9.158332347869873047e-01 3.569192066788673401e-02 1.741223409771919250e-02
4.692772328853607178e-01 2.380860745906829834e-01 -8.503488898277282715e-01 2.554568648338317871e-01
0.000000000000000000e+00 0.000000000000000000e+00 0.000000000000000000e+00 1.000000000000000000e+00
-6.998065114021301270e-01 -3.166629970073699951e-01 -6.403084397315979004e-01 2.489890605211257935e-01
-4.575051665306091309e-01 8.870912790298461914e-01 6.130825355648994446e-02 1.107827667146921158e-02
5.485978126525878906e-01 3.358483314514160156e-01 -7.656670212745666504e-01 2.256804555654525757e-01
0.000000000000000000e+00 0.000000000000000000e+00 0.000000000000000000e+00 1.000000000000000000e+00
-6.394171714782714844e-01 -2.853924036026000977e-01 -7.139304876327514648e-01 2.711867094039916992e-01
-5.126994252204895020e-01 8.502381443977355957e-01 1.193073466420173645e-01 -7.158120628446340561e-03
5.729612112045288086e-01 4.423187673091888428e-01 -6.899775266647338867e-01 2.008166760206222534e-01
0.000000000000000000e+00 0.000000000000000000e+00 0.000000000000000000e+00 1.000000000000000000e+00
-6.353914737701416016e-01 -2.845384180545806885e-01 -7.178547978401184082e-01 2.750346660614013672e-01
-5.634116530418395996e-01 8.065536618232727051e-01 1.789939105510711670e-01 -2.667986974120140076e-02
5.280577540397644043e-01 5.181789994239807129e-01 -6.727896332740783691e-01 1.931906193494796753e-01
0.000000000000000000e+00 0.000000000000000000e+00 0.000000000000000000e+00 1.000000000000000000e+00
-6.795443296432495117e-01 -3.460636436939239502e-01 -6.468836665153503418e-01 2.553088963031768799e-01
-6.007249951362609863e-01 7.686288356781005859e-01 2.198618352413177490e-01 -3.723706677556037903e-02
4.211274087429046631e-01 5.380052924156188965e-01 -7.302064299583435059e-01 2.159538567066192627e-01
0.000000000000000000e+00 0.000000000000000000e+00 0.000000000000000000e+00 1.000000000000000000e+00
-7.311931252479553223e-01 -3.796063959598541260e-01 -5.667947530746459961e-01 2.301509827375411987e-01
-6.091209053993225098e-01 7.373916506767272949e-01 2.919339835643768311e-01 -6.210048124194145203e-02
3.071295917034149170e-01 5.587064027786254883e-01 -7.704015374183654785e-01 2.337860018014907837e-01
0.000000000000000000e+00 0.000000000000000000e+00 0.000000000000000000e+00 1.000000000000000000e+00
-7.546255588531494141e-01 -3.939876258373260498e-01 -5.247040390968322754e-01 2.167384922504425049e-01
-6.162243485450744629e-01 7.002439498901367188e-01 3.604529798030853271e-01 -8.474140614271163940e-02
2.254067659378051758e-01 5.953424572944641113e-01 -7.712064981460571289e-01 2.375530451536178589e-01
0.000000000000000000e+00 0.000000000000000000e+00 0.000000000000000000e+00 1.000000000000000000e+00
-8.203330636024475098e-01 -3.967477679252624512e-01 -4.118787348270416260e-01 1.789779663085937500e-01
-5.670889019966125488e-01 6.574189066886901855e-01 4.961957633495330811e-01 -1.345842182636260986e-01
7.391215115785598755e-02 6.406180858612060547e-01 -7.642937898635864258e-01 2.410872280597686768e-01
0.000000000000000000e+00 0.000000000000000000e+00 0.000000000000000000e+00 1.000000000000000000e+00
-8.766430020332336426e-01 -4.010293185710906982e-01 -2.658448815345764160e-01 1.308245062828063965e-01
-4.728369116783142090e-01 6.158437728881835938e-01 6.302075386047363281e-01 -1.846834421157836914e-01
-8.901282399892807007e-02 6.781681180000305176e-01 -7.294966578483581543e-01 2.353155314922332764e-01
0.000000000000000000e+00 0.000000000000000000e+00 0.000000000000000000e+00 1.000000000000000000e+00
-9.099835157394409180e-01 -3.721224069595336914e-01 -1.829073876142501831e-01 1.014387607574462891e-01
-3.880792856216430664e-01 6.089879870414733887e-01 6.917572021484375000e-01 -2.079436331987380981e-01
-1.460299342870712280e-01 7.004700303077697754e-01 -6.985819935798645020e-01 2.276838123798370361e-01
0.000000000000000000e+00 0.000000000000000000e+00 0.000000000000000000e+00 1.000000000000000000e+00
-9.449379444122314453e-01 -3.080165684223175049e-01 -1.105353906750679016e-01 7.774703949689865112e-02
-2.944828271865844727e-01 6.530283093452453613e-01 6.977346539497375488e-01 -2.120106518268585205e-01
-1.427311152219772339e-01 6.918666362762451172e-01 -7.077770233154296875e-01 2.331724166870117188e-01
0.000000000000000000e+00 0.000000000000000000e+00 0.000000000000000000e+00 1.000000000000000000e+00
-9.724707007408142090e-01 -2.328281849622726440e-01 -9.642119519412517548e-03 4.749791696667671204e-02
-1.538485437631607056e-01 6.104125380516052246e-01 7.769990563392639160e-01 -2.425716072320938110e-01
-1.750214993953704834e-01 7.570917606353759766e-01 -6.294285058975219727e-01 2.148180156946182251e-01
0.000000000000000000e+00 0.000000000000000000e+00 0.000000000000000000e+00 1.000000000000000000e+00
-9.777923226356506348e-01 -2.060824632644653320e-01 3.809691220521926880e-02 3.494974598288536072e-02
-7.810701429843902588e-02 5.270314216613769531e-01 8.462486863136291504e-01 -2.706993818283081055e-01
-1.944753825664520264e-01 8.244802951812744141e-01 -5.314236879348754883e-01 1.859588176012039185e-01
0.000000000000000000e+00 0.000000000000000000e+00 0.000000000000000000e+00 1.000000000000000000e+00
-9.822643995285034180e-01 -1.691257506608963013e-01 8.095105737447738647e-02 2.155429311096668243e-02
6.572771817445755005e-03 4.004132449626922607e-01 9.163110256195068359e-01 -2.999972403049468994e-01
-1.873856782913208008e-01 9.005916714668273926e-01 -3.921999931335449219e-01 1.395665705204010010e-01
0.000000000000000000e+00 0.000000000000000000e+00 0.000000000000000000e+00 1.000000000000000000e+00
-9.873033761978149414e-01 -1.384756714105606079e-01 7.782174646854400635e-02 1.903018914163112640e-02
4.410526156425476074e-02 2.316749989986419678e-01 9.717929959297180176e-01 -3.216463923454284668e-01
-1.525990366935729980e-01 9.628868699073791504e-01 -2.226259559392929077e-01 7.685209065675735474e-02
0.000000000000000000e+00 0.000000000000000000e+00 0.000000000000000000e+00 1.000000000000000000e+00
-9.761009812355041504e-01 -1.936532407999038696e-01 9.861425310373306274e-02 1.065913215279579163e-02
6.060418486595153809e-02 1.932090520858764648e-01 9.792839288711547852e-01 -3.252214789390563965e-01
-2.086946666240692139e-01 9.618569612503051758e-01 -1.768552958965301514e-01 6.170966848731040955e-02
0.000000000000000000e+00 0.000000000000000000e+00 0.000000000000000000e+00 1.000000000000000000e+00
-9.802606701850891113e-01 -1.576338708400726318e-01 1.193355992436408997e-01 3.661632770672440529e-03
9.167576581239700317e-02 1.723797172307968140e-01 9.807550311088562012e-01 -3.282261788845062256e-01
-1.751712560653686523e-01 9.723355770111083984e-01 -1.545259505510330200e-01 4.866885393857955933e-02
0.000000000000000000e+00 0.000000000000000000e+00 0.000000000000000000e+00 1.000000000000000000e+00
-9.706350564956665039e-01 -2.012205570936203003e-01 1.318235397338867188e-01 -8.681974723003804684e-04
1.109791323542594910e-01 1.116192713379859924e-01 9.875343441963195801e-01 -3.300410807132720947e-01
-2.134263068437576294e-01 9.731656908988952637e-01 -8.601015061140060425e-02 2.498004212975502014e-02
0.000000000000000000e+00 0.000000000000000000e+00 0.000000000000000000e+00 1.000000000000000000e+00
-9.181783199310302734e-01 -3.762630224227905273e-01 1.239907518029212952e-01 -5.588100175373256207e-04
5.644096527248620987e-03 3.005210161209106445e-01 9.537584781646728516e-01 -3.060308694839477539e-01
-3.961258828639984131e-01 8.764205574989318848e-01 -2.738081216812133789e-01 1.061267629265785217e-01
0.000000000000000000e+00 0.000000000000000000e+00 0.000000000000000000e+00 1.000000000000000000e+00
-9.078915119171142578e-01 -4.004613459110260010e-01 1.239487379789352417e-01 -2.081716200336813927e-03
-5.214742943644523621e-02 4.012678563594818115e-01 9.144750237464904785e-01 -2.882455289363861084e-01
-4.159486293792724609e-01 8.237806558609008789e-01 -3.851905465126037598e-01 1.451735645532608032e-01
0.000000000000000000e+00 0.000000000000000000e+00 0.000000000000000000e+00 1.000000000000000000e+00
-8.435915708541870117e-01 -5.063529014587402344e-01 1.787724047899246216e-01 -2.158029936254024506e-02
-1.097286194562911987e-01 4.884421229362487793e-01 8.656698465347290039e-01 -2.665360271930694580e-01
-5.256541371345520020e-01 7.106553912162780762e-01 -4.676069021224975586e-01 1.781563311815261841e-01
0.000000000000000000e+00 0.000000000000000000e+00 0.000000000000000000e+00 1.000000000000000000e+00
-7.998782992362976074e-01 -5.729206800460815430e-01 1.787657141685485840e-01 -2.625059708952903748e-02
-1.953705847263336182e-01 5.302028656005859375e-01 8.250547051429748535e-01 -2.459135651588439941e-01
-5.674728751182556152e-01 6.250176429748535156e-01 -5.360296368598937988e-01 2.037460356950759888e-01
0.000000000000000000e+00 0.000000000000000000e+00 0.000000000000000000e+00 1.000000000000000000e+00
-7.367407679557800293e-01 -6.395012736320495605e-01 2.196619361639022827e-01 -4.305981472134590149e-02
-2.644878029823303223e-01 5.715246796607971191e-01 7.767918705940246582e-01 -2.243304848670959473e-01
-6.223014593124389648e-01 5.141964554786682129e-01 -5.902057886123657227e-01 2.246467173099517822e-01
0.000000000000000000e+00 0.000000000000000000e+00 0.000000000000000000e+00 1.000000000000000000e+00
-6.775857210159301758e-01 -6.824575662612915039e-01 2.740974128246307373e-01 -6.451689451932907104e-02
-3.261776566505432129e-01 6.129018068313598633e-01 7.196941375732421875e-01 -2.008154839277267456e-01
-6.591555476188659668e-01 3.982498347759246826e-01 -6.378955841064453125e-01 2.411826997995376587e-01
0.000000000000000000e+00 0.000000000000000000e+00 0.000000000000000000e+00 1.000000000000000000e+00
-6.241346597671508789e-01 -7.099965810775756836e-01 3.261299133300781250e-01 -8.331166207790374756e-02
-3.761710822582244873e-01 6.389123201370239258e-01 6.710336208343505859e-01 -1.817069649696350098e-01
-6.848003268241882324e-01 2.961347401142120361e-01 -6.658475995063781738e-01 2.506044805049896240e-01
0.000000000000000000e+00 0.000000000000000000e+00 0.000000000000000000e+00 1.000000000000000000e+00
-5.649188756942749023e-01 -7.409821748733520508e-01 3.630580902099609375e-01 -9.801302850246429443e-02
-4.354499578475952148e-01 6.414502859115600586e-01 6.316045522689819336e-01 -1.658581644296646118e-01
-7.008916139602661133e-01 1.987119466066360474e-01 -6.850282549858093262e-01 2.564472258090972900e-01
0.000000000000000000e+00 0.000000000000000000e+00 0.000000000000000000e+00 1.000000000000000000e+00
-5.050405263900756836e-01 -7.629048228263854980e-01 4.036213755607604980e-01 -1.128676757216453552e-01
-4.933008253574371338e-01 6.388810276985168457e-01 5.903266072273254395e-01 -1.496938169002532959e-01
-7.082291841506958008e-01 9.903208911418914795e-02 -6.990025043487548828e-01 2.598999440670013428e-01
0.000000000000000000e+00 0.000000000000000000e+00 0.000000000000000000e+00 1.000000000000000000e+00
-3.927913606166839600e-01 -7.715054154396057129e-01 5.004941821098327637e-01 -1.468557864427566528e-01
-5.744302868843078613e-01 6.308361887931823730e-01 5.216085314750671387e-01 -1.253335177898406982e-01
-7.181536555290222168e-01 -8.261566609144210815e-02 -6.909627914428710938e-01 2.556648254394531250e-01
0.000000000000000000e+00 0.000000000000000000e+00 0.000000000000000000e+00 1.000000000000000000e+00
-3.375461101531982422e-01 -7.736982703208923340e-01 5.361464023590087891e-01 -1.597349941730499268e-01
-6.271508932113647461e-01 6.095938682556152344e-01 4.848476648330688477e-01 -1.114396452903747559e-01
-7.019574642181396484e-01 -1.725862175226211548e-01 -6.909916400909423828e-01 2.542304992675781250e-01
0.000000000000000000e+00 0.000000000000000000e+00 0.000000000000000000e+00 1.000000000000000000e+00
-2.610655426979064941e-01 -7.682309150695800781e-01 5.845217108726501465e-01 -1.771164834499359131e-01
-6.806168556213378906e-01 5.758864283561706543e-01 4.528965950012207031e-01 -9.993474185466766357e-02
-6.845476031303405762e-01 -2.795996069908142090e-01 -6.732151508331298828e-01 2.470947355031967163e-01
0.000000000000000000e+00 0.000000000000000000e+00 0.000000000000000000e+00 1.000000000000000000e+00
-1.957958191633224487e-01 -7.448712587356567383e-01 6.378328800201416016e-01 -1.958521902561187744e-01
-7.282388210296630859e-01 5.460438132286071777e-01 4.141306579113006592e-01 -8.523358404636383057e-02
-6.567588448524475098e-01 -3.834096789360046387e-01 -6.493571996688842773e-01 2.380362898111343384e-01
0.000000000000000000e+00 0.000000000000000000e+00 0.000000000000000000e+00 1.000000000000000000e+00
-1.213427782058715820e-01 -7.091109752655029297e-01 6.945772767066955566e-01 -2.169606089591979980e-01
-7.798714637756347656e-01 5.009970068931579590e-01 3.752361238002777100e-01 -7.092490792274475098e-02
-6.140651106834411621e-01 -4.961487352848052979e-01 -6.138076186180114746e-01 2.247000932693481445e-01
0.000000000000000000e+00 0.000000000000000000e+00 0.000000000000000000e+00 1.000000000000000000e+00
-6.813038885593414307e-02 -6.543055772781372070e-01 7.531548738479614258e-01 -2.372238188982009888e-01
-8.085956573486328125e-01 4.784151911735534668e-01 3.424788117408752441e-01 -5.962835252285003662e-02
-5.844065546989440918e-01 -5.856645107269287109e-01 -5.616632699966430664e-01 2.072022706270217896e-01
0.000000000000000000e+00 0.000000000000000000e+00 0.000000000000000000e+00 1.000000000000000000e+00
-2.331058681011199951e-02 -5.723875761032104492e-01 8.196518421173095703e-01 -2.593609690666198730e-01
-8.797593116760253906e-01 4.011655151844024658e-01 2.551260292530059814e-01 -2.788276039063930511e-02
-4.748470783233642578e-01 -7.151492834091186523e-01 -5.129150152206420898e-01 1.854954063892364502e-01
0.000000000000000000e+00 0.000000000000000000e+00 0.000000000000000000e+00 1.000000000000000000e+00
-4.625861719250679016e-02 -5.403091907501220703e-01 8.401939272880554199e-01 -2.637977898120880127e-01
-9.273481965065002441e-01 3.358855545520782471e-01 1.649429947137832642e-01 3.989948425441980362e-03
-3.713292181491851807e-01 -7.715224027633666992e-01 -5.165923833847045898e-01 1.814795881509780884e-01
0.000000000000000000e+00 0.000000000000000000e+00 0.000000000000000000e+00 1.000000000000000000e+00
-7.578726857900619507e-02 -5.192115902900695801e-01 8.512786626815795898e-01 -2.654093205928802490e-01
-9.600492715835571289e-01 2.686316072940826416e-01 7.837255299091339111e-02 3.271210938692092896e-02
-2.693722546100616455e-01 -8.113300204277038574e-01 -5.188275575637817383e-01 1.770457774400711060e-01
0.000000000000000000e+00 0.000000000000000000e+00 0.000000000000000000e+00 1.000000000000000000e+00
-7.442251592874526978e-02 -5.056688785552978516e-01 8.595116734504699707e-01 -2.681850194931030273e-01
-9.795076251029968262e-01 1.988234370946884155e-01 3.215927258133888245e-02 4.847157746553421021e-02
-1.871529221534729004e-01 -8.395048379898071289e-01 -5.101030468940734863e-01 1.698350757360458374e-01
0.000000000000000000e+00 0.000000000000000000e+00 0.000000000000000000e+00 1.000000000000000000e+00
-6.157444044947624207e-02 -4.872950315475463867e-01 8.710634708404541016e-01 -2.726383805274963379e-01
-9.937185049057006836e-01 1.116361469030380249e-01 -7.792952004820108414e-03 6.156061217188835144e-02
-9.344456344842910767e-02 -8.660720586776733398e-01 -4.911081194877624512e-01 1.577796339988708496e-01
0.000000000000000000e+00 0.000000000000000000e+00 0.000000000000000000e+00 1.000000000000000000e+00
-9.563224017620086670e-02 -4.598034620285034180e-01 8.828560709953308105e-01 -2.743329703807830811e-01
-9.953437447547912598e-01 5.490261688828468323e-02 -7.922320067882537842e-02 8.386399596929550171e-02
-1.204391662031412125e-02 -8.863216042518615723e-01 -4.629128575325012207e-01 1.433410793542861938e-01
0.000000000000000000e+00 0.000000000000000000e+00 0.000000000000000000e+00 1.000000000000000000e+00
-1.152858361601829529e-01 -4.553005397319793701e-01 8.828418254852294922e-01 -2.733305096626281738e-01
-9.897550940513610840e-01 -2.270699664950370789e-02 -1.409579813480377197e-01 1.014653816819190979e-01
8.422514796257019043e-02 -8.900480270385742188e-01 -4.480180442333221436e-01 1.327148973941802979e-01
0.000000000000000000e+00 0.000000000000000000e+00 0.000000000000000000e+00 1.000000000000000000e+00
-1.319430172443389893e-01 -4.256306588649749756e-01 8.952255249023437500e-01 -2.759645581245422363e-01
-9.678818583488464355e-01 -1.396521627902984619e-01 -2.090487182140350342e-01 1.219775229692459106e-01
2.139979600906372070e-01 -8.940554857254028320e-01 -3.935339450836181641e-01 1.077603474259376526e-01
0.000000000000000000e+00 0.000000000000000000e+00 0.000000000000000000e+00 1.000000000000000000e+00
-1.568364053964614868e-01 -1.794676333665847778e-01 9.711815118789672852e-01 -2.964145839214324951e-01
-9.639782309532165527e-01 -1.860742419958114624e-01 -1.900584846735000610e-01 1.152058765292167664e-01
2.148212492465972900e-01 -9.660058617591857910e-01 -1.438195705413818359e-01 2.707566134631633759e-02
0.000000000000000000e+00 0.000000000000000000e+00 0.000000000000000000e+00 1.000000000000000000e+00
-1.592079401016235352e-01 -1.342547833919525146e-01 9.780737161636352539e-01 -3.026447296142578125e-01
-9.456159472465515137e-01 -2.639176845550537109e-01 -1.901511996984481812e-01 1.199699491262435913e-01
2.836599051952362061e-01 -9.551559090614318848e-01 -8.493555337190628052e-02 3.666310571134090424e-03
0.000000000000000000e+00 0.000000000000000000e+00 0.000000000000000000e+00 1.000000000000000000e+00
-1.903433799743652344e-01 -2.115723192691802979e-01 9.586482644081115723e-01 -2.919461131095886230e-01
-9.170989394187927246e-01 -3.101019263267517090e-01 -2.505324482917785645e-01 1.348573565483093262e-01
3.502842783927917480e-01 -9.268625378608703613e-01 -1.350069493055343628e-01 1.633996516466140747e-02
0.000000000000000000e+00 0.000000000000000000e+00 0.000000000000000000e+00 1.000000000000000000e+00
-2.241757214069366455e-01 -1.625863015651702881e-01 9.608907699584960938e-01 -2.883588969707489014e-01
-9.027414917945861816e-01 -3.368199467658996582e-01 -2.676006555557250977e-01 1.382038891315460205e-01
3.671555221080780029e-01 -9.274254441261291504e-01 -7.126649469137191772e-02 -5.706354044377803802e-03
0.000000000000000000e+00 0.000000000000000000e+00 0.000000000000000000e+00 1.000000000000000000e+00
-2.114406228065490723e-01 -2.439324930310249329e-02 9.770862460136413574e-01 -2.918040156364440918e-01
-9.115341901779174805e-01 -3.558261096477508545e-01 -2.061386555433273315e-01 1.182200759649276733e-01
3.527013063430786133e-01 -9.342336058616638184e-01 5.300097167491912842e-02 -4.282939061522483826e-02
0.000000000000000000e+00 0.000000000000000000e+00 0.000000000000000000e+00 1.000000000000000000e+00
-2.058719545602798462e-01 2.479539364576339722e-01 9.466442465782165527e-01 -2.797453105449676514e-01
-9.292947053909301758e-01 -3.526632189750671387e-01 -1.097260192036628723e-01 9.097492694854736328e-02
3.066397011280059814e-01 -9.023011326789855957e-01 3.030257821083068848e-01 -1.148741394281387329e-01
0.000000000000000000e+00 0.000000000000000000e+00 0.000000000000000000e+00 1.000000000000000000e+00
-2.019174396991729736e-01 4.945891797542572021e-01 8.453465104103088379e-01 -2.499643266201019287e-01
-9.562602639198303223e-01 -2.860785424709320068e-01 -6.103327497839927673e-02 7.828143239021301270e-02
2.116492241621017456e-01 -8.206950426101684570e-01 5.307204723358154297e-01 -1.783113628625869751e-01
0.000000000000000000e+00 0.000000000000000000e+00 0.000000000000000000e+00 1.000000000000000000e+00
-1.760812401771545410e-01 5.000165700912475586e-01 8.479260802268981934e-01 -2.544745206832885742e-01
-9.798443317413330078e-01 -1.715842932462692261e-01 -1.022933423519134521e-01 9.178411215543746948e-02
9.434249997138977051e-02 -8.488476276397705078e-01 5.201513171195983887e-01 -1.641712486743927002e-01
0.000000000000000000e+00 0.000000000000000000e+00 0.000000000000000000e+00 1.000000000000000000e+00
-1.086215823888778687e-01 6.216170787811279297e-01 7.757535576820373535e-01 -2.384275197982788086e-01
-9.937822222709655762e-01 -8.709900826215744019e-02 -6.935700029134750366e-02 7.842562347650527954e-02
2.445394173264503479e-02 -7.784638404846191406e-01 6.272128820419311523e-01 -1.925497800111770630e-01
0.000000000000000000e+00 0.000000000000000000e+00 0.000000000000000000e+00 1.000000000000000000e+00
2.351036295294761658e-02 7.593474388122558594e-01 6.502603292465209961e-01 -2.066923230886459351e-01
-9.996480345726013184e-01 2.585539780557155609e-02 5.949733778834342957e-03 5.005240067839622498e-02
-1.229483820497989655e-02 -6.501714587211608887e-01 7.596880197525024414e-01 -2.318649142980575562e-01
0.000000000000000000e+00 0.000000000000000000e+00 0.000000000000000000e+00 1.000000000000000000e+00
7.188339531421661377e-02 8.539699316024780273e-01 5.153329968452453613e-01 -1.599493175745010376e-01
-9.972072243690490723e-01 7.202928513288497925e-02 1.973825879395008087e-02 4.210046678781509399e-02
-2.026324905455112457e-02 -5.153126716613769531e-01 8.567627072334289551e-01 -2.657787799835205078e-01
0.000000000000000000e+00 0.000000000000000000e+00 0.000000000000000000e+00 1.000000000000000000e+00
1.279105395078659058e-01 9.125882387161254883e-01 3.883576095104217529e-01 -1.162272989749908447e-01
-9.913280010223388672e-01 1.057467907667160034e-01 7.801558077335357666e-02 2.403249219059944153e-02
3.012852929532527924e-02 -3.949688076972961426e-01 9.182003736495971680e-01 -2.864134609699249268e-01
0.000000000000000000e+00 0.000000000000000000e+00 0.000000000000000000e+00 1.000000000000000000e+00
1.420134305953979492e-01 9.467530846595764160e-01 2.889479398727416992e-01 -8.188377320766448975e-02
-9.898620843887329102e-01 1.351460367441177368e-01 4.368855059146881104e-02 3.752033412456512451e-02
2.312101656571030617e-03 -2.922229170799255371e-01 9.563474655151367188e-01 -2.960702776908874512e-01
0.000000000000000000e+00 0.000000000000000000e+00 0.000000000000000000e+00 1.000000000000000000e+00
1.938152164220809937e-01 9.533841609954833984e-01 2.312887161970138550e-01 -6.513854116201400757e-02
-9.808875918388366699e-01 1.924516856670379639e-01 2.866769954562187195e-02 4.371408745646476746e-02
-1.718055829405784607e-02 -2.324244529008865356e-01 9.724626541137695312e-01 -2.951198518276214600e-01
0.000000000000000000e+00 0.000000000000000000e+00 0.000000000000000000e+00 1.000000000000000000e+00
2.632327079772949219e-01 9.553035497665405273e-01 1.345495134592056274e-01 -3.888113424181938171e-02
-9.646576642990112305e-01 2.623739838600158691e-01 2.439732849597930908e-02 4.550183936953544617e-02
-1.199542451649904251e-02 -1.362164020538330078e-01 9.906064867973327637e-01 -2.967456281185150146e-01
0.000000000000000000e+00 0.000000000000000000e+00 0.000000000000000000e+00 1.000000000000000000e+00
3.306391537189483643e-01 9.403136968612670898e-01 8.054652810096740723e-02 -2.633734792470932007e-02
-9.437064528465270996e-01 3.302995264530181885e-01 1.789181306958198547e-02 4.849982634186744690e-02
-9.780552238225936890e-03 -8.192801475524902344e-02 9.965902566909790039e-01 -2.951453626155853271e-01
0.000000000000000000e+00 0.000000000000000000e+00 0.000000000000000000e+00 1.000000000000000000e+00
4.001609086990356445e-01 9.155809879302978516e-01 3.978305682539939880e-02 -1.843377016484737396e-02
-9.158195257186889648e-01 4.011143147945404053e-01 -1.954231411218643188e-02 6.084030494093894958e-02
-3.385012224316596985e-02 -2.861403301358222961e-02 9.990171790122985840e-01 -2.908370494842529297e-01
0.000000000000000000e+00 0.000000000000000000e+00 0.000000000000000000e+00 1.000000000000000000e+00
