438 111 406 64
470 111 461 67
425 116 392 67
465 116 454 71
470 116 460 72
434 120 399 68
470 125 446 80
367 134 373 68
385 134 355 95
483 134 463 85
492 134 469 86
367 138 371 73
487 138 461 92
421 143 387 92
425 143 392 93
492 143 459 95
496 143 464 98
363 151 356 89
496 151 449 114
443 156 398 113
496 156 448 120
492 160 441 124
358 165 335 116
470 165 440 118
510 169 465 106
514 169 470 106
519 183 472 121
380 187 352 132
452 187 429 115
434 192 385 139
438 192 391 142
412 196 380 116
394 200 355 133
407 200 372 119
412 200 377 120
438 200 389 149
456 200 401 153
394 205 354 138
407 205 370 124
416 205 378 127
421 209 381 133
443 209 405 140
487 214 422 151
487 218 420 155
492 218 426 158
514 218 457 153
505 223 453 144
496 227 435 147
505 236 448 158
421 245 386 166
470 245 415 154
483 254 402 177
483 258 400 182
465 263 395 175
421 272 371 173
