444 9 453 47
465 16 459 51
465 23 459 55
451 30 451 66
458 30 458 67
465 30 458 61
360 37 361 77
367 37 368 78
374 37 375 79
430 37 437 68
493 37 482 69
500 37 490 70
367 44 367 84
374 44 372 86
472 44 431 65
465 51 423 70
493 51 483 78
458 58 416 76
465 58 422 77
493 58 484 84
395 65 365 93
416 65 378 93
493 65 483 90
374 72 363 105
388 72 357 98
514 79 500 107
409 86 370 105
507 93 467 98
381 100 348 123
493 107 446 109
514 107 479 113
423 170 357 166
430 170 362 167
437 170 368 168
430 177 361 172
437 177 367 174
486 177 442 183
430 184 361 178
437 184 368 179
430 191 361 187
437 191 367 188
451 198 374 196
458 198 381 196
472 198 441 196
507 198 467 201
514 198 474 201
472 205 440 202
500 205 460 207
507 205 466 208
514 205 474 206
360 212 312 201
500 212 459 213
507 212 467 214
514 212 474 213
521 212 482 213
507 219 466 220
514 219 472 220
521 219 479 221
514 233 471 228
444 247 391 224
332 254 329 223
409 254 356 227
514 254 469 239
332 261 328 229
514 261 469 245
325 268 314 234
374 268 346 245
465 268 427 254
472 268 433 255
479 268 440 252
486 268 447 253
493 268 455 254
528 268 487 270
318 275 307 240
325 275 313 243
353 275 326 249
465 275 427 261
472 275 433 262
500 275 460 260
521 275 481 267
360 282 332 256
409 282 378 262
472 282 432 268
493 282 445 270
346 289 324 265
402 289 371 268
500 289 459 281
507 289 465 281
339 296 318 271
353 296 329 272
402 296 371 275
444 296 403 279
458 296 418 282
472 296 431 282
493 296 452 286
500 296 458 286
325 303 308 277
339 303 317 276
346 303 324 278
353 303 330 279
360 303 335 279
367 303 342 280
374 303 349 280
381 303 355 281
451 303 410 288
472 303 428 296
486 303 437 298
493 303 450 292
339 310 316 282
346 310 323 282
367 310 341 285
374 310 348 287
381 310 355 288
388 310 361 288
395 310 368 288
402 310 376 289
416 310 384 284
465 310 422 296
395 317 369 296
402 317 375 295
409 317 389 297
465 317 422 304
451 324 414 307
