0.4593518078327179 0.883083164691925 -0.0957074761390686 0.02464271709322929 
-0.8882386088371277 0.4560282230377197 -0.05541030690073967 0.05470671877264977 
-0.005286612082272768 0.110463909804821 0.9938660860061646 -0.3019862174987793 
0 0 0 1 

0.3534125685691833 0.9290010929107666 -0.1098017245531082 0.0333259217441082 
-0.9351520538330078 0.353899210691452 -0.01567999646067619 0.03990710899233818 
0.02429201081395149 0.1082228198647499 0.9938298463821411 -0.3035767376422882 
0 0 0 1 

0.2728629112243652 0.9534302353858948 -0.1285167038440704 0.04191585257649422 
-0.9586562514305115 0.2806780636310577 0.04688280820846558 0.01648297719657421 
0.08077129721641541 0.1104107797145844 0.9905985593795776 -0.303214967250824 
0 0 0 1 

0.1930507719516754 0.9677879214286804 -0.1616100817918777 0.05375188216567039 
-0.9722450375556946 0.2108666300773621 0.1013644337654114 -0.003644620999693871 
0.1321774423122406 0.1375561356544495 0.9816350936889648 -0.30131596326828 
0 0 0 1 

0.1143933534622192 0.9804158806800842 -0.160308837890625 0.05515278875827789 
-0.9711630940437317 0.1443412005901337 0.1897574961185455 -0.03359567001461983 
0.2091804444789886 0.133979007601738 0.9686553478240967 -0.2986265122890472 
0 0 0 1 

0.1886376142501831 0.9708744883537292 -0.1477109789848328 0.05023963004350662 
-0.9537805914878845 0.2169511914253235 0.2079293727874756 -0.03900709375739098 
0.2339194118976593 0.1016605794429779 0.9669265151023865 -0.2962345480918884 
0 0 0 1 

0.273520290851593 0.9500707983970642 -0.1501730680465698 0.04854150116443634 
-0.937703549861908 0.2981539666652679 0.1783708184957504 -0.02753177098929882 
0.2142396122217178 0.09202981740236282 0.9724360704421997 -0.295203298330307 
0 0 0 1 

0.3255736827850342 0.933174729347229 -0.1522714644670486 0.04758600518107414 
-0.9334839582443237 0.3428456783294678 0.1051878407597542 -0.002021023072302341 
0.1503642499446869 0.107896588742733 0.9827252626419067 -0.2949140071868896 
0 0 0 1 

0.3595045804977417 0.9130363464355469 -0.1926678270101547 0.05867163836956024 
-0.9296298027038574 0.368334025144577 0.01087994128465652 0.03069726750254631 
0.08089988678693771 0.1751983910799026 0.9812037348747253 -0.2904273271560669 
0 0 0 1 

0.403165191411972 0.8906996250152588 -0.2100286483764648 0.06147740036249161 
-0.9148931503295898 0.3974930942058563 -0.07049588114023209 0.05726604536175728 
0.02069425210356712 0.2205752283334732 0.9751502275466919 -0.2848599851131439 
0 0 0 1 

