458 191 465 118
479 196 483 123
479 200 482 130
514 204 501 138
518 204 509 139
423 222 439 116
432 222 451 118
414 226 423 121
419 226 429 122
432 226 453 131
436 230 432 205
518 230 511 168
427 234 442 132
432 234 449 132
453 234 461 141
514 234 504 172
518 234 504 179
419 239 422 133
436 239 454 145
492 239 491 157
518 239 503 185
453 243 459 152
414 247 372 255
449 247 451 166
471 247 468 181
514 247 493 197
410 252 363 260
414 252 370 262
479 252 474 188
427 256 422 194
453 256 484 177
458 256 490 176
514 256 459 255
414 260 406 199
427 260 421 199
475 260 395 272
419 265 412 207
479 265 396 280
483 265 401 286
488 265 406 287
410 269 355 281
462 269 449 183
483 269 399 292
501 269 483 212
363 273 347 233
406 273 346 286
358 278 331 257
388 278 385 190
440 278 368 335
445 278 376 337
358 282 329 264
375 282 370 196
388 282 385 198
388 286 385 204
427 286 424 214
375 291 369 211
384 291 379 209
388 291 383 210
423 291 418 216
375 295 368 216
384 295 377 215
388 295 383 217
393 295 388 217
423 295 417 222
440 295 437 229
445 295 442 231
388 299 381 223
440 299 435 236
458 299 455 240
475 299 400 340
380 304 355 327
440 304 435 243
445 304 440 244
453 304 447 244
458 304 453 245
475 304 399 347
423 308 401 240
432 308 420 243
445 308 439 253
453 308 445 251
393 312 326 335
423 312 400 248
354 317 333 296
393 317 325 342
401 317 333 344
414 317 351 346
380 321 307 340
384 321 313 342
406 321 341 347
410 321 347 347
375 325 297 346
380 325 305 347
384 325 313 350
406 325 340 353
410 325 346 354
414 325 353 355
432 330 377 370
414 334 342 366
