461 78 424 55
438 84 394 63
461 84 426 62
494 84 467 69
449 89 400 68
477 89 443 68
489 89 456 71
494 89 466 75
500 89 473 76
416 95 381 70
433 95 394 70
449 95 427 69
455 95 432 70
483 95 444 75
489 95 449 75
500 95 432 219
511 95 481 83
438 101 413 75
444 101 419 76
449 101 426 76
483 101 444 80
489 101 449 81
494 101 462 82
522 101 488 83
444 106 418 82
466 106 432 87
483 106 443 87
489 106 449 87
494 106 462 87
511 106 481 93
517 106 487 95
522 106 492 94
410 112 370 89
421 112 370 101
433 112 383 94
444 112 388 100
472 112 438 94
494 112 461 95
500 112 467 96
522 112 493 100
416 117 365 108
421 117 370 107
444 117 388 106
449 117 393 107
455 117 399 107
483 117 450 102
489 117 455 103
494 117 460 103
511 117 475 101
416 123 364 113
449 123 394 113
461 123 450 119
466 123 455 119
505 123 469 108
511 123 475 107
405 129 377 237
416 129 363 120
444 129 388 119
466 129 431 120
477 129 439 101
505 129 469 114
511 129 474 112
528 129 493 108
533 129 499 108
449 134 401 138
472 134 437 126
477 134 431 148
483 134 436 148
489 134 443 149
505 134 467 119
522 134 486 114
528 134 492 113
533 134 498 113
444 140 400 144
455 140 413 138
483 140 438 155
489 140 443 156
438 145 387 130
472 145 418 156
477 145 430 161
483 145 438 161
472 151 418 162
477 151 432 168
489 151 456 137
433 157 401 158
438 157 383 143
461 157 425 131
472 157 418 169
483 157 438 173
416 162 363 132
438 162 407 168
466 162 431 138
416 168 363 138
483 168 433 182
405 218 326 173
399 224 473 205
494 224 374 181
477 229 357 187
494 229 375 187
500 229 380 186
421 235 332 187
466 235 350 189
477 235 357 193
489 235 370 188
410 241 326 188
461 241 345 194
466 241 349 194
489 241 369 194
505 241 388 194
410 246 322 195
466 246 349 200
405 252 316 200
410 252 322 200
416 252 326 200
421 252 331 200
466 252 350 205
472 252 357 200
489 252 371 199
494 252 377 199
500 252 383 199
416 257 327 205
421 257 332 205
500 257 384 205
410 263 321 210
528 263 455 235
533 263 461 236
405 269 313 217
410 269 320 217
511 269 394 212
528 269 455 242
533 269 462 243
539 269 469 243
410 274 315 223
511 274 395 219
528 274 456 249
533 274 464 249
421 280 334 231
533 280 473 279
539 280 481 274
388 285 295 238
444 285 344 268
511 285 413 236
545 285 474 274
382 291 287 255
388 291 294 255
438 291 338 274
444 291 346 279
382 297 288 262
388 297 295 266
449 297 364 273
455 297 370 274
466 297 381 280
511 297 425 303
517 297 431 303
528 297 437 318
539 297 469 280
388 302 294 273
393 302 301 281
399 302 307 281
455 302 371 280
461 302 376 285
466 302 382 285
472 302 388 286
489 302 400 293
494 302 407 292
500 302 432 263
522 302 431 310
545 302 464 305
550 302 481 298
388 308 297 286
410 308 316 288
466 308 382 292
472 308 388 292
522 308 431 316
393 313 307 300
399 313 307 293
455 313 407 318
511 313 407 329
533 319 462 323
410 325 362 333
466 325 419 335
444 330 388 336
455 330 381 334
