443 187 495 134
450 187 507 140
453 187 513 142
405 205 467 126
408 205 473 129
453 212 511 149
453 215 508 156
457 215 513 159
436 219 466 142
439 219 478 148
443 219 485 151
446 219 498 157
453 219 506 162
412 222 452 135
436 222 463 148
439 222 470 151
446 222 496 164
457 229 504 180
460 229 510 182
429 233 460 171
453 233 496 191
457 233 504 194
394 236 457 160
450 240 479 199
443 247 449 206
453 247 475 214
453 250 472 219
471 250 519 162
359 254 397 170
380 254 409 169
408 254 419 201
412 254 426 204
359 257 392 176
408 257 417 206
380 261 407 177
401 261 407 210
412 261 357 241
373 264 394 185
412 264 353 247
415 264 367 253
415 267 364 259
425 267 417 157
432 271 399 286
432 274 395 293
453 281 453 240
457 281 460 243
377 285 357 270
450 285 439 242
453 285 450 248
457 285 457 251
450 288 435 247
453 288 447 254
457 288 454 256
460 288 462 261
377 292 382 211
408 292 408 236
419 292 408 242
422 292 420 243
425 292 426 246
450 292 432 254
453 292 444 260
457 292 451 264
460 292 459 267
380 295 385 222
412 295 413 246
422 295 416 249
457 295 448 271
366 299 361 218
377 299 374 225
425 299 419 263
450 302 433 271
446 306 421 274
436 316 381 303
460 316 388 354
415 320 316 292
460 320 384 360
467 320 418 329
457 323 373 364
460 323 407 332
457 327 395 339
460 327 404 340
398 330 344 298
401 330 353 301
