1 0 0 -0.03619798645377159 
0 1 0 -0.001327119767665863 
0 0 1 -0.2960163652896881 
0 0 0 1 

0.9901958107948303 0.1391846835613251 0.01182375475764275 -0.04299370944499969 
-0.1383174955844879 0.9887954592704773 -0.05613981559872627 0.02739816904067993 
-0.01950511895120144 0.05395396426320076 0.9983528852462769 -0.2968675196170807 
0 0 0 1 

0.9719504714012146 0.2334561496973038 0.02846655435860157 -0.04829450696706772 
-0.2294264286756516 0.967801034450531 -0.1035590022802353 0.05219770595431328 
-0.05172652006149292 0.09412321448326111 0.9942158460617065 -0.2948127686977386 
0 0 0 1 

0.8948795199394226 0.4463076591491699 0.0002021881082328036 -0.03332183882594109 
-0.4400798678398132 0.8824675679206848 -0.1660739779472351 0.08734075725078583 
-0.07429853081703186 0.148527204990387 0.9861132502555847 -0.2909674942493439 
0 0 0 1 

0.6941074132919312 0.7160744071006775 -0.07383858412504196 0.006153587251901627 
-0.7191402316093445 0.6851235628128052 -0.1159432381391525 0.08128420263528824 
-0.03243548050522804 0.133577361702919 0.9905074834823608 -0.2991734743118286 
0 0 0 1 

0.5882406234741211 0.8073124289512634 -0.04711121320724487 0.00137022219132632 
-0.8079248070716858 0.5841622352600098 -0.07753551751375198 0.06938463449478149 
-0.03507481515407562 0.08367186039686203 0.9958758950233459 -0.3065030574798584 
0 0 0 1 

0.5024081468582153 0.8634743094444275 -0.04470010101795197 0.005190499126911163 
-0.8641383051872253 0.499706506729126 -0.05965104326605797 0.06403738260269165 
-0.02917021326720715 0.0685962438583374 0.9972179532051086 -0.3104027509689331 
0 0 0 1 

0.4065611660480499 0.9117189645767212 -0.05896138027310371 0.01455934811383486 
-0.9135420322418213 0.4065393805503845 -0.01290812622755766 0.04680604115128517 
0.01220153272151947 0.05911164358258247 0.9981768131256104 -0.3145147264003754 
0 0 0 1 

0.2943826615810394 0.9537346363067627 -0.06106395646929741 0.02004669792950153 
-0.9547209739685059 0.2963569760322571 0.02608099393546581 0.03317089006304741 
0.04297107458114624 0.05062125623226166 0.9977930784225464 -0.3171409666538239 
0 0 0 1 

0.2199602127075195 0.9745563268661499 -0.0431002713739872 0.01880519092082977 
-0.9739015102386475 0.2219186574220657 0.04762448742985725 0.02639231830835342 
0.05597749724984169 0.03149991855025291 0.9979349970817566 -0.318994551897049 
0 0 0 1 

