451 173 476 118
455 173 482 119
451 176 475 124
412 188 399 115
520 188 501 129
435 200 428 118
439 200 433 119
439 204 433 125
435 207 402 178
447 207 445 135
501 207 487 132
513 207 501 135
505 211 488 139
509 211 493 140
427 215 407 138
509 215 493 147
423 219 400 144
431 219 423 145
439 219 429 162
443 219 436 162
431 223 422 152
435 223 413 159
439 223 428 169
458 223 402 249
462 223 408 250
509 223 473 188
513 223 480 188
431 227 405 171
435 227 410 171
439 227 417 173
458 227 400 256
462 227 407 257
513 227 478 195
435 231 410 178
439 231 417 179
478 231 469 173
439 235 416 186
427 238 373 246
435 238 409 192
439 238 417 194
443 238 423 194
455 238 438 199
474 238 460 179
478 238 467 179
443 242 423 203
451 242 429 204
478 242 466 186
412 250 390 170
416 250 398 171
400 254 375 181
416 254 396 184
400 258 375 189
412 258 388 190
416 258 394 191
396 270 372 203
435 270 414 209
443 270 423 209
431 273 406 215
435 273 413 215
470 273 455 221
443 277 421 219
470 277 454 227
439 281 418 224
470 281 454 233
474 281 462 233
486 281 467 237
474 285 459 240
470 289 451 243
474 289 458 248
381 293 340 284
412 293 392 277
470 293 450 249
451 297 418 244
373 301 333 296
377 301 338 296
400 301 377 289
404 301 350 270
408 301 358 271
451 301 408 300
455 301 414 308
404 304 350 277
451 304 406 312
427 316 398 328
435 320 405 336
