483 133 413 101
452 139 397 119
476 139 415 107
422 151 391 150
428 151 395 142
404 157 383 162
416 157 389 158
422 157 396 154
434 157 402 147
404 163 387 167
422 163 401 160
367 170 341 239
398 170 381 194
422 170 404 165
434 170 406 154
398 176 387 199
404 176 391 195
416 176 405 171
422 176 408 169
434 176 411 159
440 176 418 155
367 182 368 214
373 182 374 209
398 182 390 203
440 182 422 161
325 188 345 243
331 188 351 240
355 188 368 224
361 188 373 219
373 188 381 214
380 188 386 210
410 188 409 182
434 188 423 171
440 188 428 168
446 188 432 164
458 188 438 157
464 188 443 152
313 194 403 117
325 194 349 249
331 194 354 245
343 194 362 239
349 194 368 234
355 194 373 230
361 194 377 225
367 194 382 220
380 194 390 214
386 194 394 210
392 194 399 207
398 194 404 201
404 194 409 196
410 194 414 186
416 194 418 189
422 194 422 182
428 194 425 179
440 194 432 173
446 194 436 169
458 194 442 161
464 194 447 158
295 200 332 272
307 200 338 267
331 200 358 250
343 200 366 244
349 200 371 240
355 200 376 234
361 200 381 229
373 200 390 222
422 200 426 187
428 200 431 183
440 200 435 177
276 206 307 303
313 206 344 264
319 206 349 261
325 206 353 257
349 206 374 245
355 206 380 240
380 206 397 222
386 206 402 218
410 206 420 202
416 206 424 198
422 206 429 194
464 206 452 164
252 212 291 319
270 212 306 312
276 212 312 309
295 212 332 284
301 212 336 278
307 212 342 273
313 212 346 270
319 212 351 265
331 212 364 257
349 212 379 250
361 212 389 237
367 212 394 234
380 212 401 228
386 212 405 225
404 212 419 212
410 212 424 208
416 212 428 204
422 212 432 199
507 212 485 147
252 218 295 324
258 218 301 319
331 218 369 262
337 218 374 258
355 218 389 247
361 218 393 244
367 218 397 240
380 218 405 232
386 218 409 228
398 218 416 222
404 218 422 218
410 218 428 213
416 218 431 210
458 218 451 174
501 218 484 157
252 224 299 329
295 224 335 291
325 224 363 276
331 224 370 272
337 224 379 263
349 224 386 256
355 224 392 252
361 224 397 248
367 224 401 243
380 224 409 236
386 224 413 233
392 224 419 228
404 224 427 222
410 224 432 217
416 224 436 214
422 224 441 210
428 224 444 200
464 224 458 171
470 224 463 165
240 230 294 333
295 230 338 295
337 230 380 272
343 230 385 265
349 230 391 262
355 230 395 258
361 230 401 252
367 230 405 247
373 230 411 244
386 230 419 238
416 230 440 220
464 230 472 186
470 230 476 182
319 236 372 286
325 236 377 283
337 236 384 278
343 236 390 270
380 236 418 247
386 236 425 236
410 236 435 237
416 236 440 232
422 236 445 225
464 236 475 191
264 242 325 325
325 242 377 293
337 242 388 283
349 242 397 269
355 242 401 264
361 242 404 258
380 242 423 253
410 242 438 243
422 242 446 238
343 248 394 278
355 248 405 269
361 248 410 265
404 248 435 257
416 248 445 246
276 254 353 322
283 254 358 319
337 254 392 288
343 254 398 284
349 254 405 278
355 254 409 274
252 260 331 350
258 260 339 344
355 260 416 281
258 266 340 350
270 266 351 342
276 266 355 339
289 266 362 333
295 266 322 309
307 266 329 303
337 266 397 295
343 266 402 291
355 266 421 286
361 266 425 282
386 266 437 274
276 273 359 343
331 273 407 306
349 273 418 296
355 273 423 290
361 273 428 286
373 273 435 282
258 279 346 359
264 279 352 354
270 279 357 350
307 279 394 327
313 279 399 320
331 279 390 312
258 285 350 364
264 285 356 359
270 285 361 355
276 285 365 351
319 285 405 320
343 285 419 310
349 285 424 306
258 291 355 369
264 291 359 365
270 291 364 360
276 291 369 356
307 291 400 333
313 291 406 328
325 291 411 322
264 297 363 370
270 297 329 341
276 297 375 362
295 297 392 346
319 297 409 330
270 303 373 371
276 303 380 367
283 303 385 363
