383 244 431 319
391 259 426 278
391 262 425 273
391 265 424 270
394 265 421 275
394 268 420 267
362 270 448 244
391 270 423 262
354 273 455 256
356 273 451 256
339 276 470 224
362 276 447 253
354 279 452 218
377 279 434 255
397 279 420 225
336 282 473 218
377 285 433 243
423 285 392 214
362 288 459 208
325 291 495 201
359 291 461 203
362 291 458 205
359 294 461 201
362 294 457 201
325 302 493 192
325 305 493 189
383 305 439 199
336 308 475 201
383 308 439 196
325 311 493 185
330 314 489 185
336 314 483 186
328 317 490 181
330 317 488 181
336 317 483 183
362 317 451 188
377 317 442 190
383 317 434 191
397 317 433 204
336 320 483 178
339 320 479 179
359 320 454 184
377 320 442 186
380 320 437 187
383 320 433 188
386 320 430 188
394 320 437 199
359 323 453 180
362 323 449 180
374 323 445 182
377 323 441 182
380 323 437 183
383 323 433 183
386 323 429 184
429 323 387 192
409 326 412 184
412 326 407 184
423 326 393 188
429 326 386 189
423 328 391 184
432 328 382 187
