448 122 411 110
453 122 416 110
474 122 417 106
436 126 383 125
448 130 426 116
453 130 431 115
457 130 436 114
491 130 451 110
436 135 413 121
440 135 418 121
444 135 423 121
448 135 427 120
453 135 432 119
491 135 451 115
496 135 457 115
440 139 425 129
444 139 430 129
448 139 428 123
457 139 434 124
487 139 447 122
491 139 453 121
496 139 458 121
500 139 464 120
397 143 366 141
401 143 371 141
448 143 434 128
487 143 448 128
496 143 459 127
500 143 465 126
389 148 362 142
457 148 430 140
461 148 436 138
496 148 459 131
500 148 464 130
389 152 362 146
393 152 367 146
500 152 463 135
508 152 469 129
376 156 343 159
376 160 339 174
478 165 451 150
491 173 450 137
427 177 384 175
517 177 483 167
371 182 340 184
427 182 384 179
517 182 484 173
427 190 386 193
431 190 391 192
436 190 396 191
474 199 428 168
367 203 339 204
444 203 395 184
367 207 339 208
423 207 378 204
423 212 378 209
427 220 410 211
504 220 471 189
513 220 464 210
517 220 469 209
521 220 473 209
423 225 405 216
427 225 411 216
504 225 471 194
513 225 464 215
517 225 470 213
521 225 473 214
517 233 478 209
517 237 482 212
487 242 450 222
513 242 474 219
483 250 453 221
487 250 458 220
483 255 453 225
487 255 458 224
491 255 464 224
496 255 470 223
448 259 409 245
478 259 452 237
483 259 454 230
487 259 459 230
491 259 465 229
406 263 374 255
427 263 388 248
448 263 410 250
474 263 447 241
478 263 453 241
483 263 457 240
487 263 460 236
491 263 467 235
418 267 383 258
427 267 389 253
448 267 410 255
453 267 427 249
474 267 448 245
423 272 395 262
453 272 428 254
474 272 454 248
431 276 401 265
436 276 406 265
440 276 410 264
448 276 425 259
427 280 399 271
431 280 405 271
436 284 416 274
440 284 426 274
448 284 435 272
470 284 456 265
