431 130 394 327
423 135 405 330
414 139 416 331
423 139 409 325
491 139 356 270
397 143 429 342
410 143 420 327
414 143 416 325
410 148 423 324
414 148 419 321
483 148 381 275
410 152 426 318
414 152 423 317
483 152 385 272
500 152 355 263
376 156 468 337
380 156 464 333
384 156 460 330
410 156 427 311
414 156 422 308
491 156 371 262
376 160 470 333
504 169 369 246
508 169 365 243
513 169 362 238
508 173 368 238
513 173 364 235
517 173 360 232
389 177 443 326
436 177 436 265
508 177 371 234
436 182 439 260
513 186 372 225
367 190 485 324
371 203 483 317
517 203 378 214
367 207 489 316
371 207 485 313
508 207 388 214
508 212 391 209
371 216 495 312
376 216 490 308
517 216 376 211
367 220 501 311
371 220 498 308
376 220 495 304
380 220 488 301
431 220 460 243
517 220 380 205
521 220 375 201
371 225 504 298
508 225 396 204
517 225 383 202
376 229 504 292
517 229 426 183
401 233 504 256
401 242 500 233
504 242 403 197
508 242 441 181
406 246 499 226
491 246 435 189
440 250 473 220
474 250 462 196
440 255 475 215
444 255 471 212
418 259 495 218
440 259 479 210
444 259 475 208
406 263 508 226
410 263 504 222
423 263 491 213
427 263 486 209
440 263 483 206
444 263 479 203
453 263 474 200
414 267 513 236
423 267 494 210
