382 76 538 137
408 76 552 170
414 76 554 175
440 76 561 189
453 76 563 195
408 82 546 174
414 82 548 179
440 88 538 207
394 95 528 149
434 95 530 204
440 95 532 209
408 108 523 190
375 128 483 153
434 134 497 201
382 147 464 161
427 147 482 201
446 147 487 216
460 147 492 228
453 154 484 223
394 160 460 172
408 166 456 196
434 166 463 210
453 166 476 227
388 173 425 181
420 173 452 209
434 173 455 214
440 173 458 220
460 173 472 235
466 173 469 241
472 173 475 243
420 180 445 211
434 180 449 218
440 180 452 224
453 180 464 232
434 186 444 220
440 186 447 227
453 186 458 235
460 186 452 241
394 193 421 189
420 193 439 212
394 199 415 192
401 199 419 200
427 199 435 217
434 199 437 223
394 212 407 195
408 212 414 208
420 212 426 218
440 212 426 235
408 225 407 212
434 225 416 234
368 232 387 185
382 232 397 191
420 232 407 228
434 232 410 236
440 232 413 242
368 238 382 188
375 238 389 190
382 238 392 194
434 238 405 238
440 238 407 245
472 238 418 263
375 245 382 193
382 245 385 199
388 245 387 204
368 251 373 190
375 251 375 195
382 251 378 201
388 251 381 207
401 251 384 217
420 258 386 237
368 264 362 195
375 264 365 202
427 264 382 241
382 270 369 214
472 270 389 276
479 270 392 282
368 277 349 200
427 277 378 249
479 277 386 285
440 284 368 262
368 290 336 212
368 323 326 219
420 323 335 262
440 323 348 272
368 329 319 221
440 329 343 274
362 342 303 220
382 342 308 235
440 342 335 277
362 355 295 223
408 362 305 260
434 362 312 280
460 362 320 299
