495 134 536 122
490 139 516 119
495 149 526 138
403 160 499 102
485 165 511 139
511 165 505 176
465 170 433 103
470 170 503 127
475 170 505 133
480 170 505 140
377 175 441 74
470 175 495 130
475 175 500 136
495 175 510 157
501 175 513 163
366 180 401 63
428 180 419 80
465 180 419 114
480 180 497 146
490 180 503 158
403 185 471 101
459 185 444 124
465 185 483 136
366 191 378 68
387 196 399 74
392 196 402 81
449 196 407 118
454 196 411 124
501 196 497 178
506 196 502 185
366 201 372 72
387 201 392 78
449 201 401 123
511 201 497 205
521 201 503 203
377 206 379 85
392 206 382 89
501 206 487 192
506 206 486 202
372 211 369 82
377 211 372 88
465 211 445 156
413 222 374 170
387 227 367 108
428 227 395 144
392 232 358 154
397 232 361 160
392 237 353 158
403 237 358 171
428 237 440 160
480 237 434 249
485 237 450 182
490 237 452 187
397 242 351 174
397 247 346 179
490 247 431 240
454 263 379 253
511 263 439 270
490 268 412 253
495 268 416 259
495 273 412 262
501 273 422 271
490 278 401 260
495 278 404 265
506 278 416 276
485 283 392 261
495 283 398 269
506 283 409 279
511 283 413 286
516 283 427 295
521 283 430 301
439 289 352 234
444 289 370 224
506 289 403 282
511 289 407 288
521 289 413 294
439 294 345 237
480 294 386 266
506 294 399 285
516 294 402 292
521 294 405 297
475 299 376 264
480 299 380 269
495 299 389 281
516 299 395 294
521 299 398 300
542 299 439 303
547 299 442 309
439 304 338 242
444 304 345 254
449 304 350 260
475 304 370 268
480 304 374 273
501 304 388 288
542 304 433 307
547 304 437 314
552 304 443 320
557 304 446 326
444 309 338 257
449 309 344 264
475 309 365 269
480 309 368 276
495 309 381 286
501 309 386 292
547 309 431 318
552 309 436 324
557 309 439 329
444 314 333 260
449 314 337 267
537 314 422 313
542 314 424 321
444 320 327 263
454 320 334 278
490 320 375 290
495 320 378 296
547 320 421 330
449 325 330 271
511 330 380 312
501 340 372 317
506 340 375 322
506 345 369 326
