0.2738501727581024 0.9569726586341858 -0.09596419334411621 0.03271779417991638 
-0.9592111706733704 0.2790347337722778 0.04531392082571983 0.01768391579389572 
0.07014152407646179 0.07964072376489639 0.9943528175354004 -0.3043235838413239 
0 0 0 1 

0.1894779205322266 0.973557710647583 -0.1276062875986099 0.04413658007979393 
-0.9741976261138916 0.2026305943727493 0.09939663112163544 -0.002530452329665422 
0.1226252913475037 0.1054802909493446 0.9868317842483521 -0.3031351268291473 
0 0 0 1 

0.1131042465567589 0.9852157831192017 -0.1286759376525879 0.04655401036143303 
-0.9719758033752441 0.1365744024515152 0.1913392841815948 -0.03408341109752655 
0.2060843259096146 0.1034285947680473 0.9730527997016907 -0.3000863194465637 
0 0 0 1 

0.1911807507276535 0.9749380946159363 -0.1137780621647835 0.04076836630702019 
-0.9547452330589294 0.2116120904684067 0.2090016752481461 -0.0390990786254406 
0.2278405129909515 0.06867197901010513 0.9712738394737244 -0.2975420951843262 
0 0 0 1 

0.2764214873313904 0.9540621042251587 -0.1155701652169228 0.03888551518321037 
-0.9389725923538208 0.2937356531620026 0.1790242195129395 -0.02737217210233212 
0.2047473192214966 0.05903109908103943 0.9770331978797913 -0.2967814803123474 
0 0 0 1 

0.3276521265506744 0.9374901056289673 -0.1172871366143227 0.03817880153656006 
-0.9346119165420532 0.3397923707962036 0.1050790548324585 -0.001310068764723837 
0.138363853096962 0.07518859952688217 0.9875231981277466 -0.2963048219680786 
0 0 0 1 

0.364268034696579 0.9182080626487732 -0.1555717587471008 0.04829185456037521 
-0.9288070797920227 0.3703904747962952 0.0113180736079812 0.03147581219673157 
0.06801462918519974 0.1403733640909195 0.9877597689628601 -0.2923764288425446 
0 0 0 1 

0.4403447806835175 0.8835504651069641 -0.1594831347465515 0.02958032488822937 
-0.8581790328025818 0.4664097130298615 0.2144542187452316 -0.01456635259091854 
0.2638656198978424 0.0424313135445118 0.9636257290840149 -0.3201964199542999 
0 0 0 1 

0.3561663627624512 0.9001726508140564 -0.2506681978702545 0.06669716536998749 
-0.8948251605033875 0.4058366715908051 0.1859685778617859 -0.002092150971293449 
0.2691341638565063 0.158068522810936 0.950042724609375 -0.3156290948390961 
0 0 0 1 

0.974455714225769 0.0348673090338707 -0.2218576669692993 0.01725638285279274 
-0.05357737094163895 0.9954433441162109 -0.07888093590736389 0.03832247108221054 
0.2180963456630707 0.08875253796577454 0.9718832969665527 -0.2801782786846161 
0 0 0 1 

