0.2738501727581024 0.9569726586341858 -0.09596419334411621 0.03271779417991638 
-0.9592111706733704 0.2790347337722778 0.04531392082571983 0.01768391579389572 
0.07014152407646179 0.07964072376489639 0.9943528175354004 -0.3043235838413239 
0 0 0 1 

0.1894779205322266 0.973557710647583 -0.1276062875986099 0.04413678497076035 
-0.9741976261138916 0.2026305943727493 0.09939663112163544 -0.002530483528971672 
0.1226252913475037 0.1054802909493446 0.9868317842483521 -0.3031353056430817 
0 0 0 1 

0.1131031662225723 0.9852158427238464 -0.1286758929491043 0.04655428230762482 
-0.9719758629798889 0.1365734189748764 0.191339448094368 -0.0340835303068161 
0.2060843706130981 0.1034287437796593 0.9730527997016907 -0.3000864386558533 
0 0 0 1 

0.2764214873313904 0.9540621042251587 -0.1155701652169228 0.03888557851314545 
-0.9389725923538208 0.2937356531620026 0.1790242195129395 -0.02737229689955711 
0.2047473192214966 0.05903109908103943 0.9770331978797913 -0.296781450510025 
0 0 0 1 

0.3276521265506744 0.9374901056289673 -0.1172871366143227 0.03817886486649513 
-0.9346119165420532 0.3397923707962036 0.1050790548324585 -0.001310126390308142 
0.138363853096962 0.07518859952688217 0.9875231981277466 -0.2963046133518219 
0 0 0 1 

0.3642680644989014 0.918208122253418 -0.155571773648262 0.04829208552837372 
-0.9288071393966675 0.3703905045986176 0.01131806429475546 0.03147589042782784 
0.06801463663578033 0.1403733640909195 0.9877597689628601 -0.2923762202262878 
0 0 0 1 

0.4026226699352264 0.9008052945137024 -0.1626181602478027 0.04867656156420708 
-0.9153608679771423 0.3968096673488617 -0.06823830306529999 0.05839333310723305 
0.003059015609323978 0.1763285994529724 0.9843266010284424 -0.2877010405063629 
0 0 0 1 

0.4403447806835175 0.8835504651069641 -0.1594831794500351 0.02958048135042191 
-0.8581790328025818 0.4664097130298615 0.2144542634487152 -0.01456640008836985 
0.2638656795024872 0.04243132472038269 0.9636256694793701 -0.3201964199542999 
0 0 0 1 

0.3561645448207855 0.9001734256744385 -0.2506682574748993 0.06669764965772629 
-0.8948259353637695 0.4058349430561066 0.1859690248966217 -0.002092153066769242 
0.2691343128681183 0.1580689400434494 0.9500426054000854 -0.3156287968158722 
0 0 0 1 

0.9762477874755859 0.06957773119211197 -0.2051810175180435 0.01914186589419842 
-0.08485212177038193 0.994165301322937 -0.06659936904907227 0.0337192565202713 
0.1993500143289566 0.08242753148078918 0.9764554500579834 -0.2830381095409393 
0 0 0 1 

