400 151 414 142
400 156 415 147
415 156 424 147
415 161 423 152
359 176 368 166
354 181 358 175
445 181 459 169
354 186 359 180
440 186 453 175
445 186 458 174
450 186 466 174
455 186 472 176
359 191 364 184
364 191 368 184
374 191 390 189
445 191 457 180
460 191 477 184
480 191 495 188
490 191 504 189
354 196 359 188
359 196 364 188
364 196 368 188
460 196 477 188
465 196 482 188
480 196 495 194
485 196 499 194
490 196 504 194
410 202 424 218
460 202 477 194
480 202 495 198
485 202 500 199
490 202 504 199
349 207 354 193
384 207 385 208
395 207 419 217
460 207 477 198
465 207 482 197
384 212 387 212
460 212 477 203
465 212 482 202
500 212 514 212
344 217 346 208
480 217 497 206
490 217 508 212
485 222 500 217
515 222 515 230
364 227 368 202
515 227 515 235
521 227 519 235
526 232 524 239
531 232 528 237
344 237 344 237
475 237 491 226
531 237 528 240
344 242 344 241
349 242 349 241
526 242 524 245
344 247 344 245
420 247 444 255
470 247 485 236
349 252 354 260
354 252 355 245
465 252 481 241
470 252 486 241
349 257 354 263
354 257 354 249
455 257 472 245
460 257 475 246
465 257 480 246
354 262 353 255
389 262 391 246
460 262 475 250
465 262 480 250
395 267 395 253
400 267 400 254
450 267 466 258
465 267 476 264
389 272 391 263
435 272 430 270
445 272 457 263
460 272 471 268
465 272 476 268
470 272 481 268
475 272 486 268
364 277 364 274
379 277 380 268
395 277 396 268
430 277 424 273
435 277 430 274
445 277 457 268
455 277 472 265
465 277 475 272
470 277 480 273
369 282 372 278
374 282 377 278
379 282 382 278
435 282 430 278
445 282 457 273
475 282 476 283
374 287 377 282
379 287 382 283
384 287 387 282
389 287 397 283
410 287 410 286
455 287 466 278
460 287 462 287
465 287 467 288
379 292 382 288
384 292 387 287
389 292 392 287
395 292 402 288
384 297 387 292
389 297 392 291
395 297 400 293
400 297 405 292
425 297 429 291
430 297 444 288
440 297 452 288
389 302 391 298
395 302 399 297
400 302 404 296
425 302 429 296
435 302 439 297
395 307 396 304
425 307 430 302
